-299.7 2 -1.50224e-119 -5.39492e-119 0 -611.633 -3.00448e-119 -1.07898e-118
-299.1 2 2.16561e-119 -1.55233e-118 0 -610.408 4.33122e-119 -3.10465e-118
-298.5 2 2.73841e-118 -1.31432e-118 0 -609.184 5.47682e-118 -2.62863e-118
-297.9 2 6.54758e-118 4.48031e-118 0 -607.959 1.30952e-117 8.96062e-118
-297.3 2 2.73824e-118 1.92593e-117 0 -606.735 5.47647e-118 3.85185e-117
-296.7 2 -2.85632e-117 2.79377e-117 0 -605.51 -5.71264e-117 5.58754e-117
-296.1 2 -9.29273e-117 -2.94518e-117 0 -604.286 -1.85855e-116 -5.89036e-117
-295.5 2 -9.6759e-117 -2.33266e-116 0 -603.061 -1.93518e-116 -4.66532e-116
-294.9 2 2.44693e-116 -4.73631e-116 0 -601.837 4.89386e-116 -9.47263e-116
-294.3 2 1.19316e-115 -1.32471e-117 0 -600.612 2.38631e-115 -2.64943e-117
-293.7 2 1.90557e-115 2.54719e-115 0 -599.388 3.81113e-115 5.09439e-115
-293.1 2 -1.32578e-115 6.97977e-115 0 -598.163 -2.65156e-115 1.39595e-114
-292.5 2 -1.39451e-114 5.05482e-115 0 -596.939 -2.78901e-114 1.01096e-114
-291.9 2 -3.05305e-114 -2.42235e-114 0 -595.714 -6.10609e-114 -4.84471e-114
-291.3 2 -6.93962e-115 -9.28656e-114 0 -594.49 -1.38792e-114 -1.85731e-113
-290.7 2 1.46439e-113 -1.19496e-113 0 -593.265 2.92877e-113 -2.38991e-113
-290.1 2 4.32181e-113 1.79937e-113 0 -592.041 8.64362e-113 3.59873e-113
-289.5 2 3.73461e-113 1.12957e-112 0 -590.816 7.46922e-113 2.25914e-112
-288.9 2 -1.32395e-112 2.0674e-112 0 -589.592 -2.6479e-112 4.1348e-112
-288.3 2 -5.56384e-112 -5.28678e-113 0 -588.367 -1.11277e-111 -1.05736e-112
-287.7 2 -7.80868e-112 -1.25324e-111 0 -587.143 -1.56174e-111 -2.50647e-111
-287.1 2 8.93258e-112 -3.07336e-111 0 -585.918 1.78652e-111 -6.14672e-111
-286.5 2 6.57237e-111 -1.50325e-111 0 -584.694 1.31447e-110 -3.0065e-111
-285.9 2 1.27777e-110 1.24391e-110 0 -583.469 2.55554e-110 2.48782e-110
-285.3 2 -1.02747e-111 4.12314e-110 0 -582.245 -2.05495e-111 8.24628e-110
-284.7 2 -7.09195e-110 4.34509e-110 0 -581.02 -1.41839e-109 8.69017e-110
-284.1 2 -1.83225e-109 -1.0427e-109 0 -579.796 -3.66449e-109 -2.08541e-109
-283.5 2 -1.09394e-109 -5.0862e-109 0 -578.571 -2.18787e-109 -1.01724e-108
-282.9 2 6.83764e-109 -7.95382e-109 0 -577.347 1.36753e-108 -1.59076e-108
-282.3 2 2.39306e-108 5.94324e-109 0 -576.122 4.78612e-108 1.18865e-108
-281.7 2 2.70746e-108 5.79559e-108 0 -574.898 5.41491e-108 1.15912e-107
-281.1 2 -5.52128e-108 1.21738e-107 0 -573.673 -1.10426e-107 2.43476e-107
-280.5 2 -2.89042e-107 1.45384e-108 0 -572.449 -5.78085e-107 2.90769e-108
-279.9 2 -4.70213e-107 -6.05727e-107 0 -571.224 -9.40425e-107 -1.21145e-106
-279.3 2 2.88229e-107 -1.67241e-106 0 -570 5.76458e-107 -3.34483e-106
-278.7 2 3.23871e-106 -1.2018e-106 0 -568.776 6.47742e-106 -2.40361e-106
-278.1 2 6.98804e-106 5.66331e-106 0 -567.551 1.39761e-105 1.13266e-105
-277.5 2 1.27981e-106 2.11956e-105 0 -566.327 2.55962e-106 4.23911e-105
-276.9 2 -3.34076e-105 2.57441e-105 0 -565.102 -6.68151e-105 5.14881e-105
-276.3 2 -9.41618e-105 -4.40804e-105 0 -563.878 -1.88324e-104 -8.81608e-105
-275.7 2 -7.07275e-105 -2.50556e-104 0 -562.653 -1.41455e-104 -5.01113e-104
-275.1 2 3.09348e-104 -4.23028e-104 0 -561.429 6.18696e-104 -8.46056e-104
-274.5 2 1.17762e-103 2.10653e-104 0 -560.204 2.35524e-103 4.21307e-104
-273.9 2 1.44783e-103 2.76623e-103 0 -558.98 2.89566e-103 5.53247e-103
-273.3 2 -2.39491e-103 6.09821e-103 0 -557.755 -4.78982e-103 1.21964e-102
-272.7 2 -1.37968e-102 1.38403e-103 0 -556.531 -2.75936e-102 2.76805e-103
-272.1 2 -2.33173e-102 -2.82869e-102 0 -555.306 -4.66347e-102 -5.65737e-102
-271.5 2 1.1532e-102 -8.06335e-102 0 -554.082 2.3064e-102 -1.61267e-101
-270.9 2 1.51504e-101 -6.13868e-102 0 -552.857 3.03009e-101 -1.22774e-101
-270.3 2 3.32129e-101 2.61513e-101 0 -551.633 6.64258e-101 5.23027e-101
-269.7 2 7.01289e-102 9.96321e-101 0 -550.408 1.40258e-101 1.99264e-100
-269.1 2 -1.54648e-100 1.21339e-100 0 -549.184 -3.09297e-100 2.42677e-100
-268.5 2 -4.35561e-100 -2.04894e-100 0 -547.959 -8.71121e-100 -4.09787e-100
-267.9 2 -3.20018e-100 -1.15873e-99 0 -546.735 -6.40035e-100 -2.31745e-99
-267.3 2 1.4348e-99 -1.9213e-99 0 -545.51 2.86959e-99 -3.8426e-99
-266.7 2 5.3487e-99 1.06384e-99 0 -544.286 1.06974e-98 2.12768e-99
-266.1 2 6.31827e-99 1.26836e-98 0 -543.061 1.26365e-98 2.53672e-98
-265.5 2 -1.14302e-98 2.70549e-98 0 -541.837 -2.28603e-98 5.41098e-98
-264.9 2 -6.19118e-98 3.83468e-99 0 -540.612 -1.23824e-97 7.66935e-99
-264.3 2 -9.95524e-98 -1.29776e-97 0 -539.388 -1.99105e-97 -2.59551e-97
-263.7 2 6.42583e-98 -3.51582e-97 0 -538.163 1.28517e-97 -7.03164e-97
-263.1 2 6.758e-97 -2.2989e-97 0 -536.939 1.3516e-96 -4.59779e-97
-262.5 2 1.39245e-96 1.22044e-96 0 -535.714 2.78491e-96 2.44088e-96
-261.9 2 7.92925e-98 4.28583e-96 0 -534.49 1.58585e-97 8.57165e-96
-261.3 2 -6.92383e-96 4.63819e-96 0 -533.265 -1.38477e-95 9.27637e-96
-260.7 2 -1.79588e-95 -1.01559e-95 0 -532.041 -3.59175e-95 -2.03117e-95
-260.1 2 -1.01292e-95 -4.93939e-95 0 -530.816 -2.02584e-95 -9.87879e-95
-259.5 2 6.58567e-95 -7.3017e-95 0 -529.592 1.31713e-94 -1.46034e-94
-258.9 2 2.17402e-94 6.73087e-95 0 -528.367 4.34804e-94 1.34617e-94
-258.3 2 2.12307e-94 5.40297e-94 0 -527.143 4.24614e-94 1.08059e-93
-257.7 2 -5.6882e-94 1.01434e-93 0 -525.918 -1.13764e-93 2.02867e-93
-257.1 2 -2.49598e-93 -1.97423e-94 0 -524.694 -4.99196e-93 -3.94845e-94
-256.5 2 -3.35303e-93 -5.62184e-93 0 -523.469 -6.70605e-93 -1.12437e-92
-255.9 2 4.24326e-93 -1.29986e-92 0 -522.245 8.48653e-93 -2.59971e-92
-255.3 2 2.73973e-92 -3.91995e-93 0 -521.02 5.47946e-92 -7.8399e-93
-254.7 2 4.63812e-92 5.57605e-92 0 -519.796 9.27625e-92 1.11521e-91
-254.1 2 -2.33205e-92 1.57303e-91 0 -518.571 -4.6641e-92 3.14605e-91
-253.5 2 -2.90002e-91 1.06613e-91 0 -517.347 -5.80004e-91 2.13225e-91
-252.9 2 -5.92843e-91 -5.28916e-91 0 -516.122 -1.18569e-90 -1.05783e-90
-252.3 2 7.92097e-93 -1.82836e-90 0 -514.898 1.58419e-92 -3.65672e-90
-251.7 2 2.99276e-90 -1.79811e-90 0 -513.673 5.98552e-90 -3.59621e-90
-251.1 2 7.21572e-90 4.82196e-90 0 -512.449 1.44314e-89 9.64392e-90
-250.5 2 2.40506e-90 2.07303e-89 0 -511.224 4.81012e-90 4.14606e-89
-249.9 2 -3.05196e-89 2.57993e-89 0 -510 -6.10392e-89 5.15985e-89
-249.3 2 -8.55526e-89 -4.24602e-89 0 -508.776 -1.71105e-88 -8.49203e-89
-248.7 2 -5.10646e-89 -2.32778e-88 0 -507.551 -1.02129e-88 -4.65555e-88
-248.1 2 3.11689e-88 -3.43923e-88 0 -506.327 6.23379e-88 -6.87845e-88
-247.5 2 1.00702e-87 3.59824e-88 0 -505.102 2.01405e-87 7.19648e-88
-246.9 2 8.18745e-88 2.62221e-87 0 -503.878 1.63749e-87 5.24441e-87
-246.3 2 -3.21026e-87 4.449e-87 0 -502.653 -6.42053e-87 8.898e-87
-245.7 2 -1.19288e-86 -2.82753e-87 0 -501.429 -2.38576e-86 -5.65506e-87
-245.1 2 -1.20317e-86 -2.98394e-86 0 -500.204 -2.40635e-86 -5.96788e-86
-244.5 2 3.31325e-86 -5.72284e-86 0 -498.98 6.62649e-86 -1.14457e-85
-243.9 2 1.42927e-85 1.7535e-86 0 -497.755 2.85855e-85 3.50701e-86
-243.3 2 1.72177e-85 3.42398e-85 0 -496.531 3.44354e-85 6.84797e-85
-242.7 2 -3.34748e-85 7.39239e-85 0 -495.306 -6.69497e-85 1.47848e-84
-242.1 2 -1.72503e-84 -6.06347e-87 0 -494.082 -3.45006e-84 -1.21269e-86
-241.5 2 -2.44079e-84 -3.92387e-84 0 -492.857 -4.88158e-84 -7.84773e-84
-240.9 2 3.17543e-84 -9.57172e-84 0 -491.633 6.35085e-84 -1.91434e-83
-240.3 2 2.07635e-83 -2.65768e-84 0 -490.408 4.1527e-83 -5.31535e-84
-239.7 2 3.41851e-83 4.43175e-83 0 -489.184 6.83702e-83 8.86349e-83
-239.1 2 -2.6251e-83 1.23242e-82 0 -487.959 -5.2502e-83 2.46485e-82
-238.5 2 -2.46654e-82 6.81443e-83 0 -486.735 -4.93307e-82 1.36289e-82
-237.9 2 -4.69205e-82 -4.87315e-82 0 -485.51 -9.38411e-82 -9.74629e-82
-237.3 2 1.5325e-82 -1.56552e-81 0 -484.286 3.065e-82 -3.13104e-81
-236.7 2 2.87338e-81 -1.27481e-81 0 -483.061 5.74675e-81 -2.54962e-81
-236.1 2 6.27959e-81 5.17505e-81 0 -481.837 1.25592e-80 1.03501e-80
-235.5 2 2.23649e-82 1.95515e-80 0 -480.612 4.47299e-82 3.91029e-80
-234.9 2 -3.28298e-80 2.07225e-80 0 -479.388 -6.56596e-80 4.14449e-80
-234.3 2 -8.20872e-80 -5.29064e-80 0 -478.163 -1.64174e-79 -1.05813e-79
-233.7 2 -2.73643e-80 -2.40712e-79 0 -476.939 -5.47286e-80 -4.81424e-79
-233.1 2 3.70275e-79 -3.109e-79 0 -475.714 7.40551e-79 -6.21799e-79
-232.5 2 1.05714e-78 5.19938e-79 0 -474.49 2.11429e-78 1.03988e-78
-231.9 2 6.17833e-79 2.94501e-78 0 -473.265 1.23567e-78 5.89001e-78
-231.3 2 -4.15957e-78 4.46579e-78 0 -472.041 -8.31914e-78 8.93157e-78
-230.7 2 -1.35862e-77 -4.85028e-78 0 -470.816 -2.71724e-77 -9.70057e-78
-230.1 2 -1.10205e-77 -3.61429e-77 0 -469.592 -2.2041e-77 -7.22859e-77
-229.5 2 4.66603e-77 -6.31836e-77 0 -468.367 9.33207e-77 -1.26367e-76
-228.9 2 1.76232e-76 4.02512e-77 0 -467.143 3.52464e-76 8.05024e-77
-228.3 2 1.83221e-76 4.46844e-76 0 -465.918 3.66441e-76 8.93687e-76
-227.7 2 -5.14252e-76 8.9763e-76 0 -464.694 -1.0285e-75 1.79526e-75
-227.1 2 -2.31299e-75 -2.12905e-76 0 -463.469 -4.62598e-75 -4.25809e-76
-226.5 2 -2.99621e-75 -5.52561e-75 0 -462.245 -5.99242e-75 -1.10512e-74
-225.9 2 5.29947e-75 -1.28714e-74 0 -461.02 1.05989e-74 -2.57429e-74
-225.3 2 3.03981e-74 -2.03027e-75 0 -459.796 6.07963e-74 -4.06054e-75
-224.7 2 4.86032e-74 6.69262e-74 0 -458.571 9.72064e-74 1.33852e-73
-224.1 2 -4.51228e-74 1.84503e-73 0 -457.347 -9.02455e-74 3.69005e-73
-223.5 2 -3.91541e-73 1.03521e-73 0 -456.122 -7.83083e-73 2.07043e-73
-222.9 2 -7.71469e-73 -7.6686e-73 0 -454.898 -1.54294e-72 -1.53372e-72
-222.3 2 1.75324e-73 -2.59398e-72 0 -453.673 3.50648e-73 -5.18797e-72
-221.7 2 4.80376e-72 -2.52761e-72 0 -452.449 9.60751e-72 -5.05521e-72
-221.1 2 1.17524e-71 7.86245e-72 0 -451.224 2.35048e-71 1.57249e-71
-220.5 2 4.33386e-72 3.50007e-71 0 -450 8.66772e-72 7.00014e-71
-219.9 2 -5.41456e-71 4.91898e-71 0 -448.776 -1.08291e-70 9.83795e-71
-219.3 2 -1.68887e-70 -6.37769e-71 0 -447.551 -3.37774e-70 -1.27554e-70
-218.7 2 -1.51401e-70 -4.43491e-70 0 -446.327 -3.02803e-70 -8.86982e-70
-218.1 2 5.29165e-70 -8.33687e-70 0 -445.102 1.05833e-69 -1.66737e-69
-217.5 2 2.25629e-69 2.12309e-70 0 -443.878 4.51258e-69 4.24618e-70
-216.9 2 3.15573e-69 5.15041e-69 0 -442.653 6.31147e-69 1.03008e-68
-216.3 2 -3.86488e-69 1.26605e-68 0 -441.429 -7.72977e-69 2.53209e-68
-215.7 2 -2.76016e-68 5.91325e-69 0 -440.204 -5.52033e-68 1.18265e-68
-215.1 2 -5.32828e-68 -5.28608e-68 0 -438.98 -1.06566e-67 -1.05722e-67
-214.5 2 5.84313e-69 -1.73931e-67 0 -437.755 1.16863e-68 -3.47861e-67
-213.9 2 3.02438e-67 -1.82424e-67 0 -436.531 6.04877e-67 -3.64849e-67
-213.3 2 7.81695e-67 4.42616e-67 0 -435.306 1.56339e-66 8.85232e-67
-212.7 2 4.8718e-67 2.16057e-66 0 -434.082 9.7436e-67 4.32114e-66
-212.1 2 -2.8413e-66 3.43989e-66 0 -432.857 -5.6826e-66 6.87977e-66
-211.5 2 -1.01924e-65 -2.21136e-66 0 -431.633 -2.03848e-65 -4.42272e-66
-210.9 2 -1.23618e-65 -2.40156e-65 0 -430.408 -2.47236e-65 -4.80313e-65
-210.3 2 2.02572e-65 -5.25795e-65 0 -429.184 4.05144e-65 -1.05159e-64
-209.7 2 1.18467e-64 -1.51224e-65 0 -427.959 2.36933e-64 -3.02448e-65
-209.1 2 2.1102e-64 2.32383e-64 0 -426.735 4.22039e-64 4.64766e-64
-208.5 2 -4.86954e-65 6.96058e-64 0 -425.51 -9.73909e-65 1.39212e-63
-207.9 2 -1.21129e-63 6.54927e-64 0 -424.286 -2.42258e-63 1.30985e-63
-207.3 2 -2.96442e-63 -1.81935e-63 0 -423.061 -5.92883e-63 -3.6387e-63
-206.7 2 -1.7019e-63 -8.13746e-63 0 -421.837 -3.40381e-63 -1.62749e-62
-206.1 2 1.04593e-62 -1.22767e-62 0 -420.612 2.09186e-62 -2.45534e-62
-205.5 2 3.60892e-62 8.57228e-63 0 -419.388 7.21783e-62 1.71446e-62
-204.9 2 4.26653e-62 8.38315e-62 0 -418.163 8.53306e-62 1.67663e-61
-204.3 2 -6.7098e-62 1.76899e-61 0 -416.939 -1.34196e-61 3.53797e-61
-203.7 2 -3.85461e-61 4.79622e-62 0 -415.714 -7.70922e-61 9.59243e-62
-203.1 2 -6.75336e-61 -7.42907e-61 0 -414.49 -1.35067e-60 -1.48581e-60
-202.5 2 1.21555e-61 -2.1603e-60 0 -413.265 2.4311e-61 -4.32061e-60
-201.9 2 3.57505e-60 -1.98604e-60 0 -412.041 7.1501e-60 -3.97207e-60
-201.3 2 8.6242e-60 5.27103e-60 0 -410.816 1.72484e-59 1.05421e-59
-200.7 2 5.10885e-60 2.29823e-59 0 -409.592 1.02177e-59 4.59646e-59
-200.1 2 -2.76531e-59 3.36757e-59 0 -408.367 -5.53061e-59 6.73515e-59
-199.5 2 -9.41112e-59 -2.24126e-59 0 -407.143 -1.88222e-58 -4.48252e-59
-198.9 2 -1.09425e-58 -2.13244e-58 0 -405.918 -2.1885e-58 -4.26488e-58
-198.3 2 1.57404e-58 -4.31544e-58 0 -404.694 3.14808e-58 -8.63088e-58
-197.7 2 8.89002e-58 -1.02044e-58 0 -403.469 1.778e-57 -2.04088e-58
-197.1 2 1.49065e-57 1.69494e-57 0 -402.245 2.9813e-57 3.38989e-57
-196.5 2 -2.88556e-58 4.60689e-57 0 -401.02 -5.77111e-58 9.21379e-57
-195.9 2 -7.21143e-57 3.71413e-57 0 -399.796 -1.44229e-56 7.42826e-57
-195.3 2 -1.60221e-56 -1.10716e-56 0 -398.571 -3.20442e-56 -2.21433e-56
-194.7 2 -7.34047e-57 -4.19961e-56 0 -397.347 -1.46809e-56 -8.39922e-56
-194.1 2 4.92742e-56 -5.12049e-56 0 -396.122 9.85484e-56 -1.0241e-55
-193.5 2 1.41317e-55 5.56543e-56 0 -394.898 2.82633e-55 1.11309e-55
-192.9 2 1.1765e-55 3.2829e-55 0 -393.673 2.353e-55 6.5658e-55
-192.3 2 -2.8803e-55 4.86628e-55 0 -392.449 -5.76061e-55 9.73256e-55
-191.7 2 -1.01163e-54 -2.44491e-55 0 -391.224 -2.02326e-54 -4.88983e-55
-191.1 2 -8.79591e-55 -2.25727e-54 0 -390 -1.75918e-54 -4.51453e-54
-190.5 2 1.96584e-54 -3.12114e-54 0 -388.776 3.93167e-54 -6.24228e-54
-189.9 2 5.78853e-54 3.19189e-54 0 -387.551 1.15771e-53 6.38378e-54
-189.3 2 -7.2904e-55 1.63594e-53 0 -386.327 -1.45808e-54 3.27187e-53
-188.7 2 -2.83475e-53 6.41293e-54 0 -385.102 -5.6695e-53 1.28259e-53
-188.1 2 -3.44352e-53 -8.14852e-53 0 -383.878 -6.88703e-53 -1.6297e-52
-187.5 2 1.33856e-52 -1.89075e-52 0 -382.653 2.67711e-52 -3.78151e-52
-186.9 2 5.62958e-52 1.37968e-52 0 -381.429 1.12592e-51 2.75936e-52
-186.3 2 5.17713e-52 1.61994e-51 0 -380.204 1.03543e-51 3.23989e-51
-185.7 2 -2.385e-51 3.28858e-51 0 -378.98 -4.77e-51 6.57715e-51
-185.1 2 -9.85294e-51 -1.62672e-51 0 -377.755 -1.97059e-50 -3.25344e-51
-184.5 2 -1.21783e-50 -2.48883e-50 0 -376.531 -2.43567e-50 -4.97767e-50
-183.9 2 2.62892e-50 -5.77277e-50 0 -375.306 5.25784e-50 -1.15455e-49
-183.3 2 1.44249e-49 -9.42748e-51 0 -374.082 2.88497e-49 -1.8855e-50
-182.7 2 2.42282e-49 3.09723e-49 0 -372.857 4.84565e-49 6.19445e-49
-182.1 2 -1.60556e-49 8.93265e-49 0 -371.633 -3.21112e-49 1.78653e-48
-181.5 2 -1.79248e-48 6.74821e-49 0 -370.408 -3.58496e-48 1.34964e-48
-180.9 2 -3.95797e-48 -3.1268e-48 0 -369.184 -7.91595e-48 -6.25359e-48
-180.3 2 -8.82716e-49 -1.20759e-47 0 -367.959 -1.76543e-48 -2.41518e-47
-179.7 2 1.89525e-47 -1.53895e-47 0 -366.735 3.79051e-47 -3.0779e-47
-179.1 2 5.52692e-47 2.3546e-47 0 -365.51 1.10538e-46 4.70919e-47
-178.5 2 4.68378e-47 1.43865e-46 0 -364.286 9.36756e-47 2.8773e-46
-177.9 2 -1.65054e-46 2.56668e-46 0 -363.061 -3.30108e-46 5.13337e-46
-177.3 2 -6.77797e-46 -7.21649e-47 0 -361.837 -1.35559e-45 -1.4433e-46
-176.7 2 -9.30311e-46 -1.51247e-45 0 -360.612 -1.86062e-45 -3.02494e-45
-176.1 2 1.02687e-45 -3.58148e-45 0 -359.388 2.05374e-45 -7.16296e-45
-175.5 2 7.38786e-45 -1.63797e-45 0 -358.163 1.47757e-44 -3.27595e-45
-174.9 2 1.39993e-44 1.38173e-44 0 -356.939 2.79986e-44 2.76346e-44
-174.3 2 -7.44595e-46 4.38905e-44 0 -355.714 -1.48919e-45 8.77811e-44
-173.7 2 -7.14208e-44 4.41504e-44 0 -354.49 -1.42842e-43 8.83009e-44
-173.1 2 -1.79442e-43 -1.03907e-43 0 -353.265 -3.58884e-43 -2.07813e-43
-172.5 2 -1.0811e-43 -4.82239e-43 0 -352.041 -2.1622e-43 -9.64477e-43
-171.9 2 5.9928e-43 -7.18629e-43 0 -350.816 1.19856e-42 -1.43726e-42
-171.3 2 2.04123e-42 5.2146e-43 0 -349.592 4.08246e-42 1.04292e-42
-170.7 2 2.26344e-42 4.78273e-42 0 -348.367 4.52688e-42 9.56546e-42
-170.1 2 -4.08103e-42 9.50636e-42 0 -347.143 -8.16206e-42 1.90127e-41
-169.5 2 -2.09583e-41 9.5596e-43 0 -345.918 -4.19165e-41 1.91192e-42
-168.9 2 -3.28393e-41 -4.26723e-41 0 -344.694 -6.56786e-41 -8.53447e-41
-168.3 2 1.7149e-41 -1.10122e-40 0 -343.469 3.42981e-41 -2.20244e-40
-167.7 2 1.95415e-40 -7.13815e-41 0 -342.245 3.90831e-40 -1.42763e-40
-167.1 2 3.98675e-40 3.3754e-40 0 -341.02 7.9735e-40 6.7508e-40
-166.5 2 6.95864e-41 1.15166e-39 0 -339.796 1.39173e-40 2.30333e-39
-165.9 2 -1.65606e-39 1.23514e-39 0 -338.571 -3.31212e-39 2.47027e-39
-165.3 2 -4.29013e-39 -2.28968e-39 0 -337.347 -8.58026e-39 -4.57935e-39
-164.7 2 -2.7397e-39 -1.10648e-38 0 -336.122 -5.47941e-39 -2.21297e-38
-164.1 2 1.2771e-38 -1.58707e-38 0 -334.898 2.55419e-38 -3.17414e-38
-163.5 2 4.21147e-38 1.23119e-38 0 -333.673 8.42294e-38 2.46237e-38
-162.9 2 4.11409e-38 9.93146e-38 0 -332.449 8.22818e-38 1.98629e-37
-162.3 2 -9.09079e-38 1.7432e-37 0 -331.224 -1.81816e-37 3.48639e-37
-161.7 2 -3.86539e-37 -3.99814e-38 0 -330 -7.73078e-37 -7.99628e-38
-161.1 2 -4.71369e-37 -8.54818e-37 0 -328.776 -9.42738e-37 -1.70964e-36
-160.5 2 6.33887e-37 -1.73127e-36 0 -327.551 1.26777e-36 -3.46253e-36
-159.9 2 3.43079e-36 -8.36021e-38 0 -326.327 6.86157e-36 -1.67204e-37
-159.3 2 4.66092e-36 7.37647e-36 0 -325.102 9.32185e-36 1.47529e-35
-158.7 2 -4.98949e-36 1.62414e-35 0 -323.878 -9.97899e-36 3.24829e-35
-158.1 2 -3.09463e-35 2.1168e-36 0 -322.653 -6.18927e-35 4.2336e-36
-157.5 2 -4.25988e-35 -6.76569e-35 0 -321.429 -8.51975e-35 -1.35314e-34
-156.9 2 5.04082e-35 -1.51512e-34 0 -320.204 1.00816e-34 -3.03023e-34
-156.3 2 2.99236e-34 -8.58131e-36 0 -318.98 5.98471e-34 -1.71626e-35
-155.7 2 3.88528e-34 6.85132e-34 0 -317.755 7.77056e-34 1.37026e-33
-155.1 2 -6.05861e-34 1.48635e-33 0 -316.531 -1.21172e-33 2.97269e-33
-154.5 2 -3.16912e-33 -1.2786e-34 0 -315.306 -6.33825e-33 -2.5572e-34
-153.9 2 -3.85045e-33 -7.53697e-33 0 -314.082 -7.7009e-33 -1.50739e-32
-153.3 2 7.38131e-33 -1.58354e-32 0 -312.857 1.47626e-32 -3.16708e-32
-152.7 2 3.57907e-32 2.63378e-33 0 -311.633 7.15815e-32 5.26755e-33
-152.1 2 4.31237e-32 8.56723e-32 0 -310.408 8.62475e-32 1.71345e-31
-151.5 2 -8.3908e-32 1.8078e-31 0 -309.184 -1.67816e-31 3.61559e-31
-150.9 2 -4.1212e-31 -2.10967e-32 0 -307.959 -8.24239e-31 -4.21934e-32
-150.3 2 -5.25524e-31 -9.65278e-31 0 -306.735 -1.05105e-30 -1.93056e-30
-149.7 2 8.7177e-31 -2.12696e-30 0 -305.51 1.74354e-30 -4.25391e-30
-149.1 2 4.69124e-30 -6.10095e-32 0 -304.286 9.38248e-30 -1.22019e-31
-148.5 2 6.55094e-30 1.05826e-29 0 -303.061 1.31019e-29 2.11652e-29
-147.9 2 -8.29012e-30 2.49835e-29 0 -301.837 -1.65802e-29 4.9967e-29
-147.3 2 -5.22139e-29 5.23359e-30 0 -300.612 -1.04428e-28 1.04672e-29
-146.7 2 -8.05203e-29 -1.127e-28 0 -299.388 -1.61041e-28 -2.254e-28
-146.1 2 7.23348e-29 -2.88907e-28 0 -298.163 1.4467e-28 -5.77814e-28
-145.5 2 5.68985e-28 -1.12461e-28 0 -296.939 1.13797e-27 -2.24922e-28
-144.9 2 9.65903e-28 1.17263e-27 0 -295.714 1.93181e-27 2.34527e-27
-144.3 2 -5.7197e-28 3.28383e-27 0 -294.49 -1.14394e-27 6.56765e-27
-143.7 2 -6.10489e-27 1.82299e-27 0 -293.265 -1.22098e-26 3.64599e-27
-143.1 2 -1.1333e-26 -1.20026e-26 0 -292.041 -2.2666e-26 -2.40051e-26
-142.5 2 3.8765e-27 -3.68097e-26 0 -290.816 7.75301e-27 -7.36194e-26
-141.9 2 6.48536e-26 -2.59593e-26 0 -289.592 1.29707e-25 -5.19186e-26
-141.3 2 1.30743e-25 1.21535e-25 0 -288.367 2.61486e-25 2.43071e-25
-140.7 2 -1.78619e-26 4.08669e-25 0 -287.143 -3.57237e-26 8.17338e-25
-140.1 2 -6.85663e-25 3.43596e-25 0 -285.918 -1.37133e-24 6.87193e-25
-139.5 2 -1.49178e-24 -1.22383e-24 0 -284.694 -2.98355e-24 -2.44766e-24
-138.9 2 -5.06977e-26 -4.51663e-24 0 -283.469 -1.01395e-25 -9.03326e-24
-138.3 2 7.25801e-24 -4.35797e-24 0 -282.245 1.4516e-23 -8.71595e-24
-137.7 2 1.69704e-23 1.23157e-23 0 -281.02 3.39408e-23 2.46314e-23
-137.1 2 3.09613e-24 5.00259e-23 0 -279.796 6.19226e-24 1.00052e-22
-136.5 2 -7.73416e-23 5.4315e-23 0 -278.571 -1.54683e-22 1.0863e-22
-135.9 2 -1.94548e-22 -1.23716e-22 0 -277.347 -3.89096e-22 -2.47432e-22
-135.3 2 -6.43643e-23 -5.58894e-22 0 -276.122 -1.28729e-22 -1.11779e-21
-134.7 2 8.28264e-22 -6.81792e-22 0 -274.898 1.65653e-21 -1.36358e-21
-134.1 2 2.2668e-21 1.2163e-21 0 -273.673 4.5336e-21 2.43261e-21
-133.5 2 1.1532e-21 6.30154e-21 0 -272.449 2.30639e-21 1.26031e-20
-132.9 2 -8.76289e-21 8.75823e-21 0 -271.224 -1.75258e-20 1.75165e-20
-132.3 2 -2.67753e-20 -1.10708e-20 0 -270 -5.35505e-20 -2.21415e-20
-131.7 2 -1.97603e-20 -7.08799e-20 0 -268.776 -3.95207e-20 -1.4176e-19
-131.1 2 8.82962e-20 -1.14489e-19 0 -267.551 1.76592e-19 -2.28977e-19
-130.5 2 3.14475e-19 8.17748e-20 0 -266.327 6.28951e-19 1.6355e-19
-129.9 2 3.19493e-19 7.76449e-19 0 -265.102 6.38986e-19 1.5529e-18
-129.3 2 -8.03358e-19 1.47815e-18 0 -263.878 -1.60672e-18 2.95629e-18
-128.7 2 -3.55848e-18 -2.89764e-19 0 -262.653 -7.11697e-18 -5.79529e-19
-128.1 2 -4.65736e-18 -8.06912e-18 0 -261.429 -9.31473e-18 -1.61382e-17
-127.5 2 6.30894e-18 -1.80837e-17 0 -260.204 1.26179e-17 -3.61675e-17
-126.9 2 3.78667e-17 -3.64832e-18 0 -258.98 7.57334e-17 -7.29664e-18
-126.3 2 5.83946e-17 7.99511e-17 0 -257.755 1.16789e-16 1.59902e-16
-125.7 2 -4.871e-17 2.0422e-16 0 -256.531 -9.742e-17 4.08441e-16
-125.1 2 -3.92842e-16 3.41861e-16 0 -255.306 -7.85684e-16 6.83723e-16
-124.5 2 -1.0202e-15 4.90981e-16 0 -254.082 -2.04041e-15 9.81962e-16
-123.9 2 -1.96891e-15 3.0301e-16 0 -252.857 -3.93783e-15 6.06019e-16
-123.3 2 -2.8116e-15 -6.24515e-16 0 -251.633 -5.62321e-15 -1.24903e-15
-122.7 2 -2.30865e-15 -2.51372e-15 0 -250.408 -4.61729e-15 -5.02744e-15
-122.1 2 1.42953e-15 -4.51682e-15 0 -249.184 2.85906e-15 -9.03364e-15
-121.5 2 9.35906e-15 -4.42011e-15 0 -247.959 1.87181e-14 -8.84022e-15
-120.9 2 1.87704e-14 6.74514e-16 0 -246.735 3.75409e-14 1.34903e-15
-120.3 2 2.14762e-14 1.27576e-14 0 -245.51 4.29524e-14 2.55151e-14
-119.7 2 4.37865e-15 2.88166e-14 0 -244.286 8.75729e-15 5.76331e-14
-119.1 2 -4.31878e-14 3.70536e-14 0 -243.061 -8.63757e-14 7.41071e-14
-118.5 2 -1.14199e-13 1.69304e-14 0 -241.837 -2.28398e-13 3.38607e-14
-117.9 2 -1.6572e-13 -5.10531e-14 0 -240.612 -3.31439e-13 -1.02106e-13
-117.3 2 -1.13519e-13 -1.63394e-13 0 -239.388 -2.27037e-13 -3.26788e-13
-116.7 2 1.37253e-13 -2.65019e-13 0 -238.163 2.74507e-13 -5.30038e-13
-116.1 2 6.07305e-13 -2.35306e-13 0 -236.939 1.21461e-12 -4.70612e-13
-115.5 2 1.11891e-12 7.87197e-14 0 -235.714 2.23782e-12 1.57439e-13
-114.9 2 1.20409e-12 7.51569e-13 0 -234.49 2.40818e-12 1.50314e-12
-114.3 2 1.81776e-13 1.60046e-12 0 -233.265 3.63552e-13 3.20092e-12
-113.7 2 -2.4502e-12 2.02511e-12 0 -232.041 -4.9004e-12 4.05022e-12
-113.1 2 -6.28243e-12 1.04376e-12 0 -230.816 -1.25649e-11 2.08753e-12
-112.5 2 -9.18917e-12 -2.2603e-12 0 -229.592 -1.83783e-11 -4.52059e-12
-111.9 2 -7.12818e-12 -7.79289e-12 0 -228.367 -1.42564e-11 -1.55858e-11
-111.3 2 4.5091e-12 -1.32615e-11 0 -227.143 9.0182e-12 -2.65231e-11
-110.7 2 2.73231e-11 -1.35391e-11 0 -225.918 5.46463e-11 -2.70781e-11
-110.1 2 5.46473e-11 -1.80675e-12 0 -224.694 1.09295e-10 -3.61351e-12
-109.5 2 6.73016e-11 2.64341e-11 0 -223.469 1.34603e-10 5.28683e-11
-108.9 2 3.53338e-11 6.6639e-11 0 -222.245 7.06675e-11 1.33278e-10
-108.3 2 -6.87162e-11 9.84373e-11 0 -221.02 -1.37432e-10 1.96875e-10
-107.7 2 -2.43038e-10 8.44513e-11 0 -219.796 -4.86075e-10 1.68903e-10
-107.1 2 -4.23437e-10 -1.8054e-11 0 -218.571 -8.46875e-10 -3.61079e-11
-106.5 2 -4.64326e-10 -2.28105e-10 0 -217.347 -9.28652e-10 -4.5621e-10
-105.9 2 -1.65128e-10 -4.99036e-10 0 -216.122 -3.30256e-10 -9.98072e-10
-105.3 2 6.29244e-10 -6.8298e-10 0 -214.898 1.25849e-09 -1.36596e-09
-104.7 2 1.85328e-09 -5.36208e-10 0 -213.673 3.70655e-09 -1.07242e-09
-104.1 2 3.02795e-09 1.96525e-10 0 -212.449 6.0559e-09 3.93049e-10
-103.5 2 3.17914e-09 1.60147e-09 0 -211.224 6.35828e-09 3.20294e-09
-102.9 2 1.04387e-09 3.35575e-09 0 -210 2.08774e-09 6.71151e-09
-102.3 2 -4.29445e-09 4.54234e-09 0 -208.776 -8.5889e-09 9.08468e-09
-101.7 2 -1.23725e-08 3.70428e-09 0 -207.551 -2.4745e-08 7.40857e-09
-101.1 2 -2.02577e-08 -6.71982e-10 0 -206.327 -4.05153e-08 -1.34396e-09
-100.5 2 -2.21087e-08 -9.17311e-09 0 -205.102 -4.42174e-08 -1.83462e-08
-99.9 2 -1.03071e-08 -2.01725e-08 0 -203.878 -2.06142e-08 -4.03449e-08
-99.3 2 2.11287e-08 -2.88086e-08 0 -202.653 4.22575e-08 -5.76171e-08
-98.7 2 7.0987e-08 -2.71142e-08 0 -201.429 1.41974e-07 -5.42285e-08
-98.1 2 1.248e-07 -6.20898e-09 0 -200.204 2.496e-07 -1.2418e-08
-97.5 2 1.5164e-07 3.90395e-08 0 -198.98 3.0328e-07 7.8079e-08
-96.9 2 1.08226e-07 1.03623e-07 0 -197.755 2.16452e-07 2.07246e-07
-96.3 2 -4.58975e-08 1.66595e-07 0 -196.531 -9.17949e-08 3.3319e-07
-95.7 2 -3.2178e-07 1.89634e-07 0 -195.306 -6.43561e-07 3.79267e-07
-95.1 2 -6.68998e-07 1.24142e-07 0 -194.082 -1.338e-06 2.48284e-07
-94.5 2 -9.51637e-07 -7.05156e-08 0 -192.857 -1.90328e-06 -1.41031e-07
-93.9 2 -9.51708e-07 -3.99039e-07 0 -191.633 -1.90342e-06 -7.98078e-07
-93.3 2 -4.19133e-07 -7.99835e-07 0 -190.408 -8.38265e-07 -1.59967e-06
-92.7 2 8.22805e-07 -1.12575e-06 0 -189.184 1.64561e-06 -2.25151e-06
-92.1 2 2.72919e-06 -1.15277e-06 0 -187.959 5.45838e-06 -2.30553e-06
-91.5 1.99999 4.88452e-06 -6.30972e-07 0 -186.735 9.76901e-06 -1.26194e-06
-90.9 1.99999 6.4231e-06 6.18324e-07 0 -185.51 1.28462e-05 1.23664e-06
-90.3 1.99999 6.10226e-06 2.57374e-06 0 -184.286 1.22045e-05 5.14747e-06
-89.7 2 2.59503e-06 4.8894e-06 0 -183.061 5.19006e-06 9.77879e-06
-89.1 2.00001 -4.98493e-06 6.82902e-06 0 -181.837 -9.96989e-06 1.36581e-05
-88.5 2.00002 -1.64034e-05 7.31765e-06 0 -180.612 -3.28072e-05 1.46355e-05
-87.9 2.00004 -2.96534e-05 5.15407e-06 0 -179.388 -5.93079e-05 1.03083e-05
-87.3 2.00005 -4.06001e-05 -6.13537e-07 0 -178.163 -8.12024e-05 -1.22711e-06
-86.7 2.00006 -4.32204e-05 -1.02028e-05 0 -176.939 -8.64432e-05 -2.04062e-05
-86.1 2.00004 -3.06623e-05 -2.262e-05 0 -175.714 -6.13257e-05 -4.52408e-05
-85.5 1.99999 2.8249e-06 -3.53497e-05 0 -174.49 5.64978e-06 -7.06992e-05
-84.9 1.99992 5.93104e-05 -4.43812e-05 0 -173.265 0.000118616 -8.87587e-05
-84.3 1.99982 0.000134468 -4.46967e-05 0 -172.041 0.000268912 -8.93852e-05
-83.7 1.99971 0.000215499 -3.12489e-05 0 -170.816 0.000430936 -6.24886e-05
-83.1 1.99963 0.000280554 -3.2387e-07 0 -169.592 0.000561002 -6.47618e-07
-82.5 1.9996 0.0003004 4.89415e-05 0 -168.367 0.000600682 9.78636e-05
-81.9 1.99969 0.000242731 0.000113241 0 -167.143 0.000485387 0.000226447
-81.3 1.99991 7.89239e-05 0.00018438 0 -165.918 0.000157841 0.000368744
-80.7 2.00031 -0.000207621 0.000249511 0 -164.694 -0.000415306 0.000499099
-80.1 2.00086 -0.000613083 0.000292653 0 -163.469 -0.0012267 0.00058556
-79.5 2.00154 -0.00110696 0.000297128 0 -162.245 -0.00221563 0.000594714
-78.9 2.00225 -0.00162978 0.000248442 0 -161.02 -0.00326323 0.000497444
-78.3 2.00288 -0.00209565 0.000137016 0 -159.796 -0.00419734 0.000274427
-77.7 2.00329 -0.00239978 -4.00389e-05 0 -158.571 -0.00480745 -8.02095e-05
-77.1 2.00331 -0.00242948 -0.000278444 0 -157.347 -0.00486701 -0.00055781
-76.5 2.0028 -0.00207657 -0.000567591 0 -156.122 -0.00415896 -0.00113677
-75.9 2.00162 -0.00124882 -0.000892463 0 -154.898 -0.00249967 -0.00178637
-75.3 1.99969 0.000121664 -0.00123565 0 -153.673 0.00024329 -0.00247092
-74.7 1.99693 0.00207358 -0.00157874 0 -152.449 0.00414079 -0.00315264
-74.1 1.99335 0.00461349 -0.00190822 0 -151.224 0.00919631 -0.00380375
-73.5 1.98898 0.00772144 -0.00221564 0 -150 0.0153578 -0.00440686
-72.9 1.98386 0.0113611 -0.0024953 0 -148.776 0.0225389 -0.00495031
-72.3 1.97806 0.0154852 -0.00274499 0 -147.551 0.0306307 -0.00542977
-71.7 1.97167 0.020041 -0.00296475 0 -146.327 0.0395143 -0.00584552
-71.1 1.96476 0.0249754 -0.00315631 0 -145.102 0.0490705 -0.00620138
-70.5 1.95739 0.0302373 -0.00332215 0 -143.878 0.0591863 -0.00650275
-69.9 1.94965 0.0357802 -0.00346517 0 -142.653 0.0697588 -0.00675587
-69.3 1.94159 0.0415624 -0.00358827 0 -141.429 0.080697 -0.00696693
-68.7 1.93326 0.0475476 -0.00369418 0 -140.204 0.0919216 -0.00714179
-68.1 1.9247 0.0537043 -0.00378538 0 -138.98 0.103365 -0.00728573
-67.5 1.91597 0.0600055 -0.00386403 0 -137.755 0.114969 -0.00740337
-66.9 1.90709 0.0664285 -0.003932 0 -136.531 0.126685 -0.00749868
-66.3 1.89808 0.0729536 -0.00399089 0 -135.306 0.138472 -0.00757503
-65.7 1.88898 0.0795643 -0.004042 0 -134.082 0.150296 -0.00763527
-65.1 1.8798 0.0862464 -0.00408647 0 -132.857 0.162126 -0.00768176
-64.5 1.87057 0.0929879 -0.0041252 0 -131.633 0.17394 -0.00771647
-63.9 1.86129 0.0997785 -0.00415896 0 -130.408 0.185716 -0.00774101
-63.3 1.85197 0.106609 -0.00418837 0 -129.184 0.197437 -0.00775673
-62.7 1.84264 0.113472 -0.00421394 0 -127.959 0.209087 -0.00776475
-62.1 1.83329 0.12036 -0.00423609 0 -126.735 0.220655 -0.00776598
-61.5 1.82394 0.127267 -0.00425517 0 -125.51 0.232128 -0.00776118
-60.9 1.8146 0.134189 -0.00427145 0 -124.286 0.243499 -0.00775097
-60.3 1.80526 0.14112 -0.00428517 0 -123.061 0.254758 -0.00773586
-59.7 1.79595 0.148055 -0.00429649 0 -121.837 0.265899 -0.00771628
-59.1 1.78666 0.154991 -0.00430556 0 -120.612 0.276915 -0.00769255
-58.5 1.77739 0.161923 -0.00431247 0 -119.388 0.287801 -0.00766495
-57.9 1.76816 0.168849 -0.0043173 0 -118.163 0.298552 -0.00763368
-57.3 1.75896 0.175765 -0.00432009 0 -116.939 0.309164 -0.00759889
-56.7 1.74981 0.182667 -0.00432086 0 -115.714 0.319632 -0.0075607
-56.1 1.7407 0.189552 -0.00431961 0 -114.49 0.329954 -0.00751917
-55.5 1.73165 0.196417 -0.00431633 0 -113.265 0.340125 -0.00747435
-54.9 1.72264 0.203259 -0.00431096 0 -112.041 0.350143 -0.00742625
-54.3 1.7137 0.210074 -0.00430347 0 -110.816 0.360004 -0.00737485
-53.7 1.70482 0.21686 -0.00429377 0 -109.592 0.369706 -0.00732009
-53.1 1.696 0.223612 -0.00428179 0 -108.367 0.379246 -0.00726191
-52.5 1.68725 0.230328 -0.00426741 0 -107.143 0.388622 -0.0072002
-51.9 1.67858 0.237004 -0.00425053 0 -105.918 0.39783 -0.00713486
-51.3 1.66999 0.243636 -0.00423102 0 -104.694 0.406868 -0.00706574
-50.7 1.66148 0.25022 -0.00420872 0 -103.469 0.415734 -0.0069927
-50.1 1.65306 0.256752 -0.00418349 0 -102.245 0.424425 -0.00691555
-49.5 1.64473 0.263228 -0.00415516 0 -101.02 0.432938 -0.00683411
-48.9 1.6365 0.269643 -0.00412354 0 -99.7959 0.44127 -0.00674818
-48.3 1.62837 0.275993 -0.00408846 0 -98.5714 0.44942 -0.00665754
-47.7 1.62036 0.282273 -0.00404971 0 -97.3469 0.457383 -0.00656197
-47.1 1.61246 0.288477 -0.00400708 0 -96.1224 0.465157 -0.00646125
-46.5 1.60468 0.2946 -0.00396036 0 -94.898 0.472739 -0.00635512
-45.9 1.59703 0.300637 -0.00390935 0 -93.6735 0.480126 -0.00624336
-45.3 1.58952 0.30658 -0.00385383 0 -92.449 0.487315 -0.00612573
-44.7 1.58215 0.312425 -0.00379358 0 -91.2245 0.494302 -0.00600201
-44.1 1.57493 0.318164 -0.00372842 0 -90 0.501085 -0.005872
-43.5 1.56786 0.32379 -0.00365816 0 -88.7755 0.507659 -0.00573549
-42.9 1.56097 0.329297 -0.00358262 0 -87.551 0.514021 -0.00559235
-42.3 1.55424 0.334676 -0.00350167 0 -86.3265 0.520169 -0.00544245
-41.7 1.5477 0.339922 -0.0034152 0 -85.102 0.526098 -0.00528572
-41.1 1.54135 0.345025 -0.00332315 0 -83.8776 0.531805 -0.00512215
-40.5 1.5352 0.34998 -0.00322551 0 -82.6531 0.537288 -0.00495179
-39.9 1.52925 0.354777 -0.00312232 0 -81.4286 0.542543 -0.00477481
-39.3 1.52352 0.35941 -0.00301369 0 -80.2041 0.547568 -0.00459142
-38.7 1.51801 0.363871 -0.00289982 0 -78.9796 0.55236 -0.00440197
-38.1 1.51273 0.368154 -0.002781 0 -77.7551 0.556918 -0.00420691
-37.5 1.50769 0.372251 -0.00265759 0 -76.5306 0.56124 -0.00400682
-36.9 1.50289 0.376158 -0.00253005 0 -75.3061 0.565325 -0.00380238
-36.3 1.49834 0.379869 -0.00239894 0 -74.0816 0.569172 -0.00359443
-35.7 1.49404 0.383379 -0.00226493 0 -72.8571 0.572784 -0.0033839
-35.1 1.48999 0.386686 -0.00212877 0 -71.6327 0.57616 -0.00317185
-34.5 1.48621 0.389786 -0.00199127 0 -70.4082 0.579303 -0.00295944
-33.9 1.48268 0.39268 -0.00185335 0 -69.1837 0.582217 -0.00274791
-33.3 1.4794 0.395367 -0.00171594 0 -67.9592 0.584905 -0.00253856
-32.7 1.47638 0.397848 -0.00158004 0 -66.7347 0.587374 -0.00233273
-32.1 1.4736 0.400127 -0.00144661 0 -65.5102 0.589629 -0.00213174
-31.5 1.47107 0.402208 -0.00131665 0 -64.2857 0.591678 -0.00193688
-30.9 1.46878 0.404097 -0.00119105 0 -63.0612 0.593529 -0.00174939
-30.3 1.46671 0.405801 -0.00107068 0 -61.8367 0.595191 -0.00157038
-29.7 1.46485 0.407328 -0.000956298 0 -60.6122 0.596675 -0.00140083
-29.1 1.4632 0.408688 -0.000848532 0 -59.3878 0.597992 -0.00124157
-28.5 1.46174 0.40989 -0.000747899 0 -58.1633 0.599152 -0.00109323
-27.9 1.46046 0.410945 -0.000654765 0 -56.9388 0.600168 -0.000956255
-27.3 1.45934 0.411865 -0.000569353 0 -55.7143 0.601051 -0.000830879
-26.7 1.45837 0.412661 -0.000491742 0 -54.4898 0.601813 -0.000717143
-26.1 1.45754 0.413345 -0.000421872 0 -53.2653 0.602467 -0.000614895
-25.5 1.45683 0.413928 -0.000359555 0 -52.0408 0.603022 -0.00052381
-24.9 1.45623 0.414421 -0.000304496 0 -50.8163 0.603492 -0.000443415
-24.3 1.45572 0.414835 -0.000256305 0 -49.5918 0.603885 -0.00037311
-23.7 1.4553 0.415179 -0.000214526 0 -48.3673 0.604211 -0.0003122
-23.1 1.45495 0.415464 -0.000178648 0 -47.1429 0.604481 -0.000259924
-22.5 1.45467 0.415697 -0.000148133 0 -45.9184 0.604701 -0.000215483
-21.9 1.45443 0.415887 -0.00012243 0 -44.6939 0.60488 -0.000178066
-21.3 1.45424 0.41604 -0.000100995 0 -43.4694 0.605023 -0.000146871
-20.7 1.45409 0.416162 -8.32979e-05 0 -42.2449 0.605138 -0.000121123
-20.1 1.45397 0.416258 -6.88398e-05 0 -41.0204 0.605228 -0.000100091
-19.5 1.45388 0.416334 -5.7156e-05 0 -39.7959 0.605298 -8.30977e-05
-18.9 1.4538 0.416393 -4.7823e-05 0 -38.5714 0.605352 -6.95251e-05
-18.3 1.45374 0.416438 -4.04612e-05 0 -37.3469 0.605394 -5.88201e-05
-17.7 1.4537 0.416473 -3.47353e-05 0 -36.1224 0.605425 -5.04947e-05
-17.1 1.45366 0.416499 -3.03542e-05 0 -34.898 0.605448 -4.41247e-05
-16.5 1.45363 0.416518 -2.70678e-05 0 -33.6735 0.605465 -3.93467e-05
-15.9 1.45361 0.416532 -2.46649e-05 0 -32.449 0.605476 -3.58532e-05
-15.3 1.4536 0.416542 -2.29682e-05 0 -31.2245 0.605484 -3.33866e-05
-14.7 1.45359 0.416549 -2.18309e-05 0 -30 0.605489 -3.1733e-05
-14.1 1.45358 0.416553 -2.11314e-05 0 -28.7755 0.605492 -3.07161e-05
-13.5 1.45357 0.416556 -2.07696e-05 0 -27.551 0.605493 -3.019e-05
-12.9 1.45356 0.416558 -2.06623e-05 0 -26.3265 0.605494 -3.0034e-05
-12.3 1.45356 0.416559 -2.07394e-05 0 -25.102 0.605493 -3.01459e-05
-11.7 1.45355 0.416559 -2.09394e-05 0 -23.8776 0.605492 -3.04366e-05
-11.1 1.45355 0.416559 -2.12058e-05 0 -22.6531 0.60549 -3.08238e-05
-10.5 1.45355 0.416559 -2.14824e-05 0 -21.4286 0.605488 -3.12256e-05
-9.9 1.45354 0.416558 -2.17081e-05 0 -20.2041 0.605486 -3.15537e-05
-9.3 1.45354 0.416557 -2.18124e-05 0 -18.9796 0.605483 -3.17052e-05
-8.7 1.45354 0.416556 -2.17084e-05 0 -17.7551 0.605481 -3.1554e-05
-8.1 1.45354 0.416555 -2.12862e-05 0 -16.5306 0.605478 -3.09403e-05
-7.5 1.45353 0.416554 -2.04046e-05 0 -15.3061 0.605476 -2.96587e-05
-6.9 1.45353 0.416553 -1.88807e-05 0 -14.0816 0.605473 -2.74436e-05
-6.3 1.45353 0.416552 -1.64783e-05 0 -12.8571 0.605471 -2.39517e-05
-5.7 1.45353 0.416551 -1.28934e-05 0 -11.6327 0.605468 -1.87409e-05
-5.1 1.45353 0.41655 -7.73666e-06 0 -10.4082 0.605466 -1.12454e-05
-4.5 1.45352 0.416549 -5.13373e-07 0 -9.18367 0.605464 -7.46201e-07
-3.9 1.45352 0.416548 9.39989e-06 0 -7.95918 0.605462 1.3663e-05
-3.3 1.45352 0.416546 2.27815e-05 0 -6.73469 0.60546 3.31135e-05
-2.7 1.45353 0.416545 4.05935e-05 0 -5.5102 0.605459 5.90037e-05
-2.1 1.45353 0.416544 6.40126e-05 0 -4.28571 0.605458 9.30441e-05
-1.5 1.45353 0.416543 9.44617e-05 0 -3.06122 0.605458 0.000137303
-0.9 1.45353 0.416542 0.000133642 0 -1.83673 0.605458 0.000194254
-0.3 1.45354 0.416541 0.000183565 0 -0.612245 0.605459 0.00026682
0.3 1.45355 0.416539 0.000246577 0 0.612245 0.605461 0.000358412
0.9 1.45356 0.416538 0.000325382 0 1.83673 0.605463 0.000472962
1.5 1.45357 0.416537 0.000423054 0 3.06122 0.605467 0.00061494
2.1 1.45359 0.416535 0.000543039 0 4.28571 0.605472 0.000789355
2.7 1.45361 0.416534 0.000689136 0 5.5102 0.605478 0.00100174
3.3 1.45363 0.416532 0.000865469 0 6.73469 0.605485 0.00125807
3.9 1.45366 0.416531 0.00107642 0 7.95918 0.605494 0.00156475
4.5 1.45369 0.416529 0.00132655 0 9.18367 0.605504 0.0019284
5.1 1.45372 0.416528 0.00162051 0 10.4082 0.605516 0.00235577
5.7 1.45376 0.416526 0.00196284 0 11.6327 0.605529 0.0028535
6.3 1.4538 0.416524 0.00235788 0 12.8571 0.605544 0.00342789
6.9 1.45385 0.416523 0.00280951 0 14.0816 0.60556 0.0040846
7.5 1.45389 0.416521 0.00332097 0 15.3061 0.605577 0.00482834
8.1 1.45394 0.416519 0.00389462 0 16.5306 0.605594 0.00566255
8.7 1.45399 0.416517 0.00453167 0 17.7551 0.605612 0.00658901
9.3 1.45404 0.416515 0.005232 0 18.9796 0.605629 0.00760754
9.9 1.45409 0.416513 0.00599389 0 20.2041 0.605646 0.00871563
10.5 1.45413 0.416511 0.00681384 0 21.4286 0.605661 0.0099082
11.1 1.45417 0.416509 0.00768642 0 22.6531 0.605674 0.0111773
11.7 1.4542 0.416507 0.00860419 0 23.8776 0.605684 0.0125122
12.3 1.45422 0.416504 0.00955766 0 25.102 0.60569 0.013899
12.9 1.45424 0.416502 0.0105353 0 26.3265 0.605692 0.0153209
13.5 1.45424 0.4165 0.0115239 0 27.551 0.60569 0.0167585
14.1 1.45423 0.416497 0.0125083 0 28.7755 0.605682 0.0181899
14.7 1.4542 0.416495 0.0134724 0 30 0.605668 0.0195916
15.3 1.45416 0.416493 0.014399 0 31.2245 0.605648 0.0209384
15.9 1.45411 0.41649 0.0152704 0 32.449 0.605622 0.0222048
16.5 1.45404 0.416488 0.0160692 0 33.6735 0.605589 0.0233652
17.1 1.45396 0.416485 0.0167785 0 34.898 0.605551 0.0243952
17.7 1.45386 0.416482 0.0173827 0 36.1224 0.605508 0.0252721
18.3 1.45376 0.416479 0.0178681 0 37.3469 0.60546 0.0259759
18.9 1.45364 0.416476 0.0182232 0 38.5714 0.605408 0.02649
19.5 1.45352 0.416473 0.0184392 0 39.7959 0.605353 0.0268018
20.1 1.4534 0.41647 0.0185106 0 41.0204 0.605297 0.0269033
20.7 1.45327 0.416467 0.0184351 0 42.2449 0.60524 0.0267912
21.3 1.45315 0.416464 0.0182139 0 43.4694 0.605184 0.0264675
21.9 1.45303 0.416461 0.0178517 0 44.6939 0.60513 0.025939
22.5 1.45292 0.416458 0.0173565 0 45.9184 0.605078 0.0252175
23.1 1.45281 0.416455 0.0167392 0 47.1429 0.605031 0.0243189
23.7 1.45272 0.416451 0.0160133 0 48.3673 0.604988 0.0232629
24.3 1.45264 0.416448 0.0151945 0 49.5918 0.604951 0.0220723
24.9 1.45258 0.416445 0.0143 0 50.8163 0.60492 0.020772
25.5 1.45253 0.416441 0.0133479 0 52.0408 0.604894 0.0193883
26.1 1.4525 0.416437 0.0123566 0 53.2653 0.604875 0.017948
26.7 1.45248 0.416433 0.0113442 0 54.4898 0.604861 0.0164773
27.3 1.45248 0.416429 0.0103282 0 55.7143 0.604854 0.0150014
27.9 1.45248 0.416425 0.00932449 0 56.9388 0.604851 0.0135437
28.5 1.4525 0.416421 0.00834755 0 58.1633 0.604853 0.0121249
29.1 1.45253 0.416417 0.00740976 0 59.3878 0.604859 0.0107629
29.7 1.45257 0.416412 0.00652138 0 60.6122 0.604869 0.00947277
30.3 1.45261 0.416408 0.00569039 0 61.8367 0.604881 0.00826595
30.9 1.45266 0.416404 0.00492254 0 63.0612 0.604894 0.00715078
31.5 1.45271 0.4164 0.00422139 0 64.2857 0.604909 0.00613246
32.1 1.45276 0.416396 0.00358852 0 65.5102 0.604924 0.00521326
32.7 1.45281 0.416392 0.0030237 0 66.7347 0.604938 0.00439286
33.3 1.45286 0.416387 0.00252517 0 67.9592 0.604952 0.00366871
33.9 1.4529 0.416382 0.00208992 0 69.1837 0.604964 0.00303645
34.5 1.45295 0.416377 0.00171397 0 70.4082 0.604973 0.0024903
35.1 1.45299 0.416371 0.00139264 0 71.6327 0.604981 0.00202349
35.7 1.45302 0.416365 0.00112087 0 72.8571 0.604987 0.00162865
36.3 1.45305 0.416359 0.000893389 0 74.0816 0.604991 0.00129814
36.9 1.45307 0.416353 0.000704943 0 75.3061 0.604992 0.00102433
37.5 1.45309 0.416347 0.000550463 0 76.5306 0.604992 0.000799874
38.1 1.45311 0.416342 0.000425166 0 77.7551 0.604991 0.000617813
38.7 1.45312 0.416336 0.000324639 0 78.9796 0.604988 0.00047174
39.3 1.45313 0.416331 0.000244879 0 80.2041 0.604983 0.000355841
39.9 1.45313 0.416326 0.000182317 0 81.4286 0.604978 0.000264932
40.5 1.45314 0.41632 0.000133817 0 82.6531 0.604971 0.000194455
41.1 1.45314 0.416314 9.66588e-05 0 83.8776 0.604962 0.000140458
41.7 1.45314 0.416308 6.8511e-05 0 85.102 0.604952 9.95558e-05
42.3 1.45313 0.416301 4.74002e-05 0 86.3265 0.60494 6.88788e-05
42.9 1.45313 0.416292 3.16768e-05 0 87.551 0.604927 4.60304e-05
43.5 1.45313 0.416284 1.99893e-05 0 88.7755 0.604912 2.9047e-05
44.1 1.45312 0.416275 1.12674e-05 0 90 0.604897 1.6373e-05
44.7 1.45311 0.416266 4.70711e-06 0 91.2245 0.604881 6.83996e-06
45.3 1.45311 0.416257 -2.50121e-07 0 92.449 0.604866 -3.63452e-07
45.9 1.4531 0.416249 -3.95555e-06 0 93.6735 0.60485 -5.74779e-06
46.5 1.45309 0.416241 -6.61334e-06 0 94.898 0.604834 -9.60975e-06
47.1 1.45307 0.416234 -8.35514e-06 0 96.1224 0.604819 -1.21406e-05
47.7 1.45306 0.416227 -9.31094e-06 0 97.3469 0.604804 -1.35294e-05
48.3 1.45305 0.41622 -9.65241e-06 0 98.5714 0.604787 -1.40254e-05
48.9 1.45303 0.416212 -9.59106e-06 0 99.7959 0.60477 -1.39361e-05
49.5 1.45302 0.416202 -9.33361e-06 0 101.02 0.604751 -1.35619e-05
50.1 1.45301 0.416191 -9.02607e-06 0 102.245 0.60473 -1.3115e-05
50.7 1.453 0.416179 -8.73622e-06 0 103.469 0.604707 -1.26937e-05
51.3 1.45299 0.416166 -8.50711e-06 0 104.694 0.604684 -1.23607e-05
51.9 1.45298 0.416152 -8.45461e-06 0 105.918 0.604658 -1.22843e-05
52.5 1.45296 0.416137 -8.81703e-06 0 107.143 0.604632 -1.28108e-05
53.1 1.45295 0.416121 -9.86598e-06 0 108.367 0.604604 -1.43348e-05
53.7 1.45294 0.416107 -1.1687e-05 0 109.592 0.604577 -1.69805e-05
54.3 1.45292 0.416094 -1.39746e-05 0 110.816 0.604552 -2.0304e-05
54.9 1.4529 0.416083 -1.60291e-05 0 112.041 0.604528 -2.32887e-05
55.5 1.45288 0.416075 -1.70268e-05 0 113.265 0.604505 -2.47378e-05
56.1 1.45285 0.416066 -1.64361e-05 0 114.49 0.604481 -2.38792e-05
56.7 1.45282 0.416055 -1.43518e-05 0 115.714 0.604454 -2.08506e-05
57.3 1.4528 0.416039 -1.15836e-05 0 116.939 0.604422 -1.68286e-05
57.9 1.45278 0.416017 -9.5127e-06 0 118.163 0.604382 -1.38199e-05
58.5 1.45276 0.41599 -9.91064e-06 0 119.388 0.604333 -1.43978e-05
59.1 1.45273 0.415955 -1.49352e-05 0 120.612 0.60427 -2.16968e-05
59.7 1.45268 0.415906 -2.77526e-05 0 121.837 0.60418 -4.03158e-05
60.3 1.45258 0.415822 -5.49099e-05 0 123.061 0.604016 -7.97611e-05
60.9 1.45236 0.415642 -0.000113205 0 124.286 0.60366 -0.000164414
61.5 1.4518 0.415203 -0.000250066 0 125.51 0.602793 -0.000363046
62.1 1.45039 0.414085 -0.000597434 0 126.735 0.600586 -0.000866515
62.7 1.44681 0.411238 -0.00150348 0 127.959 0.594982 -0.00217525
63.3 1.43797 0.404237 -0.00381001 0 129.184 0.58128 -0.00547868
63.9 1.4177 0.388164 -0.00923596 0 130.408 0.5503 -0.0130938
64.5 1.37635 0.355025 -0.0204003 0 131.633 0.488639 -0.028078
65.1 1.30492 0.296018 -0.0391172 0 132.857 0.386278 -0.0510446
65.7 1.20554 0.208881 -0.0616296 0 134.082 0.251815 -0.0742969
66.3 1.10052 0.107108 -0.0745812 0 135.306 0.117875 -0.0820781
66.9 1.02167 0.0200275 -0.0642676 0 136.531 0.0204616 -0.0656605
67.5 0.983856 -0.0264847 -0.0357077 0 137.755 -0.0260571 -0.0351312
68.1 0.97602 -0.0345969 -0.00890721 0 138.98 -0.0337672 -0.00869361
68.7 0.982791 -0.0233492 0.00564491 0 140.204 -0.0229474 0.00554777
69.3 0.992763 -0.0090249 0.00917758 0 141.429 -0.00895958 0.00911115
69.9 0.999934 0.000618899 0.00683602 0 142.653 0.000618858 0.00683557
70.5 1.00298 0.00439219 0.00306346 0 143.878 0.00440528 0.00307259
71.1 1.00305 0.00418765 0.000233569 0 145.102 0.00420041 0.00023428
71.7 1.00183 0.00239342 -0.00105368 0 146.327 0.0023978 -0.0010556
72.3 1.00057 0.000659787 -0.00116534 0 147.551 0.000660163 -0.001166
72.9 0.999808 -0.000338101 -0.000734368 0 148.776 -0.000338036 -0.000734227
73.5 0.999569 -0.000617056 -0.000252041 0 150 -0.00061679 -0.000251933
74.1 0.999646 -0.00048026 5.34237e-05 0 151.224 -0.00048009 5.34048e-05
74.7 0.999823 -0.000225699 0.000159319 0 152.449 -0.000225659 0.000159291
75.3 0.99997 -2.64099e-05 0.000138219 0 153.673 -2.64091e-05 0.000138215
75.9 1.00004 6.79185e-05 7.26389e-05 0 154.898 6.79215e-05 7.26421e-05
76.5 1.00006 7.95861e-05 1.53616e-05 0 156.122 7.95906e-05 1.53625e-05
77.1 1.00004 5.18469e-05 -1.49339e-05 0 157.347 5.18489e-05 -1.49345e-05
77.7 1.00002 1.89791e-05 -2.15004e-05 0 158.571 1.89793e-05 -2.15008e-05
78.3 0.999999 -2.5607e-06 -1.54367e-05 0 159.796 -2.5607e-06 -1.54367e-05
78.9 0.999993 -1.05293e-05 -6.57208e-06 0 161.02 -1.05292e-05 -6.57204e-06
79.5 0.999993 -9.55349e-06 -1.69758e-07 0 162.245 -9.55343e-06 -1.69757e-07
80.1 0.999996 -5.23612e-06 2.57808e-06 0 163.469 -5.2361e-06 2.57807e-06
80.7 0.999999 -1.28982e-06 2.67154e-06 0 164.694 -1.28982e-06 2.67153e-06
81.3 1 8.85642e-07 1.61715e-06 0 165.918 8.85642e-07 1.61716e-06
81.9 1 1.43114e-06 5.15148e-07 0 167.143 1.43114e-06 5.15148e-07
82.5 1 1.07332e-06 -1.55374e-07 0 168.367 1.07332e-06 -1.55374e-07
83.1 1 4.85451e-07 -3.71264e-07 0 169.592 4.85451e-07 -3.71264e-07
83.7 1 4.24613e-08 -3.09229e-07 0 170.816 4.24613e-08 -3.09229e-07
84.3 1 -1.58873e-07 -1.56872e-07 0 172.041 -1.58873e-07 -1.56872e-07
84.9 1 -1.77343e-07 -2.93691e-08 0 173.265 -1.77343e-07 -2.93691e-08
85.5 1 -1.1237e-07 3.55448e-08 0 174.49 -1.1237e-07 3.55448e-08
86.1 1 -3.94635e-08 4.78638e-08 0 175.714 -3.94635e-08 4.78638e-08
86.7 1 6.81073e-09 3.3329e-08 0 176.939 6.81073e-09 3.3329e-08
87.3 1 2.30795e-08 1.36478e-08 0 178.163 2.30795e-08 1.36478e-08
87.9 1 2.02845e-08 -7.19155e-11 0 179.388 2.02845e-08 -7.19155e-11
88.5 1 1.07898e-08 -5.68757e-09 0 180.612 1.07898e-08 -5.68757e-09
89.1 1 2.45344e-09 -5.65153e-09 0 181.837 2.45344e-09 -5.65153e-09
89.7 1 -1.96767e-09 -3.30574e-09 0 183.061 -1.96767e-09 -3.30574e-09
90.3 1 -2.95803e-09 -9.8029e-10 0 184.286 -2.95803e-09 -9.8029e-10
90.9 1 -2.13593e-09 3.7497e-10 0 185.51 -2.13593e-09 3.7497e-10
91.5 1 -9.15326e-10 7.71795e-10 0 186.735 -9.15326e-10 7.71795e-10
92.1 1 -3.9731e-11 6.12536e-10 0 187.959 -3.9731e-11 6.12536e-10
92.7 1 3.31021e-10 2.92891e-10 0 189.184 3.31021e-10 2.92891e-10
93.3 1 3.42313e-10 4.12451e-11 0 190.408 3.42313e-10 4.12451e-11
93.9 1 2.03439e-10 -7.76742e-11 0 191.633 2.03439e-10 -7.76742e-11
94.5 1 6.21903e-11 -9.30367e-11 0 192.857 6.21903e-11 -9.30367e-11
95.1 1 -2.06127e-11 -6.00962e-11 0 194.082 -2.06127e-11 -6.00962e-11
95.7 1 -4.50077e-11 -2.15419e-11 0 195.306 -4.50077e-11 -2.15419e-11
96.3 1 -3.56663e-11 2.99805e-12 0 196.531 -3.56663e-11 2.99805e-12
96.9 1 -1.67922e-11 1.15245e-11 0 197.755 -1.67922e-11 1.15245e-11
97.5 1 -2.1443e-12 1.00178e-11 0 198.98 -2.1443e-12 1.00178e-11
98.1 1 4.56964e-12 5.14401e-12 0 200.204 4.56964e-12 5.14401e-12
98.7 1 5.25862e-12 1.01043e-12 0 201.429 5.25862e-12 1.01043e-12
99.3 1 3.26548e-12 -1.05723e-12 0 202.653 3.26548e-12 -1.05723e-12
99.9 1 1.07199e-12 -1.41653e-12 0 203.878 1.07199e-12 -1.41653e-12
100.5 1 -2.51682e-13 -9.45129e-13 0 205.102 -2.51682e-13 -9.45129e-13
101.1 1 -6.59001e-13 -3.50057e-13 0 206.327 -6.59001e-13 -3.50057e-13
101.7 1 -5.29875e-13 3.50453e-14 0 207.551 -5.29875e-13 3.50453e-14
102.3 1 -2.476e-13 1.69858e-13 0 208.776 -2.476e-13 1.69858e-13
102.9 1 -2.95666e-14 1.4769e-13 0 210 -2.95666e-14 1.4769e-13
103.5 1 6.74849e-14 7.40222e-14 0 211.224 6.74849e-14 7.40222e-14
104.1 1 7.48324e-14 1.28863e-14 0 212.449 7.48324e-14 1.28863e-14
104.7 1 4.42008e-14 -1.64434e-14 0 213.673 4.42008e-14 -1.64434e-14
105.3 1 1.26234e-14 -2.03854e-14 0 214.898 1.26234e-14 -2.03854e-14
105.9 1 -5.18711e-15 -1.2778e-14 0 216.122 -5.18711e-15 -1.2778e-14
106.5 1 -9.7256e-15 -4.1275e-15 0 217.347 -9.7256e-15 -4.1275e-15
107.1 1 -7.1435e-15 1.04427e-15 0 218.571 -7.1435e-15 1.04427e-15
107.7 1 -3.00788e-15 2.56003e-15 0 219.796 -3.00788e-15 2.56003e-15
108.3 1 -1.44223e-16 1.96542e-15 0 221.02 -1.44223e-16 1.96542e-15
108.9 1 1.01892e-15 8.91765e-16 0 222.245 1.01892e-15 8.91765e-16
109.5 1 1.05057e-15 1.2634e-16 0 223.469 1.05057e-15 1.2634e-16
110.1 1 6.37127e-16 -2.00534e-16 0 224.694 6.37127e-16 -2.00534e-16
110.7 1 1.96084e-16 -2.64114e-16 0 225.918 1.96084e-16 -2.64114e-16
111.3 1 -4.86133e-17 -1.75373e-16 0 227.143 -4.86133e-17 -1.75373e-16
111.9 1 -7.58313e-17 -3.87373e-17 0 228.367 -7.58313e-17 -3.87373e-17
112.5 1 -3.17058e-17 2.16447e-17 0 229.592 -3.17058e-17 2.16447e-17
113.1 1 9.97762e-19 2.20927e-17 0 230.816 9.97762e-19 2.20927e-17
113.7 1 8.52756e-18 6.90426e-18 0 232.041 8.52756e-18 6.90426e-18
114.3 1 4.47891e-18 -1.73899e-18 0 233.265 4.47891e-18 -1.73899e-18
114.9 1 3.28795e-19 -2.68917e-18 0 234.49 3.28795e-19 -2.68917e-18
115.5 1 -9.39366e-19 -1.03652e-18 0 235.714 -9.39366e-19 -1.03652e-18
116.1 1 -5.94691e-19 1.04986e-19 0 236.939 -5.94691e-19 1.04986e-19
116.7 1 -9.0482e-20 3.14414e-19 0 238.163 -9.0482e-20 3.14414e-19
117.3 1 9.79656e-20 1.44611e-19 0 239.388 9.79656e-20 1.44611e-19
117.9 1 7.53832e-20 8.83533e-22 0 240.612 7.53832e-20 8.83533e-22
118.5 1 1.67501e-20 -3.49284e-20 0 241.837 1.67501e-20 -3.49284e-20
119.1 1 -9.33626e-21 -1.90005e-20 0 243.061 -9.33626e-21 -1.90005e-20
119.7 1 -9.06344e-21 -1.72552e-21 0 244.286 -9.06344e-21 -1.72552e-21
120.3 1 -2.59383e-21 3.648e-21 0 245.51 -2.59383e-21 3.648e-21
120.9 1 7.87928e-22 2.3442e-21 0 246.735 7.87928e-22 2.3442e-21
121.5 1 1.03049e-21 3.67136e-22 0 247.959 1.03049e-21 3.67136e-22
122.1 1 3.52981e-22 -3.61679e-22 0 249.184 3.52981e-22 -3.61679e-22
122.7 1 -5.87049e-23 -2.73503e-22 0 250.408 -5.87049e-23 -2.73503e-22
123.3 1 -1.12596e-22 -5.57154e-23 0 251.633 -1.12596e-22 -5.57154e-23
123.9 1 -4.36189e-23 3.5553e-23 0 252.857 -4.36189e-23 3.5553e-23
124.5 1 4.22546e-24 3.09486e-23 0 254.082 4.22546e-24 3.09486e-23
125.1 1 1.22852e-23 7.16077e-24 0 255.306 1.22852e-23 7.16077e-24
125.7 1 5.10243e-24 -3.72298e-24 0 256.531 5.10243e-24 -3.72298e-24
126.3 1 -3.8389e-25 -3.53869e-24 0 257.755 -3.8389e-25 -3.53869e-24
126.9 1 -1.40522e-24 -8.54196e-25 0 258.98 -1.40522e-24 -8.54196e-25
127.5 1 -5.97602e-25 4.36211e-25 0 260.204 -5.97602e-25 4.36211e-25
128.1 1 4.97686e-26 4.25957e-25 0 261.429 4.97686e-26 4.25957e-25
128.7 1 1.73353e-25 1.03604e-25 0 262.653 1.73353e-25 1.03604e-25
129.3 1 7.42287e-26 -5.55773e-26 0 263.878 7.42287e-26 -5.55773e-26
129.9 1 -6.80332e-27 -5.48076e-26 0 265.102 -6.80332e-27 -5.48076e-26
130.5 1 -2.27344e-26 -1.38168e-26 0 266.327 -2.27344e-26 -1.38168e-26
131.1 1 -1.00327e-26 7.12807e-27 0 267.551 -1.00327e-26 7.12807e-27
131.7 1 7.18545e-28 7.39423e-27 0 268.776 7.18545e-28 7.39423e-27
132.3 1 3.04263e-27 2.05377e-27 0 270 3.04263e-27 2.05377e-27
132.9 1 1.44425e-27 -8.57511e-28 0 271.224 1.44425e-27 -8.57511e-28
133.5 1 -2.77932e-29 -1.01089e-27 0 272.449 -2.77932e-29 -1.01089e-27
134.1 1 -4.0025e-28 -3.23962e-28 0 273.673 -4.0025e-28 -3.23962e-28
134.7 1 -2.12545e-28 9.08369e-29 0 274.898 -2.12545e-28 9.08369e-29
135.3 1 -1.0821e-29 1.36234e-28 0 276.122 -1.0821e-29 1.36234e-28
135.9 1 5.05299e-29 5.14309e-29 0 277.347 5.05299e-29 5.14309e-29
136.5 1 3.10159e-29 -7.49214e-30 0 278.571 3.10159e-29 -7.49214e-30
137.1 1 3.92809e-30 -1.78025e-29 0 279.796 3.92809e-30 -1.78025e-29
137.7 1 -6.01463e-30 -7.99163e-30 0 281.02 -6.01463e-30 -7.99163e-30
138.3 1 -4.42054e-30 2.12377e-31 0 282.245 -4.42054e-30 2.12377e-31
138.9 1 -9.02777e-31 2.22814e-30 0 283.469 -9.02777e-31 2.22814e-30
139.5 1 6.56372e-31 1.20302e-30 0 284.694 6.56372e-31 1.20302e-30
140.1 1 6.10137e-31 9.52307e-32 0 285.918 6.10137e-31 9.52307e-32
140.7 1 1.74109e-31 -2.62086e-31 0 287.143 1.74109e-31 -2.62086e-31
141.3 1 -6.1116e-32 -1.74322e-31 0 288.367 -6.1116e-32 -1.74322e-31
141.9 1 -8.0634e-32 -3.09385e-32 0 289.592 -8.0634e-32 -3.09385e-32
142.5 1 -3.02226e-32 2.78463e-32 0 290.816 -3.02226e-32 2.78463e-32
143.1 1 3.69505e-33 2.4056e-32 0 292.041 3.69505e-33 2.4056e-32
143.7 1 1.00022e-32 6.60272e-33 0 293.265 1.00022e-32 6.60272e-33
144.3 1 4.8146e-33 -2.42733e-33 0 294.49 4.8146e-33 -2.42733e-33
144.9 1 1.96544e-34 -3.10671e-33 0 295.714 1.96544e-34 -3.10671e-33
145.5 1 -1.12672e-33 -1.17251e-33 0 296.939 -1.12672e-33 -1.17251e-33
146.1 1 -7.03678e-34 1.16474e-34 0 298.163 -7.03678e-34 1.16474e-34
146.7 1 -1.20714e-34 3.66113e-34 0 299.388 -1.20714e-34 3.66113e-34
147.3 1 1.08574e-34 1.82616e-34 0 300.612 1.08574e-34 1.82616e-34
147.9 1 9.34823e-35 1.35665e-35 0 301.837 9.34823e-35 1.35665e-35
148.5 1 2.69919e-35 -3.78668e-35 0 303.061 2.69919e-35 -3.78668e-35
149.1 1 -7.65567e-36 -2.52786e-35 0 304.286 -7.65567e-36 -2.52786e-35
149.7 1 -1.11135e-35 -5.24603e-36 0 305.51 -1.11135e-35 -5.24603e-36
150.3 1 -4.54064e-36 3.17667e-36 0 306.735 -4.54064e-36 3.17667e-36
150.9 1 9.2786e-38 3.10533e-36 0 307.959 9.2786e-38 3.10533e-36
151.5 1 1.15248e-36 1.01451e-36 0 309.184 1.15248e-36 1.01451e-36
152.1 1 6.38684e-37 -1.63858e-37 0 310.408 6.38684e-37 -1.63858e-37
152.7 1 9.06887e-38 -3.34539e-37 0 311.633 9.06887e-38 -3.34539e-37
153.3 1 -9.90635e-38 -1.51372e-37 0 312.857 -9.90635e-38 -1.51372e-37
153.9 1 -7.73489e-38 -7.48601e-39 0 314.082 -7.73489e-38 -7.48601e-39
154.5 1 -2.06918e-38 3.0779e-38 0 315.306 -2.06918e-38 3.0779e-38
155.1 1 6.11701e-39 1.89227e-38 0 316.531 6.11701e-39 1.89227e-38
155.7 1 8.09754e-39 3.54503e-39 0 317.755 8.09754e-39 3.54503e-39
156.3 1 3.10916e-39 -2.27939e-39 0 318.98 3.10916e-39 -2.27939e-39
156.9 1 -8.582e-41 -2.02973e-39 0 320.204 -8.582e-41 -2.02973e-39
157.5 1 -7.25435e-40 -6.01602e-40 0 321.429 -7.25435e-40 -6.01602e-40
158.1 1 -3.71416e-40 1.14588e-40 0 322.653 -3.71416e-40 1.14588e-40
158.7 1 -4.33454e-41 1.87997e-40 0 323.878 -4.33454e-41 1.87997e-40
159.3 1 5.47271e-41 7.38806e-41 0 325.102 5.47271e-41 7.38806e-41
159.9 1 3.69349e-41 -7.97187e-43 0 326.327 3.69349e-41 -7.97187e-43
160.5 1 7.55245e-42 -1.52471e-41 0 327.551 7.55245e-42 -1.52471e-41
161.1 1 -3.56392e-42 -7.23648e-42 0 328.776 -3.56392e-42 -7.23648e-42
161.7 1 -3.12725e-42 -4.38397e-43 0 330 -3.12725e-42 -4.38397e-43
162.3 1 -7.36585e-43 1.18218e-42 0 331.224 -7.36585e-43 1.18218e-42
162.9 1 2.67779e-43 5.85238e-43 0 332.449 2.67779e-43 5.85238e-43
163.5 1 2.43583e-43 7.11272e-45 0 333.673 2.43583e-43 7.11272e-45
164.1 1 3.77738e-44 -1.14917e-43 0 334.898 3.77738e-44 -1.14917e-43
164.7 1 -3.84092e-44 -4.39271e-44 0 336.122 -3.84092e-44 -4.39271e-44
165.3 1 -2.30466e-44 1.13742e-44 0 337.347 -2.30466e-44 1.13742e-44
165.9 1 1.16625e-45 1.68039e-44 0 338.571 1.16625e-45 1.68039e-44
166.5 1 7.37499e-45 4.65916e-45 0 339.796 7.37499e-45 4.65916e-45
167.1 1 3.44913e-45 -2.61842e-45 0 341.02 3.44913e-45 -2.61842e-45
167.7 1 -3.52431e-46 -2.84206e-45 0 342.245 -3.52431e-46 -2.84206e-45
168.3 1 -1.24347e-45 -8.48261e-46 0 343.469 -1.24347e-45 -8.48261e-46
168.9 1 -6.27744e-46 3.33119e-46 0 344.694 -6.27744e-46 3.33119e-46
169.5 1 -1.43943e-47 4.40002e-46 0 345.918 -1.43943e-47 4.40002e-46
170.1 1 1.69224e-46 1.68706e-46 0 347.143 1.69224e-46 1.68706e-46
170.7 1 1.05752e-46 -2.0518e-47 0 348.367 1.05752e-46 -2.0518e-47
171.3 1 1.74123e-47 -5.80531e-47 0 349.592 1.74123e-47 -5.80531e-47
171.9 1 -1.79385e-47 -2.92332e-47 0 350.816 -1.79385e-47 -2.92332e-47
172.5 1 -1.53617e-47 -2.16026e-48 0 352.041 -1.53617e-47 -2.16026e-48
173.1 1 -4.50484e-48 6.31341e-48 0 353.265 -4.50484e-48 6.31341e-48
173.7 1 1.27242e-48 4.30559e-48 0 354.49 1.27242e-48 4.30559e-48
174.3 1 1.90332e-48 9.47285e-49 0 355.714 1.90332e-48 9.47285e-49
174.9 1 8.06826e-49 -5.2225e-49 0 356.939 8.06826e-49 -5.2225e-49
175.5 1 1.79271e-51 -5.42898e-49 0 358.163 1.79271e-51 -5.42898e-49
176.1 1 -1.9807e-49 -1.89763e-49 0 359.388 -1.9807e-49 -1.89763e-49
176.7 1 -1.16487e-49 2.15916e-50 0 360.612 -1.16487e-49 2.15916e-50
177.3 1 -2e-50 5.84731e-50 0 361.837 -2e-50 5.84731e-50
177.9 1 1.63529e-50 2.87404e-50 0 363.061 1.63529e-50 2.87404e-50
178.5 1 1.42359e-50 2.69906e-51 0 364.286 1.42359e-50 2.69906e-51
179.1 1 4.3487e-51 -5.22822e-51 0 365.51 4.3487e-51 -5.22822e-51
179.7 1 -8.38557e-52 -3.62915e-51 0 366.735 -8.38557e-52 -3.62915e-51
180.3 1 -1.49124e-51 -8.57227e-52 0 367.959 -1.49124e-51 -8.57227e-52
180.9 1 -6.55949e-52 3.49506e-52 0 369.184 -6.55949e-52 3.49506e-52
181.5 1 -3.03965e-53 3.93984e-52 0 370.408 -3.03965e-53 3.93984e-52
182.1 1 1.31978e-52 1.42543e-52 0 371.633 1.31978e-52 1.42543e-52
182.7 1 8.09991e-53 -8.93563e-54 0 372.857 8.09991e-53 -8.93563e-54
183.3 1 1.5708e-53 -3.68943e-53 0 374.082 1.5708e-53 -3.68943e-53
183.9 1 -9.27725e-54 -1.84838e-53 0 375.306 -9.27725e-54 -1.84838e-53
184.5 1 -8.59541e-54 -2.05775e-54 0 376.531 -8.59541e-54 -2.05775e-54
185.1 1 -2.69092e-54 2.92e-54 0 377.755 -2.69092e-54 2.92e-54
185.7 1 3.99831e-55 2.03874e-54 0 378.98 3.99831e-55 2.03874e-54
186.3 1 7.97718e-55 4.731e-55 0 380.204 7.97718e-55 4.731e-55
186.9 1 3.43814e-55 -1.82828e-55 0 381.429 3.43814e-55 -1.82828e-55
187.5 1 1.39513e-56 -1.98206e-55 0 382.653 1.39513e-56 -1.98206e-55
188.1 1 -6.52446e-56 -6.61417e-56 0 383.878 -6.52446e-56 -6.61417e-56
188.7 1 -3.71759e-56 6.99103e-57 0 385.102 -3.71759e-56 6.99103e-57
189.3 1 -5.71759e-57 1.74489e-56 0 386.327 -5.71759e-57 1.74489e-56
189.9 1 4.76969e-57 7.51145e-57 0 387.551 4.76969e-57 7.51145e-57
190.5 1 3.6071e-57 2.03636e-58 0 388.776 3.6071e-57 2.03636e-58
191.1 1 8.31614e-58 -1.4503e-57 0 390 8.31614e-58 -1.4503e-57
191.7 1 -3.28953e-58 -7.63113e-58 0 391.224 -3.28953e-58 -7.63113e-58
192.3 1 -3.33029e-58 -7.47394e-59 0 392.449 -3.33029e-58 -7.47394e-59
192.9 1 -9.36591e-59 1.22734e-58 0 393.673 -9.36591e-59 1.22734e-58
193.5 1 2.45703e-59 7.51069e-59 0 394.898 2.45703e-59 7.51069e-59
194.1 1 3.16492e-59 9.96254e-60 0 396.122 3.16492e-59 9.96254e-60
194.7 1 9.84096e-60 -1.1528e-59 0 397.347 9.84096e-60 -1.1528e-59
195.3 1 -2.25543e-60 -7.79221e-60 0 398.571 -2.25543e-60 -7.79221e-60
195.9 1 -3.31805e-60 -1.19823e-60 0 399.796 -3.31805e-60 -1.19823e-60
196.5 1 -1.11364e-60 1.20903e-60 0 401.02 -1.11364e-60 1.20903e-60
197.1 1 2.23928e-61 8.92606e-61 0 402.245 2.23928e-61 8.92606e-61
197.7 1 3.81675e-61 1.6912e-61 0 403.469 3.81675e-61 1.6912e-61
198.3 1 1.44613e-61 -1.27744e-61 0 404.694 1.44613e-61 -1.27744e-61
198.9 1 -1.67522e-62 -1.09186e-61 0 405.918 -1.67522e-62 -1.09186e-61
199.5 1 -4.46151e-62 -2.75758e-62 0 407.143 -4.46151e-62 -2.75758e-62
200.1 1 -2.02282e-62 1.1741e-62 0 408.367 -2.02282e-62 1.1741e-62
200.7 1 -1.75763e-64 1.32324e-62 0 409.592 -1.75763e-64 1.32324e-62
201.3 1 4.86828e-63 4.48138e-63 0 410.816 4.86828e-63 4.48138e-63
201.9 1 2.7687e-63 -7.17678e-64 0 412.041 2.7687e-63 -7.17678e-64
202.5 1 3.73328e-64 -1.48953e-63 0 413.265 3.73328e-64 -1.48953e-63
203.1 1 -4.59125e-64 -6.66486e-64 0 414.49 -4.59125e-64 -6.66486e-64
203.7 1 -3.4972e-64 -1.93733e-65 0 415.714 -3.4972e-64 -1.93733e-65
204.3 1 -8.85289e-65 1.4796e-64 0 416.939 -8.85289e-65 1.4796e-64
204.9 1 3.28677e-65 8.84281e-65 0 418.163 3.28677e-65 8.84281e-65
205.5 1 3.95816e-65 1.52567e-65 0 419.388 3.95816e-65 1.52567e-65
206.1 1 1.47616e-65 -1.20722e-65 0 420.612 1.47616e-65 -1.20722e-65
206.7 1 -8.60179e-67 -1.03974e-65 0 421.837 -8.60179e-67 -1.03974e-65
207.3 1 -3.91494e-66 -3.09273e-66 0 423.061 -3.91494e-66 -3.09273e-66
207.9 1 -2.02108e-66 6.45489e-67 0 424.286 -2.02108e-66 6.45489e-67
208.5 1 -2.45867e-67 1.07397e-66 0 425.51 -2.45867e-67 1.07397e-66
209.1 1 3.22489e-67 4.59452e-67 0 426.735 3.22489e-67 4.59452e-67
209.7 1 2.3807e-67 1.55323e-68 0 427.959 2.3807e-67 1.55323e-68
210.3 1 6.14171e-68 -9.49803e-68 0 429.184 6.14171e-68 -9.49803e-68
210.9 1 -1.89563e-68 -5.69242e-68 0 430.408 -1.89563e-68 -5.69242e-68
211.5 1 -2.44136e-68 -1.07353e-68 0 431.633 -2.44136e-68 -1.07353e-68
212.1 1 -9.48595e-69 6.65096e-69 0 432.857 -9.48595e-69 6.65096e-69
212.7 1 9.76503e-71 6.1031e-69 0 434.082 9.76503e-71 6.1031e-69
213.3 1 2.1497e-69 1.94405e-69 0 435.306 2.1497e-69 1.94405e-69
213.9 1 1.17959e-69 -2.56001e-70 0 436.531 1.17959e-69 -2.56001e-70
214.5 1 1.87161e-70 -5.67912e-70 0 437.755 1.87161e-70 -5.67912e-70
215.1 1 -1.53024e-70 -2.6001e-70 0 438.98 -1.53024e-70 -2.6001e-70
215.7 1 -1.25678e-70 -2.10819e-71 0 440.204 -1.25678e-70 -2.10819e-71
216.3 1 -3.66082e-71 4.45173e-71 0 441.429 -3.66082e-71 4.45173e-71
216.9 1 6.81094e-72 2.91561e-71 0 442.653 6.81094e-72 2.91561e-71
217.5 1 1.16201e-71 6.54495e-72 0 443.878 1.16201e-71 6.54495e-72
218.1 1 4.95206e-72 -2.62388e-72 0 445.102 4.95206e-72 -2.62388e-72
218.7 1 2.50598e-73 -2.83584e-72 0 446.327 2.50598e-73 -2.83584e-72
219.3 1 -9.13223e-73 -9.99679e-73 0 447.551 -9.13223e-73 -9.99679e-73
219.9 1 -5.53641e-73 5.17684e-74 0 448.776 -5.53641e-73 5.17684e-74
220.5 1 -1.10516e-73 2.38787e-73 0 450 -1.10516e-73 2.38787e-73
221.1 1 5.58814e-74 1.19387e-73 0 451.224 5.58814e-74 1.19387e-73
221.7 1 5.3568e-74 1.50613e-74 0 452.449 5.3568e-74 1.50613e-74
222.3 1 1.74786e-74 -1.66943e-74 0 453.673 1.74786e-74 -1.66943e-74
222.9 1 -1.64453e-75 -1.21771e-74 0 454.898 -1.64453e-75 -1.21771e-74
223.5 1 -4.50915e-75 -3.13204e-75 0 456.122 -4.50915e-75 -3.13204e-75
224.1 1 -2.09685e-75 8.21052e-76 0 457.347 -2.09685e-75 8.21052e-76
224.7 1 -2.03084e-76 1.08606e-75 0 458.571 -2.03084e-76 1.08606e-75
225.3 1 3.20552e-76 4.15398e-76 0 459.796 3.20552e-76 4.15398e-76
225.9 1 2.13519e-76 9.21788e-79 0 461.02 2.13519e-76 9.21788e-79
226.5 1 4.90517e-77 -8.40683e-77 0 462.245 4.90517e-77 -8.40683e-77
227.1 1 -1.71359e-77 -4.50536e-77 0 463.469 -1.71359e-77 -4.50536e-77
227.7 1 -1.90561e-77 -6.98305e-78 0 464.694 -1.90561e-77 -6.98305e-78
228.3 1 -6.6745e-78 5.37542e-78 0 465.918 -6.6745e-78 5.37542e-78
228.9 1 2.91655e-79 4.25168e-78 0 467.143 2.91655e-79 4.25168e-78
229.5 1 1.49197e-78 1.16981e-78 0 468.367 1.49197e-78 1.16981e-78
230.1 1 7.28883e-79 -2.32739e-79 0 469.592 7.28883e-79 -2.32739e-79
230.7 1 8.63518e-80 -3.55365e-79 0 470.816 8.63518e-80 -3.55365e-79
231.3 1 -9.94366e-80 -1.40115e-79 0 472.041 -9.94366e-80 -1.40115e-79
231.9 1 -6.91384e-80 -2.90266e-81 0 473.265 -6.91384e-80 -2.90266e-81
232.5 1 -1.64496e-80 2.61513e-80 0 474.49 -1.64496e-80 2.61513e-80
233.1 1 5.05146e-81 1.41692e-80 0 475.714 5.05146e-81 1.41692e-80
233.7 1 5.85042e-81 2.21099e-81 0 476.939 5.85042e-81 2.21099e-81
234.3 1 2.0373e-81 -1.63201e-81 0 478.163 2.0373e-81 -1.63201e-81
234.9 1 -9.18736e-83 -1.27293e-81 0 479.388 -9.18736e-83 -1.27293e-81
235.5 1 -4.44099e-82 -3.35923e-82 0 480.612 -4.44099e-82 -3.35923e-82
236.1 1 -2.09725e-82 7.54494e-83 0 481.837 -2.09725e-82 7.54494e-83
236.7 1 -2.10123e-83 1.03686e-82 0 483.061 -2.10123e-83 1.03686e-82
237.3 1 2.9886e-83 3.81512e-83 0 484.286 2.9886e-83 3.81512e-83
237.9 1 1.92237e-83 -6.90535e-85 0 485.51 1.92237e-83 -6.90535e-85
238.5 1 3.95926e-84 -7.7115e-84 0 486.735 3.95926e-84 -7.7115e-84
239.1 1 -1.70614e-84 -3.7527e-84 0 487.959 -1.70614e-84 -3.7527e-84
239.7 1 -1.61876e-84 -4.00122e-85 0 489.184 -1.61876e-84 -4.00122e-85
240.3 1 -4.82697e-85 5.21721e-85 0 490.408 -4.82697e-85 5.21721e-85
240.9 1 7.0055e-86 3.374e-85 0 491.633 7.0055e-86 3.374e-85
241.5 1 1.27608e-85 6.75746e-86 0 492.857 1.27608e-85 6.75746e-86
242.1 1 4.98651e-86 -3.13947e-86 0 494.082 4.98651e-86 -3.13947e-86
242.7 1 1.33345e-88 -2.85648e-86 0 495.306 1.33345e-88 -2.85648e-86
243.3 1 -9.54077e-87 -8.05752e-87 0 496.531 -9.54077e-87 -8.05752e-87
243.9 1 -4.7285e-87 1.54726e-87 0 497.755 -4.7285e-87 1.54726e-87
244.5 1 -4.81316e-88 2.32332e-87 0 498.98 -4.81316e-88 2.32332e-87
245.1 1 6.80798e-88 8.42673e-88 0 500.204 6.80798e-88 8.42673e-88
245.7 1 4.28218e-88 -3.83862e-89 0 501.429 4.28218e-88 -3.83862e-89
246.3 1 7.7406e-89 -1.83738e-88 0 502.653 7.7406e-89 -1.83738e-88
246.9 1 -4.59385e-89 -8.29105e-89 0 503.878 -4.59385e-89 -8.29105e-89
247.5 1 -3.78587e-89 -4.63256e-90 0 505.102 -3.78587e-89 -4.63256e-90
248.1 1 -9.57799e-90 1.41294e-89 0 506.327 -9.57799e-90 1.41294e-89
248.7 1 2.7893e-90 7.91162e-90 0 507.551 2.7893e-90 7.91162e-90
249.3 1 3.29286e-90 1.10377e-90 0 508.776 3.29286e-90 1.10377e-90
249.9 1 1.07732e-90 -1.03633e-90 0 510 1.07732e-90 -1.03633e-90
250.5 1 -1.25129e-91 -7.39103e-91 0 511.224 -1.25129e-91 -7.39103e-91
251.1 1 -2.79956e-91 -1.60959e-91 0 512.449 -2.79956e-91 -1.60959e-91
251.7 1 -1.15194e-91 6.86739e-92 0 513.673 -1.15194e-91 6.86739e-92
252.3 1 -1.22177e-93 6.72553e-92 0 514.898 -1.22177e-93 6.72553e-92
252.9 1 2.28028e-92 2.00571e-92 0 516.122 2.28028e-92 2.00571e-92
253.5 1 1.18122e-92 -3.51098e-93 0 517.347 1.18122e-92 -3.51098e-93
254.1 1 1.35991e-93 -5.87246e-93 0 518.571 1.35991e-93 -5.87246e-93
254.7 1 -1.71627e-93 -2.2809e-93 0 519.796 -1.71627e-93 -2.2809e-93
255.3 1 -1.15562e-93 3.05299e-95 0 521.02 -1.15562e-93 3.05299e-95
255.9 1 -2.42383e-94 4.80741e-94 0 522.245 -2.42383e-94 4.80741e-94
256.5 1 1.11202e-94 2.40847e-94 0 523.469 1.11202e-94 2.40847e-94
257.1 1 1.067e-94 2.60876e-95 0 524.694 1.067e-94 2.60876e-95
257.7 1 3.23959e-95 -3.55635e-95 0 525.918 3.23959e-95 -3.55635e-95
258.3 1 -4.97509e-96 -2.36741e-95 0 527.143 -4.97509e-96 -2.36741e-95
258.9 1 -9.15908e-96 -5.02285e-96 0 528.367 -9.15908e-96 -5.02285e-96
259.5 1 -3.73456e-96 2.19985e-96 0 529.592 -3.73456e-96 2.19985e-96
260.1 1 -8.01021e-98 2.15695e-96 0 530.816 -8.01021e-98 2.15695e-96
260.7 1 7.14034e-97 6.73913e-97 0 532.041 7.14034e-97 6.73913e-97
261.3 1 3.8689e-97 -8.55612e-98 0 533.265 3.8689e-97 -8.55612e-98
261.9 1 5.7e-98 -1.80165e-97 0 534.49 5.7e-98 -1.80165e-97
262.5 1 -4.824e-98 -7.63535e-98 0 535.714 -4.824e-98 -7.63535e-98
263.1 1 -3.65189e-98 -3.49989e-99 0 536.939 -3.65189e-98 -3.49989e-99
263.7 1 -9.31e-99 1.34765e-98 0 538.163 -9.31e-99 1.34765e-98
264.3 1 2.46789e-99 7.7001e-99 0 539.388 2.46789e-99 7.7001e-99
264.9 1 3.14176e-99 1.3103e-99 0 540.612 3.14176e-99 1.3103e-99
265.5 1 1.14073e-99 -8.53114e-100 0 541.837 1.14073e-99 -8.53114e-100
266.1 1 -3.23098e-101 -7.03426e-100 0 543.061 -3.23098e-101 -7.03426e-100
266.7 1 -2.43257e-100 -1.95876e-100 0 544.286 -2.43257e-100 -1.95876e-100
267.3 1 -1.19902e-100 3.76558e-101 0 545.51 -1.19902e-100 3.76558e-101
267.9 1 -1.4122e-101 5.82499e-101 0 546.735 -1.4122e-101 5.82499e-101
268.5 1 1.63426e-101 2.27747e-101 0 547.959 1.63426e-101 2.27747e-101
269.1 1 1.12576e-101 3.32868e-103 0 549.184 1.12576e-101 3.32868e-103
269.7 1 2.62102e-102 -4.3044e-102 0 550.408 2.62102e-102 -4.3044e-102
270.3 1 -8.52203e-103 -2.2941e-102 0 551.633 -8.52203e-103 -2.2941e-102
270.9 1 -9.5491e-103 -3.44136e-103 0 552.857 -9.5491e-103 -3.44136e-103
271.5 1 -3.27471e-103 2.70564e-103 0 554.082 -3.27471e-103 2.70564e-103
272.1 1 1.71036e-104 2.07043e-103 0 555.306 1.71036e-104 2.07043e-103
272.7 1 7.26822e-104 5.42473e-104 0 556.531 7.26822e-104 5.42473e-104
273.3 1 3.42202e-104 -1.22673e-104 0 557.755 3.42202e-104 -1.22673e-104
273.9 1 3.54581e-105 -1.68667e-104 0 558.98 3.54581e-105 -1.68667e-104
274.5 1 -4.80869e-105 -6.32011e-105 0 560.204 -4.80869e-105 -6.32011e-105
275.1 1 -3.16648e-105 7.86168e-108 0 561.429 -3.16648e-105 7.86168e-108
275.7 1 -7.01998e-106 1.22574e-105 0 562.653 -7.01998e-106 1.22574e-105
276.3 1 2.49816e-106 6.29493e-106 0 563.878 2.49816e-106 6.29493e-106
276.9 1 2.63918e-106 8.76465e-107 0 565.102 2.63918e-106 8.76465e-107
277.5 1 8.76708e-107 -7.60682e-107 0 566.327 8.76708e-107 -7.60682e-107
278.1 1 -5.65912e-108 -5.59291e-107 0 567.551 -5.65912e-108 -5.59291e-107
278.7 1 -1.97347e-107 -1.41262e-107 0 568.776 -1.97347e-107 -1.41262e-107
279.3 1 -9.04803e-108 3.46632e-108 0 570 -9.04803e-108 3.46632e-108
279.9 1 -8.6562e-109 4.48082e-108 0 571.224 -8.6562e-109 4.48082e-108
280.5 1 1.2855e-108 1.63456e-108 0 572.449 1.2855e-108 1.63456e-108
281.1 1 8.24056e-109 -1.76528e-110 0 573.673 8.24056e-109 -1.76528e-110
281.7 1 1.77034e-109 -3.20535e-109 0 574.898 1.77034e-109 -3.20535e-109
282.3 1 -6.62569e-110 -1.60657e-109 0 576.122 -6.62569e-110 -1.60657e-109
282.9 1 -6.75565e-110 -2.12331e-110 0 577.347 -6.75565e-110 -2.12331e-110
283.5 1 -2.19601e-110 1.96463e-110 0 578.571 -2.19601e-110 1.96463e-110
284.1 1 1.59049e-111 1.40614e-110 0 579.796 1.59049e-111 1.40614e-110
284.7 1 4.97195e-111 3.45835e-111 0 581.02 4.97195e-111 3.45835e-111
285.3 1 2.23693e-111 -8.94961e-112 0 582.245 2.23693e-111 -8.94961e-112
285.9 1 2.01659e-112 -1.10972e-111 0 583.469 2.01659e-112 -1.10972e-111
286.5 1 -3.19375e-112 -3.96743e-112 0 584.694 -3.19375e-112 -3.96743e-112
287.1 1 -2.00769e-112 7.04241e-114 0 585.918 -2.00769e-112 7.04241e-114
287.7 1 -4.21182e-113 7.82736e-113 0 587.143 -4.21182e-113 7.82736e-113
288.3 1 1.6321e-113 3.85078e-113 0 588.367 1.6321e-113 3.85078e-113
288.9 1 1.62169e-113 4.88406e-114 0 589.592 1.62169e-113 4.88406e-114
289.5 1 5.18405e-114 -4.74185e-114 0 590.816 5.18405e-114 -4.74185e-114
290.1 1 -4.05012e-115 -3.32471e-114 0 592.041 -4.05012e-115 -3.32471e-114
290.7 1 -1.17648e-114 -8.00787e-115 0 593.265 -1.17648e-114 -8.00787e-115
291.3 1 -5.21635e-115 2.15238e-115 0 594.49 -5.21635e-115 2.15238e-115
291.9 1 -4.49274e-116 2.58794e-115 0 595.714 -4.49274e-116 2.58794e-115
292.5 1 7.45701e-116 9.10784e-116 0 596.939 7.45701e-116 9.10784e-116
293.1 1 4.6186e-116 -2.07403e-117 0 598.163 4.6186e-116 -2.07403e-117
293.7 1 9.51719e-117 -1.80171e-116 0 599.388 9.51719e-117 -1.80171e-116
294.3 1 -3.7539e-117 -8.7571e-117 0 600.612 -3.7539e-117 -8.7571e-117
294.9 1 -3.58337e-117 -1.06471e-117 0 601.837 -3.58337e-117 -1.06471e-117
295.5 1 -1.04564e-117 1.39201e-117 0 603.061 -1.04564e-117 1.39201e-117
296.1 1 -7.02252e-118 1.70722e-117 0 604.286 -7.02252e-118 1.70722e-117
296.7 1 -3.94755e-117 -4.18816e-118 0 605.51 -3.94755e-117 -4.18816e-118
297.3 1 -4.54523e-117 -1.40629e-116 0 606.735 -4.54523e-117 -1.40629e-116
297.9 1 3.58821e-116 -4.09127e-116 0 607.959 3.58821e-116 -4.09127e-116
298.5 1 1.80146e-115 3.21318e-116 0 609.184 1.80146e-115 3.21318e-116
299.1 1 1.77327e-115 6.09789e-115 0 610.408 1.77327e-115 6.09789e-115
299.7 1 -1.5889e-114 1.68532e-114 0 611.633 -1.5889e-114 1.68532e-114
