-299.7 2 1.89851e-101 1.68195e-101 0 -475.714 3.79702e-101 3.36389e-101
-299.1 2 2.94521e-101 7.14579e-101 0 -474.762 5.89042e-101 1.42916e-100
-298.5 2 -6.31274e-101 1.37089e-100 0 -473.81 -1.26255e-100 2.74178e-100
-297.9 2 -3.32565e-100 2.08934e-101 0 -472.857 -6.65131e-100 4.17869e-101
-297.3 2 -5.77162e-100 -6.70039e-100 0 -471.905 -1.15432e-99 -1.34008e-99
-296.7 2 1.78e-100 -1.96954e-99 0 -470.952 3.56e-100 -3.93909e-99
-296.1 2 3.56458e-99 -1.88762e-99 0 -470 7.12916e-99 -3.77524e-99
-295.5 2 8.92413e-99 5.23163e-99 0 -469.048 1.78483e-98 1.04633e-98
-294.9 2 5.83413e-99 2.44512e-98 0 -468.095 1.16683e-98 4.89023e-98
-294.3 2 -3.09313e-98 3.99332e-98 0 -467.143 -6.18626e-98 7.98664e-98
-293.7 2 -1.16102e-97 -1.84074e-98 0 -466.19 -2.32203e-97 -3.68148e-98
-293.1 2 -1.58293e-97 -2.60176e-97 0 -465.238 -3.16587e-97 -5.20352e-97
-292.5 2 1.70156e-97 -6.2064e-97 0 -464.286 3.40312e-97 -1.24128e-96
-291.9 2 1.2934e-96 -3.52628e-97 0 -463.333 2.5868e-96 -7.05256e-97
-291.3 2 2.67715e-96 2.25482e-96 0 -462.381 5.3543e-96 4.50964e-96
-290.7 2 6.68489e-97 8.0242e-96 0 -461.429 1.33698e-96 1.60484e-95
-290.1 2 -1.19788e-95 1.03943e-95 0 -460.476 -2.39577e-95 2.07886e-95
-289.5 2 -3.6338e-95 -1.27805e-95 0 -459.524 -7.26761e-95 -2.55609e-95
-288.9 2 -3.82895e-95 -8.83778e-95 0 -458.571 -7.6579e-95 -1.76756e-94
-288.3 2 8.07651e-95 -1.76765e-94 0 -457.619 1.6153e-94 -3.53529e-94
-287.7 2 4.16401e-94 -3.33366e-95 0 -456.667 8.32802e-94 -6.66731e-95
-287.1 2 7.29859e-94 8.07068e-94 0 -455.714 1.45972e-93 1.61414e-93
-286.5 2 -1.11192e-94 2.37485e-93 0 -454.762 -2.22384e-94 4.7497e-93
-285.9 2 -3.98665e-93 2.4122e-93 0 -453.81 -7.9733e-93 4.82441e-93
-285.3 2 -1.03323e-92 -5.36494e-93 0 -452.857 -2.06646e-92 -1.07299e-92
-284.7 2 -8.22758e-93 -2.67278e-92 0 -451.905 -1.64552e-92 -5.34556e-92
-284.1 2 2.91618e-92 -4.60385e-92 0 -450.952 5.83235e-92 -9.2077e-92
-283.5 2 1.20473e-91 7.70169e-93 0 -450 2.40947e-91 1.54034e-92
-282.9 2 1.83658e-91 2.49432e-91 0 -449.048 3.67316e-91 4.98864e-91
-282.3 2 -9.52828e-92 6.40537e-91 0 -448.095 -1.90566e-91 1.28107e-90
-281.7 2 -1.16412e-90 5.12771e-91 0 -447.143 -2.32825e-90 1.02554e-90
-281.1 2 -2.70067e-90 -1.75105e-90 0 -446.19 -5.40133e-90 -3.5021e-90
-280.5 2 -1.65444e-90 -7.26636e-90 0 -445.238 -3.30888e-90 -1.45327e-89
-279.9 2 8.66107e-90 -1.12042e-89 0 -444.286 1.73221e-89 -2.24084e-89
-279.3 2 3.15935e-89 4.85536e-90 0 -443.333 6.3187e-89 9.71073e-90
-278.7 2 4.4036e-89 6.73961e-89 0 -442.381 8.80721e-89 1.34792e-88
-278.1 2 -3.25087e-89 1.59658e-88 0 -441.429 -6.50174e-89 3.19317e-88
-277.5 2 -3.00048e-88 1.10094e-88 0 -440.476 -6.00096e-88 2.20188e-88
-276.9 2 -6.61517e-88 -4.64782e-88 0 -439.524 -1.32303e-87 -9.29565e-88
-276.3 2 -3.71371e-88 -1.78923e-87 0 -438.571 -7.42743e-88 -3.57847e-87
-275.7 2 2.13282e-87 -2.6628e-87 0 -437.619 4.26565e-87 -5.3256e-87
-275.1 2 7.58816e-87 1.21554e-87 0 -436.667 1.51763e-86 2.43108e-87
-274.5 2 1.06848e-86 1.58915e-86 0 -435.714 2.13695e-86 3.1783e-86
-273.9 2 -6.47829e-87 3.77506e-86 0 -434.762 -1.29566e-86 7.55012e-86
-273.3 2 -6.8088e-86 2.88862e-86 0 -433.81 -1.36176e-85 5.77724e-86
-272.7 2 -1.57342e-85 -9.74902e-86 0 -432.857 -3.14684e-85 -1.9498e-85
-272.1 2 -1.15961e-85 -4.04204e-85 0 -431.905 -2.31922e-85 -8.08408e-85
-271.5 2 4.15763e-85 -6.63966e-85 0 -430.952 8.31526e-85 -1.32793e-84
-270.9 2 1.70476e-84 4.22084e-86 0 -430 3.40953e-84 8.44169e-86
-270.3 2 2.82984e-84 3.2262e-84 0 -429.048 5.65967e-84 6.4524e-84
-269.7 2 -4.55291e-86 8.88076e-84 0 -428.095 -9.10582e-86 1.77615e-83
-269.1 2 -1.35109e-83 9.96327e-84 0 -427.143 -2.70218e-83 1.99265e-83
-268.5 2 -3.83952e-83 -1.3598e-83 0 -426.19 -7.67904e-83 -2.7196e-83
-267.9 2 -4.58467e-83 -8.64647e-83 0 -425.238 -9.16935e-83 -1.72929e-82
-267.3 2 5.21913e-83 -1.84858e-82 0 -424.286 1.04383e-82 -3.69715e-82
-266.7 2 3.74751e-82 -1.2016e-82 0 -423.333 7.49503e-82 -2.40321e-82
-266.1 2 8.4247e-82 5.50277e-82 0 -422.381 1.68494e-81 1.10055e-81
-265.5 2 6.27722e-82 2.21413e-81 0 -421.429 1.25544e-81 4.42825e-81
-264.9 2 -2.34831e-81 3.81504e-81 0 -420.476 -4.69661e-81 7.63008e-81
-264.3 2 -1.01198e-80 2.026e-82 0 -419.524 -2.02397e-80 4.05199e-82
-263.7 2 -1.81286e-80 -1.87396e-80 0 -418.571 -3.62572e-80 -3.74791e-80
-263.1 2 -2.15034e-81 -5.68374e-80 0 -417.619 -4.30068e-81 -1.13675e-79
-262.5 2 8.67033e-80 -7.28026e-80 0 -416.667 1.73407e-79 -1.45605e-79
-261.9 2 2.67801e-79 7.73572e-80 0 -415.714 5.35601e-79 1.54714e-79
-261.3 2 3.42319e-79 6.06576e-79 0 -414.762 6.84637e-79 1.21315e-78
-260.7 2 -3.80261e-79 1.38873e-78 0 -413.81 -7.60522e-79 2.77746e-78
-260.1 2 -2.88978e-78 9.28246e-79 0 -412.857 -5.77957e-78 1.85649e-78
-259.5 2 -6.46334e-78 -4.50582e-78 0 -411.905 -1.29267e-77 -9.01164e-78
-258.9 2 -3.81269e-78 -1.79508e-77 0 -410.952 -7.62538e-78 -3.59016e-77
-258.3 2 2.2397e-77 -2.8668e-77 0 -410 4.47939e-77 -5.7336e-77
-257.7 2 8.41584e-77 1.02144e-77 0 -409.048 1.68317e-76 2.04289e-77
-257.1 2 1.25915e-76 1.77342e-76 0 -408.095 2.5183e-76 3.54684e-76
-256.5 2 -7.26408e-77 4.54212e-76 0 -407.143 -1.45282e-76 9.08425e-76
-255.9 2 -8.50349e-76 3.82215e-76 0 -406.19 -1.7007e-75 7.6443e-76
-255.3 2 -2.03451e-75 -1.23948e-75 0 -405.238 -4.06902e-75 -2.47895e-75
-254.7 2 -1.41101e-75 -5.44095e-75 0 -404.286 -2.82201e-75 -1.08819e-74
-254.1 2 6.33578e-75 -8.98812e-75 0 -403.333 1.26716e-74 -1.79762e-74
-253.5 2 2.48127e-74 2.3582e-75 0 -402.381 4.96255e-74 4.7164e-75
-252.9 2 3.72587e-74 5.17987e-74 0 -401.429 7.45175e-74 1.03597e-73
-252.3 2 -2.07318e-74 1.31925e-73 0 -400.476 -4.14636e-74 2.63849e-73
-251.7 2 -2.42847e-73 1.06256e-73 0 -399.524 -4.85695e-73 2.12511e-73
-251.1 2 -5.66115e-73 -3.62932e-73 0 -398.571 -1.13223e-72 -7.25865e-73
-250.5 2 -3.54782e-73 -1.52278e-72 0 -397.619 -7.09565e-73 -3.04555e-72
-249.9 2 1.81407e-72 -2.38006e-72 0 -396.667 3.62813e-72 -4.76013e-72
-249.3 2 6.68928e-72 9.79135e-73 0 -395.714 1.33786e-71 1.95827e-72
-248.7 2 9.35116e-72 1.43007e-71 0 -394.762 1.87023e-71 2.86013e-71
-248.1 2 -7.13433e-72 3.40425e-71 0 -393.81 -1.42687e-71 6.80849e-71
-247.5 2 -6.45764e-71 2.27938e-71 0 -392.857 -1.29153e-70 4.55877e-71
-246.9 2 -1.39944e-70 -1.02858e-70 0 -391.905 -2.79889e-70 -2.05717e-70
-246.3 2 -6.68073e-71 -3.86572e-70 0 -390.952 -1.33615e-70 -7.73144e-70
-245.7 2 4.89777e-70 -5.45705e-70 0 -390 9.79553e-70 -1.09141e-69
-245.1 2 1.6311e-69 3.81571e-70 0 -389.048 3.26221e-69 7.63142e-70
-244.5 2 2.0392e-69 3.61257e-69 0 -388.095 4.07841e-69 7.22514e-69
-243.9 2 -2.26418e-69 7.83279e-69 0 -387.143 -4.52835e-69 1.56656e-68
-243.3 2 -1.56276e-68 3.83179e-69 0 -386.19 -3.12552e-68 7.66358e-69
-242.7 2 -3.09335e-68 -2.65758e-68 0 -385.238 -6.18671e-68 -5.31517e-68
-242.1 2 -9.12885e-69 -8.83883e-68 0 -384.286 -1.82577e-68 -1.76777e-67
-241.5 2 1.19654e-67 -1.10279e-67 0 -383.333 2.39307e-67 -2.20559e-67
-240.9 2 3.5871e-67 1.18327e-67 0 -382.381 7.1742e-67 2.36654e-67
-240.3 2 3.95194e-67 8.21375e-67 0 -381.429 7.90389e-67 1.64275e-66
-239.7 2 -6.06222e-67 1.61968e-66 0 -380.476 -1.21244e-66 3.23936e-66
-239.1 2 -3.40493e-66 4.98736e-67 0 -379.524 -6.80986e-66 9.97473e-67
-238.5 2 -6.19056e-66 -6.07887e-66 0 -378.571 -1.23811e-65 -1.21577e-65
-237.9 2 -7.98284e-67 -1.82188e-65 0 -377.619 -1.59657e-66 -3.64375e-65
-237.3 2 2.59142e-65 -2.02437e-65 0 -376.667 5.18283e-65 -4.04874e-65
-236.7 2 7.15508e-65 2.91364e-65 0 -375.714 1.43102e-64 5.82728e-65
-236.1 2 7.10961e-65 1.67212e-64 0 -374.762 1.42192e-64 3.34425e-64
-235.5 2 -1.34067e-64 3.06959e-64 0 -373.81 -2.68134e-64 6.13917e-64
-234.9 2 -6.68207e-64 5.66148e-65 0 -372.857 -1.33641e-63 1.1323e-64
-234.3 2 -1.15296e-63 -1.21707e-63 0 -371.905 -2.30592e-63 -2.43413e-63
-233.7 2 -5.49761e-65 -3.43282e-63 0 -370.952 -1.09952e-64 -6.86564e-63
-233.1 2 4.95571e-63 -3.5952e-63 0 -370 9.91143e-63 -7.19039e-63
-232.5 2 1.32239e-62 5.73593e-63 0 -369.048 2.64478e-62 1.14719e-62
-231.9 2 1.28333e-62 3.0838e-62 0 -368.095 2.56666e-62 6.1676e-62
-231.3 2 -2.4489e-62 5.5582e-62 0 -367.143 -4.89779e-62 1.11164e-61
-230.7 2 -1.20653e-61 1.04134e-62 0 -366.19 -2.41306e-61 2.08268e-62
-230.1 2 -2.09533e-61 -2.16412e-61 0 -365.238 -4.19065e-61 -4.32823e-61
-229.5 2 -2.16083e-62 -6.1443e-61 0 -364.286 -4.32166e-62 -1.22886e-60
-228.9 2 8.62914e-61 -6.67552e-61 0 -363.333 1.72583e-60 -1.3351e-60
-228.3 2 2.36824e-60 9.38909e-61 0 -362.381 4.73649e-60 1.87782e-60
-227.7 2 2.44664e-60 5.41026e-60 0 -361.429 4.89327e-60 1.08205e-59
-227.1 2 -3.98403e-60 1.01372e-59 0 -360.476 -7.96806e-60 2.02745e-59
-226.5 2 -2.12985e-59 2.86075e-60 0 -359.524 -4.2597e-59 5.7215e-60
-225.9 2 -3.8444e-59 -3.73281e-59 0 -358.571 -7.68881e-59 -7.46562e-59
-225.3 2 -6.5901e-60 -1.11023e-58 0 -357.619 -1.31802e-59 -2.22047e-58
-224.7 2 1.53573e-58 -1.25652e-58 0 -356.667 3.07146e-58 -2.51304e-58
-224.1 2 4.30349e-58 1.66437e-58 0 -355.714 8.60697e-58 3.32874e-58
-223.5 2 4.32858e-58 9.97044e-58 0 -354.762 8.65715e-58 1.99409e-57
-222.9 2 -8.06698e-58 1.84139e-57 0 -353.81 -1.6134e-57 3.68277e-57
-222.3 2 -4.01005e-57 2.61552e-58 0 -352.857 -8.0201e-57 5.23103e-58
-221.7 2 -6.58158e-57 -7.64544e-57 0 -351.905 -1.31632e-56 -1.52909e-56
-221.1 2 1.4656e-57 -2.06068e-56 0 -350.952 2.9312e-57 -4.12136e-56
-220.5 2 3.34211e-56 -1.71122e-56 0 -350 6.68422e-56 -3.42244e-56
-219.9 2 7.59958e-56 5.14867e-56 0 -349.048 1.51992e-55 1.02973e-55
-219.3 2 3.32106e-56 2.05902e-55 0 -348.095 6.64212e-56 4.11805e-55
-218.7 2 -2.70172e-55 2.65514e-55 0 -347.143 -5.40343e-55 5.31027e-55
-218.1 2 -8.05392e-55 -3.19554e-55 0 -346.19 -1.61078e-54 -6.39107e-55
-217.5 2 -6.47827e-55 -2.03269e-54 0 -345.238 -1.29565e-54 -4.06539e-54
-216.9 2 2.33651e-54 -3.35648e-54 0 -344.286 4.67301e-54 -6.71296e-54
-216.3 2 8.77782e-54 1.88526e-54 0 -343.333 1.75556e-53 3.77051e-54
-215.7 2 9.3967e-54 2.13431e-53 0 -342.381 1.87934e-53 4.26863e-53
-215.1 2 -2.2147e-53 4.24144e-53 0 -341.429 -4.42939e-53 8.48288e-53
-214.5 2 -1.03526e-52 -6.24439e-54 0 -340.476 -2.07051e-52 -1.24888e-53
-213.9 2 -1.40647e-52 -2.38863e-52 0 -339.524 -2.81294e-52 -4.77726e-52
-213.3 2 2.00384e-52 -5.69018e-52 0 -338.571 4.00769e-52 -1.13804e-51
-212.7 2 1.2753e-51 -1.66706e-52 0 -337.619 2.5506e-51 -3.33413e-52
-212.1 2 2.21347e-51 2.65187e-51 0 -336.667 4.42693e-51 5.30373e-51
-211.5 2 -1.17228e-51 7.81805e-51 0 -335.714 -2.34457e-51 1.56361e-50
-210.9 2 -1.51908e-50 6.1127e-51 0 -334.762 -3.03816e-50 1.22254e-50
-210.3 2 -3.39694e-50 -2.63509e-50 0 -333.81 -6.79389e-50 -5.27017e-50
-209.7 2 -8.08145e-51 -1.03274e-49 0 -332.857 -1.61629e-50 -2.06549e-49
-209.1 2 1.62413e-49 -1.33302e-49 0 -331.905 3.24826e-49 -2.66604e-49
-208.5 2 4.80187e-49 1.99247e-49 0 -330.952 9.60374e-49 3.98494e-49
-207.9 2 4.21695e-49 1.24964e-48 0 -330 8.4339e-49 2.49928e-48
-207.3 2 -1.42542e-48 2.29629e-48 0 -329.048 -2.85083e-48 4.59259e-48
-206.7 2 -6.0811e-48 -4.53016e-49 0 -328.095 -1.21622e-47 -9.06032e-49
-206.1 2 -8.8797e-48 -1.33327e-47 0 -327.143 -1.77594e-47 -2.66654e-47
-205.5 2 7.95014e-48 -3.34793e-47 0 -326.19 1.59003e-47 -6.69585e-47
-204.9 2 6.76831e-47 -2.04433e-47 0 -325.238 1.35366e-46 -4.08867e-47
-204.3 2 1.40854e-46 1.18698e-46 0 -324.286 2.81708e-46 2.37396e-46
-203.7 2 2.97577e-47 4.23671e-46 0 -323.333 5.95154e-47 8.47342e-46
-203.1 2 -6.41322e-46 5.26086e-46 0 -322.381 -1.28264e-45 1.05217e-45
-202.5 2 -1.86825e-45 -7.52559e-46 0 -321.429 -3.7365e-45 -1.50512e-45
-201.9 2 -1.74641e-45 -4.6737e-45 0 -320.476 -3.49282e-45 -9.3474e-45
-201.3 2 4.74305e-45 -8.65613e-45 0 -319.524 9.48611e-45 -1.73123e-44
-200.7 2 2.13567e-44 4.07018e-46 0 -318.571 4.27135e-44 8.14037e-46
-200.1 2 3.31029e-44 4.42004e-44 0 -317.619 6.62057e-44 8.84008e-44
-199.5 2 -1.79649e-44 1.14936e-43 0 -316.667 -3.59298e-44 2.29871e-43
-198.9 2 -2.10277e-43 8.56417e-44 0 -315.714 -4.20553e-43 1.71283e-43
-198.3 2 -4.6623e-43 -3.37569e-43 0 -314.762 -9.3246e-43 -6.75139e-43
-197.7 2 -2.0257e-43 -1.30371e-42 0 -313.81 -4.0514e-43 -2.60741e-42
-197.1 2 1.72395e-42 -1.7788e-42 0 -312.857 3.4479e-42 -3.5576e-42
-196.5 2 5.4789e-42 1.63605e-42 0 -311.905 1.09578e-41 3.27211e-42
-195.9 2 6.0288e-42 1.27825e-41 0 -310.952 1.20576e-41 2.5565e-41
-195.3 2 -1.03975e-41 2.53835e-41 0 -310 -2.07949e-41 5.0767e-41
-194.7 2 -5.54176e-41 5.10879e-42 0 -309.048 -1.10835e-40 1.02176e-41
-194.1 2 -9.40593e-41 -1.06424e-40 0 -308.095 -1.88119e-40 -2.12848e-40
-193.5 2 1.7317e-41 -2.97388e-40 0 -307.143 3.46341e-41 -5.94777e-40
-192.9 2 4.8151e-40 -2.65517e-40 0 -306.19 9.6302e-40 -5.31034e-40
-192.3 2 1.14798e-39 7.00513e-40 0 -305.238 2.29595e-39 1.40103e-39
-191.7 2 7.03374e-40 3.00222e-39 0 -304.286 1.40675e-39 6.00443e-39
-191.1 2 -3.46488e-39 4.38469e-39 0 -303.333 -6.92975e-39 8.76938e-39
-190.5 2 -1.19159e-38 -2.63144e-39 0 -302.381 -2.38318e-38 -5.26287e-39
-189.9 2 -1.42085e-38 -2.64486e-38 0 -301.429 -2.8417e-38 -5.28973e-38
-189.3 2 1.80682e-38 -5.41136e-38 0 -300.476 3.61363e-38 -1.08227e-37
-188.7 2 1.08202e-37 -1.58517e-38 0 -299.524 2.16404e-37 -3.17035e-38
-188.1 2 1.86604e-37 2.01804e-37 0 -298.571 3.73208e-37 4.03609e-37
-187.5 2 -2.00222e-38 5.6538e-37 0 -297.619 -4.00443e-38 1.13076e-36
-186.9 2 -8.67589e-37 4.90292e-37 0 -296.667 -1.73518e-36 9.80585e-37
-186.3 2 -2.01241e-36 -1.28887e-36 0 -295.714 -4.02482e-36 -2.57775e-36
-185.7 2 -1.06979e-36 -5.24223e-36 0 -294.762 -2.13958e-36 -1.04845e-35
-185.1 2 6.14572e-36 -6.94622e-36 0 -293.81 1.22914e-35 -1.38924e-35
-184.5 2 1.91691e-35 6.16126e-36 0 -292.857 3.83383e-35 1.23225e-35
-183.9 2 1.8726e-35 4.44583e-35 0 -291.905 3.7452e-35 8.89167e-35
-183.3 2 -3.82779e-35 7.76466e-35 0 -290.952 -7.65558e-35 1.55293e-34
-182.7 2 -1.68608e-34 -1.00774e-35 0 -290 -3.37215e-34 -2.01548e-35
-182.1 2 -2.24408e-34 -3.55797e-34 0 -289.048 -4.48817e-34 -7.11593e-34
-181.5 2 2.07094e-34 -7.72555e-34 0 -288.095 4.14187e-34 -1.54511e-33
-180.9 2 1.42876e-33 -2.34041e-34 0 -287.143 2.85752e-33 -4.68082e-34
-180.3 2 2.33332e-33 2.79217e-33 0 -286.19 4.66663e-33 5.58434e-33
-179.7 2 -9.20001e-34 7.3066e-33 0 -285.238 -1.84e-33 1.46132e-32
-179.1 2 -1.21757e-32 4.29531e-33 0 -284.286 -2.43513e-32 8.59061e-33
-178.5 2 -2.31709e-32 -2.23069e-32 0 -283.333 -4.63419e-32 -4.46138e-32
-177.9 2 1.91076e-33 -6.89293e-32 0 -282.381 3.82153e-33 -1.37859e-31
-177.3 2 1.07347e-31 -5.5619e-32 0 -281.429 2.14694e-31 -1.11238e-31
-176.7 2 2.32484e-31 1.83654e-31 0 -280.476 4.64967e-31 3.67308e-31
-176.1 2 3.82874e-32 6.66228e-31 0 -279.524 7.65749e-32 1.33246e-30
-175.5 2 -9.74901e-31 6.76555e-31 0 -278.571 -1.9498e-30 1.35311e-30
-174.9 2 -2.40259e-30 -1.50922e-30 0 -277.619 -4.80517e-30 -3.01845e-30
-174.3 2 -1.01341e-30 -6.58397e-30 0 -276.667 -2.02681e-30 -1.31679e-29
-173.7 2 8.8131e-30 -8.21529e-30 0 -275.714 1.76262e-29 -1.64306e-29
-173.1 2 2.52064e-29 1.1504e-29 0 -274.762 5.04128e-29 2.3008e-29
-172.5 2 1.77864e-29 6.50294e-29 0 -273.81 3.55728e-29 1.30059e-28
-171.9 2 -7.58244e-29 9.86237e-29 0 -272.857 -1.51649e-28 1.97247e-28
-171.3 2 -2.61094e-28 -7.11117e-29 0 -271.905 -5.22188e-28 -1.42223e-28
-170.7 2 -2.62188e-28 -6.25537e-28 0 -270.952 -5.24376e-28 -1.25107e-27
-170.1 2 5.93815e-28 -1.14259e-27 0 -270 1.18763e-27 -2.28518e-27
-169.5 2 2.61365e-27 2.05718e-28 0 -269.048 5.2273e-27 4.11436e-28
-168.9 2 3.41426e-27 5.7635e-27 0 -268.095 6.82853e-27 1.1527e-26
-168.3 2 -4.00983e-27 1.26085e-26 0 -267.143 -8.01965e-27 2.52169e-26
-167.7 2 -2.51194e-26 3.09581e-27 0 -266.19 -5.02388e-26 6.19161e-27
-167.1 2 -4.04873e-26 -5.06804e-26 0 -265.238 -8.09747e-26 -1.01361e-25
-166.5 2 2.04795e-26 -1.32905e-25 0 -264.286 4.0959e-26 -2.6581e-25
-165.9 2 2.33576e-25 -7.81678e-26 0 -263.333 4.67151e-25 -1.56336e-25
-165.3 2 4.51112e-25 4.27744e-25 0 -262.381 9.02225e-25 8.55488e-25
-164.7 2 -2.15508e-26 1.35784e-24 0 -261.429 -4.31017e-26 2.71569e-24
-164.1 2 -2.12814e-24 1.19974e-24 0 -260.476 -4.25627e-24 2.39947e-24
-163.5 2 -4.86915e-24 -3.46302e-24 0 -259.524 -9.73831e-24 -6.92603e-24
-162.9 2 -1.53818e-24 -1.36449e-23 0 -258.571 -3.07635e-24 -2.72899e-23
-162.3 2 1.89722e-23 -1.59222e-23 0 -257.619 3.79444e-23 -3.18444e-23
-161.7 2 5.17069e-23 2.59072e-23 0 -256.667 1.03414e-22 5.18144e-23
-161.1 2 3.36506e-23 1.34786e-22 0 -255.714 6.73012e-23 2.69571e-22
-160.5 2 -1.60415e-22 1.97382e-22 0 -254.762 -3.2083e-22 3.94764e-22
-159.9 2 -5.34329e-22 -1.58124e-22 0 -253.81 -1.06866e-21 -3.16247e-22
-159.3 2 -5.22187e-22 -1.28251e-21 0 -252.857 -1.04437e-21 -2.56502e-21
-158.7 2 1.21746e-21 -2.29303e-21 0 -251.905 2.43492e-21 -4.58606e-21
-158.1 2 5.23525e-21 4.69613e-22 0 -250.952 1.04705e-20 9.39226e-22
-157.5 2 6.72873e-21 1.14933e-20 0 -250 1.34575e-20 2.29866e-20
-156.9 2 -7.87792e-21 2.45882e-20 0 -249.048 -1.57558e-20 4.91763e-20
-156.3 2 -4.81596e-20 5.26155e-21 0 -248.095 -9.63193e-20 1.05231e-20
-155.7 2 -7.50223e-20 -9.76047e-20 0 -247.143 -1.50045e-19 -1.95209e-19
-155.1 2 4.3589e-20 -2.45437e-19 0 -246.19 8.7178e-20 -4.90875e-19
-154.5 2 4.31937e-19 -1.20188e-19 0 -245.238 8.63874e-19 -2.40376e-19
-153.9 2 7.7565e-19 8.28388e-19 0 -244.286 1.5513e-18 1.65678e-18
-153.3 2 -2.11334e-19 2.41565e-18 0 -243.333 -4.22669e-19 4.8313e-18
-152.7 2 -4.06233e-18 1.70538e-18 0 -242.381 -8.12465e-18 3.41075e-18
-152.1 2 -8.42376e-18 -7.30906e-18 0 -241.429 -1.68475e-17 -1.46181e-17
-151.5 2 -4.81509e-19 -2.53283e-17 0 -240.476 -9.63019e-19 -5.06566e-17
-150.9 2 4.01947e-17 -2.61295e-17 0 -239.524 8.03894e-17 -5.22589e-17
-150.3 2 1.04328e-16 5.90729e-17 0 -238.571 2.08655e-16 1.18146e-16
-149.7 2 6.81608e-17 2.84408e-16 0 -237.619 1.36322e-16 5.68816e-16
-149.1 2 -3.67054e-16 4.65971e-16 0 -236.667 -7.34108e-16 9.31942e-16
-148.5 2 -1.21914e-15 6.01725e-16 0 -235.714 -2.43827e-15 1.20345e-15
-147.9 2 -2.36931e-15 4.62553e-16 0 -234.762 -4.73862e-15 9.25106e-16
-147.3 2 -3.47632e-15 -5.90425e-16 0 -233.81 -6.95263e-15 -1.18085e-15
-146.7 2 -3.10407e-15 -2.40324e-15 0 -232.857 -6.20815e-15 -4.80647e-15
-146.1 2 4.34983e-16 -4.25463e-15 0 -231.905 8.69966e-16 -8.50927e-15
-145.5 2 7.77927e-15 -4.58408e-15 0 -230.952 1.55585e-14 -9.16816e-15
-144.9 2 1.7e-14 -8.69521e-16 0 -230 3.39999e-14 -1.73904e-15
-144.3 2 2.16912e-14 8.54953e-15 0 -229.048 4.33823e-14 1.70991e-14
-143.7 2 1.1503e-14 2.2296e-14 0 -228.095 2.3006e-14 4.4592e-14
-143.1 2 -2.34095e-14 3.32138e-14 0 -227.143 -4.6819e-14 6.64277e-14
-142.5 2 -8.27613e-14 2.72502e-14 0 -226.19 -1.65523e-13 5.45005e-14
-141.9 2 -1.42832e-13 -1.10449e-14 0 -225.238 -2.85664e-13 -2.20898e-14
-141.3 2 -1.49841e-13 -8.84371e-14 0 -224.286 -2.99681e-13 -1.76874e-13
-140.7 2 -2.97232e-14 -1.8445e-13 0 -223.333 -5.94463e-14 -3.68901e-13
-140.1 2 2.70415e-13 -2.37734e-13 0 -222.381 5.40831e-13 -4.75467e-13
-139.5 2 7.10338e-13 -1.4911e-13 0 -221.429 1.42068e-12 -2.9822e-13
-138.9 2 1.07846e-12 1.77413e-13 0 -220.476 2.15691e-12 3.54827e-13
-138.3 2 9.68324e-13 7.50704e-13 0 -219.524 1.93665e-12 1.50141e-12
-137.7 2 -1.08149e-13 1.38308e-12 0 -218.571 -2.16298e-13 2.76616e-12
-137.1 2 -2.40783e-12 1.6192e-12 0 -217.619 -4.81567e-12 3.2384e-12
-136.5 2 -5.47453e-12 8.01587e-13 0 -216.667 -1.09491e-11 1.60317e-12
-135.9 2 -7.68981e-12 -1.62863e-12 0 -215.714 -1.53796e-11 -3.25726e-12
-135.3 2 -6.25305e-12 -5.5789e-12 0 -214.762 -1.25061e-11 -1.11578e-11
-134.7 2 1.9231e-12 -9.65918e-12 0 -213.81 3.84619e-12 -1.93184e-11
-134.1 2 1.81071e-11 -1.08383e-11 0 -212.857 3.62141e-11 -2.16766e-11
-133.5 2 3.87531e-11 -4.9814e-12 0 -211.905 7.75061e-11 -9.96281e-12
-132.9 2 5.29472e-11 1.12231e-11 0 -210.952 1.05894e-10 2.24461e-11
-132.3 2 4.2669e-11 3.69421e-11 0 -210 8.53381e-11 7.38841e-11
-131.7 2 -1.14058e-11 6.34818e-11 0 -209.048 -2.28117e-11 1.26964e-10
-131.1 2 -1.17107e-10 7.2436e-11 0 -208.095 -2.34213e-10 1.44872e-10
-130.5 2 -2.5307e-10 3.88341e-11 0 -207.143 -5.0614e-10 7.76681e-11
-129.9 2 -3.53747e-10 -5.80346e-11 0 -206.19 -7.07493e-10 -1.16069e-10
-129.3 2 -3.10218e-10 -2.16145e-10 0 -205.238 -6.20435e-10 -4.32289e-10
-128.7 2 -1.66217e-12 -3.89769e-10 0 -204.286 -3.32435e-12 -7.79538e-10
-128.1 2 6.34245e-10 -4.77543e-10 0 -203.333 1.26849e-09 -9.55086e-10
-127.5 2 1.50177e-09 -3.35621e-10 0 -202.381 3.00355e-09 -6.71243e-10
-126.9 2 2.25611e-09 1.69737e-10 0 -201.429 4.51222e-09 3.39474e-10
-126.3 2 2.28722e-09 1.06794e-09 0 -200.476 4.57444e-09 2.13587e-09
-125.7 2 8.5707e-10 2.16965e-09 0 -199.524 1.71414e-09 4.3393e-09
-125.1 2 -2.55713e-09 2.98415e-09 0 -198.571 -5.11425e-09 5.9683e-09
-124.5 2 -7.7405e-09 2.74469e-09 0 -197.619 -1.5481e-08 5.48939e-09
-123.9 2 -1.31957e-08 6.17884e-10 0 -196.667 -2.63913e-08 1.23577e-09
-123.3 2 -1.58766e-08 -3.87078e-09 0 -195.714 -3.17533e-08 -7.74156e-09
-122.7 2 -1.15918e-08 -1.02589e-08 0 -194.762 -2.31836e-08 -2.05178e-08
-122.1 2 3.59495e-09 -1.66138e-08 0 -193.81 7.18991e-09 -3.32275e-08
-121.5 2 3.09235e-08 -1.9367e-08 0 -192.857 6.1847e-08 -3.8734e-08
-120.9 2 6.59486e-08 -1.38897e-08 0 -191.905 1.31897e-07 -2.77794e-08
-120.3 2 9.61639e-08 3.92897e-09 0 -190.952 1.92328e-07 7.85794e-09
-119.7 2 1.00961e-07 3.51542e-08 0 -190 2.01922e-07 7.03083e-08
-119.1 2 5.57393e-08 7.48919e-08 0 -189.048 1.11479e-07 1.49784e-07
-118.5 2 -5.87688e-08 1.1013e-07 0 -188.095 -1.17538e-07 2.20261e-07
-117.9 2 -2.4266e-07 1.1989e-07 0 -187.143 -4.85319e-07 2.39781e-07
-117.3 2 -4.61873e-07 7.92061e-08 0 -186.19 -9.23746e-07 1.58412e-07
-116.7 2 -6.38257e-07 -3.22927e-08 0 -185.238 -1.27652e-06 -6.45853e-08
-116.1 2 -6.52765e-07 -2.17959e-07 0 -184.286 -1.30553e-06 -4.35918e-07
-115.5 2 -3.69341e-07 -4.50754e-07 0 -183.333 -7.38682e-07 -9.01508e-07
-114.9 2 3.17019e-07 -6.63935e-07 0 -182.381 6.34038e-07 -1.32787e-06
-114.3 2 1.41258e-06 -7.52106e-07 0 -181.429 2.82516e-06 -1.50421e-06
-113.7 2 2.75294e-06 -5.88412e-07 0 -180.476 5.50588e-06 -1.17682e-06
-113.1 1.99999 3.95311e-06 -6.05956e-08 0 -179.524 7.90621e-06 -1.21191e-07
-112.5 1.99999 4.41265e-06 8.76932e-07 0 -178.571 8.82527e-06 1.75386e-06
-111.9 2 3.40667e-06 2.14523e-06 0 -177.619 6.81332e-06 4.29045e-06
-111.3 2 2.792e-07 3.49455e-06 0 -176.667 5.584e-07 6.9891e-06
-110.7 2.00001 -5.2726e-06 4.49151e-06 0 -175.714 -1.05452e-05 8.98305e-06
-110.1 2.00002 -1.28718e-05 4.56073e-06 0 -174.762 -2.57438e-05 9.12153e-06
-109.5 2.00003 -2.11798e-05 3.09362e-06 0 -173.81 -4.23601e-05 6.18732e-06
-108.9 2.00004 -2.77738e-05 -3.78321e-07 0 -172.857 -5.55485e-05 -7.56657e-07
-108.3 2.00004 -2.93011e-05 -5.96889e-06 0 -171.905 -5.86033e-05 -1.1938e-05
-107.7 2.00003 -2.19975e-05 -1.32255e-05 0 -170.952 -4.39956e-05 -2.64514e-05
-107.1 2 -2.58703e-06 -2.09801e-05 0 -170 -5.17405e-06 -4.19602e-05
-106.5 1.99996 3.05169e-05 -2.73263e-05 0 -169.048 6.10325e-05 -5.46515e-05
-105.9 1.9999 7.59025e-05 -2.9776e-05 0 -168.095 0.000151797 -5.95489e-05
-105.3 1.99983 0.000128035 -2.5618e-05 0 -167.143 0.000256049 -5.12316e-05
-104.7 1.99976 0.00017667 -1.24593e-05 0 -166.19 0.000353297 -2.49157e-05
-104.1 1.99972 0.000207126 1.11146e-05 0 -165.238 0.000414195 2.22262e-05
-103.5 1.99973 0.000201687 4.48728e-05 0 -164.286 0.000403319 8.97336e-05
-102.9 1.99982 0.000142164 8.64063e-05 0 -163.333 0.000284301 0.000172797
-102.3 2 1.34869e-05 0.000130885 0 -162.381 2.69737e-05 0.000261769
-101.7 2.00028 -0.000192144 0.000171227 0 -161.429 -0.000384342 0.000342502
-101.1 2.00067 -0.000471191 0.000198811 0 -160.476 -0.000942697 0.000397754
-100.5 2.00113 -0.000805751 0.000204511 0 -159.524 -0.00161241 0.000409252
-99.9 2.00161 -0.0011622 0.000179991 0 -158.571 -0.00232627 0.000360272
-99.3 2.00206 -0.00149199 0.000118977 0 -157.619 -0.00298707 0.0002382
-98.7 2.00239 -0.00173475 1.82274e-05 0 -156.667 -0.00347365 3.64983e-05
-98.1 2.0025 -0.00182314 -0.000121986 0 -155.714 -0.00365084 -0.000244278
-97.5 2.0023 -0.0016888 -0.000297935 0 -154.762 -0.00338149 -0.000596555
-96.9 2.0017 -0.00126846 -0.000503004 0 -153.81 -0.00253908 -0.00100686
-96.3 2.00062 -0.000509165 -0.000728584 0 -152.857 -0.00101865 -0.00145762
-95.7 1.99901 0.000627962 -0.000964845 0 -151.905 0.0012553 -0.00192874
-95.1 1.99684 0.00216533 -0.0012018 0 -150.952 0.00432383 -0.00239981
-94.5 1.9941 0.00410742 -0.00143268 0 -150 0.00819063 -0.0028569
-93.9 1.99081 0.00644558 -0.00165185 0 -149.048 0.0128319 -0.00328852
-93.3 1.98699 0.00916112 -0.00185552 0 -148.095 0.018203 -0.00368689
-92.7 1.98267 0.0122279 -0.00204165 0 -147.143 0.024244 -0.00404793
-92.1 1.97791 0.0156157 -0.00220951 0 -146.19 0.0308864 -0.00437022
-91.5 1.97275 0.0192922 -0.00235939 0 -145.238 0.0380587 -0.00465449
-90.9 1.96723 0.0232257 -0.00249225 0 -144.286 0.0456903 -0.00490283
-90.3 1.96141 0.0273856 -0.00260942 0 -143.333 0.0537142 -0.00511813
-89.7 1.95531 0.0317437 -0.00271243 0 -142.381 0.0620688 -0.00530364
-89.1 1.94898 0.0362745 -0.00280284 0 -141.429 0.0706983 -0.00546268
-88.5 1.94245 0.0409552 -0.00288216 0 -140.476 0.0795536 -0.00559845
-87.9 1.93575 0.0457657 -0.00295178 0 -139.524 0.0885911 -0.00571391
-87.3 1.92891 0.0506884 -0.00301296 0 -138.571 0.0977734 -0.00581173
-86.7 1.92194 0.0557081 -0.00306683 0 -137.619 0.107068 -0.00589428
-86.1 1.91487 0.0608114 -0.00311437 0 -136.667 0.116446 -0.00596362
-85.5 1.90772 0.0659869 -0.00315641 0 -135.714 0.125884 -0.00602154
-84.9 1.90049 0.0712246 -0.0031937 0 -134.762 0.135361 -0.00606958
-84.3 1.8932 0.076516 -0.00322684 0 -133.81 0.14486 -0.00610904
-83.7 1.88586 0.0818535 -0.00325637 0 -132.857 0.154364 -0.00614105
-83.1 1.87848 0.0872307 -0.00328274 0 -131.905 0.163861 -0.00616655
-82.5 1.87106 0.0926419 -0.00330634 0 -130.952 0.173339 -0.00618636
-81.9 1.86362 0.098082 -0.00332748 0 -130 0.182788 -0.00620117
-81.3 1.85617 0.103547 -0.00334645 0 -129.048 0.1922 -0.00621156
-80.7 1.8487 0.109032 -0.00336347 0 -128.095 0.201568 -0.00621803
-80.1 1.84122 0.114535 -0.00337875 0 -127.143 0.210884 -0.006221
-79.5 1.83373 0.120052 -0.00339245 0 -126.19 0.220144 -0.00622084
-78.9 1.82625 0.125581 -0.00340471 0 -125.238 0.229342 -0.00621784
-78.3 1.81877 0.131118 -0.00341564 0 -124.286 0.238473 -0.00621226
-77.7 1.81129 0.136662 -0.00342536 0 -123.333 0.247535 -0.00620432
-77.1 1.80383 0.142211 -0.00343393 0 -122.381 0.256523 -0.00619421
-76.5 1.79637 0.147762 -0.00344142 0 -121.429 0.265435 -0.00618207
-75.9 1.78893 0.153314 -0.00344789 0 -120.476 0.274268 -0.00616804
-75.3 1.78151 0.158864 -0.00345337 0 -119.524 0.283018 -0.00615222
-74.7 1.77411 0.164412 -0.00345791 0 -118.571 0.291685 -0.0061347
-74.1 1.76672 0.169956 -0.00346151 0 -117.619 0.300265 -0.00611553
-73.5 1.75936 0.175494 -0.00346421 0 -116.667 0.308758 -0.00609479
-72.9 1.75203 0.181025 -0.00346599 0 -115.714 0.31716 -0.0060725
-72.3 1.74472 0.186547 -0.00346686 0 -114.762 0.325471 -0.00604869
-71.7 1.73744 0.192058 -0.00346681 0 -113.81 0.33369 -0.00602336
-71.1 1.73019 0.197559 -0.00346583 0 -112.857 0.341813 -0.00599653
-70.5 1.72297 0.203045 -0.00346389 0 -111.905 0.349841 -0.00596818
-69.9 1.71579 0.208518 -0.00346098 0 -110.952 0.357772 -0.00593831
-69.3 1.70864 0.213974 -0.00345706 0 -110 0.365604 -0.00590687
-68.7 1.70153 0.219412 -0.00345209 0 -109.048 0.373337 -0.00587384
-68.1 1.69446 0.224831 -0.00344604 0 -108.095 0.380968 -0.00583918
-67.5 1.68743 0.23023 -0.00343886 0 -107.143 0.388497 -0.00580284
-66.9 1.68045 0.235605 -0.00343048 0 -106.19 0.395923 -0.00576476
-66.3 1.67351 0.240957 -0.00342087 0 -105.238 0.403244 -0.00572487
-65.7 1.66662 0.246282 -0.00340995 0 -104.286 0.410459 -0.0056831
-65.1 1.65978 0.251579 -0.00339766 0 -103.333 0.417566 -0.00563938
-64.5 1.653 0.256846 -0.00338392 0 -102.381 0.424565 -0.00559361
-63.9 1.64627 0.26208 -0.00336865 0 -101.429 0.431453 -0.0055457
-63.3 1.63959 0.26728 -0.00335178 0 -100.476 0.43823 -0.00549555
-62.7 1.63298 0.272443 -0.0033332 0 -99.5238 0.444894 -0.00544305
-62.1 1.62643 0.277567 -0.00331283 0 -98.5714 0.451444 -0.00538809
-61.5 1.61995 0.282649 -0.00329057 0 -97.619 0.457877 -0.00533055
-60.9 1.61353 0.287687 -0.0032663 0 -96.6667 0.464193 -0.00527029
-60.3 1.60719 0.292677 -0.00323993 0 -95.7143 0.470389 -0.00520719
-59.7 1.60093 0.297617 -0.00321133 0 -94.7619 0.476464 -0.00514112
-59.1 1.59475 0.302503 -0.0031804 0 -93.8095 0.482415 -0.00507193
-58.5 1.58865 0.307332 -0.00314701 0 -92.8571 0.488242 -0.00499949
-57.9 1.58263 0.312101 -0.00311105 0 -91.9048 0.493942 -0.00492366
-57.3 1.57671 0.316806 -0.0030724 0 -90.9524 0.499513 -0.00484429
-56.7 1.57089 0.321444 -0.00303094 0 -90 0.504952 -0.00476127
-56.1 1.56516 0.32601 -0.00298656 0 -89.0476 0.510258 -0.00467445
-55.5 1.55954 0.3305 -0.00293914 0 -88.0952 0.515429 -0.00458372
-54.9 1.55403 0.33491 -0.00288859 0 -87.1429 0.520462 -0.00448897
-54.3 1.54864 0.339236 -0.00283482 0 -86.1905 0.525355 -0.00439012
-53.7 1.54337 0.343474 -0.00277775 0 -85.2381 0.530105 -0.00428708
-53.1 1.53822 0.347618 -0.00271732 0 -84.2857 0.534711 -0.00417982
-52.5 1.5332 0.351664 -0.00265348 0 -83.3333 0.53917 -0.0040683
-51.9 1.52831 0.355608 -0.00258622 0 -82.381 0.54348 -0.00395254
-51.3 1.52357 0.359445 -0.00251554 0 -81.4286 0.547638 -0.00383259
-50.7 1.51897 0.36317 -0.00244149 0 -80.4762 0.551643 -0.00370854
-50.1 1.51452 0.366779 -0.00236414 0 -79.5238 0.555493 -0.00358053
-49.5 1.51022 0.370267 -0.0022836 0 -78.5714 0.559186 -0.00344875
-48.9 1.50609 0.37363 -0.00220003 0 -77.619 0.56272 -0.00331344
-48.3 1.50212 0.376865 -0.00211363 0 -76.6667 0.566095 -0.00317492
-47.7 1.49831 0.379967 -0.00202464 0 -75.7143 0.569309 -0.00303355
-47.1 1.49468 0.382933 -0.00193337 0 -74.7619 0.572362 -0.00288976
-46.5 1.49122 0.38576 -0.00184013 0 -73.8095 0.575254 -0.00274405
-45.9 1.48794 0.388446 -0.00174534 0 -72.8571 0.577985 -0.00259696
-45.3 1.48484 0.390989 -0.00164941 0 -71.9048 0.580555 -0.0024491
-44.7 1.48191 0.393388 -0.00155281 0 -70.9524 0.582967 -0.00230112
-44.1 1.47916 0.395643 -0.00145604 0 -70 0.585221 -0.00215372
-43.5 1.47659 0.397753 -0.00135963 0 -69.0476 0.587321 -0.00200762
-42.9 1.4742 0.39972 -0.00126411 0 -68.0952 0.589268 -0.00186355
-42.3 1.47198 0.401546 -0.00117003 0 -67.1429 0.591068 -0.00172227
-41.7 1.46993 0.403232 -0.00107793 0 -66.1905 0.592724 -0.00158449
-41.1 1.46805 0.404782 -0.000988324 0 -65.2381 0.594241 -0.00145091
-40.5 1.46633 0.406201 -0.000901706 0 -64.2857 0.595624 -0.0013222
-39.9 1.46476 0.407493 -0.000818526 0 -63.3333 0.596879 -0.00119895
-39.3 1.46334 0.408662 -0.000739185 0 -62.381 0.598013 -0.00108168
-38.7 1.46206 0.409716 -0.000664024 0 -61.4286 0.599031 -0.000970845
-38.1 1.46092 0.410661 -0.000593319 0 -60.4762 0.599941 -0.00086679
-37.5 1.4599 0.411502 -0.000527278 0 -59.5238 0.60075 -0.000769771
-36.9 1.45899 0.412247 -0.000466035 0 -58.5714 0.601466 -0.000679941
-36.3 1.45819 0.412904 -0.000409653 0 -57.619 0.602095 -0.000597354
-35.7 1.4575 0.413479 -0.000358126 0 -56.6667 0.602645 -0.000521967
-35.1 1.45689 0.41398 -0.000311381 0 -55.7143 0.603123 -0.000453647
-34.5 1.45636 0.414414 -0.000269288 0 -54.7619 0.603536 -0.000392181
-33.9 1.45591 0.414786 -0.000231666 0 -53.8095 0.603891 -0.000337284
-33.3 1.45552 0.415105 -0.000198288 0 -52.8571 0.604193 -0.000288612
-32.7 1.45519 0.415376 -0.000168897 0 -51.9048 0.60445 -0.000245777
-32.1 1.45491 0.415604 -0.00014321 0 -50.9524 0.604667 -0.000208358
-31.5 1.45468 0.415796 -0.000120928 0 -50 0.604849 -0.00017591
-30.9 1.45448 0.415956 -0.000101744 0 -49.0476 0.605 -0.000147984
-30.3 1.45432 0.416089 -8.53516e-05 0 -48.0952 0.605125 -0.000124128
-29.7 1.45418 0.416198 -7.14514e-05 0 -47.1429 0.605227 -0.000103903
-29.1 1.45407 0.416287 -5.97545e-05 0 -46.1905 0.605311 -8.68874e-05
-28.5 1.45398 0.416359 -4.99881e-05 0 -45.2381 0.605379 -7.26819e-05
-27.9 1.45391 0.416418 -4.18984e-05 0 -44.2857 0.605434 -6.09164e-05
-27.3 1.45385 0.416465 -3.52522e-05 0 -43.3333 0.605477 -5.12514e-05
-26.7 1.4538 0.416502 -2.98387e-05 0 -42.381 0.605511 -4.33796e-05
-26.1 1.45376 0.416531 -2.54693e-05 0 -41.4286 0.605538 -3.70263e-05
-25.5 1.45373 0.416554 -2.19772e-05 0 -40.4762 0.605559 -3.1949e-05
-24.9 1.45371 0.416572 -1.92169e-05 0 -39.5238 0.605575 -2.79358e-05
-24.3 1.45369 0.416586 -1.70623e-05 0 -38.5714 0.605588 -2.48033e-05
-23.7 1.45368 0.416597 -1.54057e-05 0 -37.619 0.605597 -2.23949e-05
-23.1 1.45366 0.416605 -1.41557e-05 0 -36.6667 0.605603 -2.05777e-05
-22.5 1.45365 0.416611 -1.32357e-05 0 -35.7143 0.605608 -1.92402e-05
-21.9 1.45365 0.416615 -1.25819e-05 0 -34.7619 0.605611 -1.82897e-05
-21.3 1.45364 0.416619 -1.21419e-05 0 -33.8095 0.605614 -1.765e-05
-20.7 1.45363 0.416621 -1.18728e-05 0 -32.8571 0.605615 -1.72587e-05
-20.1 1.45363 0.416623 -1.17398e-05 0 -31.9048 0.605615 -1.70654e-05
-19.5 1.45363 0.416624 -1.17152e-05 0 -30.9524 0.605616 -1.70295e-05
-18.9 1.45362 0.416624 -1.17765e-05 0 -30 0.605615 -1.71186e-05
-18.3 1.45362 0.416625 -1.19062e-05 0 -29.0476 0.605615 -1.73071e-05
-17.7 1.45362 0.416625 -1.20903e-05 0 -28.0952 0.605614 -1.75746e-05
-17.1 1.45362 0.416625 -1.23178e-05 0 -27.1429 0.605613 -1.79053e-05
-16.5 1.45361 0.416625 -1.25802e-05 0 -26.1905 0.605612 -1.82868e-05
-15.9 1.45361 0.416625 -1.28712e-05 0 -25.2381 0.605611 -1.87098e-05
-15.3 1.45361 0.416625 -1.31858e-05 0 -24.2857 0.605609 -1.9167e-05
-14.7 1.45361 0.416624 -1.35202e-05 0 -23.3333 0.605608 -1.96531e-05
-14.1 1.4536 0.416624 -1.38716e-05 0 -22.381 0.605607 -2.01639e-05
-13.5 1.4536 0.416624 -1.42376e-05 0 -21.4286 0.605605 -2.06959e-05
-12.9 1.4536 0.416623 -1.46159e-05 0 -20.4762 0.605604 -2.12457e-05
-12.3 1.4536 0.416623 -1.50039e-05 0 -19.5238 0.605603 -2.18097e-05
-11.7 1.4536 0.416623 -1.53984e-05 0 -18.5714 0.605601 -2.2383e-05
-11.1 1.45359 0.416622 -1.57948e-05 0 -17.619 0.6056 -2.29592e-05
-10.5 1.45359 0.416622 -1.61869e-05 0 -16.6667 0.605598 -2.35291e-05
-9.9 1.45359 0.416622 -1.65657e-05 0 -15.7143 0.605597 -2.40797e-05
-9.3 1.45359 0.416621 -1.69189e-05 0 -14.7619 0.605595 -2.45931e-05
-8.7 1.45359 0.416621 -1.72292e-05 0 -13.8095 0.605594 -2.50442e-05
-8.1 1.45358 0.41662 -1.74734e-05 0 -12.8571 0.605592 -2.5399e-05
-7.5 1.45358 0.41662 -1.76199e-05 0 -11.9048 0.605591 -2.5612e-05
-6.9 1.45358 0.416619 -1.76272e-05 0 -10.9524 0.605589 -2.56225e-05
-6.3 1.45358 0.416619 -1.74405e-05 0 -10 0.605587 -2.53511e-05
-5.7 1.45358 0.416618 -1.69886e-05 0 -9.04762 0.605586 -2.46942e-05
-5.1 1.45357 0.416617 -1.618e-05 0 -8.09524 0.605584 -2.35188e-05
-4.5 1.45357 0.416617 -1.48974e-05 0 -7.14286 0.605583 -2.16545e-05
-3.9 1.45357 0.416616 -1.29923e-05 0 -6.19048 0.605581 -1.88853e-05
-3.3 1.45357 0.416615 -1.02775e-05 0 -5.2381 0.605579 -1.49391e-05
-2.7 1.45357 0.416615 -6.51895e-06 0 -4.28571 0.605578 -9.47574e-06
-2.1 1.45357 0.416614 -1.42607e-06 0 -3.33333 0.605576 -2.07289e-06
-1.5 1.45357 0.416613 5.35891e-06 0 -2.38095 0.605575 7.78953e-06
-0.9 1.45357 0.416612 1.42732e-05 0 -1.42857 0.605574 2.07471e-05
-0.3 1.45357 0.416612 2.58468e-05 0 -0.47619 0.605573 3.757e-05
0.3 1.45357 0.416611 4.07167e-05 0 0.47619 0.605572 5.91844e-05
0.9 1.45357 0.41661 5.96421e-05 0 1.42857 0.605571 8.66938e-05
1.5 1.45357 0.416609 8.35198e-05 0 2.38095 0.605571 0.000121402
2.1 1.45357 0.416608 0.0001134 0 3.33333 0.605571 0.000164835
2.7 1.45358 0.416607 0.0001505 0 4.28571 0.605571 0.000218764
3.3 1.45358 0.416606 0.00019622 0 5.2381 0.605572 0.000285223
3.9 1.45359 0.416605 0.000252151 0 6.19048 0.605573 0.000366524
4.5 1.4536 0.416604 0.000320083 0 7.14286 0.605575 0.000465272
5.1 1.45361 0.416603 0.000402008 0 8.09524 0.605578 0.000584363
5.7 1.45362 0.416602 0.000500119 0 9.04762 0.605581 0.000726984
6.3 1.45364 0.416601 0.000616795 0 10 0.605585 0.000896595
6.9 1.45365 0.416599 0.000754583 0 10.9524 0.60559 0.0010969
7.5 1.45367 0.416598 0.000916172 0 11.9048 0.605596 0.00133181
8.1 1.45369 0.416597 0.00110435 0 12.8571 0.605603 0.00160538
8.7 1.45371 0.416596 0.00132194 0 13.8095 0.605611 0.00192173
9.3 1.45374 0.416594 0.00157178 0 14.7619 0.60562 0.00228496
9.9 1.45377 0.416593 0.00185658 0 15.7143 0.605629 0.00269903
10.5 1.4538 0.416592 0.00217888 0 16.6667 0.60564 0.00316764
11.1 1.45383 0.416591 0.00254094 0 17.619 0.605651 0.00369409
11.7 1.45386 0.416589 0.00294465 0 18.5714 0.605663 0.00428111
12.3 1.45389 0.416588 0.00339138 0 19.5238 0.605675 0.00493071
12.9 1.45393 0.416586 0.0038819 0 20.4762 0.605687 0.005644
13.5 1.45396 0.416585 0.00441623 0 21.4286 0.605699 0.00642103
14.1 1.454 0.416583 0.00499358 0 22.381 0.605711 0.00726064
14.7 1.45403 0.416582 0.00561221 0 23.3333 0.605721 0.00816031
15.3 1.45406 0.41658 0.00626939 0 24.2857 0.605731 0.00911604
15.9 1.45408 0.416579 0.0069613 0 25.2381 0.60574 0.0101223
16.5 1.4541 0.416577 0.00768302 0 26.1905 0.605746 0.0111719
17.1 1.45412 0.416576 0.00842854 0 27.1429 0.60575 0.0122561
17.7 1.45413 0.416574 0.00919077 0 28.0952 0.605752 0.0133645
18.3 1.45413 0.416572 0.0099616 0 29.0476 0.60575 0.0144855
18.9 1.45412 0.416571 0.0107321 0 30 0.605746 0.0156058
19.5 1.45411 0.416569 0.0114924 0 30.9524 0.605738 0.0167113
20.1 1.45409 0.416567 0.0122324 0 31.9048 0.605726 0.017787
20.7 1.45406 0.416566 0.0129414 0 32.8571 0.605711 0.0188175
21.3 1.45402 0.416564 0.0136085 0 33.8095 0.605692 0.0197871
21.9 1.45397 0.416562 0.0142234 0 34.7619 0.605669 0.0206803
22.5 1.45391 0.41656 0.0147756 0 35.7143 0.605643 0.0214825
23.1 1.45385 0.416558 0.0152559 0 36.6667 0.605613 0.0221798
23.7 1.45378 0.416556 0.0156557 0 37.619 0.605581 0.02276
24.3 1.4537 0.416554 0.0159677 0 38.5714 0.605546 0.0232123
24.9 1.45362 0.416553 0.0161861 0 39.5238 0.605509 0.0235285
25.5 1.45354 0.416551 0.0163067 0 40.4762 0.605471 0.0237023
26.1 1.45345 0.416549 0.0163268 0 41.4286 0.605432 0.0237302
26.7 1.45336 0.416547 0.0162459 0 42.381 0.605393 0.0236113
27.3 1.45328 0.416545 0.0160653 0 43.3333 0.605355 0.0233473
27.9 1.4532 0.416542 0.0157878 0 44.2857 0.605318 0.0229427
28.5 1.45312 0.41654 0.0154183 0 45.2381 0.605282 0.0224046
29.1 1.45305 0.416538 0.0149633 0 46.1905 0.605249 0.0217423
29.7 1.45298 0.416536 0.0144305 0 47.1429 0.605218 0.0209672
30.3 1.45292 0.416533 0.013829 0 48.0952 0.605191 0.0200924
30.9 1.45287 0.416531 0.0131688 0 49.0476 0.605167 0.0191326
31.5 1.45283 0.416529 0.0124606 0 50 0.605147 0.0181031
32.1 1.4528 0.416526 0.0117154 0 50.9524 0.60513 0.0170201
32.7 1.45278 0.416524 0.0109444 0 51.9048 0.605118 0.0158999
33.3 1.45277 0.416522 0.0101587 0 52.8571 0.605109 0.0147582
33.9 1.45276 0.416519 0.00936868 0 53.8095 0.605103 0.0136105
34.5 1.45277 0.416517 0.00858431 0 54.7619 0.605101 0.012471
35.1 1.45278 0.416515 0.00781463 0 55.7143 0.605102 0.0113529
35.7 1.45279 0.416512 0.00706765 0 56.6667 0.605106 0.0102678
36.3 1.45282 0.416509 0.00635029 0 57.619 0.605111 0.0092258
36.9 1.45284 0.416507 0.00566827 0 58.5714 0.605119 0.0082351
37.5 1.45287 0.416504 0.00502611 0 59.5238 0.605127 0.0073023
38.1 1.45291 0.416501 0.00442715 0 60.4762 0.605137 0.00643222
38.7 1.45294 0.416498 0.00387355 0 61.4286 0.605147 0.00562803
39.3 1.45297 0.416495 0.00336644 0 62.381 0.605157 0.00489135
39.9 1.45301 0.416492 0.00290596 0 63.3333 0.605167 0.00422239
40.5 1.45304 0.416489 0.00249142 0 64.2857 0.605177 0.00362015
41.1 1.45308 0.416486 0.0021214 0 65.2381 0.605186 0.00308256
41.7 1.45311 0.416483 0.00179388 0 66.1905 0.605195 0.0026067
42.3 1.45314 0.416481 0.00150638 0 67.1429 0.605203 0.00218897
42.9 1.45316 0.416478 0.00125608 0 68.0952 0.605209 0.00182528
43.5 1.45318 0.416475 0.00103993 0 69.0476 0.605215 0.00151121
44.1 1.45321 0.416471 0.000854785 0 70 0.605219 0.00124218
44.7 1.45322 0.416468 0.000697455 0 70.9524 0.605221 0.00101356
45.3 1.45324 0.416464 0.000564815 0 71.9048 0.605223 0.000820812
45.9 1.45325 0.416461 0.000453866 0 72.8571 0.605223 0.000659582
46.5 1.45326 0.416457 0.00036178 0 73.8095 0.605222 0.000525762
47.1 1.45327 0.416453 0.000285945 0 74.7619 0.60522 0.000415557
47.7 1.45328 0.416449 0.000223982 0 75.7143 0.605217 0.000325509
48.3 1.45328 0.416446 0.00017376 0 76.6667 0.605214 0.000252522
48.9 1.45329 0.416442 0.00013339 0 77.619 0.60521 0.000193854
49.5 1.45329 0.416438 0.000101222 0 78.5714 0.605205 0.000147105
50.1 1.45329 0.416435 7.58248e-05 0 79.5238 0.6052 0.000110195
50.7 1.45329 0.416431 5.59667e-05 0 80.4762 0.605194 8.13358e-05
51.3 1.45329 0.416427 4.05936e-05 0 81.4286 0.605188 5.89941e-05
51.9 1.45328 0.416423 2.88076e-05 0 82.381 0.605181 4.18656e-05
52.5 1.45328 0.416419 1.98484e-05 0 83.3333 0.605173 2.88453e-05
53.1 1.45328 0.416414 1.30787e-05 0 84.2857 0.605165 1.9007e-05
53.7 1.45327 0.41641 7.9735e-06 0 85.2381 0.605157 1.15877e-05
54.3 1.45327 0.416404 4.11179e-06 0 86.1905 0.605147 5.97553e-06
54.9 1.45326 0.416399 1.16964e-06 0 87.1429 0.605138 1.6998e-06
55.5 1.45326 0.416394 -1.08915e-06 0 88.0952 0.605128 -1.58281e-06
56.1 1.45325 0.416389 -2.82589e-06 0 89.0476 0.605119 -4.10673e-06
56.7 1.45325 0.416384 -4.14352e-06 0 90 0.605109 -6.02156e-06
57.3 1.45324 0.416379 -5.1052e-06 0 90.9524 0.6051 -7.41909e-06
57.9 1.45323 0.416375 -5.75221e-06 0 91.9048 0.605091 -8.35931e-06
58.5 1.45323 0.416371 -6.11876e-06 0 92.8571 0.605081 -8.89195e-06
59.1 1.45322 0.416366 -6.2429e-06 0 93.8095 0.605071 -9.07231e-06
59.7 1.45321 0.416361 -6.174e-06 0 94.7619 0.605061 -8.97213e-06
60.3 1.4532 0.416356 -5.9776e-06 0 95.7143 0.60505 -8.68668e-06
60.9 1.4532 0.41635 -5.73682e-06 0 96.6667 0.605038 -8.33673e-06
61.5 1.45319 0.416343 -5.54751e-06 0 97.619 0.605025 -8.0616e-06
62.1 1.45318 0.416335 -5.50429e-06 0 98.5714 0.605012 -7.99875e-06
62.7 1.45318 0.416327 -5.67736e-06 0 99.5238 0.604998 -8.25022e-06
63.3 1.45317 0.416319 -6.08643e-06 0 100.476 0.604984 -8.84463e-06
63.9 1.45317 0.416312 -6.68262e-06 0 101.429 0.60497 -9.71096e-06
64.5 1.45316 0.416305 -7.35057e-06 0 102.381 0.604957 -1.06815e-05
65.1 1.45315 0.416299 -7.93642e-06 0 103.333 0.604944 -1.15328e-05
65.7 1.45314 0.416294 -8.29656e-06 0 104.286 0.604931 -1.2056e-05
66.3 1.45312 0.416288 -8.34979e-06 0 105.238 0.604919 -1.21333e-05
66.9 1.45311 0.416283 -8.10895e-06 0 106.19 0.604906 -1.17832e-05
67.5 1.4531 0.416276 -7.67237e-06 0 107.143 0.604892 -1.11487e-05
68.1 1.45309 0.416269 -7.17318e-06 0 108.095 0.604876 -1.04233e-05
68.7 1.45308 0.41626 -6.71341e-06 0 109.048 0.60486 -9.75513e-06
69.3 1.45307 0.41625 -6.33079e-06 0 110 0.604841 -9.19909e-06
69.9 1.45306 0.416239 -6.03641e-06 0 110.952 0.604822 -8.77129e-06
70.5 1.45306 0.416227 -5.90678e-06 0 111.905 0.604801 -8.58287e-06
71.1 1.45305 0.416215 -6.14592e-06 0 112.857 0.604779 -8.93031e-06
71.7 1.45304 0.416202 -7.01939e-06 0 113.81 0.604757 -1.01994e-05
72.3 1.45303 0.41619 -8.6479e-06 0 114.762 0.604735 -1.25656e-05
72.9 1.45302 0.416179 -1.07868e-05 0 115.714 0.604715 -1.56734e-05
73.5 1.453 0.416172 -1.27845e-05 0 116.667 0.604697 -1.85759e-05
74.1 1.45298 0.416166 -1.38192e-05 0 117.619 0.604681 -2.00789e-05
74.7 1.45296 0.416162 -1.33106e-05 0 118.571 0.604665 -1.93397e-05
75.3 1.45294 0.416155 -1.12724e-05 0 119.524 0.604646 -1.6378e-05
75.9 1.45292 0.416144 -8.41549e-06 0 120.476 0.604622 -1.2227e-05
76.5 1.4529 0.416127 -6.01752e-06 0 121.429 0.604592 -8.74286e-06
77.1 1.45289 0.416105 -5.75908e-06 0 122.381 0.604554 -8.3673e-06
77.7 1.45287 0.416077 -9.7084e-06 0 123.333 0.604504 -1.4105e-05
78.3 1.45283 0.416037 -2.08194e-05 0 124.286 0.604431 -3.02471e-05
78.9 1.45275 0.415967 -4.48447e-05 0 125.238 0.604295 -6.5148e-05
79.5 1.45256 0.415813 -9.6273e-05 0 126.19 0.603993 -0.000139842
80.1 1.45208 0.415436 -0.000216203 0 127.143 0.603247 -0.000313945
80.7 1.45086 0.414467 -0.000518876 0 128.095 0.601333 -0.000752815
81.3 1.44772 0.411981 -0.00130917 0 129.048 0.596435 -0.00189531
81.9 1.43993 0.405808 -0.0033363 0 130 0.584337 -0.00480405
82.5 1.42181 0.391446 -0.00817609 0 130.952 0.556562 -0.0116248
83.1 1.38409 0.361284 -0.0183713 0 131.905 0.500048 -0.0254274
83.7 1.31712 0.306298 -0.0360689 0 132.857 0.403431 -0.0475069
84.3 1.22073 0.222688 -0.05867 0 133.81 0.271841 -0.0716199
84.9 1.11442 0.121358 -0.074036 0 134.762 0.135245 -0.0825074
85.5 1.03029 0.0301846 -0.0672617 0 135.714 0.0310988 -0.069299
86.1 0.986943 -0.0226578 -0.0400747 0 136.667 -0.0223619 -0.0395514
86.7 0.975901 -0.035121 -0.012007 0 137.619 -0.0342746 -0.0117177
87.3 0.981437 -0.0254053 0.00437977 0 138.571 -0.0249337 0.00429847
87.9 0.991456 -0.0108411 0.0091667 0 139.524 -0.0107485 0.00908838
88.5 0.99919 -0.00035129 0.00733463 0 140.476 -0.000351005 0.00732868
89.1 1.00277 0.00416411 0.00356606 0 141.429 0.00417566 0.00357595
89.7 1.00315 0.00436151 0.000534257 0 142.381 0.00437525 0.00053594
90.3 1.00202 0.00266518 -0.000959588 0 143.333 0.00267056 -0.000961527
90.9 1.00072 0.000861718 -0.0011965 0 144.286 0.000862338 -0.00119736
91.5 0.99988 -0.00024807 -0.000805248 0 145.238 -0.00024804 -0.000805151
92.1 0.999579 -0.000610397 -0.000310315 0 146.19 -0.000610139 -0.000310184
92.7 0.999626 -0.00051079 2.43374e-05 0 147.143 -0.000510599 2.43283e-05
93.3 0.9998 -0.000259001 0.00015426 0 148.095 -0.000258949 0.00015423
93.9 0.999955 -4.71353e-05 0.000145156 0 149.048 -4.71332e-05 0.00014515
94.5 1.00004 6.09058e-05 8.16558e-05 0 150 6.09082e-05 8.16589e-05
95.1 1.00006 8.10879e-05 2.15089e-05 0 150.952 8.10926e-05 2.15101e-05
95.7 1.00004 5.62009e-05 -1.251e-05 0 151.905 5.62032e-05 -1.25105e-05
96.3 1.00002 2.26774e-05 -2.16085e-05 0 152.857 2.26778e-05 -2.16089e-05
96.9 1 -6.81298e-07 -1.65346e-05 0 153.81 -6.81298e-07 -1.65346e-05
97.5 0.999993 -1.01825e-05 -7.61347e-06 0 154.762 -1.01824e-05 -7.61342e-06
98.1 0.999993 -9.9767e-06 -7.48914e-07 0 155.714 -9.97663e-06 -7.48909e-07
98.7 0.999996 -5.79116e-06 2.43326e-06 0 156.667 -5.79113e-06 2.43325e-06
99.3 0.999999 -1.659e-06 2.76605e-06 0 157.619 -1.659e-06 2.76605e-06
99.9 1 7.53252e-07 1.76912e-06 0 158.571 7.53253e-07 1.76912e-06
100.5 1 1.45448e-06 6.2499e-07 0 159.524 1.45448e-06 6.24991e-07
101.1 1 1.15122e-06 -1.10829e-07 0 160.476 1.15122e-06 -1.10829e-07
101.7 1 5.51804e-07 -3.73516e-07 0 161.429 5.51805e-07 -3.73516e-07
102.3 1 7.43819e-08 -3.30249e-07 0 162.381 7.43819e-08 -3.30249e-07
102.9 1 -1.56068e-07 -1.76642e-07 0 163.333 -1.56068e-07 -1.76642e-07
103.5 1 -1.88589e-07 -3.98772e-08 0 164.286 -1.88589e-07 -3.98772e-08
104.1 1 -1.24922e-07 3.37287e-08 0 165.238 -1.24922e-07 3.37287e-08
104.7 1 -4.71027e-08 5.0711e-08 0 166.19 -4.71027e-08 5.0711e-08
105.3 1 4.74222e-09 3.70368e-08 0 167.143 4.74222e-09 3.70368e-08
105.9 1 2.44797e-08 1.61448e-08 0 168.095 2.44797e-08 1.61448e-08
106.5 1 2.27085e-08 7.97817e-10 0 169.048 2.27085e-08 7.97817e-10
107.1 1 1.26753e-08 -5.94195e-09 0 170 1.26753e-08 -5.94195e-09
107.7 1 3.30073e-09 -6.32395e-09 0 170.952 3.30073e-09 -6.32395e-09
108.3 1 -1.95986e-09 -3.89452e-09 0 171.905 -1.95986e-09 -3.89452e-09
108.9 1 -3.35036e-09 -1.28703e-09 0 172.857 -3.35036e-09 -1.28703e-09
109.5 1 -2.55844e-09 3.26485e-10 0 173.81 -2.55844e-09 3.26485e-10
110.1 1 -1.18201e-09 8.64677e-10 0 174.762 -1.18201e-09 8.64677e-10
110.7 1 -1.2618e-10 7.34521e-10 0 175.714 -1.2618e-10 7.34521e-10
111.3 1 3.63777e-10 3.79599e-10 0 176.667 3.63777e-10 3.79599e-10
111.9 1 4.17927e-10 7.67277e-11 0 177.619 4.17927e-10 7.67277e-11
112.5 1 2.69081e-10 -8.03257e-11 0 178.571 2.69081e-10 -8.03257e-11
113.1 1 9.71763e-11 -1.12445e-10 0 179.524 9.71763e-11 -1.12445e-10
113.7 1 -1.37109e-11 -7.95968e-11 0 180.476 -1.37109e-11 -7.95968e-11
114.3 1 -5.38253e-11 -3.33417e-11 0 181.429 -5.38253e-11 -3.33417e-11
114.9 1 -4.82278e-11 -5.52529e-13 0 182.381 -4.82278e-11 -5.52529e-13
115.5 1 -2.60834e-11 1.31878e-11 0 183.333 -2.60834e-11 1.31878e-11
116.1 1 -6.24464e-12 1.34134e-11 0 184.286 -6.24464e-12 1.34134e-11
116.7 1 4.4669e-12 7.97795e-12 0 185.238 4.4669e-12 7.97795e-12
117.3 1 7.009e-12 2.45569e-12 0 186.19 7.009e-12 2.45569e-12
117.9 1 5.15042e-12 -8.21575e-13 0 187.143 5.15042e-12 -8.21575e-13
118.5 1 2.25914e-12 -1.82238e-12 0 188.095 2.25914e-12 -1.82238e-12
119.1 1 1.43954e-13 -1.47607e-12 0 189.048 1.43954e-13 -1.47607e-12
119.7 1 -7.76401e-13 -7.22241e-13 0 190 -7.76401e-13 -7.22241e-13
120.3 1 -8.27165e-13 -1.1513e-13 0 190.952 -8.27165e-13 -1.1513e-13
120.9 1 -5.02921e-13 1.79583e-13 0 191.905 -5.02921e-13 1.79583e-13
121.5 1 -1.61604e-13 2.24278e-13 0 192.857 -1.61604e-13 2.24278e-13
122.1 1 4.39228e-14 1.48626e-13 0 193.81 4.39228e-14 1.48626e-13
122.7 1 1.08429e-13 5.58338e-14 0 194.762 1.08429e-13 5.58338e-14
123.3 1 8.8874e-14 -5.03561e-15 0 195.714 8.8874e-14 -5.03561e-15
123.9 1 4.36211e-14 -2.74493e-14 0 196.667 4.36211e-14 -2.74493e-14
124.5 1 7.12209e-15 -2.48349e-14 0 197.619 7.12209e-15 -2.48349e-14
125.1 1 -1.05032e-14 -1.33298e-14 0 198.571 -1.05032e-14 -1.33298e-14
125.7 1 -1.30663e-14 -3.09154e-15 0 199.524 -1.30663e-14 -3.09154e-15
126.3 1 -8.48582e-15 2.30123e-15 0 200.476 -8.48582e-15 2.30123e-15
126.9 1 -2.98989e-15 3.46114e-15 0 201.429 -2.98989e-15 3.46114e-15
127.5 1 5.65417e-16 2.52525e-15 0 202.381 5.65417e-16 2.52525e-15
128.1 1 1.72886e-15 1.01697e-15 0 203.333 1.72886e-15 1.01697e-15
128.7 1 1.49269e-15 -2.11342e-17 0 204.286 1.49269e-15 -2.11342e-17
129.3 1 8.34134e-16 -4.01021e-16 0 205.238 8.34134e-16 -4.01021e-16
129.9 1 2.54616e-16 -3.9189e-16 0 206.19 2.54616e-16 -3.9189e-16
130.5 1 -4.57707e-17 -2.24857e-16 0 207.143 -4.57707e-17 -2.24857e-16
131.1 1 -1.02419e-16 -5.42235e-17 0 208.095 -1.02419e-16 -5.42235e-17
131.7 1 -6.84472e-17 1.56413e-17 0 209.048 -6.84472e-17 1.56413e-17
132.3 1 -8.3848e-18 4.00386e-17 0 210 -8.3848e-18 4.00386e-17
132.9 1 1.38659e-17 1.79041e-17 0 210.952 1.38659e-17 1.79041e-17
133.5 1 1.01216e-17 -6.11088e-19 0 211.905 1.01216e-17 -6.11088e-19
134.1 1 2.06431e-18 -5.19677e-18 0 212.857 2.06431e-18 -5.19677e-18
134.7 1 -1.55322e-18 -2.85653e-18 0 213.81 -1.55322e-18 -2.85653e-18
135.3 1 -1.46829e-18 -2.52979e-19 0 214.762 -1.46829e-18 -2.52979e-19
135.9 1 -4.34885e-19 6.30637e-19 0 215.714 -4.34885e-19 6.30637e-19
136.5 1 1.45832e-19 4.37788e-19 0 216.667 1.45832e-19 4.37788e-19
137.1 1 2.03735e-19 8.43158e-20 0 217.619 2.03735e-19 8.43158e-20
137.7 1 7.95379e-20 -6.9608e-20 0 218.571 7.95379e-20 -6.9608e-20
138.3 1 -8.67382e-21 -6.34377e-20 0 219.524 -8.67382e-21 -6.34377e-20
138.9 1 -2.64911e-20 -1.8226e-20 0 220.476 -2.64911e-20 -1.8226e-20
139.5 1 -1.31022e-20 6.37837e-21 0 221.429 -1.31022e-20 6.37837e-21
140.1 1 -5.60779e-22 8.53554e-21 0 222.381 -5.60779e-22 8.53554e-21
140.7 1 3.13196e-21 3.2403e-21 0 223.333 3.13196e-21 3.2403e-21
141.3 1 1.94679e-21 -3.73106e-22 0 224.286 1.94679e-21 -3.73106e-22
141.9 1 2.9976e-22 -1.05236e-21 0 225.238 2.9976e-22 -1.05236e-21
142.5 1 -3.30304e-22 -4.99048e-22 0 226.19 -3.30304e-22 -4.99048e-22
143.1 1 -2.61846e-22 -1.14331e-23 0 227.143 -2.61846e-22 -1.14331e-23
143.7 1 -6.21486e-23 1.19925e-22 0 228.095 -6.21486e-23 1.19925e-22
144.3 1 3.15106e-23 6.8746e-23 0 229.048 3.15106e-23 6.8746e-23
144.9 1 3.26369e-23 7.32665e-24 0 230 3.26369e-23 7.32665e-24
145.5 1 9.68842e-24 -1.32316e-23 0 230.952 9.68842e-24 -1.32316e-23
146.1 1 -2.97658e-24 -8.85861e-24 0 231.905 -2.97658e-24 -8.85861e-24
146.7 1 -3.98008e-24 -1.33819e-24 0 232.857 -3.98008e-24 -1.33819e-24
147.3 1 -1.32029e-24 1.5438e-24 0 233.81 -1.32029e-24 1.5438e-24
147.9 1 3.3206e-25 1.14535e-24 0 234.762 3.3206e-25 1.14535e-24
148.5 1 5.14097e-25 1.92863e-25 0 235.714 5.14097e-25 1.92863e-25
149.1 1 1.7897e-25 -2.0379e-25 0 236.667 1.7897e-25 -2.0379e-25
149.7 1 -4.53641e-26 -1.60122e-25 0 237.619 -4.53641e-26 -1.60122e-25
150.3 1 -7.37928e-26 -2.94939e-26 0 238.571 -7.37928e-26 -2.94939e-26
150.9 1 -2.73325e-26 2.90366e-26 0 239.524 -2.73325e-26 2.90366e-26
151.5 1 5.9891e-27 2.46153e-26 0 240.476 5.9891e-27 2.46153e-26
152.1 1 1.13175e-26 5.58485e-27 0 241.429 1.13175e-26 5.58485e-27
152.7 1 4.77852e-27 -3.92667e-27 0 242.381 4.77852e-27 -3.92667e-27
153.3 1 -5.12462e-28 -3.92361e-27 0 243.333 -5.12462e-28 -3.92361e-27
153.9 1 -1.70041e-27 -1.1811e-27 0 244.286 -1.70041e-27 -1.1811e-27
154.5 1 -8.68634e-28 4.32128e-28 0 245.238 -8.68634e-28 4.32128e-28
155.1 1 -3.08029e-29 6.01225e-28 0 246.19 -3.08029e-29 6.01225e-28
155.7 1 2.31784e-28 2.39829e-28 0 247.143 2.31784e-28 2.39829e-28
156.3 1 1.50008e-28 -2.58484e-29 0 248.095 1.50008e-28 -2.58484e-29
156.9 1 2.56905e-29 -8.37526e-29 0 249.048 2.56905e-29 -8.37526e-29
157.5 1 -2.66505e-29 -4.38563e-29 0 250 -2.66505e-29 -4.38563e-29
158.1 1 -2.35299e-29 -3.38404e-30 0 250.952 -2.35299e-29 -3.38404e-30
158.7 1 -6.99953e-30 1.01097e-29 0 251.905 -6.99953e-30 1.01097e-29
159.3 1 2.2158e-30 7.11489e-30 0 252.857 2.2158e-30 7.11489e-30
159.9 1 3.27871e-30 1.57937e-30 0 253.81 3.27871e-30 1.57937e-30
160.5 1 1.40249e-30 -9.71258e-31 0 254.762 1.40249e-30 -9.71258e-31
161.1 1 -3.04726e-32 -1.01958e-30 0 255.714 -3.04726e-32 -1.01958e-30
161.7 1 -3.95956e-31 -3.60621e-31 0 256.667 -3.95956e-31 -3.60621e-31
162.3 1 -2.33355e-31 5.25452e-32 0 257.619 -2.33355e-31 5.25452e-32
162.9 1 -3.69528e-32 1.27572e-31 0 258.571 -3.69528e-32 1.27572e-31
163.5 1 3.9123e-32 6.35947e-32 0 259.524 3.9123e-32 6.35947e-32
164.1 1 3.34496e-32 5.13416e-33 0 260.476 3.34496e-32 5.13416e-33
164.7 1 1.00793e-32 -1.34462e-32 0 261.429 1.00793e-32 -1.34462e-32
165.3 1 -2.56614e-33 -9.45159e-33 0 262.381 -2.56614e-33 -9.45159e-33
165.9 1 -4.14581e-33 -2.24353e-33 0 263.333 -4.14581e-33 -2.24353e-33
166.5 1 -1.84396e-33 1.06408e-33 0 264.286 -1.84396e-33 1.06408e-33
167.1 1 -5.60151e-35 1.20913e-33 0 265.238 -5.60151e-35 1.20913e-33
167.7 1 4.3227e-34 4.56919e-34 0 266.19 4.3227e-34 4.56919e-34
168.3 1 2.73399e-34 -2.9468e-35 0 267.143 2.73399e-34 -2.9468e-35
168.9 1 5.59044e-35 -1.31391e-34 0 268.095 5.59044e-35 -1.31391e-34
169.5 1 -3.43239e-35 -7.10964e-35 0 269.048 -3.43239e-35 -7.10964e-35
170.1 1 -3.42378e-35 -1.00585e-35 0 270 -3.42378e-35 -1.00585e-35
170.7 1 -1.20034e-35 1.13647e-35 0 270.952 -1.20034e-35 1.13647e-35
171.3 1 1.1717e-36 9.17882e-36 0 271.905 1.1717e-36 9.17882e-36
171.9 1 3.5873e-36 2.7043e-36 0 272.857 3.5873e-36 2.7043e-36
172.5 1 1.84591e-36 -5.90869e-37 0 273.81 1.84591e-36 -5.90869e-37
173.1 1 2.41204e-37 -9.89142e-37 0 274.762 2.41204e-37 -9.89142e-37
173.7 1 -2.9208e-37 -4.4462e-37 0 275.714 -2.9208e-37 -4.4462e-37
174.3 1 -2.28902e-37 -3.15924e-38 0 276.667 -2.28902e-37 -3.15924e-38
174.9 1 -6.7494e-38 8.41031e-38 0 277.619 -6.7494e-38 8.41031e-38
175.5 1 1.27493e-38 5.67892e-38 0 278.571 1.27493e-38 5.67892e-38
176.1 1 2.2931e-38 1.43918e-38 0 279.524 2.2931e-38 1.43918e-38
176.7 1 1.07053e-38 -4.28492e-39 0 280.476 1.07053e-38 -4.28492e-39
177.3 1 1.21651e-39 -5.75735e-39 0 281.429 1.21651e-39 -5.75735e-39
177.9 1 -1.66146e-39 -2.48269e-39 0 282.381 -1.66146e-39 -2.48269e-39
178.5 1 -1.2709e-39 -2.22007e-40 0 283.333 -1.2709e-39 -2.22007e-40
179.1 1 -4.05576e-40 4.11111e-40 0 284.286 -4.05576e-40 4.11111e-40
179.7 1 3.14832e-41 3.02358e-40 0 285.238 3.14832e-41 3.02358e-40
180.3 1 1.10264e-40 9.89305e-41 0 286.19 1.10264e-40 9.89305e-41
180.9 1 6.36487e-41 -4.32619e-42 0 287.143 6.36487e-41 -4.32619e-42
181.5 1 1.63921e-41 -2.56601e-41 0 288.095 1.63921e-41 -2.56601e-41
182.1 1 -4.10359e-42 -1.64477e-41 0 289.048 -4.10359e-42 -1.64477e-41
182.7 1 -6.91289e-42 -5.13123e-42 0 290 -6.91289e-42 -5.13123e-42
183.3 1 -3.84088e-42 6.12927e-43 0 290.952 -3.84088e-42 6.12927e-43
183.9 1 -9.02487e-43 1.84326e-42 0 291.905 -9.02487e-43 1.84326e-42
184.5 1 4.16463e-43 1.1744e-42 0 292.857 4.16463e-43 1.1744e-42
185.1 1 5.59345e-43 3.22717e-43 0 293.81 5.59345e-43 3.22717e-43
185.7 1 2.81065e-43 -1.11787e-43 0 294.762 2.81065e-43 -1.11787e-43
186.3 1 3.59151e-44 -1.753e-43 0 295.714 3.59151e-44 -1.753e-43
186.9 1 -5.75142e-44 -9.03499e-44 0 296.667 -5.75142e-44 -9.03499e-44
187.5 1 -5.05481e-44 -1.09316e-44 0 297.619 -5.05481e-44 -1.09316e-44
188.1 1 -1.78395e-44 1.91275e-44 0 298.571 -1.78395e-44 1.91275e-44
188.7 1 2.65081e-45 1.61968e-44 0 299.524 2.65081e-45 1.61968e-44
189.3 1 6.97145e-45 5.31933e-45 0 300.476 6.97145e-45 5.31933e-45
189.9 1 3.88732e-45 -1.14164e-45 0 301.429 3.88732e-45 -1.14164e-45
190.5 1 5.73067e-46 -2.28421e-45 0 302.381 5.73067e-46 -2.28421e-45
191.1 1 -7.32136e-46 -1.17492e-45 0 303.333 -7.32136e-46 -1.17492e-45
191.7 1 -6.41437e-46 -1.19751e-46 0 304.286 -6.41437e-46 -1.19751e-46
192.3 1 -2.11217e-46 2.53094e-46 0 305.238 -2.11217e-46 2.53094e-46
192.9 1 4.27038e-47 1.97182e-46 0 306.19 4.27038e-47 1.97182e-46
193.5 1 8.62881e-47 5.664e-47 0 307.143 8.62881e-47 5.664e-47
194.1 1 4.3651e-47 -1.81156e-47 0 308.095 4.3651e-47 -1.81156e-47
194.7 1 4.25747e-48 -2.71251e-47 0 309.048 4.25747e-48 -2.71251e-47
195.3 1 -9.19614e-48 -1.23475e-47 0 310 -9.19614e-48 -1.23475e-47
195.9 1 -7.00813e-48 -4.95215e-49 0 310.952 -7.00813e-48 -4.95215e-49
196.5 1 -1.96875e-48 3.01178e-48 0 311.905 -1.96875e-48 3.01178e-48
197.1 1 6.31762e-49 2.03597e-48 0 312.857 6.31762e-49 2.03597e-48
197.7 1 9.23317e-49 4.82126e-49 0 313.81 9.23317e-49 4.82126e-49
198.3 1 4.14313e-49 -2.35246e-49 0 314.762 4.14313e-49 -2.35246e-49
198.9 1 1.73506e-50 -2.74322e-49 0 315.714 1.73506e-50 -2.74322e-49
199.5 1 -9.75123e-50 -1.10236e-49 0 316.667 -9.75123e-50 -1.10236e-49
200.1 1 -6.55092e-50 2.40788e-51 0 317.619 -6.55092e-50 2.40788e-51
200.7 1 -1.56794e-50 2.99617e-50 0 318.571 -1.56794e-50 2.99617e-50
201.3 1 7.06913e-51 1.80111e-50 0 319.524 7.06913e-51 1.80111e-50
201.9 1 8.39817e-51 3.53084e-51 0 320.476 8.39817e-51 3.53084e-51
202.5 1 3.41279e-51 -2.38141e-51 0 321.429 3.41279e-51 -2.38141e-51
203.1 1 -7.84324e-54 -2.36114e-51 0 322.381 -7.84324e-54 -2.36114e-51
203.7 1 -8.61029e-52 -8.58929e-52 0 323.333 -8.61029e-52 -8.58929e-52
204.3 1 -5.28611e-52 5.9566e-53 0 324.286 -5.28611e-52 5.9566e-53
204.9 1 -1.11662e-52 2.4914e-52 0 325.238 -1.11662e-52 2.4914e-52
205.5 1 6.16806e-53 1.37976e-52 0 326.19 6.16806e-53 1.37976e-52
206.1 1 6.51065e-53 2.34583e-53 0 327.143 6.51065e-53 2.34583e-53
206.7 1 2.47888e-53 -1.91974e-53 0 328.095 2.47888e-53 -1.91974e-53
207.3 1 -6.14982e-55 -1.73495e-53 0 329.048 -6.14982e-55 -1.73495e-53
207.9 1 -6.32671e-54 -5.94078e-54 0 330 -6.32671e-54 -5.94078e-54
208.5 1 -3.69758e-54 5.28247e-55 0 330.952 -3.69758e-54 5.28247e-55
209.1 1 -7.43601e-55 1.72476e-54 0 331.905 -7.43601e-55 1.72476e-54
209.7 1 4.19861e-55 9.18114e-55 0 332.857 4.19861e-55 9.18114e-55
210.3 1 4.27511e-55 1.51631e-55 0 333.81 4.27511e-55 1.51631e-55
210.9 1 1.60592e-55 -1.21193e-55 0 334.762 1.60592e-55 -1.21193e-55
211.5 1 -1.6631e-57 -1.07705e-55 0 335.714 -1.6631e-57 -1.07705e-55
212.1 1 -3.76974e-56 -3.70554e-56 0 336.667 -3.76974e-56 -3.70554e-56
212.7 1 -2.22888e-56 2.12372e-57 0 337.619 -2.22888e-56 2.12372e-57
213.3 1 -4.91329e-57 9.58207e-57 0 338.571 -4.91329e-57 9.58207e-57
213.9 1 2.02097e-57 5.26917e-57 0 339.524 2.02097e-57 5.26917e-57
214.5 1 2.3012e-57 1.0456e-57 0 340.476 2.3012e-57 1.0456e-57
215.1 1 9.40445e-58 -5.24117e-58 0 341.429 9.40445e-58 -5.24117e-58
215.7 1 6.58579e-59 -5.41336e-58 0 342.381 6.58579e-59 -5.41336e-58
216.3 1 -1.63192e-58 -2.13623e-58 0 343.333 -1.63192e-58 -2.13623e-58
216.9 1 -1.13127e-58 -1.39564e-59 0 344.286 -1.13127e-58 -1.39564e-59
217.5 1 -3.43162e-59 3.67022e-59 0 345.238 -3.43162e-59 3.67022e-59
218.1 1 2.85553e-60 2.54916e-59 0 346.19 2.85553e-60 2.54916e-59
218.7 1 9.04298e-60 8.13553e-60 0 347.143 9.04298e-60 8.13553e-60
219.3 1 5.10605e-60 -2.38064e-61 0 348.095 5.10605e-60 -2.38064e-61
219.9 1 1.3465e-60 -1.88607e-60 0 349.048 1.3465e-60 -1.88607e-60
220.5 1 -2.27359e-61 -1.19134e-60 0 350 -2.27359e-61 -1.19134e-60
221.1 1 -4.53234e-61 -3.84955e-61 0 350.952 -4.53234e-61 -3.84955e-61
221.7 1 -2.59526e-61 8.1562e-63 0 351.905 -2.59526e-61 8.1562e-63
222.3 1 -7.41551e-62 9.82337e-62 0 352.857 -7.41551e-62 9.82337e-62
222.9 1 1.12949e-62 6.86587e-62 0 353.81 1.12949e-62 6.86587e-62
223.5 1 2.70556e-62 2.44309e-62 0 354.762 2.70556e-62 2.44309e-62
224.1 1 1.65302e-62 -4.51928e-64 0 355.714 1.65302e-62 -4.51928e-64
224.7 1 4.65235e-63 -6.88864e-63 0 356.667 4.65235e-63 -6.88864e-63
225.3 1 -1.13216e-63 -4.78536e-63 0 357.619 -1.13216e-63 -4.78536e-63
225.9 1 -2.04799e-63 -1.49773e-63 0 358.571 -2.04799e-63 -1.49773e-63
226.5 1 -1.11587e-63 2.55112e-64 0 359.524 -1.11587e-63 2.55112e-64
227.1 1 -2.15539e-64 5.77513e-64 0 360.476 -2.15539e-64 5.77513e-64
227.7 1 1.51315e-64 3.22083e-64 0 361.429 1.51315e-64 3.22083e-64
228.3 1 1.58131e-64 6.20042e-65 0 362.381 1.58131e-64 6.20042e-65
228.9 1 6.48874e-65 -4.36835e-65 0 363.333 6.48874e-65 -4.36835e-65
229.5 1 1.34586e-66 -4.47012e-65 0 364.286 1.34586e-66 -4.47012e-65
230.1 1 -1.58683e-65 -1.76641e-65 0 365.238 -1.58683e-65 -1.76641e-65
230.7 1 -1.05506e-65 1.05701e-67 0 366.19 -1.05506e-65 1.05701e-67
231.3 1 -2.7045e-66 4.55327e-66 0 367.143 -2.7045e-66 4.55327e-66
231.9 1 9.44114e-67 2.8528e-66 0 368.095 9.44114e-67 2.8528e-66
232.5 1 1.27014e-66 6.53791e-67 0 369.048 1.27014e-66 6.53791e-67
233.1 1 5.59996e-67 -2.99643e-67 0 370 5.59996e-67 -2.99643e-67
233.7 1 3.52516e-68 -3.46955e-67 0 370.952 3.52516e-68 -3.46955e-67
234.3 1 -1.15176e-67 -1.40842e-67 0 371.905 -1.15176e-67 -1.40842e-67
234.9 1 -7.93859e-68 -2.20975e-69 0 372.857 -7.93859e-68 -2.20975e-69
235.5 1 -2.07814e-68 3.2618e-68 0 373.81 -2.07814e-68 3.2618e-68
236.1 1 6.3737e-69 2.03565e-68 0 374.762 6.3737e-69 2.03565e-68
236.7 1 8.81106e-69 4.55325e-69 0 375.714 8.81106e-69 4.55325e-69
237.3 1 3.80777e-69 -2.07121e-69 0 376.667 3.80777e-69 -2.07121e-69
237.9 1 2.15801e-70 -2.31187e-69 0 377.619 2.15801e-70 -2.31187e-69
238.5 1 -7.60423e-70 -8.96825e-70 0 378.571 -7.60423e-70 -8.96825e-70
239.1 1 -5.02938e-70 3.13131e-72 0 379.524 -5.02938e-70 3.13131e-72
239.7 1 -1.22847e-70 2.08596e-70 0 380.476 -1.22847e-70 2.08596e-70
240.3 1 4.27301e-71 1.2226e-70 0 381.429 4.27301e-71 1.2226e-70
240.9 1 5.31039e-71 2.42975e-71 0 382.381 5.31039e-71 2.42975e-71
241.5 1 2.14263e-71 -1.34426e-71 0 383.333 2.14263e-71 -1.34426e-71
242.1 1 5.55286e-73 -1.32818e-71 0 384.286 5.55286e-73 -1.32818e-71
242.7 1 -4.46161e-72 -4.69651e-72 0 385.238 -4.46161e-72 -4.69651e-72
243.3 1 -2.70123e-72 2.34218e-73 0 386.19 -2.70123e-72 2.34218e-73
243.9 1 -5.71288e-73 1.16776e-72 0 387.143 -5.71288e-73 1.16776e-72
244.5 1 2.63391e-73 6.15895e-73 0 388.095 2.63391e-73 6.15895e-73
245.1 1 2.73883e-73 9.68918e-74 0 389.048 2.73883e-73 9.68918e-74
245.7 1 9.84417e-74 -7.76599e-74 0 390 9.84417e-74 -7.76599e-74
246.3 1 -3.00037e-75 -6.42842e-74 0 390.952 -3.00037e-75 -6.42842e-74
246.9 1 -2.24929e-74 -1.94759e-74 0 391.905 -2.24929e-74 -1.94759e-74
247.5 1 -1.18728e-74 2.65684e-75 0 392.857 -1.18728e-74 2.65684e-75
248.1 1 -1.8873e-75 5.49577e-75 0 393.81 -1.8873e-75 5.49577e-75
248.7 1 1.40117e-75 2.45325e-75 0 394.762 1.40117e-75 2.45325e-75
249.3 1 1.14159e-75 2.1289e-76 0 395.714 1.14159e-75 2.1289e-76
249.9 1 3.32179e-76 -3.7625e-76 0 396.667 3.32179e-76 -3.7625e-76
250.5 1 -4.8805e-77 -2.40351e-76 0 397.619 -4.8805e-77 -2.40351e-76
251.1 1 -8.97804e-77 -5.20059e-77 0 398.571 -8.97804e-77 -5.20059e-77
251.7 1 -3.67629e-77 1.9173e-77 0 399.524 -3.67629e-77 1.9173e-77
252.3 1 -1.74775e-78 1.92536e-77 0 400.476 -1.74775e-78 1.92536e-77
252.9 1 5.82084e-78 5.84585e-78 0 401.429 5.82084e-78 5.84585e-78
253.5 1 3.05191e-78 -6.87754e-79 0 402.381 3.05191e-78 -6.87754e-79
254.1 1 3.73076e-79 -1.32129e-78 0 403.333 3.73076e-79 -1.32129e-78
254.7 1 -3.52357e-79 -4.37238e-79 0 404.286 -3.52357e-79 -4.37238e-79
255.3 1 -1.97563e-79 5.49491e-80 0 405.238 -1.97563e-79 5.49491e-80
255.9 1 -9.05314e-81 9.62709e-80 0 406.19 -9.05314e-81 9.62709e-80
256.5 1 3.36811e-80 2.0869e-80 0 407.143 3.36811e-80 2.0869e-80
257.1 1 1.22986e-80 -1.50091e-80 0 408.095 1.22986e-80 -1.50091e-80
257.7 1 -4.60988e-81 -1.14336e-80 0 409.048 -4.60988e-81 -1.14336e-80
258.3 1 -5.76713e-81 -8.77619e-82 0 410 -5.76713e-81 -8.77619e-82
258.9 1 -1.5606e-81 2.99783e-81 0 410.952 -1.5606e-81 2.99783e-81
259.5 1 8.96895e-82 1.94484e-81 0 411.905 8.96895e-82 1.94484e-81
260.1 1 9.95943e-82 2.51514e-82 0 412.857 9.95943e-82 2.51514e-82
260.7 1 3.36191e-82 -4.0913e-82 0 413.81 3.36191e-82 -4.0913e-82
261.3 1 -7.89683e-83 -3.16647e-82 0 414.762 -7.89683e-83 -3.16647e-82
261.9 1 -1.41175e-82 -7.90423e-83 0 415.714 -1.41175e-82 -7.90423e-83
262.5 1 -6.45276e-83 3.7394e-83 0 416.667 -6.45276e-83 3.7394e-83
263.1 1 -1.67285e-84 4.35301e-83 0 417.619 -1.67285e-84 4.35301e-83
263.7 1 1.58727e-83 1.6559e-83 0 418.571 1.58727e-83 1.6559e-83
264.3 1 1.00387e-83 -1.19726e-84 0 419.524 1.00387e-83 -1.19726e-84
264.9 1 2.01845e-84 -4.92065e-84 0 420.476 2.01845e-84 -4.92065e-84
265.5 1 -1.31104e-84 -2.65164e-84 0 421.429 -1.31104e-84 -2.65164e-84
266.1 1 -1.28915e-84 -3.64763e-85 0 422.381 -1.28915e-84 -3.64763e-85
266.7 1 -4.48012e-85 4.3462e-85 0 423.333 -4.48012e-85 4.3462e-85
267.3 1 4.78024e-86 3.47625e-85 0 424.286 4.78024e-86 3.47625e-85
267.9 1 1.37044e-85 1.01179e-85 0 425.238 1.37044e-85 1.01179e-85
268.5 1 6.98023e-86 -2.35956e-86 0 426.19 6.98023e-86 -2.35956e-86
269.1 1 8.55894e-87 -3.80722e-86 0 427.143 8.55894e-87 -3.80722e-86
269.7 1 -1.15169e-86 -1.68367e-86 0 428.095 -1.15169e-86 -1.68367e-86
270.3 1 -8.79914e-87 -9.25503e-88 0 429.048 -8.79914e-87 -9.25503e-88
270.9 1 -2.46645e-87 3.40145e-87 0 430 -2.46645e-87 3.40145e-87
271.5 1 6.07286e-88 2.20557e-87 0 430.952 6.07286e-88 2.20557e-87
272.1 1 9.27284e-88 4.99025e-88 0 431.905 9.27284e-88 4.99025e-88
272.7 1 4.00634e-88 -2.18064e-88 0 432.857 4.00634e-88 -2.18064e-88
273.3 1 2.00926e-89 -2.4131e-88 0 433.81 2.00926e-89 -2.4131e-88
273.9 1 -7.99697e-89 -9.01316e-89 0 434.762 -7.99697e-89 -9.01316e-89
274.5 1 -5.09221e-89 2.7367e-90 0 435.714 -5.09221e-89 2.7367e-90
275.1 1 -1.1317e-89 2.20049e-89 0 436.667 -1.1317e-89 2.20049e-89
275.7 1 4.96829e-90 1.207e-89 0 437.619 4.96829e-90 1.207e-89
276.3 1 5.40812e-90 1.99924e-90 0 438.571 5.40812e-90 1.99924e-90
276.9 1 1.99624e-90 -1.55479e-90 0 439.524 1.99624e-90 -1.55479e-90
277.5 1 -6.18205e-92 -1.33751e-90 0 440.476 -6.18205e-92 -1.33751e-90
278.1 1 -4.79516e-91 -4.19757e-91 0 441.429 -4.79516e-91 -4.19757e-91
278.7 1 -2.60486e-91 5.65492e-92 0 442.381 -2.60486e-91 5.65492e-92
279.3 1 -4.27394e-92 1.24932e-91 0 443.333 -4.27394e-92 1.24932e-91
279.9 1 3.30058e-92 5.8672e-92 0 444.286 3.30058e-92 5.8672e-92
280.5 1 2.81527e-92 5.93569e-93 0 445.238 2.81527e-92 5.93569e-93
281.1 1 8.7638e-93 -9.46207e-93 0 446.19 8.7638e-93 -9.46207e-93
281.7 1 -1.17235e-93 -6.65238e-93 0 447.143 -1.17235e-93 -6.65238e-93
282.3 1 -2.56874e-93 -1.70479e-93 0 448.095 -2.56874e-93 -1.70479e-93
282.9 1 -1.19693e-93 4.79072e-94 0 449.048 -1.19693e-93 4.79072e-94
283.5 1 -1.1986e-94 6.38208e-94 0 450 -1.1986e-94 6.38208e-94
284.1 1 1.90431e-94 2.55838e-94 0 450.952 1.90431e-94 2.55838e-94
284.7 1 1.32789e-94 6.6194e-96 0 451.905 1.32789e-94 6.6194e-96
285.3 1 3.3715e-95 -5.10779e-95 0 452.857 3.3715e-95 -5.10779e-95
285.9 1 -9.4817e-96 -3.00064e-95 0 453.81 -9.4817e-96 -3.00064e-95
286.5 1 -1.24876e-95 -5.89255e-96 0 454.762 -1.24876e-95 -5.89255e-96
287.1 1 -4.95812e-96 3.07926e-96 0 455.714 -4.95812e-96 3.07926e-96
287.7 1 -9.75034e-98 2.95539e-96 0 456.667 -9.75034e-98 2.95539e-96
288.3 1 1.04226e-96 1.0535e-96 0 457.619 1.04226e-96 1.0535e-96
288.9 1 4.40533e-97 2.53381e-97 0 458.571 4.40533e-97 2.53381e-97
289.5 1 -1.19862e-96 -4.95761e-98 0 459.524 -1.19862e-96 -4.95761e-98
290.1 1 -2.53731e-96 -4.14958e-96 0 460.476 -2.53731e-96 -4.14958e-96
290.7 1 1.00892e-95 -1.64132e-95 0 461.429 1.00892e-95 -1.64132e-95
291.3 1 6.98384e-95 -1.76076e-97 0 462.381 6.98384e-95 -1.76076e-97
291.9 1 1.06029e-94 2.23901e-94 0 463.333 1.06029e-94 2.23901e-94
292.5 1 -5.66571e-94 7.848e-94 0 464.286 -5.66571e-94 7.848e-94
293.1 1 -3.39821e-93 -2.22512e-94 0 465.238 -3.39821e-93 -2.22512e-94
293.7 1 -4.54544e-93 -1.10557e-92 0 466.19 -4.54544e-93 -1.10557e-92
294.3 1 2.79254e-92 -3.5805e-92 0 467.143 2.79254e-92 -3.5805e-92
294.9 1 1.55783e-91 1.65526e-92 0 468.095 1.55783e-91 1.65526e-92
295.5 1 1.89786e-91 5.11969e-91 0 469.048 1.89786e-91 5.11969e-91
296.1 1 -1.29679e-90 1.56951e-90 0 470 -1.29679e-90 1.56951e-90
296.7 1 -6.85849e-90 -9.64661e-91 0 470.952 -6.85849e-90 -9.64661e-91
297.3 1 -7.60074e-90 -2.28173e-89 0 471.905 -7.60074e-90 -2.28173e-89
297.9 1 5.83925e-89 -6.65539e-89 0 472.857 5.83925e-89 -6.65539e-89
298.5 1 2.93365e-88 5.22533e-89 0 473.81 2.93365e-88 5.22533e-89
299.1 1 2.888e-88 9.92788e-88 0 474.762 2.888e-88 9.92788e-88
299.7 1 -2.58711e-87 2.74417e-87 0 475.714 -2.58711e-87 2.74417e-87
