-299.7 2 1.92486e-125 5.22987e-124 0 -658.681 3.84972e-125 1.04597e-123
-299.1 2 -5.66081e-124 1.31784e-123 0 -657.363 -1.13216e-123 2.63568e-123
-298.5 2 -3.00938e-123 3.99024e-124 0 -656.044 -6.01876e-123 7.98048e-124
-297.9 2 -5.47561e-123 -6.20167e-123 0 -654.725 -1.09512e-122 -1.24033e-122
-297.3 2 2.24329e-123 -1.95129e-122 0 -653.407 4.48658e-123 -3.90257e-122
-296.7 2 3.82855e-122 -1.85228e-122 0 -652.088 7.65711e-122 -3.70455e-122
-296.1 2 9.43276e-122 6.16905e-122 0 -650.769 1.88655e-121 1.23381e-121
-295.5 2 4.18097e-122 2.80583e-121 0 -649.451 8.36193e-122 5.61166e-121
-294.9 2 -4.30548e-121 4.27583e-121 0 -648.132 -8.61095e-121 8.55166e-121
-294.3 2 -1.44812e-120 -4.30436e-121 0 -646.813 -2.89623e-120 -8.60872e-121
-293.7 2 -1.56017e-120 -3.68131e-120 0 -645.495 -3.12034e-120 -7.36262e-120
-293.1 2 4.0091e-120 -7.80603e-120 0 -644.176 8.01821e-120 -1.56121e-119
-292.5 2 2.02186e-119 -5.54368e-121 0 -642.857 4.04372e-119 -1.10874e-120
-291.9 2 3.33817e-119 4.34825e-119 0 -641.538 6.67635e-119 8.6965e-119
-291.3 2 -2.31944e-119 1.24606e-118 0 -640.22 -4.63888e-119 2.49211e-118
-290.7 2 -2.56686e-118 9.75817e-119 0 -638.901 -5.13372e-118 1.95163e-118
-290.1 2 -5.82828e-118 -4.43646e-118 0 -637.582 -1.16566e-117 -8.87292e-118
-289.5 2 -1.52998e-118 -1.79623e-117 0 -636.264 -3.05996e-118 -3.59246e-117
-288.9 2 2.91058e-117 -2.46183e-117 0 -634.945 5.82117e-117 -4.92365e-117
-288.3 2 8.9775e-117 3.42145e-117 0 -633.626 1.7955e-116 6.84289e-117
-287.7 2 8.36041e-117 2.35768e-116 0 -632.308 1.67208e-116 4.71537e-116
-287.1 2 -2.79295e-116 4.60204e-116 0 -630.989 -5.58589e-116 9.20407e-116
-286.5 2 -1.25169e-115 -6.43483e-117 0 -629.67 -2.50338e-115 -1.28697e-116
-285.9 2 -1.88728e-115 -2.79529e-115 0 -628.352 -3.77457e-115 -5.59058e-115
-285.3 2 1.86782e-115 -7.38683e-115 0 -627.033 3.73563e-115 -1.47737e-114
-284.7 2 1.58695e-114 -4.62352e-115 0 -625.714 3.17391e-114 -9.24704e-115
-284.1 2 3.33798e-114 2.901e-114 0 -624.396 6.67596e-114 5.802e-114
-283.5 2 2.7201e-115 1.0639e-113 0 -623.077 5.44019e-115 2.1278e-113
-282.9 2 -1.80736e-113 1.30383e-113 0 -621.758 -3.61472e-113 2.60765e-113
-282.3 2 -5.14535e-113 -2.39354e-113 0 -620.44 -1.02907e-112 -4.78707e-113
-281.7 2 -4.03777e-113 -1.39399e-112 0 -619.121 -8.07554e-113 -2.78799e-112
-281.1 2 1.77516e-112 -2.49867e-112 0 -617.802 3.55032e-112 -4.99734e-112
-280.5 2 7.15296e-112 9.35842e-113 0 -616.484 1.43059e-111 1.87168e-112
-279.9 2 9.75058e-112 1.65673e-111 0 -615.165 1.95012e-111 3.31345e-111
-279.3 2 -1.31594e-111 4.03137e-111 0 -613.846 -2.63189e-111 8.06274e-111
-278.7 2 -9.05382e-111 1.82356e-111 0 -612.527 -1.81076e-110 3.64711e-111
-278.1 2 -1.75121e-110 -1.74661e-110 0 -611.209 -3.50241e-110 -3.49323e-110
-277.5 2 2.34959e-111 -5.80213e-110 0 -609.89 4.69918e-111 -1.16043e-109
-276.9 2 1.03667e-109 -6.18199e-110 0 -608.571 2.07333e-109 -1.2364e-109
-276.3 2 2.70518e-109 1.52788e-109 0 -607.253 5.41035e-109 3.05577e-109
-275.7 2 1.65315e-109 7.59864e-109 0 -605.934 3.30629e-109 1.51973e-108
-275.1 2 -1.04376e-108 1.22888e-108 0 -604.615 -2.08752e-108 2.45776e-108
-274.5 2 -3.75746e-108 -8.45509e-109 0 -603.297 -7.51493e-108 -1.69102e-108
-273.9 2 -4.48136e-108 -9.07719e-108 0 -601.978 -8.96272e-108 -1.81544e-107
-273.3 2 8.47872e-108 -2.00353e-107 0 -600.659 1.69574e-107 -4.00707e-107
-272.7 2 4.76426e-107 -4.54371e-108 0 -599.341 9.52852e-107 -9.08742e-108
-272.1 2 8.27764e-107 9.76125e-107 0 -598.022 1.65553e-106 1.95225e-106
-271.5 2 -3.65074e-107 2.89448e-106 0 -596.703 -7.30148e-107 5.78895e-106
-270.9 2 -5.51284e-106 2.49511e-106 0 -595.385 -1.10257e-105 4.99022e-106
-270.3 2 -1.29097e-105 -9.06483e-106 0 -594.066 -2.58193e-105 -1.81297e-105
-269.7 2 -4.80993e-106 -3.80849e-105 0 -592.747 -9.61986e-106 -7.61699e-105
-269.1 2 5.72782e-105 -5.33381e-105 0 -591.429 1.14556e-104 -1.06676e-104
-268.5 2 1.8037e-104 6.34477e-105 0 -590.11 3.60741e-104 1.26895e-104
-267.9 2 1.74302e-104 4.60279e-104 0 -588.791 3.48604e-104 9.20558e-104
-267.3 2 -5.09037e-104 8.92392e-104 0 -587.473 -1.01807e-103 1.78478e-103
-266.7 2 -2.30819e-103 -9.80989e-105 0 -586.154 -4.61637e-103 -1.96198e-104
-266.1 2 -3.43249e-103 -5.08768e-103 0 -584.835 -6.86498e-103 -1.01754e-102
-265.5 2 3.2704e-103 -1.30824e-102 0 -583.516 6.5408e-103 -2.61647e-102
-264.9 2 2.72273e-102 -7.52245e-103 0 -582.198 5.44545e-102 -1.50449e-102
-264.3 2 5.50339e-102 5.03717e-102 0 -580.879 1.10068e-101 1.00743e-101
-263.7 2 3.10564e-104 1.74674e-101 0 -579.56 6.21128e-104 3.49347e-101
-263.1 2 -2.9449e-101 1.94274e-101 0 -578.242 -5.8898e-101 3.88548e-101
-262.5 2 -7.83981e-101 -4.20686e-101 0 -576.923 -1.56796e-100 -8.41372e-101
-261.9 2 -5.03435e-101 -2.1572e-100 0 -575.604 -1.00687e-100 -4.3144e-100
-261.3 2 2.85786e-100 -3.46577e-100 0 -574.286 5.71572e-100 -6.93153e-100
-260.7 2 1.02494e-99 2.35765e-100 0 -572.967 2.04988e-99 4.7153e-100
-260.1 2 1.18343e-99 2.47347e-99 0 -571.648 2.36686e-99 4.94694e-99
-259.5 2 -2.33914e-99 5.27131e-99 0 -570.33 -4.67829e-99 1.05426e-98
-258.9 2 -1.24633e-98 7.17583e-100 0 -569.011 -2.49267e-98 1.43517e-99
-258.3 2 -2.03587e-98 -2.61658e-98 0 -567.692 -4.07174e-98 -5.23316e-98
-257.7 2 1.27092e-98 -7.26094e-98 0 -566.374 2.54184e-98 -1.45219e-97
-257.1 2 1.4142e-97 -5.16668e-98 0 -565.055 2.82841e-97 -1.03334e-97
-256.5 2 3.0334e-97 2.49853e-97 0 -563.736 6.06679e-97 4.99706e-97
-255.9 2 4.49126e-98 9.2841e-97 0 -562.418 8.98251e-98 1.85682e-96
-255.3 2 -1.48848e-96 1.10513e-96 0 -561.099 -2.97697e-96 2.21027e-96
-254.7 2 -4.12565e-96 -2.02699e-96 0 -559.78 -8.2513e-96 -4.05397e-96
-254.1 2 -2.89626e-96 -1.11363e-95 0 -558.462 -5.79252e-96 -2.22725e-95
-253.5 2 1.42432e-95 -1.83198e-95 0 -557.143 2.84864e-95 -3.66396e-95
-252.9 2 5.23661e-95 1.11083e-95 0 -555.824 1.04732e-94 2.22166e-95
-252.3 2 6.10569e-95 1.25584e-94 0 -554.505 1.22114e-94 2.51169e-94
-251.7 2 -1.17383e-94 2.67768e-94 0 -553.187 -2.34766e-94 5.35536e-94
-251.1 2 -6.26201e-94 3.32725e-95 0 -551.868 -1.2524e-93 6.65449e-95
-250.5 2 -1.00565e-93 -1.32388e-93 0 -550.549 -2.0113e-93 -2.64777e-93
-249.9 2 6.88813e-94 -3.60495e-93 0 -549.231 1.37763e-93 -7.20989e-93
-249.3 2 7.0675e-93 -2.36827e-93 0 -547.912 1.4135e-92 -4.73654e-93
-248.7 2 1.46516e-92 1.282e-92 0 -546.593 2.93032e-92 2.564e-92
-248.1 2 7.49157e-94 4.55511e-92 0 -545.275 1.49831e-93 9.11022e-92
-247.5 2 -7.48928e-92 5.02862e-92 0 -543.956 -1.49786e-91 1.00572e-91
-246.9 2 -1.96955e-91 -1.09158e-91 0 -542.637 -3.9391e-91 -2.18316e-91
-246.3 2 -1.15093e-91 -5.44533e-91 0 -541.319 -2.30187e-91 -1.08907e-90
-245.7 2 7.34009e-91 -8.29751e-91 0 -540 1.46802e-90 -1.6595e-90
-245.1 2 2.48745e-90 7.14464e-91 0 -538.681 4.97489e-90 1.42893e-90
-244.5 2 2.55341e-90 6.16845e-90 0 -537.363 5.10682e-90 1.23369e-89
-243.9 2 -6.42361e-90 1.20912e-89 0 -536.044 -1.28472e-89 2.41825e-89
-243.3 2 -2.97501e-89 -1.18064e-90 0 -534.725 -5.95002e-89 -2.36128e-90
-242.7 2 -4.2674e-89 -6.59771e-89 0 -533.407 -8.5348e-89 -1.31954e-88
-242.1 2 4.55874e-89 -1.62446e-88 0 -532.088 9.11749e-89 -3.24892e-88
-241.5 2 3.37775e-88 -7.18058e-89 0 -530.769 6.7555e-88 -1.43612e-88
-240.9 2 6.24117e-88 6.59828e-88 0 -529.451 1.24823e-87 1.31966e-87
-240.3 2 -1.61168e-88 2.05095e-87 0 -528.132 -3.22335e-88 4.10191e-87
-239.7 2 -3.63583e-87 1.79571e-87 0 -526.813 -7.27166e-87 3.59142e-87
-239.1 2 -8.38486e-87 -6.04552e-87 0 -525.495 -1.67697e-86 -1.2091e-86
-238.5 2 -2.47209e-87 -2.45748e-86 0 -524.176 -4.94417e-87 -4.91495e-86
-237.9 2 3.69285e-86 -3.09423e-86 0 -522.857 7.38571e-86 -6.18846e-86
-237.3 2 1.05797e-85 4.84665e-86 0 -521.538 2.11594e-85 9.6933e-86
-236.7 2 7.64891e-86 2.81101e-85 0 -520.22 1.52978e-85 5.62202e-85
-236.1 2 -3.50644e-85 4.57241e-85 0 -518.901 -7.01288e-85 9.14481e-85
-235.5 2 -1.27001e-84 -2.95858e-85 0 -517.582 -2.54002e-84 -5.91717e-85
-234.9 2 -1.37875e-84 -3.0831e-84 0 -516.264 -2.7575e-84 -6.16621e-84
-234.3 2 3.05683e-84 -6.17859e-84 0 -514.945 6.11367e-84 -1.23572e-83
-233.7 2 1.46456e-83 3.91517e-85 0 -513.626 2.92911e-83 7.83033e-85
-233.1 2 2.07209e-83 3.25642e-83 0 -512.308 4.14417e-83 6.51284e-83
-232.5 2 -2.34828e-83 7.86901e-83 0 -510.989 -4.69656e-83 1.5738e-82
-231.9 2 -1.63733e-82 2.8119e-83 0 -509.67 -3.27467e-82 5.62379e-83
-231.3 2 -2.83398e-82 -3.32834e-82 0 -508.352 -5.66796e-82 -6.65669e-82
-230.7 2 1.39804e-82 -9.6303e-82 0 -507.033 2.79607e-82 -1.92606e-81
-230.1 2 1.7916e-81 -6.62665e-82 0 -505.714 3.5832e-81 -1.32533e-81
-229.5 2 3.67073e-81 3.30788e-81 0 -504.396 7.34145e-81 6.61576e-81
-228.9 2 -2.10691e-82 1.14977e-80 0 -503.077 -4.21382e-82 2.29954e-80
-228.3 2 -1.93654e-80 1.11183e-80 0 -501.758 -3.87307e-80 2.22366e-80
-227.7 2 -4.61506e-80 -3.20327e-80 0 -500.44 -9.23012e-80 -6.40654e-80
-227.1 2 -1.25883e-80 -1.3557e-79 0 -499.121 -2.51766e-80 -2.71141e-79
-226.5 2 2.08097e-79 -1.65171e-79 0 -497.802 4.16193e-79 -3.30343e-79
-225.9 2 5.72716e-79 3.00046e-79 0 -496.484 1.14543e-78 6.00092e-79
-225.3 2 3.14243e-79 1.59197e-78 0 -495.165 6.28486e-79 3.18394e-78
-224.7 2 -2.22267e-78 2.32588e-78 0 -493.846 -4.44534e-78 4.65175e-78
-224.1 2 -7.08234e-78 -2.63742e-78 0 -492.527 -1.41647e-77 -5.27485e-78
-223.5 2 -5.67874e-78 -1.86669e-77 0 -491.209 -1.13575e-77 -3.73339e-77
-222.9 2 2.33582e-77 -3.1953e-77 0 -489.89 4.67165e-77 -6.39061e-77
-222.3 2 8.74375e-77 1.98394e-77 0 -488.571 1.74875e-76 3.96789e-77
-221.7 2 9.19715e-77 2.17729e-76 0 -487.253 1.83943e-76 4.35458e-76
-221.1 2 -2.3616e-76 4.32594e-76 0 -485.934 -4.72319e-76 8.65188e-76
-220.5 2 -1.07259e-75 -8.39226e-77 0 -484.615 -2.14517e-75 -1.67845e-76
-219.9 2 -1.40564e-75 -2.50335e-75 0 -483.297 -2.81128e-75 -5.00671e-75
-219.3 2 2.20794e-75 -5.76847e-75 0 -481.978 4.41587e-75 -1.15369e-74
-218.7 2 1.29626e-74 -1.04354e-75 0 -480.659 2.59252e-74 -2.08708e-75
-218.1 2 2.05485e-74 2.80384e-74 0 -479.341 4.1097e-74 5.60767e-74
-217.5 2 -1.76282e-74 7.53748e-74 0 -478.022 -3.52564e-74 1.5075e-73
-216.9 2 -1.52994e-73 3.90717e-74 0 -476.703 -3.05989e-73 7.81433e-74
-216.3 2 -2.8807e-73 -3.02208e-73 0 -475.385 -5.7614e-73 -6.04415e-73
-215.7 2 9.19316e-74 -9.60177e-73 0 -474.066 1.83863e-73 -1.92035e-72
-215.1 2 1.75265e-72 -7.93391e-73 0 -472.747 3.5053e-72 -1.58678e-72
-214.5 2 3.87824e-72 3.09914e-72 0 -471.429 7.75649e-72 6.19828e-72
-213.9 2 3.98396e-73 1.18985e-71 0 -470.11 7.96792e-73 2.37969e-71
-213.3 2 -1.94526e-71 1.32198e-71 0 -468.791 -3.89053e-71 2.64396e-71
-212.7 2 -5.03479e-71 -2.99059e-71 0 -467.473 -1.00696e-70 -5.98118e-71
-212.1 2 -2.22823e-71 -1.43762e-70 0 -466.154 -4.45646e-71 -2.87524e-70
-211.5 2 2.09921e-70 -1.98254e-70 0 -464.835 4.19842e-70 -3.96509e-70
-210.9 2 6.35577e-70 2.67493e-70 0 -463.516 1.27115e-69 5.34986e-70
-210.3 2 4.60663e-70 1.70557e-69 0 -462.198 9.21326e-70 3.41113e-69
-209.7 2 -2.21987e-69 2.79332e-69 0 -460.879 -4.43973e-69 5.58663e-69
-209.1 2 -7.89898e-69 -2.13738e-69 0 -459.56 -1.5798e-68 -4.27477e-69
-208.5 2 -7.66289e-69 -2.00723e-68 0 -458.242 -1.53258e-68 -4.01446e-68
-207.9 2 2.31608e-68 -3.80911e-68 0 -456.923 4.63216e-68 -7.61822e-68
-207.3 2 9.79761e-68 1.31484e-68 0 -455.604 1.95952e-67 2.62967e-68
-206.7 2 1.17592e-67 2.36443e-67 0 -454.286 2.35184e-67 4.72887e-67
-206.1 2 -2.36842e-67 5.14453e-67 0 -452.967 -4.73685e-67 1.02891e-66
-205.5 2 -1.22419e-66 -1.13593e-70 0 -451.648 -2.44838e-66 -2.27186e-70
-204.9 2 -1.76223e-66 -2.79072e-66 0 -450.33 -3.52445e-66 -5.58144e-66
-204.3 2 2.27614e-66 -6.97752e-66 0 -449.011 4.55229e-66 -1.3955e-65
-203.7 2 1.53884e-65 -2.26303e-66 0 -447.692 3.07768e-65 -4.52607e-66
-203.1 2 2.63683e-65 3.25853e-65 0 -446.374 5.27366e-65 6.51707e-65
-202.5 2 -1.79609e-65 9.51073e-65 0 -445.055 -3.59217e-65 1.90215e-64
-201.9 2 -1.91829e-64 6.26029e-65 0 -443.736 -3.83659e-64 1.25206e-64
-201.3 2 -3.93039e-64 -3.65491e-64 0 -442.418 -7.86078e-64 -7.30981e-64
-200.7 2 5.02741e-65 -1.2874e-63 0 -441.099 1.00548e-64 -2.57479e-63
-200.1 2 2.31226e-63 -1.30485e-63 0 -439.78 4.62453e-63 -2.6097e-63
-199.5 2 5.74181e-63 3.74057e-63 0 -438.462 1.14836e-62 7.48114e-63
-198.9 2 2.19004e-63 1.69709e-62 0 -437.143 4.38009e-63 3.39419e-62
-198.3 2 -2.60362e-62 2.37209e-62 0 -435.824 -5.20723e-62 4.74418e-62
-197.7 2 -8.05866e-62 -3.13739e-62 0 -434.505 -1.61173e-61 -6.27477e-62
-197.1 2 -6.90853e-62 -2.13065e-61 0 -433.187 -1.38171e-61 -4.26131e-61
-196.5 2 2.60091e-61 -3.89491e-61 0 -431.868 5.20183e-61 -7.78983e-61
-195.9 2 1.06677e-60 1.37163e-61 0 -430.549 2.13355e-60 2.74325e-61
-195.3 2 1.40884e-60 2.48663e-60 0 -429.231 2.81767e-60 4.97326e-60
-194.7 2 -2.05931e-60 5.83801e-60 0 -427.912 -4.11862e-60 1.1676e-59
-194.1 2 -1.30923e-59 2.00935e-60 0 -426.593 -2.61846e-59 4.01871e-60
-193.5 2 -2.36709e-59 -2.61402e-59 0 -425.275 -4.73418e-59 -5.22805e-59
-192.9 2 7.38167e-60 -8.00743e-59 0 -423.956 1.47633e-59 -1.60149e-58
-192.3 2 1.46017e-58 -7.25513e-59 0 -422.637 2.92034e-58 -1.45103e-58
-191.7 2 3.48227e-58 2.33679e-58 0 -421.319 6.96454e-58 4.67357e-58
-191.1 2 1.50933e-58 1.00267e-57 0 -420 3.01866e-58 2.00533e-57
-190.5 2 -1.43307e-57 1.42094e-57 0 -418.681 -2.86614e-57 2.84188e-57
-189.9 2 -4.5816e-57 -1.50191e-57 0 -417.363 -9.16319e-57 -3.00382e-57
-189.3 2 -4.63726e-57 -1.1373e-56 0 -416.044 -9.27452e-57 -2.27461e-56
-188.7 2 1.15126e-56 -2.21644e-56 0 -414.725 2.30251e-56 -4.43289e-56
-188.1 2 5.42053e-56 4.20325e-58 0 -413.407 1.08411e-55 8.4065e-58
-187.5 2 8.33729e-56 1.14881e-55 0 -412.088 1.66746e-55 2.29762e-55
-186.9 2 -5.7793e-56 2.98633e-55 0 -410.769 -1.15586e-55 5.97266e-55
-186.3 2 -5.73599e-55 1.9675e-55 0 -409.451 -1.1472e-54 3.935e-55
-185.7 2 -1.20412e-54 -9.94895e-55 0 -408.132 -2.40825e-54 -1.98979e-54
-185.1 2 -2.56994e-55 -3.5713e-54 0 -406.813 -5.13988e-55 -7.14259e-54
-184.5 2 5.32753e-54 -4.28362e-54 0 -405.495 1.06551e-53 -8.56725e-54
-183.9 2 1.50243e-53 6.65217e-54 0 -404.176 3.00486e-53 1.33043e-53
-183.3 2 1.24587e-53 3.82031e-53 0 -402.857 2.49174e-53 7.64062e-53
-182.7 2 -4.14299e-53 6.52543e-53 0 -401.538 -8.28599e-53 1.30509e-52
-182.1 2 -1.66029e-52 -1.93947e-53 0 -400.22 -3.32058e-52 -3.87893e-53
-181.5 2 -2.21837e-52 -3.64301e-52 0 -398.901 -4.43674e-52 -7.28601e-52
-180.9 2 2.33441e-52 -8.26566e-52 0 -397.582 4.66882e-52 -1.65313e-51
-180.3 2 1.63767e-51 -3.40766e-52 0 -396.264 3.27534e-51 -6.81532e-52
-179.7 2 2.98486e-51 3.05441e-51 0 -394.945 5.96972e-51 6.10883e-51
-179.1 2 -2.5168e-52 9.16554e-51 0 -393.626 -5.0336e-52 1.83311e-50
-178.5 2 -1.44279e-50 8.34137e-51 0 -392.308 -2.88559e-50 1.66827e-50
-177.9 2 -3.39849e-50 -2.19141e-50 0 -390.989 -6.79698e-50 -4.38282e-50
-177.3 2 -1.64084e-50 -9.11026e-50 0 -389.67 -3.28168e-50 -1.82205e-49
-176.7 2 1.13855e-49 -1.18645e-49 0 -388.352 2.27709e-49 -2.37289e-49
-176.1 2 3.41553e-49 1.28684e-49 0 -387.033 6.83105e-49 2.57368e-49
-175.5 2 2.91026e-49 8.2903e-49 0 -385.714 5.82052e-49 1.65806e-48
-174.9 2 -8.29453e-49 1.33979e-48 0 -384.396 -1.65891e-48 2.67957e-48
-174.3 2 -3.1293e-48 -6.01861e-49 0 -383.077 -6.25861e-48 -1.20372e-48
-173.7 2 -3.31877e-48 -7.18421e-48 0 -381.758 -6.63754e-48 -1.43684e-47
-173.1 2 6.30449e-48 -1.30631e-47 0 -380.44 1.2609e-47 -2.61262e-47
-172.5 2 2.759e-47 3.34853e-48 0 -379.121 5.518e-47 6.69707e-48
-171.9 2 2.94366e-47 6.43095e-47 0 -377.802 5.88733e-47 1.28619e-46
-171.3 2 -6.26401e-47 1.17543e-46 0 -376.484 -1.2528e-46 2.35086e-46
-170.7 2 -2.59023e-46 -5.38292e-47 0 -375.165 -5.18046e-46 -1.07658e-46
-170.1 2 -2.20089e-46 -6.62319e-46 0 -373.846 -4.40179e-46 -1.32464e-45
-169.5 2 8.36565e-46 -1.09416e-45 0 -372.527 1.67313e-45 -2.18832e-45
-168.9 2 2.88352e-45 1.07601e-45 0 -371.209 5.76704e-45 2.15202e-45
-168.3 2 1.75165e-45 8.08937e-45 0 -369.89 3.5033e-45 1.61787e-44
-167.7 2 -1.19768e-44 1.22477e-44 0 -368.571 -2.39535e-44 2.44954e-44
-167.1 2 -3.78119e-44 -1.64056e-44 0 -367.253 -7.56238e-44 -3.28113e-44
-166.5 2 -2.31604e-44 -1.07418e-43 0 -365.934 -4.63208e-44 -2.14836e-43
-165.9 2 1.57301e-43 -1.69317e-43 0 -364.615 3.14602e-43 -3.38635e-43
-165.3 2 5.24513e-43 1.82846e-43 0 -363.297 1.04903e-42 3.65691e-43
-164.7 2 4.45392e-43 1.40466e-42 0 -361.978 8.90783e-43 2.80933e-42
-164.1 2 -1.78518e-42 2.5451e-42 0 -360.659 -3.57037e-42 5.0902e-42
-163.5 2 -7.04679e-42 -1.2497e-42 0 -359.341 -1.40936e-41 -2.4994e-42
-162.9 2 -8.384e-42 -1.71274e-41 0 -358.022 -1.6768e-41 -3.42548e-41
-162.3 2 1.66204e-41 -3.72399e-41 0 -356.703 3.32409e-41 -7.44798e-41
-161.7 2 8.8112e-41 -3.62701e-42 0 -355.385 1.76224e-40 -7.25403e-42
-161.1 2 1.38942e-40 1.89662e-40 0 -354.066 2.77884e-40 3.79324e-40
-160.5 2 -1.0817e-40 5.0762e-40 0 -352.747 -2.16341e-40 1.01524e-39
-159.9 2 -1.00995e-39 3.07427e-40 0 -351.429 -2.01989e-39 6.14854e-40
-159.3 2 -2.03607e-39 -1.86431e-39 0 -350.11 -4.07214e-39 -3.72862e-39
-158.7 2 5.08379e-42 -6.38019e-39 0 -348.791 1.01676e-41 -1.27604e-38
-158.1 2 1.05058e-38 -6.71855e-39 0 -347.473 2.10115e-38 -1.34371e-38
-157.5 2 2.68605e-38 1.55523e-38 0 -346.154 5.3721e-38 3.11047e-38
-156.9 2 1.50983e-38 7.39085e-38 0 -344.835 3.01966e-38 1.47817e-37
-156.3 2 -9.74727e-38 1.09166e-37 0 -343.516 -1.94945e-37 2.18331e-37
-155.7 2 -3.23465e-37 -9.55568e-38 0 -342.198 -6.4693e-37 -1.91114e-37
-155.1 2 -3.31289e-37 -7.88963e-37 0 -340.879 -6.62578e-37 -1.57793e-36
-154.5 2 7.73329e-37 -1.51395e-36 0 -339.56 1.54666e-36 -3.02789e-36
-153.9 2 3.58557e-36 1.0507e-37 0 -338.242 7.17114e-36 2.10141e-37
-153.3 2 5.18487e-36 7.7328e-36 0 -336.923 1.03697e-35 1.54656e-35
-152.7 2 -4.60303e-36 1.88061e-35 0 -335.604 -9.20605e-36 3.76122e-35
-152.1 2 -3.67241e-35 9.06074e-36 0 -334.286 -7.34482e-35 1.81215e-35
-151.5 2 -6.87782e-35 -6.89053e-35 0 -332.967 -1.37556e-34 -1.37811e-34
-150.9 2 7.2063e-36 -2.14065e-34 0 -331.648 1.44126e-35 -4.28129e-34
-150.3 2 3.47744e-34 -1.95211e-34 0 -330.33 6.95489e-34 -3.90422e-34
-149.7 2 8.1701e-34 5.46678e-34 0 -329.011 1.63402e-33 1.09336e-33
-149.1 2 3.38606e-34 2.26319e-33 0 -327.692 6.77211e-34 4.52639e-33
-148.5 2 -3.04193e-33 2.89876e-33 0 -326.374 -6.08385e-33 5.79751e-33
-147.9 2 -8.92699e-33 -3.68781e-33 0 -325.055 -1.7854e-32 -7.37561e-33
-147.3 2 -7.14795e-33 -2.24789e-32 0 -323.736 -1.42959e-32 -4.49577e-32
-146.7 2 2.4612e-32 -3.63881e-32 0 -322.418 4.9224e-32 -7.27762e-32
-146.1 2 9.14815e-32 1.85075e-32 0 -321.099 1.82963e-31 3.70149e-32
-145.5 2 1.01182e-31 2.12771e-31 0 -319.78 2.02365e-31 4.25541e-31
-144.9 2 -1.86056e-31 4.12631e-31 0 -318.462 -3.72112e-31 8.25262e-31
-144.3 2 -8.97832e-31 -2.37786e-32 0 -317.143 -1.79566e-30 -4.75572e-32
-143.7 2 -1.2124e-30 -1.96074e-30 0 -315.824 -2.4248e-30 -3.92147e-30
-143.1 2 1.35575e-30 -4.39463e-30 0 -314.505 2.71151e-30 -8.78926e-30
-142.5 2 8.66516e-30 -9.78008e-31 0 -313.187 1.73303e-29 -1.95602e-30
-141.9 2 1.3335e-29 1.81118e-29 0 -311.868 2.667e-29 3.62236e-29
-141.3 2 -1.0119e-29 4.54627e-29 0 -310.549 -2.02381e-29 9.09253e-29
-140.7 2 -8.47058e-29 1.79437e-29 0 -309.231 -1.69412e-28 3.58875e-29
-140.1 2 -1.41984e-28 -1.72613e-28 0 -307.912 -2.83968e-28 -3.45226e-28
-139.5 2 8.20452e-29 -4.71334e-28 0 -306.593 1.6409e-28 -9.42669e-28
-138.9 2 8.57061e-28 -2.37343e-28 0 -305.275 1.71412e-27 -4.74686e-28
-138.3 2 1.52492e-27 1.7187e-27 0 -303.956 3.04984e-27 3.43741e-27
-137.7 2 -7.08394e-28 5.00441e-27 0 -302.637 -1.41679e-27 1.00088e-26
-137.1 2 -8.99423e-27 2.96194e-27 0 -301.319 -1.79885e-26 5.92387e-27
-136.5 2 -1.6884e-26 -1.76709e-26 0 -300 -3.3768e-26 -3.53418e-26
-135.9 2 5.77842e-27 -5.46456e-26 0 -298.681 1.15568e-26 -1.09291e-25
-135.3 2 9.63765e-26 -3.77635e-26 0 -297.363 1.92753e-25 -7.5527e-26
-134.7 2 1.92224e-25 1.83072e-25 0 -296.044 3.84447e-25 3.66145e-25
-134.1 2 -3.5425e-26 6.07175e-25 0 -294.725 -7.085e-26 1.21435e-24
-133.5 2 -1.03473e-24 4.91869e-25 0 -293.407 -2.06947e-24 9.83737e-25
-132.9 2 -2.21414e-24 -1.87405e-24 0 -292.088 -4.42827e-24 -3.7481e-24
-132.3 2 1.31559e-26 -6.77117e-24 0 -290.769 2.63118e-26 -1.35423e-23
-131.7 2 1.10167e-23 -6.37523e-24 0 -289.451 2.20335e-23 -1.27505e-23
-131.1 2 2.5453e-23 1.88204e-23 0 -288.132 5.09059e-23 3.76407e-23
-130.5 2 4.31834e-24 7.522e-23 0 -286.813 8.63667e-24 1.5044e-22
-129.9 2 -1.16267e-22 8.09265e-23 0 -285.495 -2.32534e-22 1.61853e-22
-129.3 2 -2.90817e-22 -1.85689e-22 0 -284.176 -5.81633e-22 -3.71377e-22
-128.7 2 -9.67047e-23 -8.31985e-22 0 -282.857 -1.93409e-22 -1.66397e-21
-128.1 2 1.22021e-21 -1.00623e-21 0 -281.538 2.44042e-21 -2.01246e-21
-127.5 2 3.30892e-21 1.80093e-21 0 -280.22 6.61784e-21 3.60186e-21
-126.9 2 1.60572e-21 9.17785e-21 0 -278.901 3.21145e-21 1.83557e-20
-126.3 2 -1.27333e-20 1.2332e-20 0 -277.582 -2.54666e-20 2.4664e-20
-125.7 2 -3.75313e-20 -1.70416e-20 0 -276.264 -7.50625e-20 -3.40833e-20
-125.1 2 -2.37529e-20 -1.00888e-19 0 -274.945 -4.75058e-20 -2.01776e-19
-124.5 2 1.31502e-19 -1.49335e-19 0 -273.626 2.63004e-19 -2.9867e-19
-123.9 2 4.23025e-19 1.55082e-19 0 -272.308 8.46051e-19 3.10163e-19
-123.3 2 3.27788e-19 1.10104e-18 0 -270.989 6.55576e-19 2.20209e-18
-122.7 2 -1.33728e-18 1.7799e-18 0 -269.67 -2.67456e-18 3.55981e-18
-122.1 2 -4.71014e-18 -1.33745e-18 0 -268.352 -9.42028e-18 -2.67491e-18
-121.5 2 -4.26164e-18 -1.18742e-17 0 -267.033 -8.52328e-18 -2.37485e-17
-120.9 2 1.33389e-17 -2.06987e-17 0 -265.714 2.66778e-17 -4.13975e-17
-120.3 2 5.12676e-17 1.08529e-17 0 -264.396 1.02535e-16 2.17058e-17
-119.7 2 5.16581e-17 1.25393e-16 0 -263.077 1.03316e-16 2.50786e-16
-119.1 2 -1.29304e-16 2.29463e-16 0 -261.758 -2.58607e-16 4.58925e-16
-118.5 2 -5.2712e-16 4.4429e-16 0 -260.44 -1.05424e-15 8.8858e-16
-117.9 2 -1.33081e-15 3.38298e-16 0 -259.121 -2.66162e-15 6.76595e-16
-117.3 2 -2.18488e-15 -3.36045e-16 0 -257.802 -4.36975e-15 -6.72089e-16
-116.7 2 -2.07536e-15 -2.04285e-15 0 -256.484 -4.15073e-15 -4.0857e-15
-116.1 2 8.66315e-16 -4.08425e-15 0 -255.165 1.73263e-15 -8.16849e-15
-115.5 2 7.96511e-15 -4.38751e-15 0 -253.846 1.59302e-14 -8.77502e-15
-114.9 2 1.70874e-14 -1.0343e-16 0 -252.527 3.41749e-14 -2.06859e-16
-114.3 2 2.08462e-14 1.11907e-14 0 -251.209 4.16925e-14 2.23815e-14
-113.7 2 6.32641e-15 2.72247e-14 0 -249.89 1.26528e-14 5.44494e-14
-113.1 2 -3.82664e-14 3.65841e-14 0 -248.571 -7.65329e-14 7.31682e-14
-112.5 2 -1.08012e-13 1.81855e-14 0 -247.253 -2.16025e-13 3.6371e-14
-111.9 2 -1.6139e-13 -4.89921e-14 0 -245.934 -3.2278e-13 -9.79843e-14
-111.3 2 -1.12753e-13 -1.62982e-13 0 -244.615 -2.25505e-13 -3.25964e-13
-110.7 2 1.37477e-13 -2.67171e-13 0 -243.297 2.74955e-13 -5.34343e-13
-110.1 2 6.13655e-13 -2.33213e-13 0 -241.978 1.22731e-12 -4.66427e-13
-109.5 2 1.12884e-12 1.03043e-13 0 -240.659 2.25768e-12 2.06086e-13
-108.9 2 1.18306e-12 8.18385e-13 0 -239.341 2.36612e-12 1.63677e-12
-108.3 2 4.9531e-14 1.70019e-12 0 -238.022 9.90621e-14 3.40038e-12
-107.7 2 -2.78217e-12 2.06724e-12 0 -236.703 -5.56434e-12 4.13447e-12
-107.1 2 -6.77712e-12 8.27418e-13 0 -235.385 -1.35542e-11 1.65484e-12
-106.5 2 -9.46736e-12 -2.9793e-12 0 -234.066 -1.89347e-11 -5.95861e-12
-105.9 2 -6.31333e-12 -9.05353e-12 0 -232.747 -1.26267e-11 -1.81071e-11
-105.3 2 7.56638e-12 -1.44788e-11 0 -231.429 1.51328e-11 -2.89575e-11
-104.7 2 3.30707e-11 -1.3138e-11 0 -230.11 6.61414e-11 -2.6276e-11
-104.1 2 6.10367e-11 2.57807e-12 0 -228.791 1.22073e-10 5.15613e-12
-103.5 2 6.79462e-11 3.65504e-11 0 -227.473 1.35892e-10 7.31009e-11
-102.9 2 1.96295e-11 8.07219e-11 0 -226.154 3.92591e-11 1.61444e-10
-102.3 2 -1.10638e-10 1.07722e-10 0 -224.835 -2.21276e-10 2.15443e-10
-101.7 2 -3.08601e-10 7.18375e-11 0 -223.516 -6.17201e-10 1.43675e-10
-101.1 2 -4.81449e-10 -7.28453e-11 0 -222.198 -9.62899e-10 -1.45691e-10
-100.5 2 -4.44306e-10 -3.33105e-10 0 -220.879 -8.88612e-10 -6.66211e-10
-99.9 2 2.98023e-11 -6.25372e-10 0 -219.56 5.96047e-11 -1.25074e-09
-99.3 2 1.06635e-09 -7.41895e-10 0 -218.242 2.13271e-09 -1.48379e-09
-98.7 2 2.46634e-09 -3.80723e-10 0 -216.923 4.93267e-09 -7.61445e-10
-98.1 2 3.49805e-09 7.16206e-10 0 -215.604 6.9961e-09 1.43241e-09
-97.5 2 2.88668e-09 2.51132e-09 0 -214.286 5.77336e-09 5.02263e-09
-96.9 2 -7.78485e-10 4.38213e-09 0 -212.967 -1.55697e-09 8.76426e-09
-96.3 2 -8.09392e-09 4.97453e-09 0 -211.648 -1.61878e-08 9.94907e-09
-95.7 2 -1.75067e-08 2.44935e-09 0 -210.33 -3.50134e-08 4.89869e-09
-95.1 2 -2.41944e-08 -4.67119e-09 0 -209.011 -4.83888e-08 -9.34237e-09
-94.5 2 -2.01907e-08 -1.60813e-08 0 -207.692 -4.03813e-08 -3.21626e-08
-93.9 2 3.10942e-09 -2.81399e-08 0 -206.374 6.21884e-09 -5.62798e-08
-93.3 2 4.95204e-08 -3.31243e-08 0 -205.055 9.90408e-08 -6.62487e-08
-92.7 2 1.10661e-07 -2.05163e-08 0 -203.736 2.21321e-07 -4.10326e-08
-92.1 2 1.59689e-07 1.87153e-08 0 -202.418 3.19378e-07 3.74306e-08
-91.5 2 1.51322e-07 8.49552e-08 0 -201.099 3.02645e-07 1.6991e-07
-90.9 2 3.37153e-08 1.61907e-07 0 -199.78 6.74306e-08 3.23814e-07
-90.3 2 -2.2485e-07 2.11819e-07 0 -198.462 -4.497e-07 4.23638e-07
-89.7 2 -5.98085e-07 1.79433e-07 0 -197.143 -1.19617e-06 3.58866e-07
-89.1 2 -9.65779e-07 9.26465e-09 0 -195.824 -1.93156e-06 1.85293e-08
-88.5 2 -1.10226e-06 -3.23186e-07 0 -194.505 -2.20451e-06 -6.46372e-07
-87.9 2 -7.1513e-07 -7.72865e-07 0 -193.187 -1.43026e-06 -1.54573e-06
-87.3 2 4.47768e-07 -1.1943e-06 0 -191.868 8.95535e-07 -2.38859e-06
-86.7 2 2.42869e-06 -1.33977e-06 0 -190.549 4.85738e-06 -2.67953e-06
-86.1 1.99999 4.86914e-06 -9.07431e-07 0 -189.231 9.73825e-06 -1.81486e-06
-85.5 1.99999 6.87873e-06 3.50624e-07 0 -187.912 1.37574e-05 7.01246e-07
-84.9 1.99999 7.06953e-06 2.47241e-06 0 -186.593 1.4139e-05 4.94479e-06
-84.3 2 3.85179e-06 5.12309e-06 0 -185.275 7.70356e-06 1.02461e-05
-83.7 2.00001 -3.97262e-06 7.49248e-06 0 -183.956 -7.94526e-06 1.4985e-05
-83.1 2.00002 -1.63922e-05 8.3316e-06 0 -182.637 -3.27847e-05 1.66634e-05
-82.5 2.00004 -3.13551e-05 6.1906e-06 0 -181.319 -6.27114e-05 1.23815e-05
-81.9 2.00006 -4.42609e-05 -1.29238e-07 0 -180 -8.85243e-05 -2.58483e-07
-81.3 2.00006 -4.81593e-05 -1.09721e-05 0 -178.681 -9.63216e-05 -2.19449e-05
-80.7 2.00004 -3.49654e-05 -2.52196e-05 0 -177.363 -6.99323e-05 -5.04403e-05
-80.1 1.99999 2.22129e-06 -3.98875e-05 0 -176.044 4.44257e-06 -7.97747e-05
-79.5 1.99991 6.59556e-05 -5.01499e-05 0 -174.725 0.000131905 -0.000100295
-78.9 1.9998 0.0001511 -4.99601e-05 0 -173.407 0.000302168 -9.99099e-05
-78.3 1.99968 0.000242282 -3.33015e-05 0 -172.088 0.000484484 -6.65921e-05
-77.7 1.99958 0.000313278 4.0766e-06 0 -170.769 0.000626426 8.1515e-06
-77.1 1.99957 0.000329268 6.27538e-05 0 -169.451 0.000658394 0.000125481
-76.5 1.99968 0.000252415 0.000138041 0 -168.132 0.000504749 0.000276037
-75.9 1.99996 5.04713e-05 0.00021922 0 -166.813 0.00010094 0.00043843
-75.3 2.00043 -0.000292857 0.000290076 0 -165.495 -0.000585839 0.000580275
-74.7 2.00108 -0.000767838 0.000331117 0 -164.176 -0.0015365 0.000662591
-74.1 2.00185 -0.00133189 0.000322803 0 -162.857 -0.00266625 0.000646202
-73.5 2.00263 -0.0019081 0.000249222 0 -161.538 -0.00382122 0.0004991
-72.9 2.00328 -0.00238999 0.000101283 0 -160.22 -0.00478781 0.000202899
-72.3 2.00363 -0.0026522 -0.000121538 0 -158.901 -0.00531402 -0.000243517
-71.7 2.00348 -0.00256487 -0.000411181 0 -157.582 -0.00513868 -0.000823794
-71.1 2.00268 -0.00200869 -0.000752592 0 -156.264 -0.00402278 -0.0015072
-70.5 2.0011 -0.000887845 -0.00112646 0 -154.945 -0.00177666 -0.00225415
-69.9 1.99863 0.000861624 -0.00151155 0 -153.626 0.00172206 -0.00302103
-69.3 1.99523 0.00326777 -0.00188697 0 -152.308 0.00651998 -0.00376495
-68.7 1.99094 0.00632054 -0.00224075 0 -150.989 0.0125838 -0.00446119
-68.1 1.98578 0.00998508 -0.00256454 0 -149.67 0.0198282 -0.00509262
-67.5 1.97984 0.0142111 -0.0028541 0 -148.352 0.0281357 -0.00565067
-66.9 1.97321 0.0189391 -0.00310881 0 -147.033 0.0373707 -0.00613433
-66.3 1.96596 0.024107 -0.00333013 0 -145.714 0.0473934 -0.0065469
-65.7 1.9582 0.0296547 -0.00352089 0 -144.396 0.0580697 -0.00689461
-65.1 1.94999 0.0355267 -0.00368451 0 -143.077 0.0692768 -0.00718478
-64.5 1.94142 0.0416733 -0.00382449 0 -141.758 0.0809056 -0.00742495
-63.9 1.93255 0.0480514 -0.00394416 0 -140.44 0.0928615 -0.00762227
-63.3 1.92342 0.0546235 -0.00404651 0 -139.121 0.105064 -0.00778314
-62.7 1.91409 0.0613579 -0.00413417 0 -137.802 0.117445 -0.00791319
-62.1 1.9046 0.0682278 -0.00420941 0 -136.484 0.129946 -0.00801722
-61.5 1.89497 0.0752103 -0.0042741 0 -135.165 0.142521 -0.00809928
-60.9 1.88523 0.0822862 -0.00432984 0 -133.846 0.155129 -0.00816277
-60.3 1.87542 0.0894392 -0.00437794 0 -132.527 0.167736 -0.00821048
-59.7 1.86554 0.0966555 -0.00441947 0 -131.209 0.180315 -0.00824472
-59.1 1.85562 0.103923 -0.00445532 0 -129.89 0.192842 -0.00826739
-58.5 1.84567 0.111232 -0.00448619 0 -128.571 0.205297 -0.00828004
-57.9 1.83571 0.118572 -0.00451267 0 -127.253 0.217664 -0.00828393
-57.3 1.82573 0.125937 -0.00453522 0 -125.934 0.229927 -0.00828009
-56.7 1.81576 0.13332 -0.00455422 0 -124.615 0.242076 -0.00826937
-56.1 1.8058 0.140713 -0.00456997 0 -123.297 0.2541 -0.00825246
-55.5 1.79586 0.148113 -0.00458271 0 -121.978 0.265989 -0.00822991
-54.9 1.78595 0.155512 -0.00459262 0 -120.659 0.277737 -0.00820216
-54.3 1.77606 0.162908 -0.00459982 0 -119.341 0.289335 -0.00816958
-53.7 1.76622 0.170294 -0.00460442 0 -118.022 0.300778 -0.00813243
-53.1 1.75642 0.177668 -0.00460646 0 -116.703 0.31206 -0.0080909
-52.5 1.74668 0.185024 -0.00460596 0 -115.385 0.323177 -0.00804513
-51.9 1.73698 0.192359 -0.00460293 0 -114.066 0.334124 -0.00799521
-51.3 1.72735 0.199668 -0.00459731 0 -112.747 0.344897 -0.00794117
-50.7 1.71778 0.206949 -0.00458907 0 -111.429 0.355493 -0.00788303
-50.1 1.70829 0.214195 -0.00457811 0 -110.11 0.365907 -0.00782073
-49.5 1.69886 0.221404 -0.00456435 0 -108.791 0.376135 -0.00775421
-48.9 1.68952 0.228571 -0.00454766 0 -107.473 0.386176 -0.00768336
-48.3 1.68026 0.235692 -0.0045279 0 -106.154 0.396025 -0.00760807
-47.7 1.6711 0.242762 -0.00450492 0 -104.835 0.40568 -0.00752816
-47.1 1.66203 0.249777 -0.00447853 0 -103.516 0.415136 -0.00744345
-46.5 1.65306 0.25673 -0.00444856 0 -102.198 0.424392 -0.00735374
-45.9 1.64421 0.263618 -0.00441478 0 -100.879 0.433443 -0.0072588
-45.3 1.63546 0.270435 -0.00437698 0 -99.5604 0.442286 -0.00715839
-44.7 1.62684 0.277175 -0.00433493 0 -98.2418 0.450919 -0.00705225
-44.1 1.61835 0.283831 -0.00428839 0 -96.9231 0.459338 -0.00694011
-43.5 1.60999 0.290398 -0.0042371 0 -95.6044 0.467539 -0.0068217
-42.9 1.60178 0.296869 -0.00418082 0 -94.2857 0.475518 -0.00669675
-42.3 1.59372 0.303236 -0.00411928 0 -92.967 0.483273 -0.00656498
-41.7 1.58582 0.309493 -0.00405226 0 -91.6484 0.4908 -0.00642614
-41.1 1.57809 0.315631 -0.0039795 0 -90.3297 0.498094 -0.00627999
-40.5 1.57053 0.321644 -0.00390079 0 -89.011 0.505151 -0.00612631
-39.9 1.56316 0.327522 -0.00381595 0 -87.6923 0.51197 -0.00596494
-39.3 1.55599 0.333257 -0.0037248 0 -86.3736 0.518544 -0.00579575
-38.7 1.54902 0.33884 -0.00362726 0 -85.0549 0.524871 -0.0056187
-38.1 1.54227 0.344264 -0.00352325 0 -83.7363 0.530948 -0.0054338
-37.5 1.53574 0.349518 -0.00341279 0 -82.4176 0.53677 -0.00524116
-36.9 1.52945 0.354595 -0.00329596 0 -81.0989 0.542334 -0.00504101
-36.3 1.5234 0.359485 -0.00317295 0 -79.7802 0.547639 -0.00483367
-35.7 1.5176 0.364181 -0.00304404 0 -78.4615 0.552681 -0.00461963
-35.1 1.51206 0.368675 -0.0029096 0 -77.1429 0.55746 -0.00439948
-34.5 1.50679 0.37296 -0.00277013 0 -75.8242 0.561972 -0.00417401
-33.9 1.50179 0.37703 -0.00262627 0 -74.5055 0.56622 -0.00394411
-33.3 1.49707 0.380878 -0.00247875 0 -73.1868 0.570202 -0.00371086
-32.7 1.49263 0.384501 -0.00232842 0 -71.8681 0.57392 -0.00347548
-32.1 1.48848 0.387896 -0.00217624 0 -70.5495 0.577377 -0.0032393
-31.5 1.48462 0.391061 -0.00202327 0 -69.2308 0.580576 -0.00300378
-30.9 1.48104 0.393996 -0.00187062 0 -67.9121 0.583522 -0.00277045
-30.3 1.47774 0.396702 -0.00171944 0 -66.5934 0.586222 -0.00254089
-29.7 1.47472 0.399182 -0.00157092 0 -65.2747 0.588682 -0.00231667
-29.1 1.47197 0.401442 -0.00142622 0 -63.956 0.590911 -0.00209935
-28.5 1.46948 0.403488 -0.00128643 0 -62.6374 0.592918 -0.00189038
-27.9 1.46724 0.405328 -0.00115258 0 -61.3187 0.594715 -0.00169112
-27.3 1.46525 0.40697 -0.00102558 0 -60 0.596313 -0.00150273
-26.7 1.46348 0.408427 -0.000906192 0 -58.6813 0.597724 -0.00132619
-26.1 1.46192 0.409709 -0.000795019 0 -57.3626 0.598962 -0.00116225
-25.5 1.46056 0.410828 -0.000692488 0 -56.044 0.60004 -0.00101142
-24.9 1.45938 0.411799 -0.000598847 0 -54.7253 0.600971 -0.000873946
-24.3 1.45837 0.412634 -0.000514166 0 -53.4066 0.60177 -0.000749842
-23.7 1.4575 0.413346 -0.000438345 0 -52.0879 0.602451 -0.000638887
-23.1 1.45676 0.413948 -0.000371135 0 -50.7692 0.603025 -0.000540655
-22.5 1.45615 0.414454 -0.000312155 0 -49.4505 0.603506 -0.000454543
-21.9 1.45563 0.414875 -0.000260921 0 -48.1319 0.603905 -0.000379804
-21.3 1.45521 0.415222 -0.000216866 0 -46.8132 0.604234 -0.000315585
-20.7 1.45486 0.415506 -0.000179374 0 -45.4945 0.604503 -0.000260964
-20.1 1.45457 0.415737 -0.000147795 0 -44.1758 0.60472 -0.000214979
-19.5 1.45435 0.415922 -0.000121477 0 -42.8571 0.604894 -0.000176669
-18.9 1.45416 0.416069 -9.97768e-05 0 -41.5385 0.605032 -0.000145092
-18.3 1.45402 0.416185 -8.20826e-05 0 -40.2198 0.605141 -0.00011935
-17.7 1.4539 0.416276 -6.7822e-05 0 -38.9011 0.605225 -9.86066e-05
-17.1 1.45381 0.416346 -5.6471e-05 0 -37.5824 0.60529 -8.20982e-05
-16.5 1.45374 0.4164 -4.75582e-05 0 -36.2637 0.605339 -6.91374e-05
-15.9 1.45369 0.41644 -4.06663e-05 0 -34.9451 0.605376 -5.91162e-05
-15.3 1.45365 0.416471 -3.5431e-05 0 -33.6264 0.605402 -5.15043e-05
-14.7 1.45362 0.416493 -3.15378e-05 0 -32.3077 0.605422 -4.58439e-05
-14.1 1.45359 0.416509 -2.8718e-05 0 -30.989 0.605435 -4.17443e-05
-13.5 1.45358 0.41652 -2.67439e-05 0 -29.6703 0.605444 -3.88743e-05
-12.9 1.45356 0.416528 -2.54233e-05 0 -28.3516 0.605449 -3.69544e-05
-12.3 1.45355 0.416533 -2.45938e-05 0 -27.033 0.605452 -3.57484e-05
-11.7 1.45354 0.416536 -2.41163e-05 0 -25.7143 0.605453 -3.50542e-05
-11.1 1.45354 0.416537 -2.38683e-05 0 -24.3956 0.605453 -3.46935e-05
-10.5 1.45353 0.416538 -2.37361e-05 0 -23.0769 0.605452 -3.45011e-05
-9.9 1.45353 0.416538 -2.36067e-05 0 -21.7582 0.60545 -3.43131e-05
-9.3 1.45353 0.416537 -2.3359e-05 0 -20.4396 0.605448 -3.39529e-05
-8.7 1.45352 0.416536 -2.2853e-05 0 -19.1209 0.605445 -3.32174e-05
-8.1 1.45352 0.416535 -2.19191e-05 0 -17.8022 0.605442 -3.18599e-05
-7.5 1.45352 0.416534 -2.03447e-05 0 -16.4835 0.60544 -2.95714e-05
-6.9 1.45352 0.416533 -1.78592e-05 0 -15.1648 0.605437 -2.59585e-05
-6.3 1.45351 0.416532 -1.41159e-05 0 -13.8462 0.605434 -2.05177e-05
-5.7 1.45351 0.41653 -8.6713e-06 0 -12.5275 0.605431 -1.26038e-05
-5.1 1.45351 0.416529 -9.59694e-07 0 -11.2088 0.605429 -1.39493e-06
-4.5 1.45351 0.416527 9.73522e-06 0 -9.89011 0.605427 1.41502e-05
-3.9 1.45351 0.416526 2.4313e-05 0 -8.57143 0.605425 3.53392e-05
-3.3 1.45351 0.416525 4.38923e-05 0 -7.25275 0.605424 6.3798e-05
-2.7 1.45351 0.416523 6.98498e-05 0 -5.93407 0.605422 0.000101528
-2.1 1.45352 0.416522 0.00010386 0 -4.61538 0.605422 0.000150962
-1.5 1.45352 0.41652 0.000147935 0 -3.2967 0.605422 0.000215027
-0.9 1.45353 0.416519 0.000204464 0 -1.97802 0.605423 0.000297195
-0.3 1.45354 0.416517 0.000276243 0 -0.659341 0.605425 0.000401531
0.3 1.45355 0.416516 0.000366504 0 0.659341 0.605428 0.000532733
0.9 1.45357 0.416514 0.000478921 0 1.97802 0.605432 0.000696145
1.5 1.45359 0.416513 0.000617611 0 3.2967 0.605438 0.000897753
2.1 1.45361 0.416511 0.000787104 0 4.61538 0.605445 0.00114414
2.7 1.45364 0.416509 0.00099229 0 5.93407 0.605454 0.00144243
3.3 1.45367 0.416508 0.00123834 0 7.25275 0.605465 0.00180013
3.9 1.45371 0.416506 0.00153057 0 8.57143 0.605477 0.002225
4.5 1.45375 0.416504 0.00187432 0 9.89011 0.605492 0.00272479
5.1 1.45379 0.416502 0.00227474 0 11.2088 0.605507 0.00330699
5.7 1.45384 0.4165 0.00273654 0 12.5275 0.605525 0.0039785
6.3 1.45389 0.416499 0.0032638 0 13.8462 0.605543 0.00474521
6.9 1.45394 0.416496 0.00385961 0 15.1648 0.605562 0.00561166
7.5 1.454 0.416494 0.00452584 0 16.4835 0.605582 0.00658056
8.1 1.45405 0.416492 0.00526279 0 17.8022 0.605602 0.00765238
8.7 1.45411 0.41649 0.00606896 0 19.1209 0.60562 0.00882491
9.3 1.45415 0.416488 0.00694075 0 20.4396 0.605637 0.0100929
9.9 1.4542 0.416485 0.00787229 0 21.7582 0.605652 0.0114479
10.5 1.45423 0.416483 0.00885529 0 23.0769 0.605664 0.0128777
11.1 1.45426 0.416481 0.00987901 0 24.3956 0.605671 0.0143666
11.7 1.45427 0.416478 0.0109303 0 25.7143 0.605674 0.0158957
12.3 1.45428 0.416476 0.0119938 0 27.033 0.605671 0.0174423
12.9 1.45426 0.416473 0.0130521 0 28.3516 0.605661 0.0189812
13.5 1.45423 0.41647 0.0140864 0 29.6703 0.605645 0.0204849
14.1 1.45419 0.416468 0.0150767 0 30.989 0.605622 0.0219244
14.7 1.45413 0.416465 0.0160026 0 32.3077 0.605592 0.0232698
15.3 1.45405 0.416462 0.016844 0 33.6264 0.605554 0.024492
15.9 1.45395 0.416459 0.0175816 0 34.9451 0.605511 0.0255628
16.5 1.45384 0.416455 0.0181978 0 36.2637 0.605461 0.0264568
17.1 1.45372 0.416452 0.0186774 0 37.5824 0.605406 0.0271517
17.7 1.45359 0.416449 0.0190079 0 38.9011 0.605347 0.0276297
18.3 1.45345 0.416446 0.0191805 0 40.2198 0.605285 0.027878
18.9 1.45331 0.416443 0.0191902 0 41.5385 0.605222 0.0278894
19.5 1.45317 0.41644 0.019036 0 42.8571 0.605159 0.0276627
20.1 1.45304 0.416436 0.0187213 0 44.1758 0.605097 0.0272027
20.7 1.45291 0.416433 0.0182532 0 45.4945 0.605038 0.0265202
21.3 1.45279 0.416429 0.0176429 0 46.8132 0.604983 0.0256314
21.9 1.45268 0.416425 0.0169048 0 48.1319 0.604932 0.0245573
22.5 1.45259 0.416421 0.0160561 0 49.4505 0.604888 0.0233229
23.1 1.45251 0.416417 0.0151161 0 50.7692 0.60485 0.0219563
23.7 1.45245 0.416412 0.0141056 0 52.0879 0.604819 0.0204877
24.3 1.45241 0.416408 0.0130459 0 53.4066 0.604796 0.018948
24.9 1.45239 0.416404 0.0119583 0 54.7253 0.604779 0.017368
25.5 1.45238 0.416399 0.010863 0 56.044 0.60477 0.0157772
26.1 1.45239 0.416395 0.00977917 0 57.3626 0.604767 0.0142031
26.7 1.45241 0.416391 0.00872369 0 58.6813 0.604769 0.0126703
27.3 1.45244 0.416387 0.0077112 0 60 0.604776 0.0112
27.9 1.45248 0.416383 0.00675373 0 61.3187 0.604787 0.00980965
28.5 1.45253 0.416378 0.00586054 0 62.6374 0.6048 0.0085126
29.1 1.45258 0.416373 0.0050382 0 63.956 0.604815 0.00731839
29.7 1.45264 0.416368 0.00429064 0 65.2747 0.604831 0.00623274
30.3 1.45269 0.416362 0.00361942 0 66.5934 0.604846 0.00525791
30.9 1.45275 0.416356 0.00302399 0 67.9121 0.604861 0.0043931
31.5 1.4528 0.41635 0.00250204 0 69.2308 0.604874 0.00363498
32.1 1.45285 0.416343 0.00204984 0 70.5495 0.604886 0.00297812
32.7 1.4529 0.416337 0.00166261 0 71.8681 0.604896 0.00241561
33.3 1.45294 0.416331 0.00133484 0 73.1868 0.604904 0.00193945
33.9 1.45297 0.416326 0.0010606 0 74.5055 0.604911 0.00154103
34.5 1.453 0.41632 0.000833803 0 75.8242 0.604915 0.00121152
35.1 1.45303 0.416315 0.000648404 0 77.1429 0.604917 0.00094215
35.7 1.45305 0.416309 0.000498609 0 78.4615 0.604917 0.000724502
36.3 1.45306 0.416303 0.000378979 0 79.7802 0.604914 0.00055068
36.9 1.45307 0.416296 0.000284532 0 81.0989 0.604909 0.000413445
37.5 1.45308 0.416289 0.000210791 0 82.4176 0.604901 0.000306296
38.1 1.45309 0.416281 0.00015381 0 83.7363 0.604891 0.000223499
38.7 1.45309 0.416272 0.000110184 0 85.0549 0.604879 0.000160108
39.3 1.45309 0.416262 7.70424e-05 0 86.3736 0.604866 0.000111949
39.9 1.45309 0.416253 5.20343e-05 0 87.6923 0.604851 7.56104e-05
40.5 1.45308 0.416243 3.33004e-05 0 89.011 0.604836 4.83882e-05
41.1 1.45308 0.416235 1.94182e-05 0 90.3297 0.604821 2.8216e-05
41.7 1.45307 0.416227 9.32236e-06 0 91.6484 0.604805 1.3546e-05
42.3 1.45306 0.416219 2.20622e-06 0 92.967 0.60479 3.20576e-06
42.9 1.45304 0.416212 -2.57865e-06 0 94.2857 0.604774 -3.74688e-06
43.5 1.45303 0.416204 -5.59826e-06 0 95.6044 0.604757 -8.13444e-06
44.1 1.45302 0.416196 -7.36743e-06 0 96.9231 0.604739 -1.0705e-05
44.7 1.453 0.416186 -8.33215e-06 0 98.2418 0.60472 -1.21066e-05
45.3 1.45299 0.416175 -8.82799e-06 0 99.5604 0.604698 -1.2827e-05
45.9 1.45298 0.416162 -9.06236e-06 0 100.879 0.604675 -1.31674e-05
46.5 1.45297 0.416149 -9.16232e-06 0 102.198 0.60465 -1.33125e-05
47.1 1.45296 0.416134 -9.27798e-06 0 103.516 0.604624 -1.34805e-05
47.7 1.45294 0.416118 -9.6618e-06 0 104.835 0.604596 -1.4038e-05
48.3 1.45293 0.416102 -1.06221e-05 0 106.154 0.604567 -1.54332e-05
48.9 1.45292 0.416086 -1.23276e-05 0 107.473 0.604538 -1.7911e-05
49.5 1.4529 0.416072 -1.45804e-05 0 108.791 0.60451 -2.11839e-05
50.1 1.45288 0.41606 -1.67559e-05 0 110.11 0.604484 -2.43443e-05
50.7 1.45285 0.41605 -1.80259e-05 0 111.429 0.604459 -2.6189e-05
51.3 1.45282 0.41604 -1.77767e-05 0 112.747 0.604433 -2.58264e-05
51.9 1.4528 0.416029 -1.59793e-05 0 114.066 0.604405 -2.32146e-05
52.5 1.45277 0.416012 -1.33104e-05 0 115.385 0.604371 -1.9337e-05
53.1 1.45275 0.415991 -1.10278e-05 0 116.703 0.60433 -1.60206e-05
53.7 1.45273 0.415963 -1.08013e-05 0 118.022 0.60428 -1.56913e-05
54.3 1.4527 0.415928 -1.46758e-05 0 119.341 0.604218 -2.13195e-05
54.9 1.45265 0.415882 -2.55484e-05 0 120.659 0.604132 -3.71129e-05
55.5 1.45257 0.415806 -4.89082e-05 0 121.978 0.603986 -7.10425e-05
56.1 1.45238 0.415652 -9.8323e-05 0 123.297 0.603684 -0.000142802
56.7 1.45192 0.415289 -0.000211857 0 124.615 0.602965 -0.000307599
57.3 1.45076 0.414372 -0.000495282 0 125.934 0.601155 -0.000718536
57.9 1.44782 0.412036 -0.00123275 0 127.253 0.596554 -0.0017848
58.5 1.4405 0.406237 -0.00312808 0 128.571 0.585185 -0.004506
59.1 1.4234 0.392689 -0.00768194 0 129.89 0.558955 -0.0109345
59.7 1.38751 0.364016 -0.0173794 0 131.209 0.505075 -0.0241141
60.3 1.32295 0.311163 -0.0344935 0 132.527 0.411654 -0.0456334
60.9 1.22846 0.229616 -0.0569864 0 133.846 0.282073 -0.0700053
61.5 1.12193 0.128921 -0.0734474 0 135.165 0.144641 -0.0824032
62.1 1.03526 0.0359518 -0.0685807 0 136.484 0.0372195 -0.0709989
62.7 0.988888 -0.0202192 -0.0423719 0 137.802 -0.0199945 -0.041901
63.3 0.975999 -0.0351799 -0.0137706 0 139.121 -0.0343356 -0.0134401
63.9 0.980749 -0.0264615 0.00358679 0 140.44 -0.0259521 0.00351774
64.5 0.990723 -0.0118634 0.00909328 0 141.758 -0.0117533 0.00900892
65.1 0.998744 -0.000936859 0.00758497 0 143.077 -0.000935683 0.00757545
65.7 1.00263 0.00399989 0.00384795 0 144.396 0.00401042 0.00385808
66.3 1.0032 0.00444321 0.000715037 0 145.714 0.00445743 0.000717323
66.9 1.00213 0.00281898 -0.000895487 0 147.033 0.00282499 -0.000897394
67.5 1.00081 0.000983537 -0.00120878 0 148.352 0.000984333 -0.00120976
68.1 0.999925 -0.000190158 -0.000845385 0 149.67 -0.000190144 -0.000845322
68.7 0.999586 -0.000603846 -0.000345913 0 150.989 -0.000603596 -0.00034577
69.3 0.999614 -0.000529134 5.29585e-06 0 152.308 -0.000528929 5.2938e-06
69.9 0.999784 -0.000280674 0.000150138 0 153.626 -0.000280614 0.000150106
70.5 0.999944 -6.14787e-05 0.000149164 0 154.945 -6.14752e-05 0.000149156
71.1 1.00003 5.55409e-05 8.7571e-05 0 156.264 5.55428e-05 8.7574e-05
71.7 1.00006 8.18034e-05 2.58743e-05 0 157.582 8.18081e-05 2.58758e-05
72.3 1.00004 5.93047e-05 -1.05654e-05 0 158.901 5.93074e-05 -1.05659e-05
72.9 1.00002 2.56129e-05 -2.14934e-05 0 160.22 2.56134e-05 -2.14938e-05
73.5 1 1.03802e-06 -1.72648e-05 0 161.538 1.03802e-06 -1.72648e-05
74.1 0.999994 -9.65992e-06 -8.42823e-06 0 162.857 -9.65985e-06 -8.42817e-06
74.7 0.999993 -1.01781e-05 -1.28544e-06 0 164.176 -1.0178e-05 -1.28543e-06
75.3 0.999995 -6.23285e-06 2.22361e-06 0 165.495 -6.23282e-06 2.2236e-06
75.9 0.999998 -2.04004e-06 2.77806e-06 0 166.813 -2.04004e-06 2.77805e-06
76.5 1 5.39791e-07 1.87263e-06 0 168.132 5.39792e-07 1.87263e-06
77.1 1 1.39186e-06 7.29456e-07 0 169.451 1.39186e-06 7.29457e-07
77.7 1 1.17638e-06 -4.44624e-08 0 170.769 1.17638e-06 -4.44624e-08
78.3 1 6.05663e-07 -3.47678e-07 0 172.088 6.05663e-07 -3.47678e-07
78.9 1 1.21438e-07 -3.31035e-07 0 173.407 1.21438e-07 -3.31035e-07
79.5 1 -1.28416e-07 -1.88488e-07 0 174.725 -1.28416e-07 -1.88488e-07
80.1 1 -1.78807e-07 -5.22606e-08 0 176.044 -1.78807e-07 -5.22606e-08
80.7 1 -1.26139e-07 2.54079e-08 0 177.363 -1.26139e-07 2.54079e-08
81.3 1 -5.26446e-08 4.69592e-08 0 178.681 -5.26446e-08 4.69592e-08
81.9 1 -8.3619e-10 3.64977e-08 0 180 -8.3619e-10 3.64977e-08
82.5 1 2.07075e-08 1.71663e-08 0 181.319 2.07075e-08 1.71663e-08
83.1 1 2.09503e-08 2.16582e-09 0 182.637 2.09503e-08 2.16582e-09
83.7 1 1.23791e-08 -4.8591e-09 0 183.956 1.23791e-08 -4.8591e-09
84.3 1 3.76171e-09 -5.71064e-09 0 185.275 3.76171e-09 -5.71064e-09
84.9 1 -1.2961e-09 -3.68665e-09 0 186.593 -1.2961e-09 -3.68665e-09
85.5 1 -2.80218e-09 -1.33141e-09 0 187.912 -2.80218e-09 -1.33141e-09
86.1 1 -2.23958e-09 1.77566e-10 0 189.231 -2.23958e-09 1.77566e-10
86.7 1 -1.07521e-09 7.12942e-10 0 190.549 -1.07521e-09 7.12942e-10
87.3 1 -1.56144e-10 6.2985e-10 0 191.868 -1.56144e-10 6.2985e-10
87.9 1 2.77709e-10 3.31683e-10 0 193.187 2.77709e-10 3.31683e-10
88.5 1 3.33692e-10 7.22858e-11 0 194.505 3.33692e-10 7.22858e-11
89.1 1 2.14577e-10 -6.2029e-11 0 195.824 2.14577e-10 -6.2029e-11
89.7 1 7.60161e-11 -8.9293e-11 0 197.143 7.60161e-11 -8.9293e-11
90.3 1 -1.13151e-11 -6.21346e-11 0 198.462 -1.13151e-11 -6.21346e-11
90.9 1 -4.09775e-11 -2.48243e-11 0 199.78 -4.09775e-11 -2.48243e-11
91.5 1 -3.50601e-11 5.75749e-13 0 201.099 -3.50601e-11 5.75749e-13
92.1 1 -1.76185e-11 1.03491e-11 0 202.418 -1.76185e-11 1.03491e-11
92.7 1 -3.16173e-12 9.72681e-12 0 203.736 -3.16173e-12 9.72681e-12
93.3 1 3.8578e-12 5.26853e-12 0 205.055 3.8578e-12 5.26853e-12
93.9 1 4.9088e-12 1.23377e-12 0 206.374 4.9088e-12 1.23377e-12
94.5 1 3.16798e-12 -8.77967e-13 0 207.692 3.16798e-12 -8.77967e-13
95.1 1 1.10207e-12 -1.31405e-12 0 209.011 1.10207e-12 -1.31405e-12
95.7 1 -1.81156e-13 -9.04868e-13 0 210.33 -1.81156e-13 -9.04868e-13
96.3 1 -5.94415e-13 -3.47101e-13 0 211.648 -5.94415e-13 -3.47101e-13
96.9 1 -4.88554e-13 2.15763e-14 0 212.967 -4.88554e-13 2.15763e-14
97.5 1 -2.30069e-13 1.5342e-13 0 214.286 -2.30069e-13 1.5342e-13
98.1 1 -2.86124e-14 1.35225e-13 0 215.604 -2.86124e-14 1.35225e-13
98.7 1 6.05968e-14 6.75762e-14 0 216.923 6.05968e-14 6.75762e-14
99.3 1 6.683e-14 1.14344e-14 0 218.242 6.683e-14 1.14344e-14
99.9 1 3.86848e-14 -1.50632e-14 0 219.56 3.86848e-14 -1.50632e-14
100.5 1 1.03802e-14 -1.8188e-14 0 220.879 1.03802e-14 -1.8188e-14
101.1 1 -5.08267e-15 -1.10655e-14 0 222.198 -5.08267e-15 -1.10655e-14
101.7 1 -8.64284e-15 -3.33517e-15 0 223.516 -8.64284e-15 -3.33517e-15
102.3 1 -6.12829e-15 1.07239e-15 0 224.835 -6.12829e-15 1.07239e-15
102.9 1 -2.49847e-15 2.2047e-15 0 226.154 -2.49847e-15 2.2047e-15
103.5 1 -6.24558e-17 1.66051e-15 0 227.473 -6.24558e-17 1.66051e-15
104.1 1 7.81738e-16 6.84381e-16 0 228.791 7.81738e-16 6.84381e-16
104.7 1 7.05651e-16 4.42354e-17 0 230.11 7.05651e-16 4.42354e-17
105.3 1 3.67065e-16 -1.88969e-16 0 231.429 3.67065e-16 -1.88969e-16
105.9 1 9.5831e-17 -1.71012e-16 0 232.747 9.5831e-17 -1.71012e-16
106.5 1 -4.73378e-17 -9.80358e-17 0 234.066 -4.73378e-17 -9.80358e-17
107.1 1 -4.67124e-17 -5.94977e-18 0 235.385 -4.67124e-17 -5.94977e-18
107.7 1 -1.18293e-17 2.06651e-17 0 236.703 -1.18293e-17 2.06651e-17
108.3 1 5.23356e-18 1.18961e-17 0 238.022 5.23356e-18 1.18961e-17
108.9 1 5.49468e-18 1.17577e-18 0 239.341 5.49468e-18 1.17577e-18
109.5 1 1.57754e-18 -2.20544e-18 0 240.659 1.57754e-18 -2.20544e-18
110.1 1 -4.87469e-19 -1.40519e-18 0 241.978 -4.87469e-19 -1.40519e-18
110.7 1 -6.2023e-19 -1.97394e-19 0 243.297 -6.2023e-19 -1.97394e-19
111.3 1 -2.00447e-19 2.31903e-19 0 244.615 -2.00447e-19 2.31903e-19
111.9 1 4.53956e-20 1.64921e-19 0 245.934 4.53956e-20 1.64921e-19
112.5 1 7.08975e-20 2.83233e-20 0 247.253 7.08975e-20 2.83233e-20
113.1 1 2.50457e-20 -2.53836e-20 0 248.571 2.50457e-20 -2.53836e-20
113.7 1 -4.48194e-21 -1.9835e-20 0 249.89 -4.48194e-21 -1.9835e-20
114.3 1 -8.42343e-21 -3.92095e-21 0 251.209 -8.42343e-21 -3.92095e-21
114.9 1 -3.21052e-21 2.89202e-21 0 252.527 -3.21052e-21 2.89202e-21
115.5 1 4.44157e-22 2.47267e-21 0 253.846 4.44157e-22 2.47267e-21
116.1 1 1.03678e-21 5.59587e-22 0 255.165 1.03678e-21 5.59587e-22
116.7 1 4.29308e-22 -3.32084e-22 0 256.484 4.29308e-22 -3.32084e-22
117.3 1 -3.7856e-23 -3.17149e-22 0 257.802 -3.7856e-23 -3.17149e-22
117.9 1 -1.29741e-22 -8.33622e-23 0 259.121 -1.29741e-22 -8.33622e-23
118.5 1 -5.94233e-23 3.67951e-23 0 260.44 -5.94233e-23 3.67951e-23
119.1 1 1.52385e-24 4.11558e-23 0 261.758 1.52385e-24 4.11558e-23
119.7 1 1.61408e-23 1.27174e-23 0 263.077 1.61408e-23 1.27174e-23
120.3 1 8.34821e-24 -3.7216e-24 0 264.396 8.34821e-24 -3.7216e-24
120.9 1 3.70427e-25 -5.30586e-24 0 265.714 3.70427e-25 -5.30586e-24
121.5 1 -1.95534e-24 -1.93608e-24 0 267.033 -1.95534e-24 -1.93608e-24
122.1 1 -1.16676e-24 3.09132e-25 0 268.352 -1.16676e-24 3.09132e-25
122.7 1 -1.35774e-25 6.69297e-25 0 269.67 -1.35774e-25 6.69297e-25
123.3 1 2.26466e-25 2.88687e-25 0 270.989 2.26466e-25 2.88687e-25
123.9 1 1.59979e-25 -1.32599e-26 0 272.308 1.59979e-25 -1.32599e-26
124.5 1 3.00482e-26 -8.16787e-26 0 273.626 3.00482e-26 -8.16787e-26
125.1 1 -2.45757e-26 -4.17996e-26 0 274.945 -2.45757e-26 -4.17996e-26
125.7 1 -2.13661e-26 -2.16696e-27 0 276.264 -2.13661e-26 -2.16696e-27
126.3 1 -5.54644e-27 9.54151e-27 0 277.582 -5.54644e-27 9.54151e-27
126.9 1 2.40776e-27 5.86474e-27 0 278.901 2.40776e-27 5.86474e-27
127.5 1 2.76774e-27 8.18555e-28 0 280.22 2.76774e-27 8.18555e-28
128.1 1 9.27448e-28 -1.04778e-27 0 281.538 9.27448e-28 -1.04778e-27
128.7 1 -1.9134e-28 -7.9602e-28 0 282.857 -1.9134e-28 -7.9602e-28
129.3 1 -3.45144e-28 -1.77846e-28 0 284.176 -3.45144e-28 -1.77846e-28
129.9 1 -1.44967e-28 1.03733e-28 0 285.495 -1.44967e-28 1.03733e-28
130.5 1 6.6287e-30 1.03804e-28 0 286.813 6.6287e-30 1.03804e-28
131.1 1 4.07483e-29 3.20931e-29 0 288.132 4.07483e-29 3.20931e-29
131.7 1 2.13512e-29 -8.26669e-30 0 289.451 2.13512e-29 -8.26669e-30
132.3 1 1.74345e-30 -1.28137e-29 0 290.769 1.74345e-30 -1.28137e-29
132.9 1 -4.41571e-30 -5.16932e-30 0 292.088 -4.41571e-30 -5.16932e-30
133.5 1 -2.94655e-30 2.94423e-31 0 293.407 -2.94655e-30 2.94423e-31
134.1 1 -5.65428e-31 1.46243e-30 0 294.725 -5.65428e-31 1.46243e-30
134.7 1 4.14812e-31 7.56272e-31 0 296.044 4.14812e-31 7.56272e-31
135.3 1 3.76179e-31 6.61933e-32 0 297.363 3.76179e-31 6.61933e-32
135.9 1 1.11114e-31 -1.48982e-31 0 298.681 1.11114e-31 -1.48982e-31
136.5 1 -2.93306e-32 -1.00547e-31 0 300 -2.93306e-32 -1.00547e-31
137.1 1 -4.37e-32 -2.05437e-32 0 301.319 -4.37e-32 -2.05437e-32
137.7 1 -1.75869e-32 1.27224e-32 0 302.637 -1.75869e-32 1.27224e-32
138.3 1 5.91999e-34 1.20805e-32 0 303.956 5.91999e-34 1.20805e-32
138.9 1 4.52495e-33 3.73919e-33 0 305.275 4.52495e-33 3.73919e-33
139.5 1 2.39104e-33 -7.65913e-34 0 306.593 2.39104e-33 -7.65913e-34
140.1 1 2.70778e-34 -1.30079e-33 0 307.912 2.70778e-34 -1.30079e-33
140.7 1 -4.05409e-34 -5.40935e-34 0 309.231 -4.05409e-34 -5.40935e-34
141.3 1 -2.85532e-34 2.02847e-36 0 310.549 -2.85532e-34 2.02847e-36
141.9 1 -6.37665e-35 1.24304e-34 0 311.868 -6.37665e-35 1.24304e-34
142.5 1 2.98114e-35 6.68121e-35 0 313.187 2.98114e-35 6.68121e-35
143.1 1 3.02741e-35 8.08585e-36 0 314.505 3.02741e-35 8.08585e-36
143.7 1 9.53958e-36 -1.04708e-35 0 315.824 9.53958e-36 -1.04708e-35
144.3 1 -1.5915e-36 -7.26717e-36 0 317.143 -1.5915e-36 -7.26717e-36
144.9 1 -2.88948e-36 -1.50054e-36 0 318.462 -2.88948e-36 -1.50054e-36
145.5 1 -1.13996e-36 7.91498e-37 0 319.78 -1.13996e-36 7.91498e-37
146.1 1 3.76031e-38 7.16876e-37 0 321.099 3.76031e-38 7.16876e-37
146.7 1 2.5803e-37 1.86839e-37 0 322.418 2.5803e-37 1.86839e-37
147.3 1 1.17101e-37 -6.029e-38 0 323.736 1.17101e-37 -6.029e-38
147.9 1 1.63169e-39 -6.78878e-38 0 325.055 1.63169e-39 -6.78878e-38
148.5 1 -2.37955e-38 -1.87661e-38 0 326.374 -2.37955e-38 -1.87661e-38
149.1 1 -1.11378e-38 6.0397e-39 0 327.692 -1.11378e-38 6.0397e-39
149.7 1 2.08975e-40 6.87151e-39 0 329.011 2.08975e-40 6.87151e-39
150.3 1 2.61047e-39 1.72644e-39 0 330.33 2.61047e-39 1.72644e-39
150.9 1 1.12852e-39 -8.42923e-40 0 331.648 1.12852e-39 -8.42923e-40
151.5 1 -1.21279e-40 -8.24123e-40 0 332.967 -1.21279e-40 -8.24123e-40
152.1 1 -3.48223e-40 -1.85222e-40 0 334.286 -3.48223e-40 -1.85222e-40
152.7 1 -1.42456e-40 1.23352e-40 0 335.604 -1.42456e-40 1.23352e-40
153.3 1 1.97008e-41 1.14001e-40 0 336.923 1.97008e-41 1.14001e-40
153.9 1 4.92923e-41 2.80112e-41 0 338.242 4.92923e-41 2.80112e-41
154.5 1 2.17529e-41 -1.53807e-41 0 339.56 2.17529e-41 -1.53807e-41
155.1 1 -1.17745e-42 -1.61321e-41 0 340.879 -1.17745e-42 -1.61321e-41
155.7 1 -6.52248e-42 -5.01551e-42 0 342.198 -6.52248e-42 -5.01551e-42
156.3 1 -3.41953e-42 1.41503e-42 0 343.516 -3.41953e-42 1.41503e-42
156.9 1 -2.46306e-43 2.12975e-42 0 344.835 -2.46306e-43 2.12975e-42
157.5 1 7.51591e-43 8.58767e-43 0 346.154 7.51591e-43 8.58767e-43
158.1 1 4.99003e-43 -5.2934e-44 0 347.473 4.99003e-43 -5.2934e-44
158.7 1 9.67344e-44 -2.49683e-43 0 348.791 9.67344e-44 -2.49683e-43
159.3 1 -7.04669e-44 -1.30882e-43 0 350.11 -7.04669e-44 -1.30882e-43
159.9 1 -6.5089e-44 -1.30539e-44 0 351.429 -6.5089e-44 -1.30539e-44
160.5 1 -2.01014e-44 2.49422e-44 0 352.747 -2.01014e-44 2.49422e-44
161.1 1 4.44483e-45 1.75642e-44 0 354.066 4.44483e-45 1.75642e-44
161.7 1 7.47033e-45 4.00601e-45 0 355.385 7.47033e-45 4.00601e-45
162.3 1 3.21314e-45 -1.95131e-45 0 356.703 3.21314e-45 -1.95131e-45
162.9 1 4.53632e-47 -2.07528e-45 0 358.022 4.53632e-47 -2.07528e-45
163.5 1 -7.3973e-46 -7.17804e-46 0 359.341 -7.3973e-46 -7.17804e-46
164.1 1 -4.31633e-46 8.23119e-47 0 360.659 -4.31633e-46 8.23119e-47
164.7 1 -7.12369e-47 2.147e-46 0 361.978 -7.12369e-47 2.147e-46
165.3 1 6.02264e-47 1.01894e-46 0 363.297 6.02264e-47 1.01894e-46
165.9 1 5.03485e-47 7.67444e-48 0 364.615 5.03485e-47 7.67444e-48
166.5 1 1.44061e-47 -1.90494e-47 0 365.934 1.44061e-47 -1.90494e-47
167.1 1 -3.42226e-48 -1.23531e-47 0 367.253 -3.42226e-48 -1.23531e-47
167.7 1 -5.15635e-48 -2.5461e-48 0 368.571 -5.15635e-48 -2.5461e-48
168.3 1 -2.08242e-48 1.3652e-48 0 369.89 -2.08242e-48 1.3652e-48
168.9 1 3.44845e-51 1.31621e-48 0 371.209 3.44845e-51 1.31621e-48
169.5 1 4.62514e-49 4.16639e-49 0 372.527 4.62514e-49 4.16639e-49
170.1 1 2.50762e-49 -6.29388e-50 0 373.846 2.50762e-49 -6.29388e-50
170.7 1 3.46294e-50 -1.24857e-49 0 375.165 3.46294e-50 -1.24857e-49
171.3 1 -3.57479e-50 -5.32822e-50 0 376.484 -3.57479e-50 -5.32822e-50
171.9 1 -2.65189e-50 -1.46666e-51 0 377.802 -2.65189e-50 -1.46666e-51
172.5 1 -6.38763e-51 1.06365e-50 0 379.121 -6.38763e-51 1.06365e-50
173.1 1 2.28739e-51 5.89077e-51 0 380.44 2.28739e-51 5.89077e-51
173.7 1 2.54347e-51 8.09718e-52 0 381.758 2.54347e-51 8.09718e-52
174.3 1 8.31381e-52 -8.26158e-52 0 383.077 8.31381e-52 -8.26158e-52
174.9 1 -1.08699e-52 -5.93036e-52 0 384.396 -1.08699e-52 -5.93036e-52
175.5 1 -2.29372e-52 -1.27021e-52 0 385.714 -2.29372e-52 -1.27021e-52
176.1 1 -9.25001e-53 6.08283e-53 0 387.033 -9.25001e-53 6.08283e-53
176.7 1 2.05023e-54 5.711e-53 0 388.352 2.05023e-54 5.711e-53
177.3 1 2.05098e-53 1.54165e-53 0 389.67 2.05098e-53 1.54165e-53
177.9 1 9.64553e-54 -4.57964e-54 0 390.989 9.64553e-54 -4.57964e-54
178.5 1 3.26652e-55 -5.57028e-54 0 392.308 3.26652e-55 -5.57028e-54
179.1 1 -1.93376e-54 -1.73849e-54 0 393.626 -1.93376e-54 -1.73849e-54
179.7 1 -1.02028e-54 3.74765e-55 0 394.945 -1.02028e-54 3.74765e-55
180.3 1 -7.05428e-56 5.76035e-55 0 396.264 -7.05428e-56 5.76035e-55
180.9 1 1.96984e-55 2.02861e-55 0 397.582 1.96984e-55 2.02861e-55
181.5 1 1.15552e-55 -3.0461e-56 0 398.901 1.15552e-55 -3.0461e-56
182.1 1 1.28852e-56 -6.30816e-56 0 400.22 1.28852e-56 -6.30816e-56
182.7 1 -2.06841e-56 -2.55596e-56 0 401.538 -2.06841e-56 -2.55596e-56
183.3 1 -1.39341e-56 1.57833e-57 0 402.857 -1.39341e-56 1.57833e-57
183.9 1 -2.44326e-57 6.95698e-57 0 404.176 -2.44326e-57 6.95698e-57
184.5 1 2.04088e-57 3.36295e-57 0 405.495 2.04088e-57 3.36295e-57
185.1 1 1.69657e-57 1.54575e-58 0 406.813 1.69657e-57 1.54575e-58
185.7 1 4.37161e-58 -7.22291e-58 0 408.132 4.37161e-58 -7.22291e-58
186.3 1 -1.66666e-58 -4.34501e-58 0 409.451 -1.66666e-58 -4.34501e-58
186.9 1 -1.96953e-58 -6.79589e-59 0 410.769 -1.96953e-58 -6.79589e-59
187.5 1 -6.9784e-59 6.55485e-59 0 412.088 -6.9784e-59 6.55485e-59
188.1 1 7.81721e-60 5.25922e-59 0 413.407 7.81721e-60 5.25922e-59
188.7 1 2.08514e-59 1.39183e-59 0 414.725 2.08514e-59 1.39183e-59
189.3 1 9.84002e-60 -4.54433e-60 0 416.044 9.84002e-60 -4.54433e-60
189.9 1 6.4286e-61 -5.78839e-60 0 417.363 6.4286e-61 -5.78839e-60
190.5 1 -1.92677e-60 -2.18703e-60 0 418.681 -1.92677e-60 -2.18703e-60
191.1 1 -1.22938e-60 1.10861e-61 0 420 -1.22938e-60 1.10861e-61
191.7 1 -2.46328e-61 5.64073e-61 0 421.319 -2.46328e-61 5.64073e-61
192.3 1 1.43156e-61 2.90354e-61 0 422.637 1.43156e-61 2.90354e-61
192.9 1 1.36235e-61 3.42249e-62 0 423.956 1.36235e-61 3.42249e-62
193.5 1 4.38241e-62 -4.65102e-62 0 425.275 4.38241e-62 -4.65102e-62
194.1 1 -6.19115e-63 -3.36569e-62 0 426.593 -6.19115e-63 -3.36569e-62
194.7 1 -1.32788e-62 -8.35192e-63 0 427.912 -1.32788e-62 -8.35192e-63
195.3 1 -6.02216e-63 2.84777e-63 0 429.231 -6.02216e-63 2.84777e-63
195.9 1 -4.04834e-64 3.43492e-63 0 430.549 -4.04834e-64 3.43492e-63
196.5 1 1.10556e-63 1.27818e-63 0 431.868 1.10556e-63 1.27818e-63
197.1 1 7.02551e-64 -4.62747e-65 0 433.187 7.02551e-64 -4.62747e-65
197.7 1 1.47157e-64 -3.0517e-64 0 434.505 1.47157e-64 -3.0517e-64
198.3 1 -7.17586e-65 -1.58477e-64 0 435.824 -7.17586e-65 -1.58477e-64
198.9 1 -7.15514e-65 -2.12049e-65 0 437.143 -7.15514e-65 -2.12049e-65
199.5 1 -2.39185e-65 2.25485e-65 0 438.462 -2.39185e-65 2.25485e-65
200.1 1 2.24341e-66 1.69458e-65 0 439.78 2.24341e-66 1.69458e-65
200.7 1 6.3575e-66 4.46208e-66 0 441.099 6.3575e-66 4.46208e-66
201.3 1 3.004e-66 -1.17264e-66 0 442.418 3.004e-66 -1.17264e-66
201.9 1 2.90844e-67 -1.5883e-66 0 443.736 2.90844e-67 -1.5883e-66
202.5 1 -4.77407e-67 -6.17479e-67 0 445.055 -4.77407e-67 -6.17479e-67
203.1 1 -3.21284e-67 -1.03142e-69 0 446.374 -3.21284e-67 -1.03142e-69
203.7 1 -7.42521e-68 1.29103e-67 0 447.692 -7.42521e-68 1.29103e-67
204.3 1 2.69938e-68 7.01342e-68 0 449.011 2.69938e-68 7.01342e-68
204.9 1 3.00869e-68 1.09926e-68 0 450.33 3.00869e-68 1.09926e-68
205.5 1 1.06319e-68 -8.63641e-69 0 451.648 1.06319e-68 -8.63641e-69
206.1 1 -5.02145e-70 -6.92065e-69 0 452.967 -5.02145e-70 -6.92065e-69
206.7 1 -2.46262e-69 -1.93427e-69 0 454.286 -2.46262e-69 -1.93427e-69
207.3 1 -1.21691e-69 3.85846e-70 0 455.604 -1.21691e-69 3.85846e-70
207.9 1 -1.46484e-70 6.02087e-70 0 456.923 -1.46484e-70 6.02087e-70
208.5 1 1.7018e-70 2.42175e-70 0 458.242 1.7018e-70 2.42175e-70
209.1 1 1.20353e-70 6.3513e-72 0 459.56 1.20353e-70 6.3513e-72
209.7 1 2.93985e-71 -4.56971e-71 0 460.879 2.93985e-71 -4.56971e-71
210.3 1 -8.74262e-72 -2.54543e-71 0 462.198 -8.74262e-72 -2.54543e-71
210.9 1 -1.05347e-71 -4.23233e-72 0 463.516 -1.05347e-71 -4.23233e-72
211.5 1 -3.79424e-72 2.87922e-72 0 464.835 -3.79424e-72 2.87922e-72
212.1 1 1.13898e-73 2.35717e-72 0 466.154 1.13898e-73 2.35717e-72
212.7 1 8.16021e-73 6.59587e-73 0 467.473 8.16021e-73 6.59587e-73
213.3 1 4.0356e-73 -1.24219e-73 0 468.791 4.0356e-73 -1.24219e-73
213.9 1 4.8497e-74 -1.95308e-73 0 470.11 4.8497e-74 -1.95308e-73
214.5 1 -5.45303e-74 -7.67855e-74 0 471.429 -5.45303e-74 -7.67855e-74
215.1 1 -3.77791e-74 -1.24531e-75 0 472.747 -3.77791e-74 -1.24531e-75
215.7 1 -8.78674e-75 1.44411e-74 0 474.066 -8.78674e-75 1.44411e-74
216.3 1 2.8794e-75 7.66745e-75 0 475.385 2.8794e-75 7.66745e-75
216.9 1 3.19315e-75 1.10682e-75 0 476.703 3.19315e-75 1.10682e-75
217.5 1 1.07096e-75 -9.29582e-76 0 478.022 1.07096e-75 -9.29582e-76
218.1 1 -7.53072e-77 -6.88628e-76 0 479.341 -7.53072e-77 -6.88628e-76
218.7 1 -2.46063e-76 -1.68984e-76 0 480.659 -2.46063e-76 -1.68984e-76
219.3 1 -1.09945e-76 4.79942e-77 0 481.978 -1.09945e-76 4.79942e-77
219.9 1 -7.8721e-78 5.69041e-77 0 483.297 -7.8721e-78 5.69041e-77
220.5 1 1.72765e-77 1.9323e-77 0 484.615 1.72765e-77 1.9323e-77
221.1 1 1.0177e-77 -1.30823e-78 0 485.934 1.0177e-77 -1.30823e-78
221.7 1 1.75292e-78 -4.38319e-78 0 487.253 1.75292e-78 -4.38319e-78
222.3 1 -1.08869e-78 -1.9307e-78 0 488.571 -1.08869e-78 -1.9307e-78
222.9 1 -8.78667e-79 -1.12973e-79 0 489.89 -8.78667e-79 -1.12973e-79
223.5 1 -2.25255e-79 3.16935e-79 0 491.209 -2.25255e-79 3.16935e-79
224.1 1 5.83484e-80 1.78541e-79 0 492.527 5.83484e-80 1.78541e-79
224.7 1 7.23414e-80 2.67324e-80 0 493.846 7.23414e-80 2.67324e-80
225.3 1 2.43165e-80 -2.14709e-80 0 495.165 2.43165e-80 -2.14709e-80
225.9 1 -2.09171e-81 -1.57682e-80 0 496.484 -2.09171e-81 -1.57682e-80
226.5 1 -5.76463e-81 -3.56927e-81 0 497.802 -5.76463e-81 -3.56927e-81
227.1 1 -2.42391e-81 1.32941e-81 0 499.121 -2.42391e-81 1.32941e-81
227.7 1 -6.1034e-83 1.3549e-81 0 500.44 -6.1034e-83 1.3549e-81
228.3 1 4.47069e-82 4.054e-82 0 501.758 4.47069e-82 4.054e-82
228.9 1 2.32298e-82 -6.79933e-83 0 503.077 2.32298e-82 -6.79933e-83
229.5 1 2.59649e-83 -1.14066e-82 0 504.396 2.59649e-83 -1.14066e-82
230.1 1 -3.34127e-83 -4.29401e-83 0 505.714 -3.34127e-83 -4.29401e-83
230.7 1 -2.17595e-83 1.48555e-84 0 507.033 -2.17595e-83 1.48555e-84
231.3 1 -4.12134e-84 9.35202e-84 0 508.352 -4.12134e-84 9.35202e-84
231.9 1 2.32149e-84 4.37087e-84 0 509.67 2.32149e-84 4.37087e-84
232.5 1 1.99328e-84 3.02999e-85 0 510.989 1.99328e-84 3.02999e-85
233.1 1 5.3135e-85 -7.31283e-85 0 512.308 5.3135e-85 -7.31283e-85
233.7 1 -1.36236e-85 -4.29888e-85 0 513.626 -1.36236e-85 -4.29888e-85
234.3 1 -1.7666e-85 -6.89861e-86 0 514.945 -1.7666e-85 -6.89861e-86
234.9 1 -6.18456e-86 5.2299e-86 0 516.264 -6.18456e-86 5.2299e-86
235.5 1 4.48711e-87 4.0593e-86 0 517.582 4.48711e-87 4.0593e-86
236.1 1 1.48635e-86 1.00555e-86 0 518.901 1.48635e-86 1.00555e-86
236.7 1 6.67807e-87 -3.11254e-87 0 520.22 6.67807e-87 -3.11254e-87
237.3 1 3.95988e-88 -3.63493e-87 0 521.538 3.95988e-88 -3.63493e-87
237.9 1 -1.15377e-87 -1.23164e-87 0 522.857 -1.15377e-87 -1.23164e-87
238.5 1 -6.72993e-88 1.04745e-88 0 524.176 -6.72993e-88 1.04745e-88
239.1 1 -1.12216e-88 3.03363e-88 0 525.495 -1.12216e-88 3.03363e-88
239.7 1 7.85031e-89 1.34985e-88 0 526.813 7.85031e-89 1.34985e-88
240.3 1 6.31703e-89 8.2724e-90 0 528.132 6.31703e-89 8.2724e-90
240.9 1 1.67474e-89 -2.29641e-89 0 529.451 1.67474e-89 -2.29641e-89
241.5 1 -4.08582e-90 -1.35191e-89 0 530.769 -4.08582e-90 -1.35191e-89
242.1 1 -5.48151e-90 -2.36465e-90 0 532.088 -5.48151e-90 -2.36465e-90
242.7 1 -2.0129e-90 1.49158e-90 0 533.407 -2.0129e-90 1.49158e-90
243.3 1 5.81645e-92 1.24456e-90 0 534.725 5.81645e-92 1.24456e-90
243.9 1 4.32901e-91 3.4506e-91 0 536.044 4.32901e-91 3.4506e-91
244.5 1 2.12298e-91 -7.00065e-92 0 537.363 2.12298e-91 -7.00065e-92
245.1 1 2.3515e-92 -1.0492e-91 0 538.681 2.3515e-92 -1.0492e-91
245.7 1 -3.00743e-92 -4.03133e-92 0 540 -3.00743e-92 -4.03133e-92
246.3 1 -2.02205e-92 -1.59821e-95 0 541.319 -2.02205e-92 -1.59821e-95
246.9 1 -4.49398e-93 7.97497e-93 0 542.637 -4.49398e-93 7.97497e-93
247.5 1 1.6765e-93 4.12239e-93 0 543.956 1.6765e-93 4.12239e-93
248.1 1 1.75323e-93 5.55371e-94 0 545.275 1.75323e-93 5.55371e-94
248.7 1 5.75163e-94 -5.25009e-94 0 546.593 5.75163e-94 -5.25009e-94
249.3 1 -4.78321e-95 -3.80005e-94 0 547.912 -4.78321e-95 -3.80005e-94
249.9 1 -1.37563e-94 -9.29809e-95 0 549.231 -1.37563e-94 -9.29809e-95
250.5 1 -6.15739e-95 2.64761e-95 0 550.549 -6.15739e-95 2.64761e-95
251.1 1 -4.83997e-96 3.18111e-95 0 551.868 -4.83997e-96 3.18111e-95
251.7 1 9.52463e-96 1.1214e-95 0 553.187 9.52463e-96 1.1214e-95
252.3 1 5.84697e-96 -4.24141e-97 0 554.505 5.84697e-96 -4.24141e-97
252.9 1 1.15626e-96 -2.39813e-96 0 555.824 1.15626e-96 -2.39813e-96
253.5 1 -5.40579e-97 -1.15033e-96 0 557.143 -5.40579e-97 -1.15033e-96
254.1 1 -5.01942e-97 -1.26299e-97 0 558.462 -5.01942e-97 -1.26299e-97
254.7 1 -1.53215e-97 1.57654e-97 0 559.78 -1.53215e-97 1.57654e-97
255.3 1 1.83174e-98 1.05275e-97 0 561.099 1.83174e-98 1.05275e-97
255.9 1 3.89472e-98 2.35849e-98 0 562.418 3.89472e-98 2.35849e-98
256.5 1 1.64399e-98 -8.17878e-99 0 563.736 1.64399e-98 -8.17878e-99
257.1 1 9.34944e-100 -8.72125e-99 0 565.055 9.34944e-100 -8.72125e-99
257.7 1 -2.67722e-99 -2.89396e-99 0 566.374 -2.67722e-99 -2.89396e-99
258.3 1 -1.54916e-99 1.90913e-100 0 567.692 -1.54916e-99 1.90913e-100
258.9 1 -2.79811e-100 6.5129e-100 0 569.011 -2.79811e-100 6.5129e-100
259.5 1 1.5307e-100 2.96233e-100 0 570.33 1.5307e-100 2.96233e-100
260.1 1 1.31581e-100 2.69814e-101 0 571.648 1.31581e-100 2.69814e-101
260.7 1 3.79928e-101 -4.26706e-101 0 572.967 3.79928e-101 -4.26706e-101
261.3 1 -5.6604e-102 -2.68918e-101 0 574.286 -5.6604e-102 -2.68918e-101
261.9 1 -1.01065e-101 -5.59715e-102 0 575.604 -1.01065e-101 -5.59715e-102
262.5 1 -4.07514e-102 2.25185e-102 0 576.923 -4.07514e-102 2.25185e-102
263.1 1 -1.59455e-103 2.20687e-102 0 578.242 -1.59455e-103 2.20687e-102
263.7 1 6.90296e-103 6.96534e-103 0 579.56 6.90296e-103 6.96534e-103
264.3 1 3.81258e-103 -6.29735e-104 0 580.879 3.81258e-103 -6.29735e-104
264.9 1 6.34677e-104 -1.63487e-103 0 582.198 6.34677e-104 -1.63487e-103
265.5 1 -3.96559e-104 -7.11586e-104 0 583.516 -3.96559e-104 -7.11586e-104
266.1 1 -3.20918e-104 -5.33439e-105 0 584.835 -3.20918e-104 -5.33439e-105
266.7 1 -8.82666e-105 1.06773e-104 0 586.154 -8.82666e-105 1.06773e-104
267.3 1 1.55297e-105 6.41621e-105 0 587.473 1.55297e-105 6.41621e-105
267.9 1 2.44398e-105 1.24832e-105 0 588.791 2.44398e-105 1.24832e-105
268.5 1 9.47298e-106 -5.70177e-106 0 590.11 9.47298e-106 -5.70177e-106
269.1 1 2.21421e-107 -5.22363e-106 0 591.429 2.21421e-107 -5.22363e-106
269.7 1 -1.65971e-106 -1.57722e-106 0 592.747 -1.65971e-106 -1.57722e-106
270.3 1 -8.8113e-107 1.77897e-107 0 594.066 -8.8113e-107 1.77897e-107
270.9 1 -1.35885e-107 3.84193e-107 0 595.385 -1.35885e-107 3.84193e-107
271.5 1 9.55613e-108 1.60985e-107 0 596.703 9.55613e-108 1.60985e-107
272.1 1 7.35843e-108 9.79166e-109 0 598.022 7.35843e-108 9.79166e-109
272.7 1 1.93871e-108 -2.49918e-108 0 599.341 1.93871e-108 -2.49918e-108
273.3 1 -3.88525e-109 -1.44301e-108 0 600.659 -3.88525e-109 -1.44301e-108
273.9 1 -5.55845e-109 -2.64129e-109 0 601.978 -5.55845e-109 -2.64129e-109
274.5 1 -2.08302e-109 1.34289e-109 0 603.297 -2.08302e-109 1.34289e-109
275.1 1 -2.06784e-111 1.16578e-109 0 604.615 -2.06784e-111 1.16578e-109
275.7 1 3.74935e-110 3.38869e-110 0 605.934 3.74935e-110 3.38869e-110
276.3 1 1.92668e-110 -4.47561e-111 0 607.253 1.92668e-110 -4.47561e-111
276.9 1 2.77861e-111 -8.50667e-111 0 608.571 2.77861e-111 -8.50667e-111
277.5 1 -2.15468e-111 -3.45448e-111 0 609.89 -2.15468e-111 -3.45448e-111
278.1 1 -1.59576e-111 -1.70515e-112 0 611.209 -1.59576e-111 -1.70515e-112
278.7 1 -4.05888e-112 5.49831e-112 0 612.527 -4.05888e-112 5.49831e-112
279.3 1 8.93428e-113 3.07609e-112 0 613.846 8.93428e-113 3.07609e-112
279.9 1 1.19425e-112 5.35548e-113 0 615.165 1.19425e-112 5.35548e-113
280.5 1 4.35874e-113 -2.95283e-113 0 616.484 4.35874e-113 -2.95283e-113
281.1 1 -4.23087e-117 -2.46307e-113 0 617.802 -4.23087e-117 -2.46307e-113
281.7 1 -7.98159e-114 -6.95174e-114 0 619.121 -7.98159e-114 -6.95174e-114
282.3 1 -4.00287e-114 1.01729e-114 0 620.44 -4.00287e-114 1.01729e-114
282.9 1 -5.48927e-115 1.77959e-114 0 621.758 -5.48927e-115 1.77959e-114
283.5 1 4.55396e-115 7.06056e-115 0 623.077 4.55396e-115 7.06056e-115
284.1 1 3.28233e-115 2.92757e-116 0 624.396 3.28233e-115 2.92757e-116
284.7 1 8.14443e-116 -1.13898e-115 0 625.714 8.14443e-116 -1.13898e-115
285.3 1 -1.89448e-116 -6.23252e-116 0 627.033 -1.89448e-116 -6.23252e-116
285.9 1 -2.42824e-116 -1.04833e-116 0 628.352 -2.42824e-116 -1.04833e-116
286.5 1 -8.70675e-117 6.07043e-117 0 629.67 -8.70675e-117 6.07043e-117
287.1 1 5.06217e-119 4.93521e-117 0 630.989 5.06217e-119 4.93521e-117
287.7 1 1.60282e-117 1.36633e-117 0 632.308 1.60282e-117 1.36633e-117
288.3 1 7.9163e-118 -2.10598e-118 0 633.626 7.9163e-118 -2.10598e-118
288.9 1 1.05546e-118 -3.52124e-118 0 634.945 1.05546e-118 -3.52124e-118
289.5 1 -9.02968e-119 -1.37701e-118 0 636.264 -9.02968e-119 -1.37701e-118
290.1 1 -6.41037e-119 -5.17343e-120 0 637.582 -6.41037e-119 -5.17343e-120
290.7 1 -1.56997e-119 2.22345e-119 0 638.901 -1.56997e-119 2.22345e-119
291.3 1 3.71482e-120 1.20142e-119 0 640.22 3.71482e-120 1.20142e-119
291.9 1 4.67555e-120 1.9876e-120 0 641.538 4.67555e-120 1.9876e-120
292.5 1 1.66186e-120 -1.1684e-120 0 642.857 1.66186e-120 -1.1684e-120
293.1 1 -1.1695e-122 -9.38388e-121 0 644.176 -1.1695e-122 -9.38388e-121
293.7 1 -3.03835e-121 -2.57512e-121 0 645.495 -3.03835e-121 -2.57512e-121
294.3 1 -1.49095e-121 3.99669e-122 0 646.813 -1.49095e-121 3.99669e-122
294.9 1 -1.97987e-122 6.59417e-122 0 648.132 -1.97987e-122 6.59417e-122
295.5 1 1.67991e-122 2.55836e-122 0 649.451 1.67991e-122 2.55836e-122
296.1 1 1.20163e-122 8.09069e-124 0 650.769 1.20163e-122 8.09069e-124
296.7 1 3.5702e-123 -4.00231e-123 0 652.088 3.5702e-123 -4.00231e-123
297.3 1 6.11126e-125 1.2261e-126 0 653.407 6.11126e-125 1.2261e-126
297.9 1 -6.49203e-123 6.0704e-123 0 654.725 -6.49203e-123 6.0704e-123
298.5 1 -2.86542e-122 -4.83303e-123 0 656.044 -2.86542e-122 -4.83303e-123
299.1 1 -2.79263e-122 -9.57793e-122 0 657.363 -2.79263e-122 -9.57793e-122
299.7 1 2.50072e-121 -2.65196e-121 0 658.681 2.50072e-121 -2.65196e-121
