-299.7 2 1.52076e-204 1.4154e-204 0 -4281.43 3.04153e-204 2.8308e-204
-299.1 2 2.60208e-204 6.84704e-204 0 -4272.86 5.20417e-204 1.36941e-203
-298.5 2 -7.99576e-204 1.60423e-203 0 -4264.29 -1.59915e-203 3.20847e-203
-297.9 2 -4.8231e-203 7.62458e-204 0 -4255.71 -9.64619e-203 1.52492e-203
-297.3 2 -1.09818e-202 -9.24779e-203 0 -4247.14 -2.19635e-202 -1.84956e-202
-296.7 2 -2.60796e-203 -3.83376e-202 0 -4238.57 -5.21593e-203 -7.66751e-202
-296.1 2 7.30311e-202 -6.6047e-202 0 -4230 1.46062e-201 -1.32094e-201
-295.5 2 2.77233e-201 5.39885e-202 0 -4221.43 5.54466e-201 1.07977e-201
-294.9 2 4.31454e-201 6.85039e-201 0 -4212.86 8.62908e-201 1.37008e-200
-294.3 2 -5.53315e-201 2.01307e-200 0 -4204.29 -1.10663e-200 4.02614e-200
-293.7 2 -5.18302e-200 1.97431e-200 0 -4195.71 -1.0366e-199 3.94861e-200
-293.1 2 -1.41465e-199 -8.10617e-200 0 -4187.14 -2.82929e-199 -1.62123e-199
-292.5 2 -1.11109e-199 -4.33871e-199 0 -4178.57 -2.22217e-199 -8.67743e-199
-291.9 2 6.67152e-199 -9.24057e-199 0 -4170 1.3343e-198 -1.84811e-198
-291.3 2 3.18612e-198 -1.2112e-200 0 -4161.43 6.37225e-198 -2.42239e-200
-290.7 2 6.24761e-198 6.87618e-198 0 -4152.86 1.24952e-197 1.37524e-197
-290.1 2 -1.81015e-198 2.43548e-197 0 -4144.29 -3.62031e-198 4.87096e-197
-289.5 2 -5.31668e-197 3.44556e-197 0 -4135.71 -1.06334e-196 6.89113e-197
-288.9 2 -1.74057e-196 -6.07733e-197 0 -4127.14 -3.48114e-196 -1.21547e-196
-288.3 2 -2.16111e-196 -4.7244e-196 0 -4118.57 -4.32221e-196 -9.4488e-196
-287.7 2 5.40666e-196 -1.21207e-195 0 -4110 1.08133e-195 -2.42413e-195
-287.1 2 3.526e-195 -7.3963e-196 0 -4101.43 7.05199e-195 -1.47926e-195
-286.5 2 8.394e-195 6.46545e-195 0 -4092.86 1.6788e-194 1.29309e-194
-285.9 2 3.21903e-195 2.83528e-194 0 -4084.29 6.43807e-195 5.67056e-194
-285.3 2 -5.14913e-194 5.16387e-194 0 -4075.71 -1.02983e-193 1.03277e-193
-284.7 2 -2.05801e-193 -3.0074e-194 0 -4067.14 -4.11602e-193 -6.01479e-194
-284.1 2 -3.40672e-193 -4.9277e-193 0 -4058.57 -6.81343e-193 -9.85539e-193
-283.5 2 3.38811e-193 -1.51367e-192 0 -4050 6.77621e-193 -3.02733e-192
-282.9 2 3.74636e-192 -1.65167e-192 0 -4041.43 7.49272e-192 -3.30335e-192
-282.3 2 1.0683e-191 5.50535e-192 0 -4032.86 2.1366e-191 1.10107e-191
-281.7 2 9.6463e-192 3.17938e-191 0 -4024.29 1.92926e-191 6.35876e-191
-281.1 2 -4.59503e-191 7.097e-191 0 -4015.71 -9.19006e-191 1.4194e-190
-280.5 2 -2.34373e-190 1.23757e-191 0 -4007.14 -4.68746e-190 2.47514e-191
-279.9 2 -4.82982e-190 -4.8772e-190 0 -3998.57 -9.65963e-190 -9.7544e-190
-279.3 2 5.05695e-191 -1.81369e-189 0 -3990 1.01139e-190 -3.62738e-189
-278.7 2 3.79479e-189 -2.74819e-189 0 -3981.43 7.58958e-189 -5.49637e-189
-278.1 2 1.30121e-188 3.88251e-189 0 -3972.86 2.60242e-188 7.76502e-189
-277.5 2 1.75025e-188 3.42775e-188 0 -3964.29 3.50049e-188 6.85549e-188
-276.9 2 -3.56674e-188 9.18851e-188 0 -3955.71 -7.13349e-188 1.8377e-187
-276.3 2 -2.56911e-187 6.7583e-188 0 -3947.14 -5.13822e-187 1.35166e-187
-275.7 2 -6.39505e-187 -4.49512e-187 0 -3938.57 -1.27901e-186 -8.99024e-187
-275.1 2 -3.33004e-187 -2.09223e-186 0 -3930 -6.66008e-187 -4.18446e-186
-274.5 2 3.61324e-186 -4.01716e-186 0 -3921.43 7.22648e-186 -8.03433e-186
-273.9 2 1.52435e-185 1.49023e-186 0 -3912.86 3.0487e-185 2.98046e-186
-273.3 2 2.67358e-185 3.53373e-185 0 -3904.29 5.34715e-185 7.06745e-185
-272.7 2 -1.97933e-185 1.13537e-184 0 -3895.71 -3.95867e-185 2.27074e-184
-272.1 2 -2.7003e-184 1.36052e-184 0 -3887.14 -5.4006e-184 2.72103e-184
-271.5 2 -8.04657e-184 -3.70026e-184 0 -3878.57 -1.60931e-183 -7.40052e-184
-270.9 2 -8.17549e-184 -2.32441e-183 0 -3870 -1.6351e-183 -4.64882e-183
-270.3 2 3.14e-183 -5.43161e-183 0 -3861.43 6.28e-183 -1.08632e-182
-269.7 2 1.72016e-182 -1.76251e-183 0 -3852.86 3.44032e-182 -3.52502e-183
-269.1 2 3.71888e-182 3.445e-182 0 -3844.29 7.43775e-182 6.88999e-182
-268.5 2 2.43103e-183 1.34761e-181 0 -3835.71 4.86206e-183 2.69522e-181
-267.9 2 -2.69874e-181 2.17589e-181 0 -3827.14 -5.39748e-181 4.35177e-181
-267.3 2 -9.70511e-181 -2.41219e-181 0 -3818.57 -1.94102e-180 -4.82439e-181
-266.7 2 -1.40397e-180 -2.4804e-180 0 -3810 -2.80794e-180 -4.9608e-180
-266.1 2 2.31252e-180 -6.94649e-180 0 -3801.43 4.62503e-180 -1.3893e-179
-265.5 2 1.86725e-179 -5.94014e-180 0 -3792.86 3.7345e-179 -1.18803e-179
-264.9 2 4.8575e-179 3.1051e-179 0 -3784.29 9.71499e-179 6.2102e-179
-264.3 2 3.15964e-179 1.54047e-178 0 -3775.71 6.31928e-179 3.08094e-178
-263.7 2 -2.52212e-178 3.11094e-178 0 -3767.14 -5.04423e-178 6.22187e-178
-263.1 2 -1.12656e-177 -5.56707e-179 0 -3758.57 -2.25313e-177 -1.11341e-178
-262.5 2 -2.08688e-177 -2.52577e-177 0 -3750 -4.17376e-177 -5.05154e-177
-261.9 2 1.07116e-177 -8.49589e-177 0 -3741.43 2.14232e-177 -1.69918e-176
-261.3 2 1.94054e-176 -1.10678e-176 0 -3732.86 3.88108e-176 -2.21357e-176
-260.7 2 6.04558e-176 2.45579e-176 0 -3724.29 1.20912e-175 4.91158e-176
-260.1 2 6.80332e-176 1.69529e-175 0 -3715.71 1.36066e-175 3.39057e-175
-259.5 2 -2.12594e-175 4.14341e-175 0 -3707.14 -4.25189e-175 8.28682e-175
-258.9 2 -1.25959e-174 1.92742e-175 0 -3698.57 -2.51917e-174 3.85485e-175
-258.3 2 -2.85292e-174 -2.42225e-174 0 -3690 -5.70584e-174 -4.8445e-174
-257.7 2 -6.35976e-175 -9.99061e-174 0 -3681.43 -1.27195e-174 -1.99812e-173
-257.1 2 1.91171e-173 -1.71174e-173 0 -3672.86 3.82342e-173 -3.42348e-173
-256.5 2 7.22208e-173 1.44024e-173 0 -3664.29 1.44442e-172 2.88048e-173
-255.9 2 1.11707e-172 1.78989e-172 0 -3655.71 2.23415e-172 3.57977e-172
-255.3 2 -1.4657e-172 5.23763e-172 0 -3647.14 -2.93141e-172 1.04753e-171
-254.7 2 -1.35362e-171 5.08033e-172 0 -3638.57 -2.70723e-171 1.01607e-171
-254.1 2 -3.67909e-171 -2.12898e-171 0 -3630 -7.35818e-171 -4.25795e-171
-253.5 2 -2.84727e-171 -1.13165e-170 0 -3621.43 -5.69454e-171 -2.26329e-170
-252.9 2 1.75e-170 -2.3992e-170 0 -3612.86 3.5e-170 -4.7984e-170
-252.3 2 8.30717e-170 7.11436e-173 0 -3604.29 1.66143e-169 1.42287e-172
-251.7 2 1.62106e-169 1.79891e-169 0 -3595.71 3.24212e-169 3.59783e-169
-251.1 2 -4.99732e-170 6.34255e-169 0 -3587.14 -9.99465e-170 1.26851e-168
-250.5 2 -1.39011e-168 8.91176e-169 0 -3578.57 -2.78023e-168 1.78235e-168
-249.9 2 -4.53117e-168 -1.60428e-168 0 -3570 -9.06233e-168 -3.20855e-168
-249.3 2 -5.58078e-168 -1.23338e-167 0 -3561.43 -1.11616e-167 -2.46675e-167
-248.7 2 1.42341e-167 -3.15106e-167 0 -3552.86 2.84683e-167 -6.30211e-167
-248.1 2 9.20148e-167 -1.88432e-167 0 -3544.29 1.8403e-166 -3.76864e-167
-247.5 2 2.18118e-166 1.69444e-166 0 -3535.71 4.36237e-166 3.38888e-166
-246.9 2 8.07191e-167 7.39013e-166 0 -3527.14 1.61438e-166 1.47803e-165
-246.3 2 -1.34833e-165 1.33907e-165 0 -3518.57 -2.69667e-165 2.67815e-165
-245.7 2 -5.36233e-165 -8.08135e-166 0 -3510 -1.07247e-164 -1.61627e-165
-245.1 2 -8.82663e-165 -1.28781e-164 0 -3501.43 -1.76533e-164 -2.57562e-164
-244.5 2 9.00378e-165 -3.93929e-164 0 -3492.86 1.80076e-164 -7.87857e-164
-243.9 2 9.78624e-164 -4.25822e-164 0 -3484.29 1.95725e-163 -8.51644e-164
-243.3 2 2.77917e-163 1.44695e-163 0 -3475.71 5.55835e-163 2.8939e-163
-242.7 2 2.47953e-163 8.29435e-163 0 -3467.14 4.95906e-163 1.65887e-162
-242.1 2 -1.20597e-162 1.84347e-162 0 -3458.57 -2.41194e-162 3.68695e-162
-241.5 2 -6.1122e-162 2.94717e-163 0 -3450 -1.22244e-161 5.89434e-163
-240.9 2 -1.25388e-161 -1.27633e-161 0 -3441.43 -2.50776e-161 -2.55266e-161
-240.3 2 1.5194e-162 -4.72458e-161 0 -3432.86 3.0388e-162 -9.44917e-161
-239.7 2 9.92484e-161 -7.11536e-161 0 -3424.29 1.98497e-160 -1.42307e-160
-239.1 2 3.38852e-160 1.02676e-160 0 -3415.71 6.77703e-160 2.05352e-160
-238.5 2 4.52597e-160 8.95105e-160 0 -3407.14 9.05195e-160 1.79021e-159
-237.9 2 -9.40111e-160 2.38985e-159 0 -3398.57 -1.88022e-159 4.7797e-159
-237.3 2 -6.70645e-159 1.731e-159 0 -3390 -1.34129e-158 3.462e-159
-236.7 2 -1.66265e-158 -1.17864e-158 0 -3381.43 -3.3253e-158 -2.35728e-158
-236.1 2 -8.45522e-159 -5.45537e-158 0 -3372.86 -1.69104e-158 -1.09107e-157
-235.5 2 9.46606e-158 -1.04256e-157 0 -3364.29 1.89321e-157 -2.08512e-157
-234.9 2 3.97354e-157 4.05903e-158 0 -3355.71 7.94709e-157 8.11805e-158
-234.3 2 6.93386e-157 9.23902e-157 0 -3347.14 1.38677e-156 1.8478e-156
-233.7 2 -5.28539e-157 2.95637e-156 0 -3338.57 -1.05708e-156 5.91275e-156
-233.1 2 -7.05724e-156 3.51439e-156 0 -3330 -1.41145e-155 7.02878e-156
-232.5 2 -2.09462e-155 -9.73578e-156 0 -3321.43 -4.18923e-155 -1.94716e-155
-231.9 2 -2.10703e-155 -6.06723e-155 0 -3312.86 -4.21407e-155 -1.21345e-154
-231.3 2 8.24942e-155 -1.412e-154 0 -3304.29 1.64988e-154 -2.82401e-154
-230.7 2 4.48887e-154 -4.39485e-155 0 -3295.71 8.97775e-154 -8.78971e-155
-230.1 2 9.66312e-154 9.02254e-154 0 -3287.14 1.93262e-153 1.80451e-153
-229.5 2 4.85546e-155 3.513e-153 0 -3278.57 9.71091e-155 7.02601e-153
-228.9 2 -7.06469e-153 5.64041e-153 0 -3270 -1.41294e-152 1.12808e-152
-228.3 2 -2.52934e-152 -6.40263e-153 0 -3261.43 -5.05869e-152 -1.28053e-152
-227.7 2 -3.63521e-152 -6.48311e-152 0 -3252.86 -7.27042e-152 -1.29662e-151
-227.1 2 6.1129e-152 -1.80829e-151 0 -3244.29 1.22258e-151 -3.61658e-151
-226.5 2 4.87927e-151 -1.52619e-151 0 -3235.71 9.75854e-151 -3.05238e-151
-225.9 2 1.26399e-150 8.15576e-151 0 -3227.14 2.52799e-150 1.63115e-150
-225.3 2 8.06431e-151 4.0208e-150 0 -3218.57 1.61286e-150 8.04161e-150
-224.7 2 -6.6197e-150 8.08068e-150 0 -3210 -1.32394e-149 1.61614e-149
-224.1 2 -2.93972e-149 -1.59586e-150 0 -3201.43 -5.87944e-149 -3.19172e-150
-223.5 2 -5.4159e-149 -6.61428e-149 0 -3192.86 -1.08318e-148 -1.32286e-148
-222.9 2 2.90355e-149 -2.21437e-148 0 -3184.29 5.8071e-149 -4.42875e-148
-222.3 2 5.0801e-148 -2.86037e-148 0 -3175.71 1.01602e-147 -5.72074e-148
-221.7 2 1.57504e-147 6.48932e-148 0 -3167.14 3.15008e-147 1.29786e-147
-221.1 2 1.75321e-147 4.43159e-147 0 -3158.57 3.50641e-147 8.86319e-147
-220.5 2 -5.60824e-147 1.07767e-146 0 -3150 -1.12165e-146 2.15534e-146
-219.9 2 -3.29149e-146 4.83847e-147 0 -3141.43 -6.58299e-146 9.67694e-147
-219.3 2 -7.4134e-146 -6.36245e-146 0 -3132.86 -1.48268e-145 -1.27249e-145
-218.7 2 -1.50896e-146 -2.60701e-145 0 -3124.29 -3.01792e-146 -5.21402e-145
-218.1 2 5.01845e-145 -4.43345e-145 0 -3115.71 1.00369e-144 -8.86691e-145
-217.5 2 1.88341e-144 3.87923e-145 0 -3107.14 3.76681e-144 7.75846e-145
-216.9 2 2.88679e-144 4.68794e-144 0 -3098.57 5.77358e-144 9.37588e-144
-216.3 2 -3.91727e-144 1.3633e-143 0 -3090 -7.83454e-144 2.72661e-143
-215.7 2 -3.54303e-143 1.29937e-143 0 -3081.43 -7.08607e-143 2.59874e-143
-215.1 2 -9.56508e-143 -5.62286e-143 0 -3072.86 -1.91302e-142 -1.12457e-142
-214.5 2 -7.21576e-143 -2.95607e-142 0 -3064.29 -1.44315e-142 -5.91213e-142
-213.9 2 4.61488e-142 -6.21741e-142 0 -3055.71 9.22975e-142 -1.24348e-141
-213.3 2 2.16778e-141 1.98158e-143 0 -3047.14 4.33555e-141 3.96316e-143
-212.7 2 4.19139e-141 4.72354e-141 0 -3038.57 8.38279e-141 9.44708e-141
-212.1 2 -1.44209e-141 1.65104e-140 0 -3030 -2.88418e-141 3.30209e-140
-211.5 2 -3.64527e-140 2.28754e-140 0 -3021.43 -7.29054e-140 4.57509e-140
-210.9 2 -1.17758e-139 -4.28834e-140 0 -3012.86 -2.35516e-139 -8.57669e-140
-210.3 2 -1.42498e-139 -3.22392e-139 0 -3004.29 -2.84995e-139 -6.44785e-139
-209.7 2 3.78576e-139 -8.15961e-139 0 -2995.71 7.57153e-139 -1.63192e-138
-209.1 2 2.40096e-138 -4.65173e-139 0 -2987.14 4.80191e-138 -9.30346e-139
-208.5 2 5.63379e-138 4.46382e-138 0 -2978.57 1.12676e-137 8.92764e-138
-207.9 2 1.90536e-138 1.92182e-137 0 -2970 3.81073e-138 3.84364e-137
-207.3 2 -3.54176e-137 3.43721e-137 0 -2961.43 -7.08351e-137 6.87442e-137
-206.7 2 -1.39121e-136 -2.25385e-137 0 -2952.86 -2.78243e-136 -4.50771e-137
-206.1 2 -2.25661e-136 -3.36483e-136 0 -2944.29 -4.51321e-136 -6.72966e-136
-205.5 2 2.4457e-136 -1.01776e-135 0 -2935.71 4.8914e-136 -2.03552e-135
-204.9 2 2.54927e-135 -1.07257e-135 0 -2927.14 5.09853e-135 -2.14514e-135
-204.3 2 7.1596e-135 3.82651e-135 0 -2918.57 1.43192e-134 7.65303e-135
-203.7 2 6.18873e-135 2.1507e-134 0 -2910 1.23775e-134 4.3014e-134
-203.1 2 -3.16865e-134 4.72275e-134 0 -2901.43 -6.33731e-134 9.44549e-134
-202.5 2 -1.57969e-133 5.7966e-135 0 -2892.86 -3.15937e-133 1.15932e-134
-201.9 2 -3.20247e-133 -3.32431e-133 0 -2884.29 -6.40494e-133 -6.64863e-133
-201.3 2 5.09307e-134 -1.21545e-132 0 -2875.71 1.01861e-133 -2.4309e-132
-200.7 2 2.57199e-132 -1.80263e-132 0 -2867.14 5.14399e-132 -3.60526e-132
-200.1 2 8.69053e-132 2.72184e-132 0 -2858.57 1.73811e-131 5.44367e-132
-199.5 2 1.14421e-131 2.30632e-131 0 -2850 2.28843e-131 4.61263e-131
-198.9 2 -2.45451e-131 6.10223e-131 0 -2841.43 -4.90903e-131 1.22045e-130
-198.3 2 -1.72056e-130 4.30357e-131 0 -2832.86 -3.44113e-130 8.60715e-131
-197.7 2 -4.23828e-130 -3.03856e-130 0 -2824.29 -8.47655e-130 -6.07712e-130
-197.1 2 -2.1086e-130 -1.39367e-129 0 -2815.71 -4.21719e-130 -2.78734e-129
-196.5 2 2.42107e-129 -2.6501e-129 0 -2807.14 4.84214e-129 -5.30019e-129
-195.9 2 1.01237e-128 1.05176e-129 0 -2798.57 2.02475e-128 2.10353e-129
-195.3 2 1.76715e-128 2.35064e-128 0 -2790 3.53431e-128 4.70128e-128
-194.7 2 -1.31976e-128 7.51781e-128 0 -2781.43 -2.63953e-128 1.50356e-127
-194.1 2 -1.78679e-127 9.00432e-128 0 -2772.86 -3.57358e-127 1.80086e-127
-193.5 2 -5.33051e-127 -2.43422e-127 0 -2764.29 -1.0661e-126 -4.86844e-127
-192.9 2 -5.49554e-127 -1.53365e-126 0 -2755.71 -1.09911e-126 -3.0673e-126
-192.3 2 2.0414e-126 -3.60551e-126 0 -2747.14 4.0828e-126 -7.21102e-126
-191.7 2 1.13361e-125 -1.29154e-126 0 -2738.57 2.26721e-125 -2.58308e-126
-191.1 2 2.4867e-125 2.23979e-125 0 -2730 4.97339e-125 4.47959e-125
-190.5 2 3.23584e-126 8.90035e-125 0 -2721.43 6.47168e-126 1.78007e-124
-189.9 2 -1.74781e-124 1.47726e-124 0 -2712.86 -3.49562e-124 2.95453e-124
-189.3 2 -6.44087e-124 -1.42952e-124 0 -2704.29 -1.28817e-123 -2.85904e-124
-188.7 2 -9.74717e-124 -1.61454e-123 0 -2695.71 -1.94943e-123 -3.22907e-123
-188.1 2 1.37291e-123 -4.6589e-123 0 -2687.14 2.74583e-123 -9.31779e-123
-187.5 2 1.21968e-122 -4.42719e-123 0 -2678.57 2.43937e-122 -8.85438e-123
-186.9 2 3.30302e-122 1.92692e-122 0 -2670 6.60603e-122 3.85384e-122
-186.3 2 2.57042e-122 1.01811e-121 0 -2661.43 5.14084e-122 2.03621e-121
-185.7 2 -1.57259e-121 2.17198e-121 0 -2652.86 -3.14518e-121 4.34396e-121
-185.1 2 -7.53575e-121 6.11791e-123 0 -2644.29 -1.50715e-120 1.22358e-122
-184.5 2 -1.49745e-120 -1.61643e-120 0 -2635.71 -2.99489e-120 -3.23285e-120
-183.9 2 3.56276e-121 -5.80663e-120 0 -2627.14 7.12552e-121 -1.16133e-119
-183.3 2 1.25943e-119 -8.48329e-120 0 -2618.57 2.51887e-119 -1.69666e-119
-182.7 2 4.2219e-119 1.36892e-119 0 -2610 8.44381e-119 2.73783e-119
-182.1 2 5.51537e-119 1.13133e-118 0 -2601.43 1.10307e-118 2.26266e-118
-181.5 2 -1.23591e-118 2.99962e-118 0 -2592.86 -2.47182e-118 5.99924e-118
-180.9 2 -8.6022e-118 2.11537e-118 0 -2584.29 -1.72044e-117 4.23073e-118
-180.3 2 -2.13061e-117 -1.52616e-117 0 -2575.71 -4.26121e-117 -3.05232e-117
-179.7 2 -1.05446e-117 -7.06145e-117 0 -2567.14 -2.10891e-117 -1.41229e-116
-179.1 2 1.24818e-116 -1.35829e-116 0 -2558.57 2.49635e-116 -2.71659e-116
-178.5 2 5.26008e-116 5.39703e-117 0 -2550 1.05202e-115 1.07941e-116
-177.9 2 9.23279e-116 1.23068e-115 0 -2541.43 1.84656e-115 2.46136e-115
-177.3 2 -7.29732e-116 3.97988e-115 0 -2532.86 -1.45946e-115 7.95976e-115
-176.7 2 -9.67034e-115 4.7764e-115 0 -2524.29 -1.93407e-114 9.5528e-115
-176.1 2 -2.88713e-114 -1.34685e-114 0 -2515.71 -5.77425e-114 -2.6937e-114
-175.5 2 -2.86743e-114 -8.46356e-114 0 -2507.14 -5.73485e-114 -1.69271e-113
-174.9 2 1.19466e-113 -1.98036e-113 0 -2498.57 2.38933e-113 -3.96071e-113
-174.3 2 6.44875e-113 -5.4675e-114 0 -2490 1.28975e-112 -1.0935e-113
-173.7 2 1.37319e-112 1.32725e-112 0 -2481.43 2.74638e-112 2.65451e-112
-173.1 2 -8.13449e-114 5.1335e-112 0 -2472.86 -1.6269e-113 1.0267e-111
-172.5 2 -1.08383e-111 8.00445e-112 0 -2464.29 -2.16766e-111 1.60089e-111
-171.9 2 -3.77359e-111 -1.11158e-111 0 -2455.71 -7.54718e-111 -2.22315e-111
-171.3 2 -5.01099e-111 -1.0087e-110 0 -2447.14 -1.0022e-110 -2.01739e-110
-170.7 2 1.13004e-110 -2.70866e-110 0 -2438.57 2.26008e-110 -5.41732e-110
-170.1 2 7.8297e-110 -1.80076e-110 0 -2430 1.56594e-109 -3.60152e-110
-169.5 2 1.88706e-109 1.44695e-109 0 -2421.43 3.77413e-109 2.89389e-109
-168.9 2 6.20872e-110 6.46897e-109 0 -2412.86 1.24174e-109 1.29379e-108
-168.3 2 -1.22889e-108 1.1594e-108 0 -2404.29 -2.45777e-108 2.31879e-108
-167.7 2 -4.77496e-108 -9.00244e-109 0 -2395.71 -9.54992e-108 -1.80049e-108
-167.1 2 -7.26911e-108 -1.2029e-107 0 -2387.14 -1.45382e-107 -2.40581e-107
-166.5 2 1.11706e-107 -3.5066e-107 0 -2378.57 2.23412e-107 -7.01321e-107
-165.9 2 9.43384e-107 -3.00821e-107 0 -2370 1.88677e-106 -6.01642e-107
-165.3 2 2.421e-106 1.63285e-106 0 -2361.43 4.84201e-106 3.26569e-106
-164.7 2 1.19625e-106 7.95117e-106 0 -2352.86 2.3925e-106 1.59023e-105
-164.1 2 -1.42756e-105 1.50501e-105 0 -2344.29 -2.85511e-105 3.01003e-105
-163.5 2 -5.82482e-105 -8.55363e-106 0 -2335.71 -1.16496e-104 -1.71073e-105
-162.9 2 -9.19397e-105 -1.43633e-104 0 -2327.14 -1.83879e-104 -2.87266e-104
-162.3 2 1.25511e-104 -4.27853e-104 0 -2318.57 2.51021e-104 -8.55707e-104
-161.7 2 1.12275e-103 -3.77474e-104 0 -2310 2.2455e-103 -7.54948e-104
-161.1 2 2.87961e-103 1.9409e-103 0 -2301.43 5.75922e-103 3.8818e-103
-160.5 2 1.34306e-103 9.4422e-103 0 -2292.86 2.68611e-103 1.88844e-102
-159.9 2 -1.70425e-102 1.74284e-102 0 -2284.29 -3.4085e-102 3.48567e-102
-159.3 2 -6.75584e-102 -1.18738e-102 0 -2275.71 -1.35117e-101 -2.37476e-102
-158.7 2 -1.00071e-101 -1.7028e-101 0 -2267.14 -2.00143e-101 -3.40561e-101
-158.1 2 1.67289e-101 -4.82871e-101 0 -2258.57 3.34579e-101 -9.65742e-101
-157.5 2 1.3009e-100 -3.48046e-101 0 -2250 2.60179e-100 -6.96092e-101
-156.9 2 3.08787e-100 2.42185e-100 0 -2241.43 6.17575e-100 4.84369e-100
-156.3 2 6.29203e-101 1.06056e-99 0 -2232.86 1.25841e-100 2.12111e-99
-155.7 2 -2.0629e-99 1.71649e-99 0 -2224.29 -4.1258e-99 3.43298e-99
-155.1 2 -7.22821e-99 -2.15332e-99 0 -2215.71 -1.44564e-98 -4.30663e-99
-154.5 2 -8.52185e-99 -1.962e-98 0 -2207.14 -1.70437e-98 -3.924e-98
-153.9 2 2.49646e-98 -4.81093e-98 0 -2198.57 4.99292e-98 -9.62187e-98
-153.3 2 1.42414e-97 -1.28031e-98 0 -2190 2.84827e-97 -2.56062e-98
-152.7 2 2.76211e-97 3.08059e-97 0 -2181.43 5.52422e-97 6.16119e-97
-152.1 2 -1.46861e-97 1.07736e-96 0 -2172.86 -2.93722e-97 2.15471e-96
-151.5 2 -2.4508e-96 1.19689e-96 0 -2164.29 -4.90159e-96 2.39378e-96
-150.9 2 -6.64277e-96 -3.98555e-96 0 -2155.71 -1.32855e-95 -7.97109e-96
-150.3 2 -3.14934e-96 -2.10749e-95 0 -2147.14 -6.29867e-96 -4.21498e-95
-149.7 2 3.77739e-95 -3.68118e-95 0 -2138.57 7.55478e-95 -7.36237e-95
-149.1 2 1.3823e-94 3.79395e-95 0 -2130 2.7646e-94 7.58789e-95
-148.5 2 1.49258e-94 3.80493e-94 0 -2121.43 2.98516e-94 7.60986e-94
-147.9 2 -5.4374e-94 8.79612e-94 0 -2112.86 -1.08748e-93 1.75922e-93
-147.3 2 -2.70304e-93 -1.09866e-94 0 -2104.29 -5.40609e-93 -2.19731e-94
-146.7 2 -4.06199e-93 -6.74478e-93 0 -2095.71 -8.12399e-93 -1.34896e-92
-146.1 2 7.91349e-93 -1.9251e-92 0 -2087.14 1.5827e-92 -3.85019e-92
-145.5 2 5.36818e-92 -6.79694e-93 0 -2078.57 1.07364e-91 -1.35939e-92
-144.9 2 9.83149e-92 1.25583e-91 0 -2070 1.9663e-91 2.51166e-91
-144.3 2 -1.24005e-91 4.2613e-91 0 -2061.43 -2.4801e-91 8.52261e-91
-143.7 2 -1.14692e-90 2.92202e-91 0 -2052.86 -2.29384e-90 5.84405e-91
-143.1 2 -2.47143e-90 -2.51777e-90 0 -2044.29 -4.94287e-90 -5.03553e-90
-142.5 2 1.81452e-90 -1.00792e-89 0 -2035.71 3.62905e-90 -2.01583e-89
-141.9 2 2.61946e-89 -1.05025e-89 0 -2027.14 5.23893e-89 -2.10051e-89
-141.3 2 6.74338e-89 5.11501e-89 0 -2018.57 1.34868e-88 1.023e-88
-140.7 2 -6.66789e-90 2.51598e-88 0 -2010 -1.33358e-89 5.03196e-88
-140.1 2 -5.98372e-88 3.77001e-88 0 -2001.43 -1.19674e-87 7.54003e-88
-139.5 2 -1.90456e-87 -9.19401e-88 0 -1992.86 -3.80912e-87 -1.8388e-87
-138.9 2 -1.15417e-87 -6.25884e-87 0 -1984.29 -2.30833e-87 -1.25177e-86
-138.3 2 1.25467e-86 -1.28986e-86 0 -1975.71 2.50934e-86 -2.57972e-86
-137.7 2 5.20509e-86 1.05627e-86 0 -1967.14 1.04102e-85 2.11254e-86
-137.1 2 6.79132e-86 1.46052e-85 0 -1958.57 1.35826e-85 2.92104e-85
-136.5 2 -2.1578e-85 4.02962e-85 0 -1950 -4.3156e-85 8.05925e-85
-135.9 2 -1.31365e-84 1.19643e-85 0 -1941.43 -2.62731e-84 2.39286e-85
-135.3 2 -2.63908e-84 -3.02224e-84 0 -1932.86 -5.27815e-84 -6.04448e-84
-134.7 2 2.13932e-84 -1.13095e-83 0 -1924.29 4.27864e-84 -2.26191e-83
-134.1 2 2.96328e-83 -1.30269e-83 0 -1915.71 5.92657e-83 -2.60539e-83
-133.5 2 8.33503e-83 5.08288e-83 0 -1907.14 1.66701e-82 1.01658e-82
-132.9 2 3.64325e-83 2.83152e-82 0 -1898.57 7.28649e-83 5.66305e-82
-132.3 2 -5.72868e-82 5.42598e-82 0 -1890 -1.14574e-81 1.0852e-81
-131.7 2 -2.26519e-81 -5.07308e-82 0 -1881.43 -4.53037e-81 -1.01462e-81
-131.1 2 -2.99116e-81 -6.24781e-81 0 -1872.86 -5.98232e-81 -1.24956e-80
-130.5 2 8.5351e-81 -1.71523e-80 0 -1864.29 1.70702e-80 -3.43045e-80
-129.9 2 5.38951e-80 -6.97248e-81 0 -1855.71 1.0779e-79 -1.3945e-80
-129.3 2 1.13915e-79 1.17522e-79 0 -1847.14 2.2783e-79 2.35044e-79
-128.7 2 -5.34143e-80 4.58402e-79 0 -1838.57 -1.06829e-79 9.16804e-79
-128.1 2 -1.11473e-78 6.00736e-79 0 -1830 -2.22946e-78 1.20147e-78
-127.5 2 -3.36465e-78 -1.69729e-78 0 -1821.43 -6.7293e-78 -3.39458e-78
-126.9 2 -2.38743e-78 -1.0673e-77 0 -1812.86 -4.77485e-78 -2.1346e-77
-126.3 2 1.91893e-77 -2.25183e-77 0 -1804.29 3.83787e-77 -4.50365e-77
-125.7 2 8.45653e-77 9.95682e-78 0 -1795.71 1.69131e-76 1.99136e-77
-125.1 2 1.32212e-76 2.15815e-76 0 -1787.14 2.64423e-76 4.31629e-76
-124.5 2 -2.3274e-76 6.51692e-76 0 -1778.57 -4.65481e-76 1.30338e-75
-123.9 2 -1.85118e-75 4.72136e-76 0 -1770 -3.70236e-75 9.44272e-76
-123.3 2 -4.40002e-75 -3.63142e-75 0 -1761.43 -8.80004e-75 -7.26283e-75
-122.7 2 -6.93595e-77 -1.60563e-74 0 -1752.86 -1.38719e-76 -3.21127e-74
-122.1 2 3.48811e-74 -2.5214e-74 0 -1744.29 6.97621e-74 -5.0428e-74
-121.5 2 1.18214e-73 4.29199e-74 0 -1735.71 2.36427e-73 8.58399e-74
-120.9 2 1.21136e-73 3.4512e-73 0 -1727.14 2.42273e-73 6.90241e-73
-120.3 2 -5.29641e-73 8.20811e-73 0 -1718.57 -1.05928e-72 1.64162e-72
-119.7 2 -2.73873e-72 2.59343e-74 0 -1710 -5.47746e-72 5.18685e-74
-119.1 2 -5.01248e-72 -6.39969e-72 0 -1701.43 -1.0025e-71 -1.27994e-71
-118.5 2 4.77379e-72 -2.16647e-71 0 -1692.86 9.54758e-72 -4.33295e-71
-117.9 2 5.54085e-71 -2.2188e-71 0 -1684.29 1.10817e-70 -4.4376e-71
-117.3 2 1.47873e-70 9.59711e-71 0 -1675.71 2.95746e-70 1.91942e-70
-116.7 2 5.99628e-71 4.9463e-70 0 -1667.14 1.19926e-70 9.8926e-70
-116.1 2 -9.56153e-70 8.99591e-70 0 -1658.57 -1.91231e-69 1.79918e-69
-115.5 2 -3.65454e-69 -8.65269e-70 0 -1650 -7.30908e-69 -1.73054e-69
-114.9 2 -4.71588e-69 -9.89432e-69 0 -1641.43 -9.43176e-69 -1.97886e-68
-114.3 2 1.27394e-68 -2.61631e-68 0 -1632.86 2.54788e-68 -5.23261e-68
-113.7 2 7.89013e-68 -1.00167e-68 0 -1624.29 1.57803e-67 -2.00333e-68
-113.1 2 1.62939e-67 1.69661e-67 0 -1615.71 3.25878e-67 3.39322e-67
-112.5 2 -7.05959e-68 6.39524e-67 0 -1607.14 -1.41192e-67 1.27905e-66
-111.9 2 -1.49149e-66 8.04689e-67 0 -1598.57 -2.98297e-66 1.60938e-66
-111.3 2 -4.38299e-66 -2.27442e-66 0 -1590 -8.76597e-66 -4.54884e-66
-110.7 2 -2.9853e-66 -1.37018e-65 0 -1581.43 -5.97061e-66 -2.74035e-65
-110.1 2 2.38277e-65 -2.76718e-65 0 -1572.86 4.76553e-65 -5.53437e-65
-109.5 2 1.01301e-64 1.40722e-65 0 -1564.29 2.02602e-64 2.81444e-65
-108.9 2 1.50529e-64 2.58262e-64 0 -1555.71 3.01059e-64 5.16525e-64
-108.3 2 -2.80065e-64 7.40217e-64 0 -1547.14 -5.6013e-64 1.48043e-63
-107.7 2 -2.06643e-63 4.54834e-64 0 -1538.57 -4.13287e-63 9.09668e-64
-107.1 2 -4.63146e-63 -4.1536e-63 0 -1530 -9.26293e-63 -8.3072e-63
-106.5 2 5.71953e-64 -1.70439e-62 0 -1521.43 1.14391e-63 -3.40878e-62
-105.9 2 3.70275e-62 -2.40994e-62 0 -1512.86 7.4055e-62 -4.81988e-62
-105.3 2 1.16392e-61 5.0699e-62 0 -1504.29 2.32785e-61 1.01398e-61
-104.7 2 9.87972e-62 3.47645e-61 0 -1495.71 1.97594e-61 6.9529e-61
-104.1 2 -5.58061e-61 7.47365e-61 0 -1487.14 -1.11612e-60 1.49473e-60
-103.5 2 -2.55733e-60 -1.9699e-61 0 -1478.57 -5.11466e-60 -3.93979e-61
-102.9 2 -4.09025e-60 -6.27214e-60 0 -1470 -8.1805e-60 -1.25443e-59
-102.3 2 5.98221e-60 -1.88343e-59 0 -1461.43 1.19644e-59 -3.76685e-59
-101.7 2 5.00489e-59 -1.37977e-59 0 -1452.86 1.00098e-58 -2.75953e-59
-101.1 2 1.16782e-58 9.67189e-59 0 -1444.29 2.33564e-58 1.93438e-58
-100.5 2 2.06358e-60 4.15323e-58 0 -1435.71 4.12716e-60 8.30646e-58
-99.9 2 -8.65862e-58 6.14508e-58 0 -1427.14 -1.73172e-57 1.22902e-57
-99.3 2 -2.79949e-57 -1.12446e-57 0 -1418.57 -5.59899e-57 -2.24892e-57
-98.7 2 -2.53961e-57 -8.19269e-57 0 -1410 -5.07921e-57 -1.63854e-56
-98.1 2 1.26759e-56 -1.79058e-56 0 -1401.43 2.53519e-56 -3.58116e-56
-97.5 2 5.94367e-56 3.54357e-57 0 -1392.86 1.18873e-55 7.08713e-57
-96.9 2 9.60255e-56 1.44202e-55 0 -1384.29 1.92051e-55 2.88404e-55
-96.3 2 -1.33455e-55 4.34192e-55 0 -1375.71 -2.6691e-55 8.68385e-55
-95.7 2 -1.13504e-54 3.17551e-55 0 -1367.14 -2.27008e-54 6.35101e-55
-95.1 2 -2.62716e-54 -2.19631e-54 0 -1358.57 -5.25431e-54 -4.39263e-54
-94.5 2 1.58612e-56 -9.32352e-54 0 -1350 3.17224e-56 -1.8647e-53
-93.9 2 1.93792e-53 -1.34167e-53 0 -1341.43 3.87584e-53 -2.68333e-53
-93.3 2 6.12697e-53 2.60437e-53 0 -1332.86 1.22539e-52 5.20874e-53
-92.7 2 5.16236e-53 1.80917e-52 0 -1324.29 1.03247e-52 3.61834e-52
-92.1 2 -2.85761e-52 3.80594e-52 0 -1315.71 -5.71522e-52 7.61187e-52
-91.5 2 -1.2785e-51 -1.24051e-52 0 -1307.14 -2.557e-51 -2.48102e-52
-90.9 2 -1.93744e-51 -3.17297e-51 0 -1298.57 -3.87487e-51 -6.34594e-51
-90.3 2 3.23487e-51 -9.07085e-51 0 -1290 6.46975e-51 -1.81417e-50
-89.7 2 2.42588e-50 -5.34547e-51 0 -1281.43 4.85176e-50 -1.06909e-50
-89.1 2 5.24691e-50 4.92753e-50 0 -1272.86 1.04938e-49 9.85506e-50
-88.5 2 -1.20639e-50 1.93041e-49 0 -1264.29 -2.41279e-50 3.86083e-49
-87.9 2 -4.18158e-49 2.45369e-49 0 -1255.71 -8.36316e-49 4.90738e-49
-87.3 2 -1.21615e-48 -6.34089e-49 0 -1247.14 -2.4323e-48 -1.26818e-48
-86.7 2 -7.60722e-49 -3.75071e-48 0 -1238.57 -1.52144e-48 -7.50143e-48
-86.1 2 6.41994e-48 -7.07553e-48 0 -1230 1.28399e-47 -1.41511e-47
-85.5 2 2.5401e-47 5.12141e-48 0 -1221.43 5.0802e-47 1.02428e-47
-84.9 2 3.24136e-47 6.68895e-47 0 -1212.86 6.48272e-47 1.33779e-46
-84.3 2 -8.25388e-47 1.70031e-46 0 -1204.29 -1.65078e-46 3.40062e-46
-83.7 2 -4.87674e-46 4.39776e-47 0 -1195.71 -9.75347e-46 8.79551e-47
-83.1 2 -9.10357e-46 -1.08593e-45 0 -1187.14 -1.82071e-45 -2.17186e-45
-82.5 2 6.95302e-46 -3.65823e-45 0 -1178.57 1.3906e-45 -7.31646e-45
-81.9 2 8.65391e-45 -3.45915e-45 0 -1170 1.73078e-44 -6.91831e-45
-81.3 2 2.15629e-44 1.55765e-44 0 -1161.43 4.31259e-44 3.1153e-44
-80.7 2 4.18569e-45 7.24512e-44 0 -1152.86 8.37138e-45 1.44902e-43
-80.1 2 -1.41097e-43 1.10306e-43 0 -1144.29 -2.82194e-43 2.20613e-43
-79.5 2 -4.60419e-43 -1.80202e-43 0 -1135.71 -9.20837e-43 -3.60404e-43
-78.9 2 -3.97893e-43 -1.33574e-42 0 -1127.14 -7.95787e-43 -2.67147e-42
-78.3 2 2.06563e-42 -2.78254e-42 0 -1118.57 4.13126e-42 -5.56508e-42
-77.7 2 9.10291e-42 1.04689e-42 0 -1110 1.82058e-41 2.09378e-42
-77.1 2 1.29381e-41 2.29568e-41 0 -1101.43 2.58761e-41 4.59136e-41
-76.5 2 -2.54122e-41 6.21299e-41 0 -1092.86 -5.08243e-41 1.2426e-40
-75.9 2 -1.68583e-40 2.50951e-41 0 -1084.29 -3.37165e-40 5.01902e-41
-75.3 2 -3.29077e-40 -3.64677e-40 0 -1075.71 -6.58154e-40 -7.29354e-40
-74.7 2 2.00913e-40 -1.27816e-39 0 -1067.14 4.01826e-40 -2.55631e-39
-74.1 2 2.93269e-39 -1.27009e-39 0 -1058.57 5.86538e-39 -2.54017e-39
-73.5 2 7.40097e-39 5.21837e-39 0 -1050 1.48019e-38 1.04367e-38
-72.9 2 1.5206e-39 2.46603e-38 0 -1041.43 3.04121e-39 4.93206e-38
-72.3 2 -4.7668e-38 3.71699e-38 0 -1032.86 -9.5336e-38 7.43398e-38
-71.7 2 -1.53572e-37 -6.25884e-38 0 -1024.29 -3.07144e-37 -1.25177e-37
-71.1 2 -1.23775e-37 -4.49535e-37 0 -1015.71 -2.4755e-37 -8.9907e-37
-70.5 2 7.11315e-37 -9.036e-37 0 -1007.14 1.42263e-36 -1.8072e-36
-69.9 2 2.99537e-36 4.6536e-37 0 -998.571 5.99074e-36 9.30719e-37
-69.3 2 3.93555e-36 7.74606e-36 0 -990 7.87111e-36 1.54921e-35
-68.7 2 -9.31349e-36 1.98228e-35 0 -981.429 -1.8627e-35 3.96455e-35
-68.1 2 -5.53551e-35 4.63144e-36 0 -972.857 -1.1071e-34 9.26288e-36
-67.5 2 -9.93334e-35 -1.2533e-34 0 -964.286 -1.98667e-34 -2.5066e-34
-66.9 2 9.26924e-35 -4.04991e-34 0 -955.714 1.85385e-34 -8.09982e-34
-66.3 2 9.70522e-34 -3.24677e-34 0 -947.143 1.94104e-33 -6.49355e-34
-65.7 2 2.23019e-33 1.8708e-33 0 -938.571 4.46038e-33 3.74159e-33
-65.1 2 -1.71649e-34 7.81361e-33 0 -930 -3.43297e-34 1.56272e-32
-64.5 2 -1.60693e-32 1.00704e-32 0 -921.429 -3.21387e-32 2.01408e-32
-63.9 2 -4.63233e-32 -2.47067e-32 0 -912.857 -9.26466e-32 -4.94133e-32
-63.3 2 -2.50019e-32 -1.43138e-31 0 -904.286 -5.00038e-32 -2.86277e-31
-62.7 2 2.48198e-31 -2.50617e-31 0 -895.714 4.96396e-31 -5.01235e-31
-62.1 2 9.05225e-31 2.55333e-31 0 -887.143 1.81045e-30 5.10666e-31
-61.5 2 9.45597e-31 2.49018e-30 0 -878.571 1.89119e-30 4.98035e-30
-60.9 2 -3.48214e-30 5.55721e-30 0 -870 -6.96428e-30 1.11144e-29
-60.3 2 -1.67624e-29 -8.87674e-31 0 -861.429 -3.35247e-29 -1.77535e-30
-59.7 2 -2.51743e-29 -4.09594e-29 0 -852.857 -5.03486e-29 -8.19189e-29
-59.1 2 4.16047e-29 -1.13929e-28 0 -844.286 8.32095e-29 -2.27859e-28
-58.5 2 2.94714e-28 -5.17957e-29 0 -835.714 5.89428e-28 -1.03591e-28
-57.9 2 5.76027e-28 6.3056e-28 0 -827.143 1.15205e-27 1.26112e-27
-57.3 2 -3.35724e-28 2.19512e-27 0 -818.571 -6.71447e-28 4.39024e-27
-56.7 2 -4.91169e-27 2.08651e-27 0 -810 -9.82337e-27 4.17302e-27
-56.1 2 -1.2001e-26 -8.90308e-27 0 -801.429 -2.4002e-26 -1.78062e-26
-55.5 2 -1.45922e-27 -4.00637e-26 0 -792.857 -2.91843e-27 -8.01275e-26
-54.9 2 7.71829e-26 -5.57102e-26 0 -784.286 1.54366e-25 -1.1142e-25
-54.3 2 2.33252e-25 1.1023e-25 0 -775.714 4.66505e-25 2.2046e-25
-53.7 2 1.52605e-25 6.9517e-25 0 -767.143 3.05209e-25 1.39034e-24
-53.1 2 -1.13146e-24 1.26131e-24 0 -758.571 -2.26292e-24 2.52261e-24
-52.5 2 -4.28161e-24 -1.04791e-24 0 -750 -8.56322e-24 -2.09582e-24
-51.9 2 -4.70909e-24 -1.1479e-23 0 -741.429 -9.41818e-24 -2.2958e-23
-51.3 2 1.5146e-23 -2.58889e-23 0 -732.857 3.0292e-23 -5.17779e-23
-50.7 2 7.47402e-23 2.64667e-24 0 -724.286 1.4948e-22 5.29333e-24
-50.1 2 1.1244e-22 1.80151e-22 0 -715.714 2.24881e-22 3.60303e-22
-49.5 2 -1.7625e-22 4.95535e-22 0 -707.143 -3.525e-22 9.91069e-22
-48.9 2 -1.24563e-21 2.12936e-22 0 -698.571 -2.49127e-21 4.25873e-22
-48.3 2 -2.36507e-21 -2.67639e-21 0 -690 -4.73014e-21 -5.35278e-21
-47.7 2 1.52711e-21 -8.97631e-21 0 -681.429 3.05422e-21 -1.79526e-20
-47.1 2 1.98621e-20 -7.69466e-21 0 -672.857 3.97243e-20 -1.53893e-20
-46.5 2 4.58371e-20 3.73394e-20 0 -664.286 9.16743e-20 7.46789e-20
-45.9 2 -1.45977e-21 1.55243e-19 0 -655.714 -2.91955e-21 3.10485e-19
-45.3 2 -3.03361e-19 1.90204e-19 0 -647.143 -6.06722e-19 3.80409e-19
-44.7 2 -8.3598e-19 -4.82385e-19 0 -638.571 -1.67196e-18 -9.6477e-19
-44.1 2 -3.50806e-19 -2.57976e-18 0 -630 -7.01612e-19 -5.15952e-18
-43.5 2 4.44859e-18 -4.01509e-18 0 -621.429 8.89718e-18 -8.03018e-18
-42.9 2 1.45299e-17 5.63973e-18 0 -612.857 2.90598e-17 1.12795e-17
-42.3 2 1.11511e-17 4.14873e-17 0 -604.286 2.23022e-17 8.29746e-17
-41.7 2 -6.32013e-17 7.71334e-17 0 -595.714 -1.26403e-16 1.54267e-16
-41.1 2 -2.43558e-16 -5.75941e-17 0 -587.143 -4.87117e-16 -1.15188e-16
-40.5 2 -2.51634e-16 -6.53827e-16 0 -578.571 -5.03269e-16 -1.30765e-15
-39.9 2 8.9195e-16 -1.39256e-15 0 -570 1.7839e-15 -2.78512e-15
-39.3 2 4.00933e-15 -5.78954e-16 0 -561.429 8.01866e-15 -1.15791e-15
-38.7 2 6.87119e-15 5.79743e-15 0 -552.857 1.37424e-14 1.15949e-14
-38.1 2 -1.41331e-15 1.94244e-14 0 -544.286 -2.82662e-15 3.88488e-14
-37.5 2 -3.96956e-14 2.49585e-14 0 -535.714 -7.93912e-14 4.9917e-14
-36.9 2 -1.05042e-13 -2.87099e-14 0 -527.143 -2.10085e-13 -5.74198e-14
-36.3 2 -9.4407e-14 -2.0499e-13 0 -518.571 -1.88814e-13 -4.09981e-13
-35.7 2 2.60397e-13 -4.29308e-13 0 -510 5.20794e-13 -8.58615e-13
-35.1 2 1.1931e-12 -1.85516e-13 0 -501.429 2.3862e-12 -3.71032e-13
-34.5 2 2.04188e-12 1.57424e-12 0 -492.857 4.08376e-12 3.14849e-12
-33.9 2 -1.2301e-13 5.23594e-12 0 -484.286 -2.4602e-13 1.04719e-11
-33.3 2 -1.01231e-11 6.90902e-12 0 -475.714 -2.02461e-11 1.3818e-11
-32.7 2 -2.72675e-11 -5.68221e-12 0 -467.143 -5.45351e-11 -1.13644e-11
-32.1 2 -2.73557e-11 -4.75794e-11 0 -458.571 -5.47113e-11 -9.51587e-11
-31.5 2 5.13965e-11 -1.03275e-10 0 -450 1.02793e-10 -2.06549e-10
-30.9 2 2.64788e-10 -6.4327e-11 0 -441.429 5.29577e-10 -1.28654e-10
-30.3 2 4.8609e-10 2.87481e-10 0 -432.857 9.7218e-10 5.74963e-10
-29.7 2 1.35014e-10 1.05497e-09 0 -424.286 2.70027e-10 2.10993e-09
-29.1 2 -1.76842e-09 1.57403e-09 0 -415.714 -3.53685e-09 3.14806e-09
-28.5 2 -5.32066e-09 -3.15008e-10 0 -407.143 -1.06413e-08 -6.30016e-10
-27.9 2 -6.66672e-09 -7.45047e-09 0 -398.571 -1.33334e-08 -1.49009e-08
-27.3 2 4.58372e-09 -1.83534e-08 0 -390 9.16743e-09 -3.67068e-08
-26.7 2 3.96074e-08 -1.79225e-08 0 -381.429 7.92148e-08 -3.5845e-08
-26.1 2 8.57475e-08 2.63994e-08 0 -372.857 1.71495e-07 5.27989e-08
-25.5 2 6.71688e-08 1.38844e-07 0 -364.286 1.34338e-07 2.77687e-07
-24.9 2 -1.59789e-07 2.57941e-07 0 -355.714 -3.19578e-07 5.15882e-07
-24.3 2 -6.7279e-07 1.41884e-07 0 -347.143 -1.34558e-06 2.83768e-07
-23.7 2 -1.14005e-06 -5.86081e-07 0 -338.571 -2.28011e-06 -1.17216e-06
-23.1 2 -4.60059e-07 -2.00385e-06 0 -330 -9.20119e-07 -4.0077e-06
-22.5 2 2.92464e-06 -3.01839e-06 0 -321.429 5.84926e-06 -6.03677e-06
-21.9 1.99999 9.07834e-06 -7.38697e-07 0 -312.857 1.81566e-05 -1.47739e-06
-21.3 1.99999 1.30019e-05 8.22583e-06 0 -304.286 2.60035e-05 1.64516e-05
-20.7 2 2.44559e-06 2.28951e-05 0 -295.714 4.89117e-06 4.57902e-05
-20.1 2.00004 -3.62578e-05 3.07743e-05 0 -287.143 -7.2517e-05 6.15497e-05
-19.5 2.0001 -9.84833e-05 5.78107e-06 0 -278.571 -0.000196976 1.15627e-05
-18.9 2.00014 -0.000133534 -7.69003e-05 0 -270 -0.000267086 -0.000153811
-18.3 2.00004 -3.66649e-05 -0.000203598 0 -261.429 -7.33312e-05 -0.000407203
-17.7 1.99968 0.000296041 -0.000280438 0 -252.857 0.000591987 -0.000560785
-17.1 1.99909 0.000829852 -0.000134463 0 -244.286 0.00165894 -0.000268803
-16.5 1.99863 0.00122981 0.000391608 0 -235.714 0.00245793 0.000782681
-15.9 1.9991 0.000834894 0.00125556 0 -227.143 0.00166903 0.00250999
-15.3 2.00135 -0.0010521 0.00204995 0 -218.571 -0.00210563 0.00410267
-14.7 2.00562 -0.00454093 0.00204289 0 -210 -0.00910736 0.00409725
-14.1 2.01059 -0.00851968 0.000544453 0 -201.429 -0.0171296 0.00109467
-13.5 2.01315 -0.0105857 -0.00261574 0 -192.857 -0.0213106 -0.00526586
-12.9 2.00925 -0.00780604 -0.00689959 0 -184.286 -0.0156843 -0.013863
-12.3 1.99568 0.00206587 -0.0113253 0 -175.714 0.00412282 -0.0226016
-11.7 1.97126 0.0196981 -0.0149218 0 -167.143 0.0388301 -0.0294147
-11.1 1.93761 0.0439586 -0.0173202 0 -158.571 0.0851747 -0.0335598
-10.5 1.89787 0.072732 -0.0187196 0 -150 0.138036 -0.0355274
-9.9 1.85497 0.104052 -0.0193946 0 -141.429 0.193013 -0.0359764
-9.3 1.81103 0.136455 -0.0195679 0 -132.857 0.247124 -0.0354381
-8.7 1.76748 0.168927 -0.0193631 0 -124.286 0.298576 -0.0342239
-8.1 1.72529 0.200745 -0.0188503 0 -115.714 0.346342 -0.0325222
-7.5 1.68517 0.23135 -0.0180539 0 -107.143 0.389865 -0.0304239
-6.9 1.64769 0.260282 -0.0169776 0 -98.5714 0.428865 -0.0279738
-6.3 1.61331 0.287144 -0.0156039 0 -90 0.463252 -0.0251739
-5.7 1.58238 0.311595 -0.0139049 0 -81.4286 0.493063 -0.0220028
-5.1 1.55518 0.333363 -0.011842 0 -72.8571 0.518438 -0.0184164
-4.5 1.53185 0.352254 -0.00936952 0 -64.2857 0.539601 -0.0143527
-3.9 1.51243 0.368185 -0.00643057 0 -55.7143 0.556853 -0.00972578
-3.3 1.49679 0.381197 -0.00295457 0 -47.1429 0.570573 -0.00442238
-2.7 1.48468 0.391466 0.00114197 0 -38.5714 0.581201 0.00169546
-2.1 1.47569 0.399285 0.00593715 0 -30 0.589221 0.0087614
-1.5 1.4693 0.405022 0.0114712 0 -21.4286 0.5951 0.0168547
-0.9 1.46493 0.409068 0.0176913 0 -12.8571 0.599255 0.0259165
-0.3 1.46192 0.411792 0.024408 0 -4.28571 0.602009 0.0356826
0.3 1.45975 0.413517 0.0312545 0 4.28571 0.603629 0.0456236
0.9 1.4579 0.414519 0.0377011 0 12.8571 0.604327 0.0549644
1.5 1.4561 0.41503 0.0430919 0 21.4286 0.604325 0.0627462
2.1 1.45415 0.415233 0.0467585 0 30 0.60381 0.0679936
2.7 1.45206 0.415262 0.0481484 0 38.5714 0.602985 0.0699143
3.3 1.44991 0.415194 0.0469771 0 47.1429 0.601993 0.0681124
3.9 1.44793 0.415067 0.0433247 0 55.7143 0.600988 0.0627311
4.5 1.44629 0.414878 0.0376483 0 64.2857 0.600036 0.0544505
5.1 1.44515 0.414572 0.0306957 0 72.8571 0.599118 0.0443598
5.7 1.4443 0.413964 0.0233022 0 81.4286 0.597887 0.0336553
6.3 1.44302 0.412517 0.0161241 0 90 0.59527 0.0232674
6.9 1.4393 0.408799 0.0092539 0 98.5714 0.588384 0.0133191
7.5 1.42864 0.39946 0.00175713 0 107.143 0.570684 0.00251031
8.1 1.40265 0.377993 -0.0087183 0 115.714 0.530191 -0.0122287
8.7 1.35015 0.334964 -0.0252803 0 124.286 0.452251 -0.0341321
9.3 1.26489 0.262711 -0.0484453 0 132.857 0.3323 -0.0612779
9.9 1.15828 0.165222 -0.0699719 0 141.429 0.191373 -0.0810469
10.5 1.06162 0.065467 -0.07325 0 150 0.0695009 -0.0777636
11.1 1.00242 -0.00441757 -0.0516589 0 158.571 -0.00442824 -0.0517837
11.7 0.981481 -0.0301181 -0.0212833 0 167.143 -0.0295603 -0.0208892
12.3 0.982187 -0.0263442 -0.000337419 0 175.714 -0.025875 -0.000331408
12.9 0.990456 -0.0131053 0.00759477 0 184.286 -0.0129802 0.00752229
13.5 0.997766 -0.00235759 0.00708661 0 192.857 -0.00235232 0.00707078
14.1 1.00134 0.00254868 0.00365727 0 201.429 0.00255208 0.00366216
14.7 1.00191 0.00305866 0.000724847 0 210 0.0030645 0.000726229
15.3 1.00116 0.00175675 -0.000651241 0 218.571 0.00175879 -0.000651999
15.9 1.00034 0.000453015 -0.000807351 0 227.143 0.000453172 -0.000807629
16.5 0.999911 -0.000202977 -0.000458137 0 235.714 -0.000202959 -0.000458096
17.1 0.999823 -0.000309638 -0.000111296 0 244.286 -0.000309583 -0.000111276
17.7 0.999889 -0.000181889 5.73228e-05 0 252.857 -0.000181869 5.73164e-05
18.3 0.999968 -4.6358e-05 8.01289e-05 0 261.429 -4.63565e-05 8.01263e-05
18.9 1.00001 1.93851e-05 4.44493e-05 0 270 1.93852e-05 4.44497e-05
19.5 1.00002 2.82655e-05 9.71653e-06 0 278.571 2.82659e-05 9.71668e-06
20.1 1.00001 1.5267e-05 -5.82195e-06 0 287.143 1.52672e-05 -5.822e-06
20.7 1 3.06526e-06 -7.07374e-06 0 295.714 3.06527e-06 -7.07376e-06
21.3 0.999999 -2.06202e-06 -3.46075e-06 0 304.286 -2.06201e-06 -3.46074e-06
21.9 0.999999 -2.28998e-06 -4.97959e-07 0 312.857 -2.28998e-06 -4.97959e-07
22.5 0.999999 -1.03464e-06 5.92677e-07 0 321.429 -1.03464e-06 5.92676e-07
23.1 1 -1.03288e-07 5.41258e-07 0 330 -1.03288e-07 5.41258e-07
23.7 1 1.98612e-07 2.12231e-07 0 338.571 1.98612e-07 2.12231e-07
24.3 1 1.5848e-07 2.72206e-09 0 347.143 1.5848e-07 2.72206e-09
24.9 1 5.42841e-08 -5.19603e-08 0 355.714 5.42842e-08 -5.19603e-08
25.5 1 -3.90346e-09 -3.45918e-08 0 364.286 -3.90346e-09 -3.45918e-08
26.1 1 -1.56984e-08 -9.56008e-09 0 372.857 -1.56984e-08 -9.56008e-09
26.7 1 -9.01595e-09 2.2614e-09 0 381.429 -9.01595e-09 2.2614e-09
27.3 1 -1.94747e-09 3.69899e-09 0 390 -1.94747e-09 3.69899e-09
27.9 1 8.89925e-10 1.77521e-09 0 398.571 8.89925e-10 1.77521e-09
28.5 1 9.93514e-10 2.39828e-10 0 407.143 9.93514e-10 2.39828e-10
29.1 1 4.02604e-10 -2.5836e-10 0 415.714 4.02604e-10 -2.5836e-10
29.7 1 2.03898e-11 -2.1022e-10 0 424.286 2.03898e-11 -2.1022e-10
30.3 1 -7.67297e-11 -6.85677e-11 0 432.857 -7.67297e-11 -6.85677e-11
30.9 1 -4.98589e-11 5.40262e-12 0 441.429 -4.98589e-11 5.40262e-12
31.5 1 -1.27193e-11 1.80448e-11 0 450 -1.27193e-11 1.80448e-11
32.1 1 3.22192e-12 9.38028e-12 0 458.571 3.22192e-12 9.38028e-12
32.7 1 4.54205e-12 1.61217e-12 0 467.143 4.54205e-12 1.61217e-12
33.3 1 1.93229e-12 -1.03825e-12 0 475.714 1.93229e-12 -1.03825e-12
33.9 1 1.62686e-13 -9.26673e-13 0 484.286 1.62686e-13 -9.26673e-13
34.5 1 -3.02711e-13 -3.12146e-13 0 492.857 -3.02711e-13 -3.12146e-13
35.1 1 -2.02905e-13 1.24592e-14 0 501.429 -2.02905e-13 1.24592e-14
35.7 1 -5.25835e-14 6.97229e-14 0 510 -5.25835e-14 6.97229e-14
36.3 1 1.10762e-14 3.62443e-14 0 518.571 1.10762e-14 3.62443e-14
36.9 1 1.64362e-14 6.27309e-15 0 527.143 1.64362e-14 6.27309e-15
37.5 1 6.86174e-15 -3.61443e-15 0 535.714 6.86174e-15 -3.61443e-15
38.1 1 5.34413e-16 -3.2217e-15 0 544.286 5.34413e-16 -3.2217e-15
38.7 1 -1.01078e-15 -1.03556e-15 0 552.857 -1.01078e-15 -1.03556e-15
39.3 1 -6.24507e-16 6.5372e-17 0 561.429 -6.24507e-16 6.5372e-17
39.9 1 -1.42293e-16 2.20496e-16 0 570 -1.42293e-16 2.20496e-16
40.5 1 4.2799e-17 1.06133e-16 0 578.571 4.2799e-17 1.06133e-16
41.1 1 4.21985e-17 9.64779e-18 0 587.143 4.21985e-17 9.64779e-18
41.7 1 1.13723e-17 -1.32531e-17 0 595.714 1.13723e-17 -1.32531e-17
42.3 1 -1.94791e-18 -7.38527e-18 0 604.286 -1.94791e-18 -7.38527e-18
42.9 1 -2.71588e-18 -1.07714e-18 0 612.857 -2.71588e-18 -1.07714e-18
43.5 1 -8.76721e-19 7.2778e-19 0 621.429 -8.76721e-19 7.2778e-19
44.1 1 5.5129e-20 4.94183e-19 0 630 5.5129e-20 4.94183e-19
44.7 1 1.6598e-19 9.95458e-20 0 638.571 1.6598e-19 9.95458e-20
45.3 1 6.4071e-20 -3.58261e-20 0 647.143 6.4071e-20 -3.58261e-20
45.9 1 1.48825e-21 -3.16979e-20 0 655.714 1.48825e-21 -3.16979e-20
46.5 1 -9.60785e-21 -8.17587e-21 0 664.286 -9.60785e-21 -8.17587e-21
47.1 1 -4.45542e-21 1.47119e-21 0 672.857 -4.45542e-21 1.47119e-21
47.7 1 -4.25013e-22 1.94577e-21 0 681.429 -4.25013e-22 1.94577e-21
48.3 1 5.21186e-22 6.19386e-22 0 690 5.21186e-22 6.19386e-22
48.9 1 2.95883e-22 -3.65013e-23 0 698.571 2.95883e-22 -3.65013e-23
49.5 1 4.73891e-23 -1.13736e-22 0 707.143 4.73891e-23 -1.13736e-22
50.1 1 -2.58459e-23 -4.40642e-23 0 715.714 -2.58459e-23 -4.40642e-23
50.7 1 -1.87725e-23 -1.43919e-24 0 724.286 -1.87725e-23 -1.43919e-24
51.3 1 -4.17378e-24 6.26888e-24 0 732.857 -4.17378e-24 6.26888e-24
51.9 1 1.10623e-24 2.96833e-24 0 741.429 1.10623e-24 2.96833e-24
52.5 1 1.13519e-24 3.2242e-25 0 750 1.13519e-24 3.2242e-25
53.1 1 3.24988e-25 -3.20121e-25 0 758.571 3.24988e-25 -3.20121e-25
53.7 1 -3.3839e-26 -1.89992e-25 0 767.143 -3.3839e-26 -1.89992e-25
54.3 1 -6.51031e-26 -3.35982e-26 0 775.714 -6.51031e-26 -3.35982e-26
54.9 1 -2.32649e-26 1.46126e-26 0 784.286 -2.32649e-26 1.46126e-26
55.5 1 -1.51701e-28 1.15591e-26 0 792.857 -1.51701e-28 1.15591e-26
56.1 1 3.50893e-27 2.80978e-27 0 801.429 3.50893e-27 2.80978e-27
56.7 1 1.55822e-27 -5.42615e-28 0 810 1.55822e-27 -5.42615e-28
57.3 1 1.44682e-28 -6.66746e-28 0 818.571 1.44682e-28 -6.66746e-28
57.9 1 -1.74649e-28 -2.08667e-28 0 827.143 -1.74649e-28 -2.08667e-28
58.5 1 -9.844e-29 1.03007e-29 0 835.714 -9.844e-29 1.03007e-29
59.1 1 -1.64981e-29 3.62116e-29 0 844.286 -1.64981e-29 3.62116e-29
59.7 1 7.72553e-30 1.42693e-29 0 852.857 7.72553e-30 1.42693e-29
60.3 1 5.87959e-30 7.57449e-31 0 861.429 5.87959e-30 7.57449e-31
60.9 1 1.40435e-30 -1.82491e-30 0 870 1.40435e-30 -1.82491e-30
61.5 1 -2.72974e-31 -9.12458e-31 0 878.571 -2.72974e-31 -9.12458e-31
62.1 1 -3.31109e-31 -1.24425e-31 0 887.143 -3.31109e-31 -1.24425e-31
62.7 1 -1.03906e-31 8.26933e-32 0 895.714 -1.03906e-31 8.26933e-32
63.3 1 4.21623e-33 5.48627e-32 0 904.286 4.21623e-33 5.48627e-32
63.9 1 1.74224e-32 1.16344e-32 0 912.857 1.74224e-32 1.16344e-32
64.5 1 7.00301e-33 -3.10763e-33 0 921.429 7.00301e-33 -3.10763e-33
65.1 1 4.66761e-34 -3.09782e-33 0 930 4.66761e-34 -3.09782e-33
65.7 1 -8.39678e-34 -8.9441e-34 0 938.571 -8.39678e-34 -8.9441e-34
66.3 1 -4.37725e-34 6.8723e-35 0 947.143 -4.37725e-34 6.8723e-35
66.9 1 -6.72401e-35 1.62931e-34 0 955.714 -6.72401e-35 1.62931e-34
67.5 1 3.54289e-35 6.12715e-35 0 964.286 3.54289e-35 6.12715e-35
68.1 1 2.5508e-35 2.77324e-36 0 972.857 2.5508e-35 2.77324e-36
68.7 1 5.96223e-36 -7.83239e-36 0 981.429 5.96223e-36 -7.83239e-36
69.3 1 -1.14546e-36 -3.84674e-36 0 990 -1.14546e-36 -3.84674e-36
69.9 1 -1.38136e-36 -5.36239e-37 0 998.571 -1.38136e-36 -5.36239e-37
70.5 1 -4.38532e-37 3.29588e-37 0 1007.14 -4.38532e-37 3.29588e-37
71.1 1 9.9975e-39 2.23395e-37 0 1015.71 9.9975e-39 2.23395e-37
71.7 1 6.86336e-38 4.99043e-38 0 1024.29 6.86336e-38 4.99043e-38
72.3 1 2.87126e-38 -1.07077e-38 0 1032.86 2.87126e-38 -1.07077e-38
72.9 1 2.60866e-39 -1.19827e-38 0 1041.43 2.60866e-39 -1.19827e-38
73.5 1 -3.03537e-39 -3.70831e-39 0 1050 -3.03537e-39 -3.70831e-39
74.1 1 -1.71434e-39 1.1067e-40 0 1058.57 -1.71434e-39 1.1067e-40
74.7 1 -3.13587e-40 5.86364e-40 0 1067.14 -3.13587e-40 5.86364e-40
75.3 1 1.10374e-40 2.41784e-40 0 1075.71 1.10374e-40 2.41784e-40
75.9 1 9.38941e-41 2.16061e-41 0 1084.29 9.38941e-41 2.16061e-41
76.5 1 2.53817e-41 -2.53605e-41 0 1092.86 2.53817e-41 -2.53605e-41
77.1 1 -2.35633e-42 -1.42605e-41 0 1101.43 -2.35633e-42 -1.42605e-41
77.7 1 -4.68537e-42 -2.62785e-42 0 1110 -4.68537e-42 -2.62785e-42
78.3 1 -1.72324e-42 8.88947e-43 0 1118.57 -1.72324e-42 8.88947e-43
78.9 1 -8.71426e-44 7.66874e-43 0 1127.14 -8.71426e-44 7.66874e-43
79.5 1 2.07972e-43 2.10206e-43 0 1135.71 2.07972e-43 2.10206e-43
80.1 1 1.03913e-43 -1.69034e-44 0 1144.29 1.03913e-43 -1.69034e-44
80.7 1 1.6092e-44 -3.73379e-44 0 1152.86 1.6092e-44 -3.73379e-44
81.3 1 -7.69092e-45 -1.40111e-44 0 1161.43 -7.69092e-45 -1.40111e-44
81.9 1 -5.66458e-45 -8.65467e-46 0 1170 -5.66458e-45 -8.65467e-46
82.5 1 -1.40169e-45 1.60187e-45 0 1178.57 -1.40169e-45 1.60187e-45
83.1 1 1.84287e-46 8.2601e-46 0 1187.14 1.84287e-46 8.2601e-46
83.7 1 2.78704e-46 1.37088e-46 0 1195.71 2.78704e-46 1.37088e-46
84.3 1 9.65338e-47 -5.59902e-47 0 1204.29 9.65338e-47 -5.59902e-47
84.9 1 3.25119e-48 -4.38361e-47 0 1212.86 3.25119e-48 -4.38361e-47
85.5 1 -1.21113e-47 -1.13986e-47 0 1221.43 -1.21113e-47 -1.13986e-47
86.1 1 -5.77426e-48 1.12904e-48 0 1230 -5.77426e-48 1.12904e-48
86.7 1 -8.43041e-49 2.08712e-48 0 1238.57 -8.43041e-49 2.08712e-48
87.3 1 4.35295e-49 7.58348e-49 0 1247.14 4.35295e-49 7.58348e-49
87.9 1 3.08408e-49 4.22747e-50 0 1255.71 3.08408e-49 4.22747e-50
88.5 1 7.48274e-50 -8.67713e-50 0 1264.29 7.48274e-50 -8.67713e-50
89.1 1 -9.95664e-51 -4.39011e-50 0 1272.86 -9.95664e-51 -4.39011e-50
89.7 1 -1.47266e-50 -7.23544e-51 0 1281.43 -1.47266e-50 -7.23544e-51
90.3 1 -5.08005e-51 2.89293e-51 0 1290 -5.08005e-51 2.89293e-51
90.9 1 -1.94829e-52 2.26469e-51 0 1298.57 -1.94829e-52 2.26469e-51
91.5 1 6.14188e-52 5.9361e-52 0 1307.14 6.14188e-52 5.9361e-52
92.1 1 2.95795e-52 -5.1229e-53 0 1315.71 2.95795e-52 -5.1229e-53
92.7 1 4.52441e-53 -1.03815e-52 0 1324.29 4.52441e-53 -1.03815e-52
93.3 1 -2.07094e-53 -3.84057e-53 0 1332.86 -2.07094e-53 -3.84057e-53
93.9 1 -1.52476e-53 -2.61196e-54 0 1341.43 -1.52476e-53 -2.61196e-54
94.5 1 -3.84328e-54 4.09617e-54 0 1350 -3.84328e-54 4.09617e-54
95.1 1 3.96694e-55 2.1458e-54 0 1358.57 3.96694e-55 2.1458e-54
95.7 1 6.96057e-55 3.80771e-55 0 1367.14 6.96057e-55 3.80771e-55
96.3 1 2.50292e-55 -1.24819e-55 0 1375.71 2.50292e-55 -1.24819e-55
96.9 1 1.50017e-56 -1.06058e-55 0 1384.29 1.50017e-56 -1.06058e-55
97.5 1 -2.73075e-56 -2.94094e-56 0 1392.86 -2.73075e-56 -2.94094e-56
98.1 1 -1.39443e-56 1.48327e-57 0 1401.43 -1.39443e-56 1.48327e-57
98.7 1 -2.40274e-57 4.60863e-57 0 1410 -2.40274e-57 4.60863e-57
99.3 1 8.28472e-58 1.80936e-57 0 1418.57 8.28472e-58 1.80936e-57
99.9 1 6.83899e-58 1.69686e-58 0 1427.14 6.83899e-58 1.69686e-58
100.5 1 1.86923e-58 -1.6856e-58 0 1435.71 1.86923e-58 -1.6856e-58
101.1 1 -1.01226e-59 -9.60797e-59 0 1444.29 -1.01226e-59 -9.60797e-59
101.7 1 -2.93828e-59 -1.93007e-59 0 1452.86 -2.93828e-59 -1.93007e-59
102.3 1 -1.14368e-59 4.41228e-60 0 1461.43 -1.14368e-59 4.41228e-60
102.9 1 -1.06279e-60 4.48652e-60 0 1470 -1.06279e-60 4.48652e-60
103.5 1 1.05796e-60 1.36361e-60 0 1478.57 1.05796e-60 1.36361e-60
104.1 1 6.0078e-61 -2.58778e-63 0 1487.14 6.0078e-61 -2.58778e-63
104.7 1 1.20855e-61 -1.81608e-61 0 1495.71 1.20855e-61 -1.81608e-61
105.3 1 -2.69522e-62 -7.84652e-62 0 1504.29 -2.69522e-62 -7.84652e-62
105.9 1 -2.76445e-62 -1.00807e-62 0 1512.86 -2.76445e-62 -1.00807e-62
106.5 1 -8.44002e-63 5.95989e-63 0 1521.43 -8.44002e-63 5.95989e-63
107.1 1 -2.38516e-65 3.90701e-63 0 1530 -2.38516e-65 3.90701e-63
107.7 1 1.09743e-63 9.10131e-64 0 1538.57 1.09743e-63 9.10131e-64
108.3 1 4.78359e-64 -1.1765e-64 0 1547.14 4.78359e-64 -1.1765e-64
108.9 1 6.35217e-65 -1.6984e-64 0 1555.71 6.35217e-65 -1.6984e-64
109.5 1 -3.49635e-65 -5.8077e-65 0 1564.29 -3.49635e-65 -5.8077e-65
110.1 1 -2.33907e-65 -2.97791e-66 0 1572.86 -2.33907e-65 -2.97791e-66
110.7 1 -5.55899e-66 6.26213e-66 0 1581.43 -5.55899e-66 6.26213e-66
111.3 1 6.35802e-67 3.08857e-66 0 1590 6.35802e-67 3.08857e-66
111.9 1 9.94499e-67 5.21186e-67 0 1598.57 9.94499e-67 5.21186e-67
112.5 1 3.46632e-67 -1.74493e-67 0 1607.14 3.46632e-67 -1.74493e-67
113.1 1 2.10363e-68 -1.42365e-67 0 1615.71 2.10363e-68 -1.42365e-67
113.7 1 -3.55838e-68 -3.88091e-68 0 1624.29 -3.55838e-68 -3.88091e-68
114.3 1 -1.80157e-68 1.59749e-69 0 1632.86 -1.80157e-68 1.59749e-69
114.9 1 -3.18211e-69 5.6615e-69 0 1641.43 -3.18211e-69 5.6615e-69
115.5 1 9.3891e-70 2.22658e-69 0 1650 9.3891e-70 2.22658e-69
116.1 1 8.09547e-70 2.3253e-70 0 1658.57 8.09547e-70 2.3253e-70
116.7 1 2.27569e-70 -1.8396e-70 0 1667.14 2.27569e-70 -1.8396e-70
117.3 1 -5.43682e-72 -1.08344e-70 0 1675.71 -5.43682e-72 -1.08344e-70
117.9 1 -3.1208e-71 -2.30277e-71 0 1684.29 -3.1208e-71 -2.30277e-71
118.5 1 -1.26613e-71 3.86635e-72 0 1692.86 -1.26613e-71 3.86635e-72
119.1 1 -1.46816e-72 4.55834e-72 0 1701.43 -1.46816e-72 4.55834e-72
119.7 1 9.68973e-73 1.45755e-72 0 1710 9.68973e-73 1.45755e-72
120.3 1 5.97777e-73 4.83285e-74 0 1718.57 5.97777e-73 4.83285e-74
120.9 1 1.33085e-73 -1.62115e-73 0 1727.14 1.33085e-73 -1.62115e-73
121.5 1 -1.81649e-74 -7.49532e-74 0 1735.71 -1.81649e-74 -7.49532e-74
122.1 1 -2.43225e-74 -1.1605e-74 0 1744.29 -2.43225e-74 -1.1605e-74
122.7 1 -8.05917e-75 4.40099e-75 0 1752.86 -8.05917e-75 4.40099e-75
123.3 1 -3.96223e-76 3.30205e-75 0 1761.43 -3.96223e-76 3.30205e-75
123.9 1 8.29571e-76 8.51371e-76 0 1770 8.29571e-76 8.51371e-76
124.5 1 3.99216e-76 -4.78744e-77 0 1778.57 3.99216e-76 -4.78744e-77
125.1 1 6.62721e-77 -1.24799e-76 0 1787.14 6.62721e-77 -1.24799e-76
125.7 1 -2.10547e-77 -4.65942e-77 0 1795.71 -2.10547e-77 -4.65942e-77
126.3 1 -1.69384e-77 -4.30703e-78 0 1804.29 -1.69384e-77 -4.30703e-78
126.9 1 -4.53347e-78 3.86683e-78 0 1812.86 -4.53347e-78 3.86683e-78
127.5 1 1.59915e-79 2.13665e-78 0 1821.43 1.59915e-79 2.13665e-78
128.1 1 6.14564e-79 4.2271e-79 0 1830 6.14564e-79 4.2271e-79
128.7 1 2.36253e-79 -8.15189e-80 0 1838.57 2.36253e-79 -8.15189e-80
129.3 1 2.42513e-80 -8.43824e-80 0 1847.14 2.42513e-80 -8.43824e-80
129.9 1 -1.8178e-80 -2.50836e-80 0 1855.71 -1.8178e-80 -2.50836e-80
130.5 1 -1.03618e-80 -2.88664e-82 0 1864.29 -1.03618e-80 -2.88664e-82
131.1 1 -2.09789e-81 2.84572e-81 0 1872.86 -2.09789e-81 2.84572e-81
131.7 1 3.62732e-82 1.19298e-81 0 1881.43 3.62732e-82 1.19298e-81
132.3 1 3.92627e-82 1.50596e-82 0 1890 3.92627e-82 1.50596e-82
132.9 1 1.16274e-82 -7.80658e-83 0 1898.57 1.16274e-82 -7.80658e-83
133.5 1 1.2342e-84 -4.86538e-83 0 1907.14 1.2342e-84 -4.86538e-83
134.1 1 -1.2868e-83 -1.03566e-83 0 1915.71 -1.2868e-83 -1.03566e-83
134.7 1 -5.22189e-84 1.4775e-84 0 1924.29 -5.22189e-84 1.4775e-84
135.3 1 -5.83258e-85 1.75257e-84 0 1932.86 -5.83258e-85 1.75257e-84
135.9 1 3.62724e-85 5.10007e-85 0 1941.43 3.62724e-85 5.10007e-85
136.5 1 2.04049e-85 -2.19647e-87 0 1950 2.04049e-85 -2.19647e-87
137.1 1 3.65561e-86 -5.78617e-86 0 1958.57 3.65561e-86 -5.78617e-86
137.7 1 -9.07511e-87 -2.1222e-86 0 1967.14 -9.07511e-87 -2.1222e-86
138.3 1 -7.3717e-87 -1.28961e-87 0 1975.71 -7.3717e-87 -1.28961e-87
138.9 1 -1.63727e-87 1.91837e-87 0 1984.29 -1.63727e-87 1.91837e-87
139.5 1 2.49906e-88 8.25687e-88 0 1992.86 2.49906e-88 8.25687e-88
140.1 1 2.74021e-88 6.71674e-89 0 2001.43 2.74021e-88 6.71674e-89
140.7 1 6.52345e-89 -7.47519e-89 0 2010 6.52345e-89 -7.47519e-89
141.3 1 -1.07705e-89 -3.44207e-89 0 2018.57 -1.07705e-89 -3.44207e-89
141.9 1 -1.20368e-89 -2.66004e-90 0 2027.14 -1.20368e-89 -2.66004e-90
142.5 1 -2.8969e-90 3.61437e-90 0 2035.71 -2.8969e-90 3.61437e-90
143.1 1 5.7992e-91 1.7272e-90 0 2044.29 5.7992e-91 1.7272e-90
143.7 1 6.34425e-91 1.60242e-91 0 2052.86 6.34425e-91 1.60242e-91
144.3 1 1.69028e-91 -1.8501e-91 0 2061.43 1.69028e-91 -1.8501e-91
144.9 1 -2.36498e-92 -9.97949e-92 0 2070 -2.36498e-92 -9.97949e-92
145.5 1 -3.49229e-92 -1.49838e-92 0 2078.57 -3.49229e-92 -1.49838e-92
146.1 1 -1.15011e-92 8.21893e-93 0 2087.14 -1.15011e-92 8.21893e-93
146.7 1 1.37602e-94 5.77657e-93 0 2095.71 1.37602e-94 5.77657e-93
147.3 1 1.74887e-93 1.34308e-93 0 2104.29 1.74887e-93 1.34308e-93
147.9 1 7.56814e-94 -2.42998e-94 0 2112.86 7.56814e-94 -2.42998e-94
148.5 1 8.45619e-95 -3.02407e-94 0 2121.43 8.45619e-95 -3.02407e-94
149.1 1 -7.11299e-95 -1.00712e-94 0 2130 -7.11299e-95 -1.00712e-94
149.7 1 -4.41672e-95 -2.15947e-96 0 2138.57 -4.41672e-95 -2.15947e-96
150.3 1 -9.82782e-96 1.33149e-95 0 2147.14 -9.82782e-96 1.33149e-95
150.9 1 1.80238e-96 6.3234e-96 0 2155.71 1.80238e-96 6.3234e-96
151.5 1 2.20038e-96 9.94213e-97 0 2164.29 2.20038e-96 9.94213e-97
152.1 1 7.46386e-97 -4.32266e-97 0 2172.86 7.46386e-97 -4.32266e-97
152.7 1 3.2556e-98 -3.3427e-97 0 2181.43 3.2556e-98 -3.3427e-97
153.3 1 -8.8681e-98 -9.19753e-98 0 2190 -8.8681e-98 -9.19753e-98
153.9 1 -4.48278e-98 4.25589e-99 0 2198.57 -4.48278e-98 4.25589e-99
154.5 1 -8.2083e-99 1.45515e-98 0 2207.14 -8.2083e-99 1.45515e-98
155.1 1 2.40111e-99 6.03525e-99 0 2215.71 2.40111e-99 6.03525e-99
155.7 1 2.21293e-99 7.6392e-100 0 2224.29 2.21293e-99 7.6392e-100
156.3 1 6.81506e-100 -4.71415e-100 0 2232.86 6.81506e-100 -4.71415e-100
156.9 1 1.066e-101 -3.17925e-100 0 2241.43 1.066e-101 -3.17925e-100
157.5 1 -8.71925e-101 -8.11847e-101 0 2250 -8.71925e-101 -8.11847e-101
158.1 1 -4.1181e-101 5.77876e-102 0 2258.57 -4.1181e-101 5.77876e-102
158.7 1 -7.06642e-102 1.35226e-101 0 2267.14 -7.06642e-102 1.35226e-101
159.3 1 2.2938e-102 5.3907e-102 0 2275.71 2.2938e-102 5.3907e-102
159.9 1 1.99102e-102 6.5311e-103 0 2284.29 1.99102e-102 6.5311e-103
160.5 1 6.02946e-103 -4.20041e-103 0 2292.86 6.02946e-103 -4.20041e-103
161.1 1 1.04022e-104 -2.78516e-103 0 2301.43 1.04022e-104 -2.78516e-103
161.7 1 -7.53199e-104 -7.1457e-104 0 2310 -7.53199e-104 -7.1457e-104
162.3 1 -3.58065e-104 4.23439e-105 0 2318.57 -3.58065e-104 4.23439e-105
162.9 1 -6.40831e-105 1.13823e-104 0 2327.14 -6.40831e-105 1.13823e-104
163.5 1 1.79842e-105 4.64759e-105 0 2335.71 1.79842e-105 4.64759e-105
164.1 1 1.66892e-105 6.27018e-106 0 2344.29 1.66892e-105 6.27018e-106
164.7 1 5.27739e-106 -3.24599e-106 0 2352.86 5.27739e-106 -3.24599e-106
165.3 1 2.23557e-107 -2.31236e-106 0 2361.43 2.23557e-107 -2.31236e-106
165.9 1 -5.91145e-107 -6.34455e-107 0 2370 -5.91145e-107 -6.34455e-107
166.5 1 -3.00835e-107 1.21348e-108 0 2378.57 -3.00835e-107 1.21348e-108
167.1 1 -6.07046e-108 8.87641e-108 0 2387.14 -6.07046e-108 8.87641e-108
167.7 1 1.15188e-108 3.92381e-108 0 2395.71 1.15188e-108 3.92381e-108
168.3 1 1.32585e-108 6.44164e-109 0 2404.29 1.32585e-108 6.44164e-109
168.9 1 4.60221e-109 -2.16716e-109 0 2412.86 4.60221e-109 -2.16716e-109
169.5 1 3.87441e-110 -1.84263e-109 0 2421.43 3.87441e-110 -1.84263e-109
170.1 1 -4.23432e-110 -5.67469e-110 0 2430 -4.23432e-110 -5.67469e-110
170.7 1 -2.46463e-110 -2.13419e-111 0 2438.57 -2.46463e-110 -2.13419e-111
171.3 1 -5.8658e-111 6.43448e-111 0 2447.14 -5.8658e-111 6.43448e-111
171.9 1 5.07577e-112 3.26061e-111 0 2455.71 5.07577e-112 3.26061e-111
172.5 1 1.00319e-111 6.70687e-112 0 2464.29 1.00319e-111 6.70687e-112
173.1 1 3.99389e-112 -1.1525e-112 0 2472.86 3.99389e-112 -1.1525e-112
173.7 1 5.42873e-113 -1.41395e-112 0 2481.43 5.42873e-113 -1.41395e-112
174.3 1 -2.70634e-113 -5.07204e-113 0 2490 -2.70634e-113 -5.07204e-113
174.9 1 -1.97262e-113 -5.10502e-114 0 2498.57 -1.97262e-113 -5.10502e-114
175.5 1 -5.65127e-114 4.27006e-114 0 2507.14 -5.65127e-114 4.27006e-114
176.1 1 -4.96531e-116 2.66432e-114 0 2515.71 -4.96531e-116 2.66432e-114
176.7 1 7.19105e-115 6.84894e-115 0 2524.29 7.19105e-115 6.84894e-115
177.3 1 3.4302e-115 -2.96561e-116 0 2532.86 3.4302e-115 -2.96561e-116
177.9 1 6.60607e-116 -1.04e-115 0 2541.43 6.60607e-116 -1.04e-115
178.5 1 -1.41964e-116 -4.48681e-116 0 2550 -1.41964e-116 -4.48681e-116
179.1 1 -1.53688e-116 -7.35383e-117 0 2558.57 -1.53688e-116 -7.35383e-117
179.7 1 -5.34575e-117 2.4644e-117 0 2567.14 -5.34575e-117 2.4644e-117
180.3 1 -4.83561e-118 2.12986e-117 0 2575.71 -4.83561e-118 2.12986e-117
180.9 1 4.79038e-118 6.76474e-118 0 2584.29 4.79038e-118 6.76474e-118
181.5 1 2.89483e-118 3.67528e-119 0 2592.86 2.89483e-118 3.67528e-119
182.1 1 7.29377e-119 -7.22668e-119 0 2601.43 7.29377e-119 -7.22668e-119
182.7 1 -3.98517e-120 -3.89429e-119 0 2610 -3.98517e-120 -3.89429e-119
183.3 1 -1.1554e-119 -8.78252e-120 0 2618.57 -1.1554e-119 -8.78252e-120
183.9 1 -4.92241e-120 1.02603e-120 0 2627.14 -4.92241e-120 1.02603e-120
184.5 1 -7.88411e-121 1.65149e-120 0 2635.71 -7.88411e-121 1.65149e-120
185.1 1 2.82212e-121 6.43534e-121 0 2644.29 2.82212e-121 6.43534e-121
185.7 1 2.38204e-121 8.42353e-122 0 2652.86 2.38204e-121 8.42353e-122
186.3 1 7.49663e-122 -4.58981e-122 0 2661.43 7.49663e-122 -4.58981e-122
186.9 1 3.68955e-123 -3.29185e-122 0 2670 3.68955e-123 -3.29185e-122
187.5 1 -8.24997e-123 -9.44103e-123 0 2678.57 -8.24997e-123 -9.44103e-123
188.1 1 -4.39187e-123 -7.17903e-125 0 2687.14 -4.39187e-123 -7.17903e-125
188.7 1 -9.75272e-124 1.22618e-123 0 2695.71 -9.75272e-124 1.22618e-123
189.3 1 1.25269e-124 5.89343e-124 0 2704.29 1.25269e-124 5.89343e-124
189.9 1 1.8948e-124 1.14857e-124 0 2712.86 1.8948e-124 1.14857e-124
190.5 1 7.28434e-125 -2.44478e-125 0 2721.43 7.28434e-125 -2.44478e-125
191.1 1 9.1132e-126 -2.69113e-125 0 2730 9.1132e-126 -2.69113e-125
191.7 1 -5.42992e-126 -9.45368e-126 0 2738.57 -5.42992e-126 -9.45368e-126
192.3 1 -3.78522e-126 -8.69969e-127 0 2747.14 -3.78522e-126 -8.69969e-127
192.9 1 -1.06287e-126 8.53291e-127 0 2755.71 -1.06287e-126 8.53291e-127
193.5 1 4.01134e-129 5.19656e-127 0 2764.29 4.01134e-129 5.19656e-127
194.1 1 1.44084e-127 1.314e-127 0 2772.86 1.44084e-127 1.314e-127
194.7 1 6.75402e-128 -7.44737e-129 0 2781.43 6.75402e-128 -7.44737e-129
195.3 1 1.26285e-128 -2.11015e-128 0 2790 1.26285e-128 -2.11015e-128
195.9 1 -3.07235e-129 -8.97081e-129 0 2798.57 -3.07235e-129 -8.97081e-129
196.5 1 -3.14088e-129 -1.41297e-129 0 2807.14 -3.14088e-129 -1.41297e-129
197.1 1 -1.07207e-129 5.33259e-130 0 2815.71 -1.07207e-129 5.33259e-130
197.7 1 -8.58929e-131 4.40862e-130 0 2824.29 -8.58929e-131 4.40862e-130
198.3 1 1.02904e-130 1.36765e-130 0 2832.86 1.02904e-130 1.36765e-130
198.9 1 6.00659e-131 5.56369e-132 0 2841.43 6.00659e-131 5.56369e-132
199.5 1 1.45804e-131 -1.56738e-131 0 2850 1.45804e-131 -1.56738e-131
200.1 1 -1.15578e-132 -8.14071e-132 0 2858.57 -1.15578e-132 -8.14071e-132
200.7 1 -2.49595e-132 -1.74411e-132 0 2867.14 -2.49595e-132 -1.74411e-132
201.3 1 -1.02294e-132 2.66204e-133 0 2875.71 -1.02294e-132 2.66204e-133
201.9 1 -1.48684e-133 3.58874e-133 0 2884.29 -1.48684e-133 3.58874e-133
202.5 1 6.66894e-134 1.33663e-133 0 2892.86 6.66894e-134 1.33663e-133
203.1 1 5.1338e-134 1.50415e-134 0 2901.43 5.1338e-134 1.50415e-134
203.7 1 1.52918e-134 -1.07818e-134 0 2910 1.52918e-134 -1.07818e-134
204.3 1 3.45847e-136 -7.09527e-135 0 2918.57 3.45847e-136 -7.09527e-135
204.9 1 -1.88157e-135 -1.90375e-135 0 2927.14 -1.88157e-135 -1.90375e-135
205.5 1 -9.33337e-136 5.10797e-137 0 2935.71 -9.33337e-136 5.10797e-137
206.1 1 -1.88465e-136 2.78583e-136 0 2944.29 -1.88465e-136 2.78583e-136
206.7 1 3.59218e-137 1.24493e-136 0 2952.86 3.59218e-137 1.24493e-136
207.3 1 4.21237e-137 2.14451e-137 0 2961.43 4.21237e-137 2.14451e-137
207.9 1 1.50538e-137 -6.53111e-138 0 2970 1.50538e-137 -6.53111e-138
208.5 1 1.46556e-138 -5.94421e-138 0 2978.57 1.46556e-138 -5.94421e-138
209.1 1 -1.32101e-138 -1.92869e-138 0 2987.14 -1.32101e-138 -1.92869e-138
209.7 1 -8.18409e-139 -1.14649e-139 0 2995.71 -8.18409e-139 -1.14649e-139
210.3 1 -2.09179e-139 2.03677e-139 0 3004.29 -2.09179e-139 2.03677e-139
210.9 1 1.07721e-140 1.113e-139 0 3012.86 1.07721e-140 1.113e-139
211.5 1 3.30235e-140 2.5237e-140 0 3021.43 3.30235e-140 2.5237e-140
212.1 1 1.41226e-140 -2.97688e-141 0 3030 1.41226e-140 -2.97688e-141
212.7 1 2.24327e-141 -4.77415e-141 0 3038.57 2.24327e-141 -4.77415e-141
213.3 1 -8.29507e-142 -1.85197e-141 0 3047.14 -8.29507e-142 -1.85197e-141
213.9 1 -6.90527e-142 -2.34938e-142 0 3055.71 -6.90527e-142 -2.34938e-142
214.5 1 -2.14579e-142 1.36671e-142 0 3064.29 -2.14579e-142 1.36671e-142
215.1 1 -8.87639e-144 9.57793e-143 0 3072.86 -8.87639e-144 9.57793e-143
215.7 1 2.4478e-143 2.68765e-143 0 3081.43 2.4478e-143 2.68765e-143
216.3 1 1.27196e-143 -1.28297e-145 0 3090 1.27196e-143 -1.28297e-145
216.9 1 2.72417e-144 -3.65003e-144 0 3098.57 2.72417e-144 -3.65003e-144
217.5 1 -4.15156e-145 -1.70274e-144 0 3107.14 -4.15156e-145 -1.70274e-144
218.1 1 -5.59446e-145 -3.14857e-145 0 3115.71 -5.59446e-145 -3.14857e-145
218.7 1 -2.08166e-145 7.90422e-146 0 3124.29 -2.08166e-145 7.90422e-146
219.3 1 -2.33747e-146 7.92936e-146 0 3132.86 -2.33747e-146 7.92936e-146
219.9 1 1.6786e-146 2.68076e-146 0 3141.43 1.6786e-146 2.68076e-146
220.5 1 1.10313e-146 2.04257e-147 0 3150 1.10313e-146 2.04257e-147
221.1 1 2.95637e-147 -2.61754e-147 0 3158.57 2.95637e-147 -2.61754e-147
221.7 1 -8.00932e-149 -1.50619e-147 0 3167.14 -8.00932e-149 -1.50619e-147
222.3 1 -4.32548e-148 -3.60187e-148 0 3175.71 -4.32548e-148 -3.60187e-148
222.9 1 -1.93129e-148 3.14142e-149 0 3184.29 -1.93129e-148 3.14142e-149
223.5 1 -3.32433e-149 6.29036e-149 0 3192.86 -3.32433e-149 6.29036e-149
224.1 1 1.0126e-149 2.54467e-149 0 3201.43 1.0126e-149 2.54467e-149
224.7 1 9.21108e-150 3.59098e-150 0 3210 9.21108e-150 3.59098e-150
225.3 1 2.98832e-150 -1.70603e-150 0 3218.57 2.98832e-150 -1.70603e-150
225.9 1 1.78132e-151 -1.2835e-150 0 3227.14 1.78132e-151 -1.2835e-150
226.5 1 -3.15128e-151 -3.77008e-151 0 3235.71 -3.15128e-151 -3.77008e-151
227.1 1 -1.72291e-151 -6.26006e-153 0 3244.29 -1.72291e-151 -6.26006e-153
227.7 1 -3.9108e-152 4.73971e-152 0 3252.86 -3.9108e-152 4.73971e-152
228.3 1 4.57882e-153 2.31719e-152 0 3261.43 4.57882e-153 2.31719e-152
228.9 1 7.38047e-153 4.59021e-153 0 3270 7.38047e-153 4.59021e-153
229.5 1 2.86661e-153 -9.31339e-154 0 3278.57 2.86661e-153 -9.31339e-154
230.1 1 3.6528e-154 -1.05191e-153 0 3287.14 3.6528e-154 -1.05191e-153
230.7 1 -2.10683e-154 -3.71345e-154 0 3295.71 -2.10683e-154 -3.71345e-154
231.3 1 -1.48069e-154 -3.45226e-155 0 3304.29 -1.48069e-154 -3.45226e-155
231.9 1 -4.16436e-155 3.33229e-155 0 3312.86 -4.16436e-155 3.33229e-155
232.5 1 1.49094e-157 2.03144e-155 0 3321.43 1.49094e-157 2.03144e-155
233.1 1 5.63171e-156 5.12334e-156 0 3330 5.63171e-156 5.12334e-156
233.7 1 2.63415e-156 -2.98495e-157 0 3338.57 2.63415e-156 -2.98495e-157
234.3 1 4.89286e-157 -8.24892e-157 0 3347.14 4.89286e-157 -8.24892e-157
234.9 1 -1.21203e-157 -3.48886e-157 0 3355.71 -1.21203e-157 -3.48886e-157
235.5 1 -1.22464e-157 -5.42563e-158 0 3364.29 -1.22464e-157 -5.42563e-158
236.1 1 -4.15276e-158 2.10244e-158 0 3372.86 -4.15276e-158 2.10244e-158
236.7 1 -3.21573e-159 1.71543e-158 0 3381.43 -3.21573e-159 1.71543e-158
237.3 1 4.03058e-159 5.2766e-159 0 3390 4.03058e-159 5.2766e-159
237.9 1 2.32899e-159 1.95753e-160 0 3398.57 2.32899e-159 1.95753e-160
238.5 1 5.59311e-160 -6.12449e-160 0 3407.14 5.59311e-160 -6.12449e-160
239.1 1 -4.74519e-161 -3.14778e-160 0 3415.71 -4.74519e-161 -3.14778e-160
239.7 1 -9.70609e-161 -6.65542e-161 0 3424.29 -9.70609e-161 -6.65542e-161
240.3 1 -3.94055e-161 1.0674e-161 0 3432.86 -3.94055e-161 1.0674e-161
240.9 1 -5.60823e-162 1.3919e-161 0 3441.43 -5.60823e-162 1.3919e-161
241.5 1 2.61971e-162 5.13422e-162 0 3450 2.61971e-162 5.13422e-162
242.1 1 1.98362e-162 5.60717e-163 0 3458.57 1.98362e-162 5.60717e-163
242.7 1 5.8497e-163 -4.21442e-163 0 3467.14 5.8497e-163 -4.21442e-163
243.3 1 1.07642e-164 -2.73504e-163 0 3475.71 1.07642e-164 -2.73504e-163
243.9 1 -7.30525e-164 -7.26119e-164 0 3484.29 -7.30525e-164 -7.26119e-164
244.5 1 -3.58659e-164 2.30709e-165 0 3492.86 -3.58659e-164 2.30709e-165
245.1 1 -7.14643e-165 1.0785e-164 0 3501.43 -7.14643e-165 1.0785e-164
245.7 1 1.42209e-165 4.77464e-165 0 3510 1.42209e-165 4.77464e-165
246.3 1 1.62465e-165 8.09811e-166 0 3518.57 1.62465e-165 8.09811e-166
246.9 1 5.75739e-166 -2.56029e-166 0 3527.14 5.75739e-166 -2.56029e-166
247.5 1 5.43549e-167 -2.28816e-166 0 3535.71 5.43549e-167 -2.28816e-166
248.1 1 -5.12766e-167 -7.36429e-167 0 3544.29 -5.12766e-167 -7.36429e-167
248.7 1 -3.14251e-167 -4.14686e-168 0 3552.86 -3.14251e-167 -4.14686e-168
249.3 1 -7.96179e-168 7.88107e-168 0 3561.43 -7.96179e-168 7.88107e-168
249.9 1 4.44749e-169 4.26804e-168 0 3570 4.44749e-169 4.26804e-168
250.5 1 1.27294e-168 9.58884e-169 0 3578.57 1.27294e-168 9.58884e-169
251.1 1 5.40515e-169 -1.18116e-169 0 3587.14 5.40515e-169 -1.18116e-169
251.7 1 8.47258e-170 -1.8373e-169 0 3595.71 8.47258e-170 -1.8373e-169
252.3 1 -3.22591e-170 -7.08134e-170 0 3604.29 -3.22591e-170 -7.08134e-170
252.9 1 -2.65187e-170 -8.83481e-171 0 3612.86 -2.65187e-170 -8.83481e-171
253.5 1 -8.18936e-171 5.29385e-171 0 3621.43 -8.18936e-171 5.29385e-171
254.1 1 -3.17766e-172 3.67483e-171 0 3630 -3.17766e-172 3.67483e-171
254.7 1 9.43978e-172 1.02485e-171 0 3638.57 9.43978e-172 1.02485e-171
255.3 1 4.87318e-172 -7.8019e-174 0 3647.14 4.87318e-172 -7.8019e-174
255.9 1 1.0359e-172 -1.40551e-172 0 3655.71 1.0359e-172 -1.40551e-172
256.5 1 -1.62643e-173 -6.5197e-173 0 3664.29 -1.62643e-173 -6.5197e-173
257.1 1 -2.15e-173 -1.19546e-173 0 3672.86 -2.15e-173 -1.19546e-173
257.7 1 -7.96032e-174 3.07344e-174 0 3681.43 -7.96032e-174 3.07344e-174
258.3 1 -8.801e-175 3.04506e-174 0 3690 -8.801e-175 3.04506e-174
258.9 1 6.48371e-175 1.0246e-174 0 3698.57 6.48371e-175 1.0246e-174
259.5 1 4.23106e-175 7.61886e-176 0 3707.14 4.23106e-175 7.61886e-176
260.1 1 1.12808e-175 -1.00935e-175 0 3715.71 1.12808e-175 -1.00935e-175
260.7 1 -3.34413e-177 -5.77438e-176 0 3724.29 -3.34413e-177 -5.77438e-176
261.3 1 -1.66421e-176 -1.37331e-176 0 3732.86 -1.66421e-176 -1.37331e-176
261.9 1 -7.39646e-177 1.23987e-177 0 3741.43 -7.39646e-177 1.23987e-177
262.5 1 -1.26315e-177 2.41845e-177 0 3750 -1.26315e-177 2.41845e-177
263.1 1 3.92538e-178 9.74175e-178 0 3758.57 3.92538e-178 9.74175e-178
263.7 1 3.53696e-178 1.36111e-178 0 3767.14 3.53696e-178 1.36111e-178
264.3 1 1.14264e-178 -6.59599e-179 0 3775.71 1.14264e-178 -6.59599e-179
264.9 1 6.61225e-180 -4.92639e-179 0 3784.29 6.61225e-180 -4.92639e-179
265.5 1 -1.21443e-179 -1.44078e-179 0 3792.86 -1.21443e-179 -1.44078e-179
266.1 1 -6.60648e-180 -2.10621e-181 0 3801.43 -6.60648e-180 -2.10621e-181
266.7 1 -1.49155e-180 1.82497e-180 0 3810 -1.49155e-180 1.82497e-180
267.3 1 1.79392e-181 8.882e-181 0 3818.57 1.79392e-181 8.882e-181
267.9 1 2.83748e-181 1.74856e-181 0 3827.14 2.83748e-181 1.74856e-181
268.5 1 1.09766e-181 -3.6218e-182 0 3835.71 1.09766e-181 -3.6218e-182
269.1 1 1.38343e-182 -4.04217e-182 0 3844.29 1.38343e-182 -4.04217e-182
269.7 1 -8.14001e-183 -1.42128e-182 0 3852.86 -8.14001e-183 -1.42128e-182
270.3 1 -5.68386e-183 -1.29966e-183 0 3861.43 -5.68386e-183 -1.29966e-183
270.9 1 -1.59154e-183 1.28569e-183 0 3870 -1.59154e-183 1.28569e-183
271.5 1 9.04888e-186 7.79494e-184 0 3878.57 9.04888e-186 7.79494e-184
272.1 1 2.16823e-184 1.95649e-184 0 3887.14 2.16823e-184 1.95649e-184
272.7 1 1.00976e-184 -1.19004e-185 0 3895.71 1.00976e-184 -1.19004e-185
273.3 1 1.86298e-185 -3.17383e-185 0 3904.29 1.86298e-185 -3.17383e-185
273.9 1 -4.70597e-186 -1.33682e-185 0 3912.86 -4.70597e-186 -1.33682e-185
274.5 1 -4.70594e-186 -2.06135e-186 0 3921.43 -4.70594e-186 -2.06135e-186
275.1 1 -1.5893e-186 8.13925e-187 0 3930 -1.5893e-186 8.13925e-187
275.7 1 -1.20502e-187 6.5889e-187 0 3938.57 -1.20502e-187 6.5889e-187
276.3 1 1.55469e-187 2.01817e-187 0 3947.14 1.55469e-187 2.01817e-187
276.9 1 8.93631e-188 7.11398e-189 0 3955.71 8.93631e-188 7.11398e-189
277.5 1 2.13512e-188 -2.36011e-188 0 3964.29 2.13512e-188 -2.36011e-188
278.1 1 -1.87253e-189 -1.20728e-188 0 3972.86 -1.87253e-189 -1.20728e-188
278.7 1 -3.73405e-189 -2.53761e-189 0 3981.43 -3.73405e-189 -2.53761e-189
279.3 1 -1.50969e-189 4.16462e-190 0 3990 -1.50969e-189 4.16462e-190
279.9 1 -2.12785e-190 5.35181e-190 0 3998.57 -2.12785e-190 5.35181e-190
280.5 1 1.01346e-190 1.96599e-190 0 4007.14 1.01346e-190 1.96599e-190
281.1 1 7.61809e-191 2.11767e-191 0 4015.71 7.61809e-191 2.11767e-191
281.7 1 2.23671e-191 -1.62767e-191 0 4024.29 2.23671e-191 -1.62767e-191
282.3 1 3.66809e-193 -1.04991e-191 0 4032.86 3.66809e-193 -1.04991e-191
282.9 1 -2.81438e-192 -2.77417e-192 0 4041.43 -2.81438e-192 -2.77417e-192
283.5 1 -1.37535e-192 9.47996e-194 0 4050 -1.37535e-192 9.47996e-194
284.1 1 -2.72297e-193 4.15182e-193 0 4058.57 -2.72297e-193 4.15182e-193
284.7 1 5.53568e-194 1.83006e-193 0 4067.14 5.53568e-194 1.83006e-193
285.3 1 6.24552e-194 3.0797e-194 0 4075.71 6.24552e-194 3.0797e-194
285.9 1 2.20406e-194 -9.92739e-195 0 4084.29 2.20406e-194 -9.92739e-195
286.5 1 2.04607e-195 -8.79167e-195 0 4092.86 2.04607e-195 -8.79167e-195
287.1 1 -1.97937e-195 -2.81748e-195 0 4101.43 -1.97937e-195 -2.81748e-195
287.7 1 -1.2061e-195 -1.53644e-196 0 4110 -1.2061e-195 -1.53644e-196
288.3 1 -3.04054e-196 3.03879e-196 0 4118.57 -3.04054e-196 3.03879e-196
288.9 1 1.77865e-197 1.63732e-196 0 4127.14 1.77865e-197 1.63732e-196
289.5 1 4.89904e-197 3.65787e-197 0 4135.71 4.89904e-197 3.65787e-197
290.1 1 2.07127e-197 -4.62845e-198 0 4144.29 2.07127e-197 -4.62845e-198
290.7 1 3.21852e-198 -7.06657e-198 0 4152.86 3.21852e-198 -7.06657e-198
291.3 1 -1.24946e-198 -2.71217e-198 0 4161.43 -1.24946e-198 -2.71217e-198
291.9 1 -1.0187e-198 -3.34413e-199 0 4170 -1.0187e-198 -3.34413e-199
292.5 1 -3.13218e-199 2.04623e-199 0 4178.57 -3.13218e-199 2.04623e-199
293.1 1 -1.15609e-200 1.41097e-199 0 4187.14 -1.15609e-200 1.41097e-199
293.7 1 3.63835e-200 3.91676e-200 0 4195.71 3.63835e-200 3.91676e-200
294.3 1 1.86908e-200 -3.85366e-202 0 4204.29 1.86908e-200 -3.85366e-202
294.9 1 3.94937e-201 -5.41266e-201 0 4212.86 3.94937e-201 -5.41266e-201
295.5 1 -6.34995e-202 -2.4994e-201 0 4221.43 -6.34995e-202 -2.4994e-201
296.1 1 -8.26724e-202 -4.55026e-202 0 4230 -8.26724e-202 -4.55026e-202
296.7 1 -3.04823e-202 1.19352e-202 0 4238.57 -3.04823e-202 1.19352e-202
297.3 1 -3.32371e-203 1.1697e-202 0 4247.14 -3.32371e-203 1.1697e-202
297.9 1 2.51723e-203 3.91225e-203 0 4255.71 2.51723e-203 3.91225e-203
298.5 1 1.66753e-203 3.01849e-204 0 4264.29 1.66753e-203 3.01849e-204
299.1 1 4.6929e-204 -2.55017e-204 0 4272.86 4.6929e-204 -2.55017e-204
299.7 1 -2.64553e-204 1.01529e-204 0 4281.43 -2.64553e-204 1.01529e-204
