-299.7 2 -4.99874e-188 1.2468e-188 0 -2140.71 -9.99748e-188 2.49361e-188
-299.1 2 -1.59171e-187 -6.81236e-188 0 -2136.43 -3.18341e-187 -1.36247e-187
-298.5 2 -1.3113e-187 -4.59994e-187 0 -2132.14 -2.62261e-187 -9.19988e-187
-297.9 2 7.70796e-187 -1.00435e-186 0 -2127.86 1.54159e-186 -2.0087e-186
-297.3 2 3.51338e-186 3.13888e-187 0 -2123.57 7.02677e-186 6.27776e-187
-296.7 2 5.41033e-186 8.86429e-186 0 -2119.29 1.08207e-185 1.77286e-185
-296.1 2 -9.87781e-186 2.63816e-185 0 -2115 -1.97556e-185 5.27633e-185
-295.5 2 -7.44353e-185 1.63285e-185 0 -2110.71 -1.48871e-184 3.2657e-185
-294.9 2 -1.64014e-184 -1.54001e-184 0 -2106.43 -3.28028e-184 -3.08001e-184
-294.3 2 5.35533e-185 -6.28591e-184 0 -2102.14 1.07107e-184 -1.25718e-183
-293.7 2 1.46773e-183 -8.27057e-184 0 -2097.86 2.93546e-183 -1.65411e-183
-293.1 2 4.34092e-183 2.28298e-183 0 -2093.57 8.68185e-183 4.56596e-183
-292.5 2 2.4575e-183 1.39761e-182 0 -2089.29 4.91499e-183 2.79523e-182
-291.9 2 -2.65422e-182 2.73123e-182 0 -2085 -5.30844e-182 5.46247e-182
-291.3 2 -1.05991e-181 -2.24657e-182 0 -2080.71 -2.11983e-181 -4.49314e-182
-290.7 2 -1.33111e-181 -2.91473e-181 0 -2076.43 -2.66222e-181 -5.82947e-181
-290.1 2 4.1561e-181 -7.71313e-181 0 -2072.14 8.3122e-181 -1.54263e-180
-289.5 2 2.42878e-180 -1.80191e-181 0 -2067.86 4.85756e-180 -3.60382e-181
-288.9 2 4.60337e-180 5.61902e-180 0 -2063.57 9.20674e-180 1.1238e-179
-288.3 2 -4.51606e-180 1.98787e-179 0 -2059.29 -9.03213e-180 3.97574e-179
-287.7 2 -5.20912e-179 1.98744e-179 0 -2055 -1.04182e-178 3.97487e-179
-287.1 2 -1.34869e-178 -9.55782e-179 0 -2050.71 -2.69738e-178 -1.91156e-178
-286.5 2 -2.18372e-179 -4.76206e-178 0 -2046.43 -4.36744e-179 -9.52413e-178
-285.9 2 1.0243e-177 -7.95932e-178 0 -2042.14 2.0486e-177 -1.59186e-177
-285.3 2 3.56712e-177 1.24e-177 0 -2037.86 7.13424e-177 2.48e-177
-284.7 2 3.47858e-177 1.05849e-176 0 -2033.57 6.95715e-177 2.11697e-176
-284.1 2 -1.7531e-176 2.501e-176 0 -2029.29 -3.5062e-176 5.002e-176
-283.5 2 -8.66413e-176 -3.18822e-177 0 -2025 -1.73283e-175 -6.37644e-177
-282.9 2 -1.45345e-175 -2.14504e-175 0 -2020.71 -2.9069e-175 -4.29008e-175
-282.3 2 2.22609e-175 -6.88289e-175 0 -2016.43 4.45217e-175 -1.37658e-174
-281.7 2 1.92849e-174 -5.45169e-175 0 -2012.14 3.85698e-174 -1.09034e-174
-281.1 2 4.62329e-174 3.79349e-174 0 -2007.86 9.24658e-174 7.58698e-174
-280.5 2 -2.77722e-175 1.71144e-173 0 -2003.57 -5.55444e-175 3.42288e-173
-279.9 2 -3.86215e-173 2.62862e-173 0 -1999.29 -7.7243e-173 5.25723e-173
-279.3 2 -1.2699e-172 -5.15086e-173 0 -1995 -2.53981e-172 -1.03017e-172
-278.7 2 -1.1069e-172 -3.86427e-172 0 -1990.71 -2.21379e-172 -7.72853e-172
-278.1 2 6.62753e-172 -8.74729e-172 0 -1986.43 1.32551e-171 -1.74946e-171
-277.5 2 3.1214e-171 2.12528e-172 0 -1982.14 6.2428e-171 4.25056e-172
-276.9 2 5.0779e-171 7.82086e-171 0 -1977.86 1.01558e-170 1.56417e-170
-276.3 2 -8.32028e-171 2.44874e-170 0 -1973.57 -1.66406e-170 4.89747e-170
-275.7 2 -6.91026e-170 1.86314e-170 0 -1969.29 -1.38205e-169 3.72627e-170
-275.1 2 -1.64317e-169 -1.36054e-169 0 -1965 -3.28634e-169 -2.72108e-169
-274.5 2 8.53946e-171 -6.07083e-169 0 -1960.71 1.70789e-170 -1.21417e-168
-273.9 2 1.35819e-168 -9.34426e-169 0 -1956.43 2.71638e-168 -1.86885e-168
-273.3 2 4.48578e-168 1.77553e-168 0 -1952.14 8.97155e-168 3.55107e-168
-272.7 2 4.07286e-168 1.35e-167 0 -1947.86 8.14572e-168 2.69999e-167
-272.1 2 -2.25372e-167 3.09206e-167 0 -1943.57 -4.50744e-167 6.18412e-167
-271.5 2 -1.08369e-166 -5.22056e-168 0 -1939.29 -2.16738e-166 -1.04411e-167
-270.9 2 -1.81666e-166 -2.66542e-166 0 -1935 -3.63332e-166 -5.33083e-166
-270.3 2 2.63199e-166 -8.50769e-166 0 -1930.71 5.26399e-166 -1.70154e-165
-269.7 2 2.34147e-165 -7.06032e-166 0 -1926.43 4.68293e-165 -1.41206e-165
-269.1 2 5.72562e-165 4.4696e-165 0 -1922.14 1.14512e-164 8.93921e-165
-268.5 2 3.79489e-166 2.06217e-164 0 -1917.86 7.58977e-166 4.12433e-164
-267.9 2 -4.46151e-164 3.31495e-164 0 -1913.57 -8.92302e-164 6.62989e-164
-267.3 2 -1.5223e-163 -5.43186e-164 0 -1909.29 -3.0446e-163 -1.08637e-163
-266.7 2 -1.51958e-163 -4.46809e-163 0 -1905 -3.03916e-163 -8.93617e-163
-266.1 2 7.08898e-163 -1.05851e-162 0 -1900.71 1.4178e-162 -2.11702e-162
-265.5 2 3.58078e-162 3.4032e-164 0 -1896.43 7.16157e-162 6.8064e-164
-264.9 2 6.29742e-162 8.56113e-162 0 -1892.14 1.25948e-161 1.71223e-161
-264.3 2 -7.53097e-162 2.82925e-161 0 -1887.86 -1.50619e-161 5.6585e-161
-263.7 2 -7.52691e-161 2.61454e-161 0 -1883.57 -1.50538e-160 5.22908e-161
-263.1 2 -1.90964e-160 -1.38072e-160 0 -1879.29 -3.81927e-160 -2.76144e-160
-262.5 2 -3.77389e-161 -6.67979e-160 0 -1875 -7.54778e-161 -1.33596e-159
-261.9 2 1.39153e-159 -1.12707e-159 0 -1870.71 2.78306e-159 -2.25413e-159
-261.3 2 4.9311e-159 1.55346e-159 0 -1866.43 9.8622e-159 3.10691e-159
-260.7 2 5.36545e-159 1.41121e-158 0 -1862.14 1.07309e-158 2.82243e-158
-260.1 2 -2.12486e-158 3.46072e-158 0 -1857.86 -4.24972e-158 6.92143e-158
-259.5 2 -1.13119e-157 3.19375e-159 0 -1853.57 -2.26238e-157 6.3875e-159
-258.9 2 -2.07553e-157 -2.63428e-157 0 -1849.29 -4.15106e-157 -5.26857e-157
-258.3 2 2.05717e-157 -8.99943e-157 0 -1845 4.11434e-157 -1.79989e-156
-257.7 2 2.32341e-156 -9.0352e-157 0 -1840.71 4.64681e-156 -1.80704e-156
-257.1 2 6.0813e-156 4.11485e-156 0 -1836.43 1.21626e-155 8.22971e-156
-256.5 2 1.81787e-156 2.07787e-155 0 -1832.14 3.63574e-156 4.15574e-155
-255.9 2 -4.19589e-155 3.63827e-155 0 -1827.86 -8.39178e-155 7.27654e-155
-255.3 2 -1.5331e-154 -4.33873e-155 0 -1823.57 -3.0662e-154 -8.67745e-155
-254.7 2 -1.76881e-154 -4.30472e-154 0 -1819.29 -3.53761e-154 -8.60944e-154
-254.1 2 6.22224e-154 -1.08277e-153 0 -1815 1.24445e-153 -2.16554e-153
-253.5 2 3.45056e-153 -1.91984e-154 0 -1810.71 6.90111e-153 -3.83969e-154
-252.9 2 6.5127e-153 7.88695e-153 0 -1806.43 1.30254e-152 1.57739e-152
-252.3 2 -5.61155e-153 2.75773e-152 0 -1802.14 -1.12231e-152 5.51546e-152
-251.7 2 -6.97266e-152 2.90989e-152 0 -1797.86 -1.39453e-151 5.81977e-152
-251.1 2 -1.86158e-151 -1.20614e-151 0 -1793.57 -3.72316e-151 -2.41227e-151
-250.5 2 -6.69491e-152 -6.26701e-151 0 -1789.29 -1.33898e-151 -1.2534e-150
-249.9 2 1.24018e-150 -1.12104e-150 0 -1785 2.48036e-150 -2.24208e-150
-249.3 2 4.61557e-150 1.22004e-150 0 -1780.71 9.23114e-150 2.44008e-150
-248.7 2 5.49257e-150 1.28155e-149 0 -1776.43 1.09851e-149 2.5631e-149
-248.1 2 -1.80747e-149 3.2675e-149 0 -1772.14 -3.61494e-149 6.53499e-149
-247.5 2 -1.02581e-148 7.22934e-150 0 -1767.86 -2.05163e-148 1.44587e-149
-246.9 2 -1.96301e-148 -2.32137e-148 0 -1763.57 -3.92602e-148 -4.64275e-148
-246.3 2 1.5672e-148 -8.20936e-148 0 -1759.29 3.1344e-148 -1.64187e-147
-245.7 2 2.05185e-147 -8.85256e-148 0 -1755 4.1037e-147 -1.77051e-147
-245.1 2 5.52533e-147 3.50966e-147 0 -1750.71 1.10507e-146 7.01931e-147
-244.5 2 2.13168e-147 1.84677e-146 0 -1746.43 4.26337e-147 3.69354e-146
-243.9 2 -3.61738e-146 3.32945e-146 0 -1742.14 -7.23477e-146 6.65889e-146
-243.3 2 -1.3557e-145 -3.48532e-146 0 -1737.86 -2.71139e-145 -6.97064e-146
-242.7 2 -1.63042e-145 -3.74609e-145 0 -1733.57 -3.26084e-145 -7.49218e-145
-242.1 2 5.22632e-145 -9.58694e-145 0 -1729.29 1.04526e-144 -1.91739e-144
-241.5 2 2.98894e-144 -2.25291e-145 0 -1725 5.97789e-144 -4.50581e-145
-240.9 2 5.73839e-144 6.73973e-144 0 -1720.71 1.14768e-143 1.34795e-143
-240.3 2 -4.46676e-144 2.38837e-143 0 -1716.43 -8.93351e-144 4.77675e-143
-239.7 2 -5.93872e-143 2.58507e-143 0 -1712.14 -1.18774e-142 5.17013e-143
-239.1 2 -1.6007e-142 -1.0129e-142 0 -1707.86 -3.20141e-142 -2.0258e-142
-238.5 2 -6.26128e-143 -5.33659e-142 0 -1703.57 -1.25226e-142 -1.06732e-141
-237.9 2 1.04079e-141 -9.61637e-142 0 -1699.29 2.08158e-141 -1.92327e-141
-237.3 2 3.90011e-141 1.0003e-141 0 -1695 7.80022e-141 2.00059e-141
-236.7 2 4.69002e-141 1.07609e-140 0 -1690.71 9.38004e-141 2.15218e-140
-236.1 2 -1.4953e-140 2.7491e-140 0 -1686.43 -2.99059e-140 5.49819e-140
-235.5 2 -8.54518e-140 6.43443e-141 0 -1682.14 -1.70904e-139 1.28689e-140
-234.9 2 -1.63792e-139 -1.92531e-139 0 -1677.86 -3.27584e-139 -3.85062e-139
-234.3 2 1.27073e-139 -6.80602e-139 0 -1673.57 2.54145e-139 -1.3612e-138
-233.7 2 1.68751e-138 -7.341e-139 0 -1669.29 3.37502e-138 -1.4682e-138
-233.1 2 4.53924e-138 2.87798e-138 0 -1665 9.07848e-138 5.75596e-138
-232.5 2 1.77215e-138 1.51146e-137 0 -1660.71 3.5443e-138 3.02292e-137
-231.9 2 -2.9386e-137 2.7152e-137 0 -1656.43 -5.8772e-137 5.4304e-137
-231.3 2 -1.09883e-136 -2.82864e-137 0 -1652.14 -2.19765e-136 -5.65727e-137
-230.7 2 -1.31897e-136 -3.02835e-136 0 -1647.86 -2.63793e-136 -6.05671e-136
-230.1 2 4.19133e-136 -7.71438e-136 0 -1643.57 8.38266e-136 -1.54288e-135
-229.5 2 2.39093e-135 -1.79149e-136 0 -1639.29 4.78186e-135 -3.58299e-136
-228.9 2 4.57549e-135 5.38055e-135 0 -1635 9.15097e-135 1.07611e-134
-228.3 2 -3.52327e-135 1.897e-134 0 -1630.71 -7.04653e-135 3.79401e-134
-227.7 2 -4.68554e-134 2.04166e-134 0 -1626.43 -9.37108e-134 4.08332e-134
-227.1 2 -1.25874e-133 -7.9783e-134 0 -1622.14 -2.51748e-133 -1.59566e-133
-226.5 2 -4.95968e-134 -4.18136e-133 0 -1617.86 -9.91936e-134 -8.36271e-133
-225.9 2 8.08732e-133 -7.4993e-133 0 -1613.57 1.61746e-132 -1.49986e-132
-225.3 2 3.02243e-132 7.75216e-133 0 -1609.29 6.04486e-132 1.55043e-132
-224.7 2 3.63512e-132 8.3077e-132 0 -1605 7.27024e-132 1.66154e-131
-224.1 2 -1.1406e-131 2.11371e-131 0 -1600.71 -2.2812e-131 4.22742e-131
-223.5 2 -6.51744e-131 5.01795e-132 0 -1596.43 -1.30349e-130 1.00359e-131
-222.9 2 -1.24849e-130 -1.46193e-130 0 -1592.14 -2.49699e-130 -2.92386e-130
-222.3 2 9.37563e-131 -5.15181e-130 0 -1587.86 1.87513e-130 -1.03036e-129
-221.7 2 1.26435e-129 -5.56193e-130 0 -1583.57 2.5287e-129 -1.11239e-129
-221.1 2 3.40037e-129 2.14237e-129 0 -1579.29 6.80073e-129 4.28474e-129
-220.5 2 1.38007e-129 1.12453e-128 0 -1575 2.76013e-129 2.24905e-128
-219.9 2 -2.15675e-128 2.01954e-128 0 -1570.71 -4.31351e-128 4.03909e-128
-219.3 2 -8.0786e-128 -2.04074e-128 0 -1566.43 -1.61572e-127 -4.08147e-128
-218.7 2 -9.78447e-128 -2.21033e-127 0 -1562.14 -1.95689e-127 -4.42067e-127
-218.1 2 2.99585e-127 -5.6298e-127 0 -1557.86 5.99169e-127 -1.12596e-126
-217.5 2 1.7223e-126 -1.41067e-127 0 -1553.57 3.44461e-126 -2.82134e-127
-216.9 2 3.31166e-126 3.84273e-126 0 -1549.29 6.62331e-126 7.68547e-126
-216.3 2 -2.38221e-126 1.35668e-125 0 -1545 -4.76441e-126 2.71335e-125
-215.7 2 -3.30001e-125 1.47613e-125 0 -1540.71 -6.60002e-125 2.95226e-125
-215.1 2 -8.90307e-125 -5.54907e-125 0 -1536.43 -1.78061e-124 -1.10981e-124
-214.5 2 -3.77341e-125 -2.92629e-124 0 -1532.14 -7.54681e-125 -5.85258e-124
-213.9 2 5.55123e-124 -5.27316e-124 0 -1527.86 1.11025e-123 -1.05463e-123
-213.3 2 2.08811e-123 5.15303e-124 0 -1523.57 4.17621e-123 1.03061e-123
-212.7 2 2.55378e-123 5.67976e-123 0 -1519.29 5.10755e-123 1.13595e-122
-212.1 2 -7.57692e-123 1.44994e-122 0 -1515 -1.51538e-122 2.89988e-122
-211.5 2 -4.39332e-122 3.87774e-123 0 -1510.71 -8.78664e-122 7.75549e-123
-210.9 2 -8.48739e-122 -9.74079e-122 0 -1506.43 -1.69748e-121 -1.94816e-121
-210.3 2 5.80064e-122 -3.44806e-121 0 -1502.14 1.16013e-121 -6.89612e-121
-209.7 2 8.30273e-121 -3.78428e-121 0 -1497.86 1.66055e-120 -7.56856e-121
-209.1 2 2.24758e-120 1.38466e-120 0 -1493.57 4.49516e-120 2.76932e-120
-208.5 2 9.93572e-121 7.33926e-120 0 -1489.29 1.98714e-120 1.46785e-119
-207.9 2 -1.37622e-119 1.32647e-119 0 -1485 -2.75244e-119 2.65294e-119
-207.3 2 -5.19673e-119 -1.25396e-119 0 -1480.71 -1.03935e-118 -2.50792e-119
-206.7 2 -6.40811e-119 -1.4055e-118 0 -1476.43 -1.28162e-118 -2.81099e-118
-206.1 2 1.84631e-118 -3.59242e-118 0 -1472.14 3.69263e-118 -7.18483e-118
-205.5 2 1.07816e-117 -1.0086e-118 0 -1467.86 2.15633e-117 -2.01721e-118
-204.9 2 2.08883e-117 2.37762e-117 0 -1463.57 4.17767e-117 4.75523e-117
-204.3 2 -1.36835e-117 8.42334e-117 0 -1459.29 -2.73671e-117 1.68467e-116
-203.7 2 -2.00939e-116 9.28321e-117 0 -1455 -4.01877e-116 1.85664e-116
-203.1 2 -5.44514e-116 -3.33198e-116 0 -1450.71 -1.08903e-115 -6.66395e-116
-202.5 2 -2.46627e-116 -1.76875e-115 0 -1446.43 -4.93253e-116 -3.53751e-115
-201.9 2 3.28472e-115 -3.19461e-115 0 -1442.14 6.56944e-115 -6.38923e-115
-201.3 2 1.2409e-114 2.96737e-115 0 -1437.86 2.4818e-114 5.93475e-115
-200.7 2 1.53267e-114 3.34328e-114 0 -1433.57 3.06533e-114 6.68656e-114
-200.1 2 -4.34616e-114 8.5232e-114 0 -1429.29 -8.69233e-114 1.70464e-113
-199.5 2 -2.53949e-113 2.40415e-114 0 -1425 -5.07898e-113 4.80829e-114
-198.9 2 -4.90868e-113 -5.58702e-113 0 -1420.71 -9.81736e-113 -1.1174e-112
-198.3 2 3.17683e-113 -1.97127e-112 0 -1416.43 6.35366e-113 -3.94254e-112
-197.7 2 4.67259e-112 -2.15873e-112 0 -1412.14 9.34518e-112 -4.31746e-112
-197.1 2 1.26081e-111 7.75096e-112 0 -1407.86 2.52162e-111 1.55019e-111
-196.5 2 5.65112e-112 4.08692e-111 0 -1403.57 1.13022e-111 8.17383e-111
-195.9 2 -7.55232e-111 7.32312e-111 0 -1399.29 -1.51046e-110 1.46462e-110
-195.3 2 -2.83488e-110 -6.90436e-111 0 -1395 -5.66975e-110 -1.38087e-110
-194.7 2 -3.46522e-110 -7.63682e-110 0 -1390.71 -6.93043e-110 -1.52736e-109
-194.1 2 9.91998e-110 -1.92853e-109 0 -1386.43 1.984e-109 -3.85705e-109
-193.5 2 5.73101e-109 -5.06081e-110 0 -1382.14 1.1462e-108 -1.01216e-109
-192.9 2 1.09565e-108 1.26451e-108 0 -1377.86 2.19129e-108 2.52902e-108
-192.3 2 -7.37757e-109 4.40687e-108 0 -1373.57 -1.47551e-108 8.81374e-108
-191.7 2 -1.04348e-107 4.7135e-108 0 -1369.29 -2.08697e-107 9.42701e-108
-191.1 2 -2.78008e-107 -1.7482e-107 0 -1365 -5.56017e-107 -3.4964e-107
-190.5 2 -1.16575e-107 -9.03818e-107 0 -1360.71 -2.3315e-107 -1.80764e-106
-189.9 2 1.67455e-106 -1.5888e-106 0 -1356.43 3.3491e-106 -3.1776e-106
-189.3 2 6.18105e-106 1.59481e-106 0 -1352.14 1.23621e-105 3.18961e-106
-188.7 2 7.34228e-106 1.67408e-105 0 -1347.86 1.46846e-105 3.34816e-105
-188.1 2 -2.20357e-105 4.14558e-105 0 -1343.57 -4.40715e-105 8.29117e-105
-187.5 2 -1.23748e-104 8.79364e-106 0 -1339.29 -2.47496e-104 1.75873e-105
-186.9 2 -2.31068e-104 -2.75847e-104 0 -1335 -4.62136e-104 -5.51694e-104
-186.3 2 1.73099e-104 -9.38653e-104 0 -1330.71 3.46197e-104 -1.87731e-103
-185.7 2 2.23727e-103 -9.55773e-104 0 -1326.43 4.47453e-103 -1.91155e-103
-185.1 2 5.81693e-103 3.83275e-103 0 -1322.14 1.16339e-102 7.66551e-103
-184.5 2 2.07543e-103 1.91002e-102 0 -1317.86 4.15085e-103 3.82004e-102
-183.9 2 -3.58404e-102 3.24257e-102 0 -1313.57 -7.16807e-102 6.48515e-102
-183.3 2 -1.2832e-101 -3.67295e-102 0 -1309.29 -2.5664e-101 -7.34591e-102
-182.7 2 -1.44286e-101 -3.51968e-101 0 -1305 -2.88571e-101 -7.03935e-101
-182.1 2 4.77579e-101 -8.43203e-101 0 -1300.71 9.55159e-101 -1.68641e-100
-181.5 2 2.55312e-100 -1.00984e-101 0 -1296.43 5.10623e-100 -2.01969e-101
-180.9 2 4.57726e-100 5.80209e-100 0 -1292.14 9.15453e-100 1.16042e-99
-180.3 2 -4.09708e-100 1.89969e-99 0 -1287.86 -8.19417e-100 3.79938e-99
-179.7 2 -4.60309e-99 1.77251e-99 0 -1283.57 -9.20618e-99 3.54502e-99
-179.1 2 -1.15043e-98 -8.17757e-99 0 -1279.29 -2.30086e-98 -1.63551e-98
-178.5 2 -2.86594e-99 -3.85041e-98 0 -1275 -5.73187e-99 -7.70081e-98
-177.9 2 7.40702e-98 -6.17868e-98 0 -1270.71 1.4814e-97 -1.23574e-97
-177.3 2 2.5298e-97 8.4086e-98 0 -1266.43 5.05959e-97 1.68172e-97
-176.7 2 2.59038e-97 7.09053e-97 0 -1262.14 5.18077e-97 1.41811e-96
-176.1 2 -1.01018e-96 1.61506e-96 0 -1257.86 -2.02035e-96 3.23013e-96
-175.5 2 -5.02442e-96 -4.81123e-98 0 -1253.57 -1.00488e-95 -9.62246e-98
-174.9 2 -8.4521e-96 -1.17624e-95 0 -1249.29 -1.69042e-95 -2.35248e-95
-174.3 2 9.66194e-96 -3.6412e-95 0 -1245 1.93239e-95 -7.28241e-95
-173.7 2 9.07894e-95 -2.92935e-95 0 -1240.71 1.81579e-94 -5.8587e-95
-173.1 2 2.14019e-94 1.69647e-94 0 -1236.43 4.28038e-94 3.39293e-94
-172.5 2 1.72559e-95 7.38758e-94 0 -1232.14 3.45117e-95 1.47752e-93
-171.9 2 -1.47692e-93 1.08765e-93 0 -1227.86 -2.95385e-93 2.1753e-93
-171.3 2 -4.72051e-93 -1.89544e-93 0 -1223.57 -9.44102e-93 -3.79087e-93
-170.7 2 -4.13898e-93 -1.36645e-92 0 -1219.29 -8.27796e-93 -2.73289e-92
-170.1 2 2.08026e-92 -2.8948e-92 0 -1215 4.16051e-92 -5.7896e-92
-169.5 2 9.40914e-92 7.504e-93 0 -1210.71 1.88183e-91 1.5008e-92
-168.9 2 1.43882e-91 2.29462e-91 0 -1206.43 2.87764e-91 4.58923e-91
-168.3 2 -2.23046e-91 6.58162e-91 0 -1202.14 -4.46091e-91 1.31632e-90
-167.7 2 -1.71331e-90 4.08122e-91 0 -1197.86 -3.42663e-90 8.16245e-91
-167.1 2 -3.72048e-90 -3.41087e-90 0 -1193.57 -7.44097e-90 -6.82174e-90
-166.5 2 6.4263e-91 -1.34479e-89 0 -1189.29 1.28526e-90 -2.68958e-89
-165.9 2 2.83471e-89 -1.73897e-89 0 -1185 5.66943e-89 -3.47793e-89
-165.3 2 8.29933e-89 4.15343e-89 0 -1180.71 1.65987e-88 8.30687e-89
-164.7 2 5.56174e-89 2.51236e-88 0 -1176.43 1.11235e-88 5.02471e-88
-164.1 2 -4.14932e-88 4.81123e-88 0 -1172.14 -8.29864e-88 9.62247e-88
-163.5 2 -1.67095e-87 -2.92026e-88 0 -1167.86 -3.3419e-87 -5.84052e-88
-162.9 2 -2.21725e-87 -4.29425e-87 0 -1163.57 -4.43449e-87 -8.58851e-87
-162.3 2 4.95455e-87 -1.11518e-86 0 -1159.29 9.90909e-87 -2.23036e-86
-161.7 2 3.08372e-86 -4.03094e-87 0 -1155 6.16743e-86 -8.06188e-87
-161.1 2 5.98487e-86 6.61018e-86 0 -1150.71 1.19697e-85 1.32204e-85
-160.5 2 -3.30689e-86 2.31207e-85 0 -1146.43 -6.61378e-86 4.62415e-85
-159.9 2 -5.21609e-85 2.44628e-85 0 -1142.14 -1.04322e-84 4.89256e-85
-159.3 2 -1.36598e-84 -8.7326e-85 0 -1137.86 -2.73197e-84 -1.74652e-84
-158.7 2 -5.25454e-85 -4.38907e-84 0 -1133.57 -1.05091e-84 -8.77815e-84
-158.1 2 7.95858e-84 -7.30838e-84 0 -1129.29 1.59172e-83 -1.46168e-83
-157.5 2 2.79995e-83 8.38554e-84 0 -1125 5.5999e-83 1.67711e-83
-156.9 2 2.98688e-83 7.67289e-83 0 -1120.71 5.97376e-83 1.53458e-82
-156.3 2 -1.04425e-82 1.75567e-82 0 -1116.43 -2.08849e-82 3.51134e-82
-155.7 2 -5.26828e-82 -3.51227e-85 0 -1112.14 -1.05366e-81 -7.02455e-85
-155.1 2 -8.76898e-82 -1.22586e-81 0 -1107.86 -1.7538e-81 -2.45172e-81
-154.5 2 1.00079e-81 -3.72991e-81 0 -1103.57 2.00159e-81 -7.45981e-81
-153.9 2 9.14805e-81 -2.81022e-81 0 -1099.29 1.82961e-80 -5.62044e-81
-153.3 2 2.08446e-80 1.74112e-80 0 -1095 4.16891e-80 3.48225e-80
-152.7 2 -2.62672e-82 7.2426e-80 0 -1090.71 -5.25343e-82 1.44852e-79
-152.1 2 -1.45523e-79 9.88811e-80 0 -1086.43 -2.91046e-79 1.97762e-79
-151.5 2 -4.39466e-79 -2.02795e-79 0 -1082.14 -8.78932e-79 -4.0559e-79
-150.9 2 -3.2295e-79 -1.30033e-78 0 -1077.86 -6.45901e-79 -2.60065e-78
-150.3 2 2.06575e-78 -2.53258e-78 0 -1073.57 4.13151e-78 -5.06516e-78
-149.7 2 8.48482e-78 1.33894e-78 0 -1069.29 1.69696e-77 2.67787e-78
-149.1 2 1.13693e-77 2.15678e-77 0 -1065 2.27386e-77 4.31356e-77
-148.5 2 -2.42686e-77 5.59124e-77 0 -1060.71 -4.85373e-77 1.11825e-76
-147.9 2 -1.51739e-76 1.98673e-77 0 -1056.43 -3.03479e-76 3.97346e-77
-147.3 2 -2.9036e-76 -3.25863e-76 0 -1052.14 -5.80721e-76 -6.51726e-76
-146.7 2 1.70371e-76 -1.11938e-75 0 -1047.86 3.40743e-76 -2.23876e-75
-146.1 2 2.51236e-75 -1.12752e-75 0 -1043.57 5.02473e-75 -2.25504e-75
-145.5 2 6.39019e-75 4.31004e-75 0 -1039.29 1.27804e-74 8.62008e-75
-144.9 2 1.95196e-75 2.07192e-74 0 -1035 3.90391e-75 4.14385e-74
-144.3 2 -3.80183e-74 3.26688e-74 0 -1030.71 -7.60366e-74 6.53376e-74
-143.7 2 -1.27582e-73 -4.41048e-74 0 -1026.43 -2.55165e-73 -8.82095e-74
-143.1 2 -1.22279e-73 -3.56467e-73 0 -1022.14 -2.44558e-73 -7.12933e-73
-142.5 2 5.07161e-73 -7.66992e-73 0 -1017.86 1.01432e-72 -1.53398e-72
-141.9 2 2.35685e-72 1.41738e-73 0 -1013.57 4.7137e-72 2.83476e-73
-141.3 2 3.59094e-72 5.67146e-72 0 -1009.29 7.18187e-72 1.13429e-71
-140.7 2 -5.35357e-72 1.60067e-71 0 -1005 -1.07071e-71 3.20133e-71
-140.1 2 -4.05198e-71 9.1479e-72 0 -1000.71 -8.10395e-71 1.82958e-71
-139.5 2 -8.45906e-71 -8.18598e-71 0 -996.429 -1.69181e-70 -1.6372e-70
-138.9 2 2.3418e-71 -3.0684e-70 0 -992.143 4.68359e-71 -6.13681e-70
-138.3 2 6.45614e-70 -3.58354e-70 0 -987.857 1.29123e-69 -7.16707e-70
-137.7 2 1.76607e-69 1.01867e-69 0 -983.571 3.53213e-69 2.03735e-69
-137.1 2 8.77201e-70 5.47131e-69 0 -979.286 1.7544e-69 1.09426e-68
-136.5 2 -9.37269e-69 9.37707e-69 0 -975 -1.87454e-68 1.87541e-68
-135.9 2 -3.38357e-68 -9.20687e-69 0 -970.714 -6.76715e-68 -1.84137e-68
-135.3 2 -3.71292e-68 -9.09153e-68 0 -966.429 -7.42584e-68 -1.81831e-67
-134.7 2 1.18597e-67 -2.07815e-67 0 -962.143 2.37194e-67 -4.1563e-67
-134.1 2 6.03018e-67 -2.25052e-69 0 -957.857 1.20604e-66 -4.50105e-69
-133.5 2 9.88209e-67 1.39703e-66 0 -953.571 1.97642e-66 2.79407e-66
-132.9 2 -1.1373e-66 4.15651e-66 0 -949.286 -2.2746e-66 8.31302e-66
-132.3 2 -1.00251e-65 2.89573e-66 0 -945 -2.00503e-65 5.79147e-66
-131.7 2 -2.20159e-65 -1.94129e-65 0 -940.714 -4.40318e-65 -3.88257e-65
-131.1 2 2.27741e-66 -7.68797e-65 0 -936.429 4.55483e-66 -1.53759e-64
-130.5 2 1.54521e-64 -9.67593e-65 0 -932.143 3.09042e-64 -1.93519e-64
-129.9 2 4.40863e-64 2.30144e-64 0 -927.857 8.81726e-64 4.60287e-64
-129.3 2 2.65424e-64 1.32722e-63 0 -923.571 5.30848e-64 2.65444e-63
-128.7 2 -2.16674e-63 2.3709e-63 0 -919.286 -4.33349e-63 4.74179e-63
-128.1 2 -8.15213e-63 -1.8916e-63 0 -915 -1.63043e-62 -3.7832e-63
-127.5 2 -9.52074e-63 -2.13936e-62 0 -910.714 -1.90415e-62 -4.27872e-62
-126.9 2 2.63472e-62 -5.02577e-62 0 -906.429 5.26944e-62 -1.00515e-61
-126.3 2 1.40708e-61 -5.08072e-63 0 -902.143 2.81417e-61 -1.01614e-62
-125.7 2 2.37542e-61 3.19365e-61 0 -897.857 4.75083e-61 6.3873e-61
-125.1 2 -2.38055e-61 9.69523e-61 0 -893.571 -4.7611e-61 1.93905e-60
-124.5 2 -2.27139e-60 7.19333e-61 0 -889.286 -4.54277e-60 1.43867e-60
-123.9 2 -5.06474e-60 -4.31962e-60 0 -885 -1.01295e-59 -8.63924e-60
-123.3 2 2.25157e-61 -1.73763e-59 0 -880.714 4.50314e-61 -3.47526e-59
-122.7 2 3.40954e-59 -2.21588e-59 0 -876.429 6.81907e-59 -4.43176e-59
-122.1 2 9.78681e-59 5.00712e-59 0 -872.143 1.95736e-58 1.00142e-58
-121.5 2 6.0367e-59 2.91773e-58 0 -867.857 1.20734e-58 5.83546e-58
-120.9 2 -4.67993e-58 5.18927e-58 0 -863.571 -9.35985e-58 1.03785e-57
-120.3 2 -1.7553e-57 -4.10172e-58 0 -859.286 -3.51059e-57 -8.20345e-58
-119.7 2 -2.02208e-57 -4.59516e-57 0 -855 -4.04416e-57 -9.19033e-57
-119.1 2 5.63645e-57 -1.06255e-56 0 -850.714 1.12729e-56 -2.1251e-56
-118.5 2 2.95285e-56 -6.74353e-58 0 -846.429 5.90569e-56 -1.34871e-57
-117.9 2 4.85093e-56 6.74941e-56 0 -842.143 9.70186e-56 1.34988e-55
-117.3 2 -5.25873e-56 1.99211e-55 0 -837.857 -1.05175e-55 3.98422e-55
-116.7 2 -4.67461e-55 1.34316e-55 0 -833.571 -9.34922e-55 2.68633e-55
-116.1 2 -1.0033e-54 -9.10074e-55 0 -829.286 -2.0066e-54 -1.82015e-54
-115.5 2 1.52772e-55 -3.48964e-54 0 -825 3.05545e-55 -6.97928e-54
-114.9 2 6.94696e-54 -4.11059e-54 0 -820.714 1.38939e-53 -8.22118e-54
-114.3 2 1.89224e-53 1.08419e-53 0 -816.429 3.78449e-53 2.16838e-53
-113.7 2 9.2111e-54 5.76671e-53 0 -812.143 1.84222e-53 1.15334e-52
-113.1 2 -9.59676e-53 9.47719e-53 0 -807.857 -1.91935e-52 1.89544e-52
-112.5 2 -3.33416e-52 -1.01944e-52 0 -803.571 -6.66831e-52 -2.03888e-52
-111.9 2 -3.31671e-52 -9.02354e-52 0 -799.286 -6.63342e-52 -1.80471e-51
-111.3 2 1.20333e-51 -1.91278e-51 0 -795 2.40667e-51 -3.82556e-51
-110.7 2 5.55532e-51 3.70296e-52 0 -790.714 1.11106e-50 7.40593e-52
-110.1 2 8.03889e-51 1.33567e-50 0 -786.429 1.60778e-50 2.67133e-50
-109.5 2 -1.28778e-50 3.55113e-50 0 -782.143 -2.57556e-50 7.10226e-50
-108.9 2 -8.80448e-50 1.48563e-50 0 -777.857 -1.7609e-49 2.97126e-50
-108.3 2 -1.66494e-49 -1.85753e-49 0 -773.571 -3.32989e-49 -3.71507e-49
-107.7 2 9.35101e-50 -6.20204e-49 0 -769.286 1.8702e-49 -1.24041e-48
-107.1 2 1.3293e-48 -5.61259e-49 0 -765 2.65861e-48 -1.12252e-48
-106.5 2 3.14878e-48 2.38595e-48 0 -760.714 6.29756e-48 4.7719e-48
-105.9 2 3.71401e-49 1.03087e-47 0 -756.429 7.42803e-49 2.06174e-47
-105.3 2 -1.90611e-47 1.37591e-47 0 -752.143 -3.81221e-47 2.75182e-47
-104.7 2 -5.5924e-47 -2.7148e-47 0 -747.857 -1.11848e-46 -5.4296e-47
-104.1 2 -3.54235e-47 -1.64017e-46 0 -743.571 -7.0847e-47 -3.28034e-46
-103.5 2 2.57053e-46 -2.86987e-46 0 -739.286 5.14105e-46 -5.73975e-46
-102.9 2 9.45815e-46 2.40843e-46 0 -735 1.89163e-45 4.81687e-46
-102.3 2 1.01165e-45 2.50199e-45 0 -730.714 2.02329e-45 5.00398e-45
-101.7 2 -3.18646e-45 5.46747e-45 0 -726.429 -6.37292e-45 1.09349e-44
-101.1 2 -1.53371e-44 -6.27555e-46 0 -722.143 -3.06743e-44 -1.25511e-45
-100.5 2 -2.25935e-44 -3.65027e-44 0 -717.857 -4.5187e-44 -7.30055e-44
-99.9 2 3.43074e-44 -9.79084e-44 0 -713.571 6.86148e-44 -1.95817e-43
-99.3 2 2.3901e-43 -4.14325e-44 0 -709.286 4.78021e-43 -8.2865e-44
-98.7 2 4.48671e-43 5.05433e-43 0 -705 8.97341e-43 1.01087e-42
-98.1 2 -2.642e-43 1.67039e-42 0 -700.714 -5.28399e-43 3.34078e-42
-97.5 2 -3.57459e-42 1.44942e-42 0 -696.429 -7.14918e-42 2.89883e-42
-96.9 2 -8.27151e-42 -6.53452e-42 0 -692.143 -1.6543e-41 -1.3069e-41
-96.3 2 -4.11497e-43 -2.7321e-41 0 -687.857 -8.22993e-43 -5.4642e-41
-95.7 2 5.10436e-41 -3.46264e-41 0 -683.571 1.02087e-40 -6.92529e-41
-95.1 2 1.44232e-40 7.61881e-41 0 -679.286 2.88465e-40 1.52376e-40
-94.5 2 7.8599e-41 4.29325e-40 0 -675 1.57198e-40 8.58649e-40
-93.9 2 -6.88966e-40 7.10035e-40 0 -670.714 -1.37793e-39 1.42007e-39
-93.3 2 -2.40001e-39 -7.32052e-40 0 -666.429 -4.80002e-39 -1.4641e-39
-92.7 2 -2.31559e-39 -6.47826e-39 0 -662.143 -4.63119e-39 -1.29565e-38
-92.1 2 8.62918e-39 -1.33047e-38 0 -657.857 1.72584e-38 -2.66094e-38
-91.5 2 3.82731e-38 3.8229e-39 0 -653.571 7.65461e-38 7.6458e-39
-90.9 2 5.15777e-38 9.36301e-38 0 -649.286 1.03155e-37 1.8726e-37
-90.3 2 -9.6574e-38 2.33778e-37 0 -645 -1.93148e-37 4.67556e-37
-89.7 2 -5.86124e-37 5.93743e-38 0 -640.714 -1.17225e-36 1.18749e-37
-89.1 2 -1.00791e-36 -1.29034e-36 0 -636.429 -2.01583e-36 -2.58068e-36
-88.5 2 8.73868e-37 -3.90332e-36 0 -632.143 1.74774e-36 -7.80664e-36
-87.9 2 8.6286e-36 -2.68006e-36 0 -627.857 1.72572e-35 -5.36012e-36
-87.3 2 1.81504e-35 1.68324e-35 0 -623.571 3.63008e-35 3.36648e-35
-86.7 2 -3.79563e-36 6.24419e-35 0 -619.286 -7.59126e-36 1.24884e-34
-86.1 2 -1.22176e-34 6.608e-35 0 -615 -2.44351e-34 1.3216e-34
-85.5 2 -3.0835e-34 -2.0518e-34 0 -610.714 -6.16699e-34 -4.10361e-34
-84.9 2 -8.47251e-35 -9.62978e-34 0 -606.429 -1.6945e-34 -1.92596e-33
-84.3 2 1.6639e-33 -1.34579e-33 0 -602.143 3.3278e-33 -2.69158e-33
-83.7 2 5.01323e-33 2.27524e-33 0 -597.857 1.00265e-32 4.55048e-33
-83.1 2 3.31989e-33 1.4393e-32 0 -593.571 6.63977e-33 2.8786e-32
-82.5 2 -2.1762e-32 2.48239e-32 0 -589.286 -4.3524e-32 4.96478e-32
-81.9 2 -7.88089e-32 -2.13907e-32 0 -585 -1.57618e-31 -4.27813e-32
-81.3 2 -7.84093e-32 -2.09415e-31 0 -580.714 -1.56819e-31 -4.18829e-31
-80.7 2 2.71737e-31 -4.30839e-31 0 -576.429 5.43473e-31 -8.61677e-31
-80.1 2 1.20709e-30 1.26709e-31 0 -572.143 2.41418e-30 2.53418e-31
-79.5 2 1.56835e-30 2.97432e-30 0 -567.857 3.13671e-30 5.94865e-30
-78.9 2 -3.18613e-30 7.18028e-30 0 -563.571 -6.37226e-30 1.43606e-29
-78.3 2 -1.8101e-29 1.00366e-30 0 -559.286 -3.62021e-29 2.00732e-30
-77.7 2 -2.88688e-29 -4.12238e-29 0 -555 -5.77376e-29 -8.24477e-29
-77.1 2 3.35664e-29 -1.16226e-28 0 -550.714 6.71327e-29 -2.32452e-28
-76.5 2 2.6607e-28 -5.82955e-29 0 -546.429 5.32139e-28 -1.16591e-28
-75.9 2 5.0517e-28 5.54724e-28 0 -542.143 1.01034e-27 1.10945e-27
-75.3 2 -2.76782e-28 1.83679e-27 0 -537.857 -5.53565e-28 3.67358e-27
-74.7 2 -3.82319e-27 1.51498e-27 0 -533.571 -7.64639e-27 3.02997e-27
-74.1 2 -8.51732e-27 -7.16516e-27 0 -529.286 -1.70346e-26 -1.43303e-26
-73.5 2 5.68602e-28 -2.83561e-26 0 -525 1.1372e-27 -5.67121e-26
-72.9 2 5.33747e-26 -3.20138e-26 0 -520.714 1.06749e-25 -6.40276e-26
-72.3 2 1.3895e-25 8.70918e-26 0 -516.429 2.77901e-25 1.74184e-25
-71.7 2 4.65331e-26 4.26629e-25 0 -512.143 9.30663e-26 8.53257e-25
-71.1 2 -7.18108e-25 6.0862e-25 0 -507.857 -1.43622e-24 1.21724e-24
-70.5 2 -2.19407e-24 -9.62079e-25 0 -503.571 -4.38813e-24 -1.92416e-24
-69.9 2 -1.50221e-24 -6.23689e-24 0 -499.286 -3.00443e-24 -1.24738e-23
-69.3 2 9.22879e-24 -1.07732e-23 0 -495 1.84576e-23 -2.15464e-23
-68.7 2 3.3537e-23 8.94197e-24 0 -490.714 6.7074e-23 1.78839e-23
-68.1 2 3.35319e-23 8.84325e-23 0 -486.429 6.70637e-23 1.76865e-22
-67.5 2 -1.12136e-22 1.80568e-22 0 -482.143 -2.24271e-22 3.61137e-22
-66.9 2 -4.97162e-22 -5.17505e-23 0 -477.857 -9.94324e-22 -1.03501e-22
-66.3 2 -6.43934e-22 -1.21576e-21 0 -473.571 -1.28787e-21 -2.43152e-21
-65.7 2 1.26449e-21 -2.89979e-21 0 -469.286 2.52897e-21 -5.79959e-21
-65.1 2 7.16838e-21 -4.04068e-22 0 -465 1.43368e-20 -8.08136e-22
-64.5 2 1.13785e-20 1.61814e-20 0 -460.714 2.27571e-20 3.23628e-20
-63.9 2 -1.25594e-20 4.50132e-20 0 -456.429 -2.51188e-20 9.00263e-20
-63.3 2 -1.0049e-19 2.26097e-20 0 -452.143 -2.0098e-19 4.52194e-20
-62.7 2 -1.90512e-19 -2.06645e-19 0 -447.857 -3.81023e-19 -4.1329e-19
-62.1 2 9.03645e-20 -6.7706e-19 0 -443.571 1.80729e-19 -1.35412e-18
-61.5 2 1.3568e-18 -5.66313e-19 0 -439.286 2.71359e-18 -1.13263e-18
-60.9 2 3.04222e-18 2.47494e-18 0 -435 6.08445e-18 4.94988e-18
-60.3 2 1.00974e-19 9.79657e-18 0 -430.714 2.01949e-19 1.95931e-17
-59.7 2 -1.73357e-17 1.13212e-17 0 -426.429 -3.46715e-17 2.26423e-17
-59.1 2 -4.58815e-17 -2.68938e-17 0 -422.143 -9.17631e-17 -5.37876e-17
-58.5 2 -2.0198e-17 -1.34908e-16 0 -417.857 -4.0396e-17 -2.69817e-16
-57.9 2 2.09025e-16 -1.95913e-16 0 -413.571 4.1805e-16 -3.91826e-16
-57.3 2 6.51702e-16 1.30708e-16 0 -409.286 1.3034e-15 2.61416e-16
-56.7 2 6.6962e-16 1.1292e-15 0 -405 1.33924e-15 2.2584e-15
-56.1 2 -1.14158e-15 2.33566e-15 0 -400.714 -2.28315e-15 4.67133e-15
-55.5 2 -5.80651e-15 1.56229e-15 0 -396.429 -1.1613e-14 3.12458e-15
-54.9 2 -1.06343e-14 -5.36799e-15 0 -392.143 -2.12685e-14 -1.0736e-14
-54.3 2 -4.52039e-15 -2.04267e-14 0 -387.857 -9.04079e-15 -4.08534e-14
-53.7 2 3.10402e-14 -3.14904e-14 0 -383.571 6.20804e-14 -6.29808e-14
-53.1 2 9.88582e-14 -1.3047e-15 0 -379.286 1.97716e-13 -2.6094e-15
-52.5 2 1.34792e-13 1.19472e-13 0 -375 2.69584e-13 2.38944e-13
-51.9 2 -3.59472e-14 3.13667e-13 0 -370.714 -7.18944e-14 6.27334e-13
-51.3 2 -6.14044e-13 3.50608e-13 0 -366.429 -1.22809e-12 7.01215e-13
-50.7 2 -1.44836e-12 -2.87939e-13 0 -362.143 -2.89672e-12 -5.75878e-13
-50.1 2 -1.40526e-12 -2.05429e-12 0 -357.857 -2.81052e-12 -4.10858e-12
-49.5 2 1.82093e-12 -4.18617e-12 0 -353.571 3.64186e-12 -8.37233e-12
-48.9 2 9.89016e-12 -3.13427e-12 0 -349.286 1.97803e-11 -6.26853e-12
-48.3 2 1.86224e-11 7.23745e-12 0 -345 3.72449e-11 1.44749e-11
-47.7 2 1.15969e-11 2.96456e-11 0 -340.714 2.31939e-11 5.92912e-11
-47.1 2 -3.74219e-11 4.93727e-11 0 -336.429 -7.48438e-11 9.87453e-11
-46.5 2 -1.36353e-10 2.06115e-11 0 -332.143 -2.72706e-10 4.1223e-11
-45.9 2 -2.14195e-10 -1.19427e-10 0 -327.857 -4.28389e-10 -2.38854e-10
-45.3 2 -6.80879e-11 -3.70888e-10 0 -323.571 -1.36176e-10 -7.41775e-10
-44.7 2 5.63538e-10 -5.25518e-10 0 -319.286 1.12708e-09 -1.05104e-09
-44.1 2 1.64976e-09 -7.42938e-11 0 -315 3.29953e-09 -1.48588e-10
-43.5 2 2.25641e-09 1.54865e-09 0 -310.714 4.51281e-09 3.09731e-09
-42.9 2 1.98992e-10 4.0945e-09 0 -306.429 3.97983e-10 8.18901e-09
-42.3 2 -6.86638e-09 5.18666e-09 0 -302.143 -1.37328e-08 1.03733e-08
-41.7 2 -1.77646e-08 -1.27526e-10 0 -297.857 -3.55292e-08 -2.55053e-10
-41.1 2 -2.23889e-08 -1.64986e-08 0 -293.571 -4.47779e-08 -3.29972e-08
-40.5 2 6.43649e-11 -4.02181e-08 0 -289.286 1.2873e-10 -8.04363e-08
-39.9 2 6.92736e-08 -4.87762e-08 0 -285 1.38547e-07 -9.75524e-08
-39.3 2 1.70932e-07 4.61473e-10 0 -280.714 3.41863e-07 9.22947e-10
-38.7 2 2.13706e-07 1.44195e-07 0 -276.429 4.27411e-07 2.88389e-07
-38.1 2 2.11674e-08 3.49787e-07 0 -272.143 4.23348e-08 6.99575e-07
-37.5 2 -5.68636e-07 4.40413e-07 0 -267.857 -1.13727e-06 8.80825e-07
-36.9 2 -1.45218e-06 9.1546e-08 0 -263.571 -2.90437e-06 1.83092e-07
-36.3 2 -1.94829e-06 -9.84779e-07 0 -259.286 -3.89659e-06 -1.96956e-06
-35.7 2 -7.35461e-07 -2.61811e-06 0 -255 -1.47092e-06 -5.23623e-06
-35.1 2 3.50057e-06 -3.69162e-06 0 -250.714 7.00113e-06 -7.38322e-06
-34.5 1.99999 1.04524e-05 -2.07157e-06 0 -246.429 2.09047e-05 -4.14311e-06
-33.9 1.99998 1.61377e-05 4.40961e-06 0 -242.143 3.22751e-05 8.81915e-06
-33.3 1.99999 1.21314e-05 1.56498e-05 0 -237.857 2.42626e-05 3.12995e-05
-32.7 2.00001 -1.14157e-05 2.6465e-05 0 -233.571 -2.28316e-05 5.29304e-05
-32.1 2.00007 -5.74277e-05 2.54984e-05 0 -229.286 -0.000114859 5.09985e-05
-31.5 2.00013 -0.000110262 -1.24759e-06 0 -225 -0.000220538 -2.49534e-06
-30.9 2.00015 -0.000128156 -6.07994e-05 0 -220.714 -0.000256331 -0.000121608
-30.3 2.00006 -5.08245e-05 -0.000140082 0 -216.429 -0.000101652 -0.000280171
-29.7 1.99979 0.000169445 -0.000196891 0 -212.143 0.000338853 -0.00039374
-29.1 1.99936 0.000516831 -0.000165194 0 -207.857 0.00103333 -0.000330283
-28.5 1.99894 0.000863009 1.85207e-05 0 -203.571 0.0017251 3.70217e-05
-27.9 1.99883 0.000956872 0.000372091 0 -199.286 0.00191263 0.000743749
-27.3 1.99944 0.000487204 0.000825324 0 -195 0.000974138 0.00165019
-26.7 2.00107 -0.000774037 0.00120566 0 -190.714 -0.00154891 0.00241262
-26.1 2.00369 -0.00278776 0.00127772 0 -186.429 -0.00558581 0.00256017
-25.5 2.00674 -0.00511369 0.000834257 0 -182.143 -0.0102618 0.00167414
-24.9 2.00911 -0.00692384 -0.000210621 0 -177.857 -0.0139107 -0.00042316
-24.3 2.00937 -0.00718442 -0.00177843 0 -173.571 -0.0144362 -0.00357354
-23.7 2.00619 -0.00493396 -0.00365654 0 -169.286 -0.00989847 -0.00733573
-23.1 1.99866 0.000461735 -0.00557915 0 -165 0.000922852 -0.0111508
-22.5 1.98646 0.00918914 -0.00729424 0 -160.714 0.0182539 -0.0144897
-21.9 1.96999 0.0209727 -0.00867699 0 -156.429 0.0413161 -0.0170936
-21.3 1.95009 0.035243 -0.00973569 0 -152.143 0.068727 -0.0189855
-20.7 1.92764 0.0513972 -0.0105134 0 -147.857 0.0990752 -0.0202659
-20.1 1.90343 0.0689002 -0.0110706 0 -143.571 0.131146 -0.0210721
-19.5 1.87809 0.0873205 -0.0114582 0 -139.286 0.163996 -0.0215196
-18.9 1.85211 0.106327 -0.0117166 0 -135 0.196928 -0.0217004
-18.3 1.82584 0.125667 -0.011872 0 -130.714 0.229449 -0.0216763
-17.7 1.79956 0.145148 -0.0119423 0 -126.429 0.261202 -0.021491
-17.1 1.77349 0.164612 -0.0119383 0 -122.143 0.291937 -0.0211724
-16.5 1.74779 0.18393 -0.0118659 0 -117.857 0.321471 -0.0207391
-15.9 1.72262 0.202988 -0.011728 0 -113.571 0.34967 -0.020203
-15.3 1.6981 0.221681 -0.0115257 0 -109.286 0.376437 -0.0195717
-14.7 1.67436 0.239912 -0.0112585 0 -105 0.401698 -0.0188508
-14.1 1.6515 0.257585 -0.010926 0 -100.714 0.4254 -0.0180442
-13.5 1.62963 0.274606 -0.0105276 0 -96.4286 0.447505 -0.017156
-12.9 1.60885 0.290882 -0.0100636 0 -92.1429 0.467986 -0.0161908
-12.3 1.58926 0.306324 -0.00953559 0 -87.8571 0.486829 -0.0151546
-11.7 1.57095 0.320844 -0.00894673 0 -83.5714 0.504031 -0.0140549
-11.1 1.554 0.334362 -0.00830229 0 -79.2857 0.519598 -0.0129018
-10.5 1.53847 0.346808 -0.00760992 0 -75 0.533555 -0.0117076
-9.9 1.52441 0.358129 -0.00687974 0 -70.7143 0.545935 -0.0104875
-9.3 1.51185 0.368286 -0.00612412 0 -66.4286 0.556792 -0.00925872
-8.7 1.50078 0.377264 -0.00535691 0 -62.1429 0.566191 -0.00803953
-8.1 1.49118 0.385073 -0.00459205 0 -57.8571 0.574214 -0.00684759
-7.5 1.48301 0.391744 -0.00384163 0 -53.5714 0.58096 -0.00569718
-6.9 1.47617 0.397337 -0.0031136 0 -49.2857 0.586538 -0.00459621
-6.3 1.47057 0.401931 -0.00240928 0 -45 0.591069 -0.00354302
-5.7 1.46609 0.405625 -0.00172118 0 -40.7143 0.594682 -0.00252341
-5.1 1.46259 0.408527 -0.00103121 0 -36.4286 0.597508 -0.00150824
-4.5 1.45994 0.410754 -0.000309675 0 -32.1429 0.599675 -0.000452107
-3.9 1.458 0.412419 0.000484618 0 -27.8571 0.601307 0.000706574
-3.3 1.45665 0.413631 0.0014029 0 -23.5714 0.602517 0.00204354
-2.7 1.45577 0.414489 0.00250337 0 -19.2857 0.603403 0.00364434
-2.1 1.45527 0.415079 0.00384634 0 -15 0.60405 0.00559744
-1.5 1.45503 0.41547 0.00548777 0 -10.7143 0.604523 0.00798488
-0.9 1.455 0.41572 0.00747131 0 -6.42857 0.604872 0.0108707
-0.3 1.45509 0.415872 0.00981959 0 -2.14286 0.60513 0.0142884
0.3 1.45524 0.415958 0.0125256 0 2.14286 0.605317 0.0182277
0.9 1.45539 0.415999 0.0155453 0 6.42857 0.605439 0.0226243
1.5 1.45548 0.416012 0.0187932 0 10.7143 0.605498 0.0273532
2.1 1.45549 0.416006 0.0221422 0 15 0.605491 0.0322277
2.7 1.45536 0.415988 0.0254283 0 19.2857 0.605414 0.0370074
3.3 1.45509 0.415964 0.0284621 0 23.5714 0.605264 0.0414149
3.9 1.45466 0.415936 0.031045 0 27.8571 0.605044 0.0451599
4.5 1.45408 0.415906 0.0329894 0 32.1429 0.604761 0.0479692
5.1 1.45339 0.415874 0.0341398 0 36.4286 0.604427 0.0496185
5.7 1.45263 0.41584 0.0343934 0 40.7143 0.604062 0.0499609
6.3 1.45185 0.415804 0.0337138 0 45 0.603686 0.0489475
6.9 1.45112 0.415766 0.0321389 0 49.2857 0.603325 0.0466373
7.5 1.45047 0.415728 0.0297784 0 53.5714 0.603001 0.0431927
8.1 1.44996 0.415689 0.0268015 0 57.8571 0.602733 0.0388612
8.7 1.44962 0.415649 0.0234174 0 62.1429 0.602531 0.0339462
9.3 1.44944 0.415607 0.0198494 0 66.4286 0.602399 0.0287707
9.9 1.44944 0.415561 0.0163107 0 70.7143 0.60233 0.0236413
10.5 1.44957 0.41551 0.0129818 0 75 0.60231 0.0188181
11.1 1.4498 0.41545 0.00999695 0 79.2857 0.602321 0.0144936
11.7 1.45009 0.415381 0.00743752 0 83.5714 0.602341 0.0107851
12.3 1.45039 0.415302 0.00533402 0 87.8571 0.602349 0.00773641
12.9 1.45065 0.415207 0.00367338 0 92.1429 0.60232 0.00532879
13.5 1.45083 0.41508 0.00240849 0 96.4286 0.60221 0.0034943
14.1 1.45084 0.414875 0.00146484 0 100.714 0.601918 0.00212525
14.7 1.45054 0.414456 0.000734764 0 105 0.601184 0.0010658
15.3 1.44946 0.413473 4.10069e-05 0 109.286 0.599312 5.9438e-05
15.9 1.4465 0.411025 -0.000972948 0 113.571 0.594546 -0.00140737
16.5 1.43897 0.404995 -0.00308929 0 117.857 0.582775 -0.00444539
17.1 1.42132 0.390969 -0.00789328 0 122.143 0.555694 -0.0112189
17.7 1.38443 0.361456 -0.0179213 0 126.429 0.500412 -0.0248109
18.3 1.31866 0.307485 -0.0353502 0 130.714 0.405467 -0.0466147
18.9 1.22349 0.225065 -0.0577708 0 135 0.275364 -0.0706818
19.5 1.11776 0.124582 -0.0733883 0 139.286 0.139253 -0.0820304
20.1 1.03317 0.0333169 -0.0673551 0 143.571 0.0344219 -0.069589
20.7 0.98873 -0.0205896 -0.0408101 0 147.857 -0.0203576 -0.0403502
21.3 0.976779 -0.0341924 -0.012818 0 152.143 -0.0333984 -0.0125204
21.9 0.981635 -0.0252791 0.00376708 0 156.429 -0.0248148 0.0036979
22.5 0.991206 -0.0111808 0.00877952 0 160.714 -0.0110825 0.00870231
23.1 0.998703 -0.00091301 0.00713183 0 165 -0.000911826 0.00712258
23.7 1.00223 0.00355692 0.00351033 0 169.286 0.00356484 0.00351815
24.3 1.00269 0.00384966 0.000596612 0 173.571 0.00386001 0.000598215
24.9 1.00173 0.0023432 -0.000819707 0 177.857 0.00234725 -0.000821126
25.5 1.00062 0.00075443 -0.00103522 0 182.143 0.0007549 -0.00103586
26.1 0.99993 -0.000186295 -0.000676334 0 186.429 -0.000186282 -0.000676286
26.7 0.9997 -0.00046519 -0.000243828 0 190.714 -0.00046505 -0.000243754
27.3 0.999747 -0.000365587 2.91734e-05 0 195 -0.000365494 2.9166e-05
27.9 0.999878 -0.000165065 0.000120111 0 199.286 -0.000165045 0.000120096
28.5 0.999981 -1.60563e-05 0.00010059 0 203.571 -1.60559e-05 0.000100588
29.1 1.00003 4.6104e-05 4.77681e-05 0 207.857 4.61052e-05 4.77694e-05
29.7 1.00003 4.74755e-05 6.39962e-06 0 212.143 4.7477e-05 6.39982e-06
30.3 1.00002 2.58199e-05 -1.16725e-05 0 216.429 2.58203e-05 -1.16727e-05
30.9 1 5.91557e-06 -1.27344e-05 0 220.714 5.9156e-06 -1.27345e-05
31.5 0.999998 -3.92807e-06 -7.08182e-06 0 225 -3.92806e-06 -7.08181e-06
32.1 0.999997 -5.46898e-06 -1.69246e-06 0 229.286 -5.46897e-06 -1.69245e-06
32.7 0.999998 -3.33575e-06 1.01023e-06 0 233.571 -3.33574e-06 1.01023e-06
33.3 0.999999 -9.65228e-07 1.44971e-06 0 237.857 -9.65228e-07 1.44971e-06
33.9 1 3.14989e-07 8.83089e-07 0 242.143 3.14989e-07 8.83089e-07
34.5 1 5.84139e-07 2.50711e-07 0 246.429 5.84139e-07 2.50711e-07
35.1 1 3.76822e-07 -8.68606e-08 0 250.714 3.76822e-07 -8.68606e-08
35.7 1 1.16332e-07 -1.54065e-07 0 255 1.16332e-07 -1.54065e-07
36.3 1 -2.78142e-08 -9.68397e-08 0 259.286 -2.78142e-08 -9.68397e-08
36.9 1 -5.93482e-08 -2.81808e-08 0 263.571 -5.93482e-08 -2.81808e-08
37.5 1 -3.81431e-08 8.45329e-09 0 267.857 -3.81431e-08 8.45329e-09
38.1 1 -1.13328e-08 1.5552e-08 0 272.143 -1.13328e-08 1.5552e-08
38.7 1 2.99322e-09 9.50284e-09 0 276.429 2.99322e-09 9.50284e-09
39.3 1 5.76202e-09 2.54905e-09 0 280.714 5.76202e-09 2.54905e-09
39.9 1 3.48027e-09 -9.472e-10 0 285 3.48027e-09 -9.472e-10
40.5 1 9.01044e-10 -1.48765e-09 0 289.286 9.01044e-10 -1.48765e-09
41.1 1 -3.56635e-10 -8.35301e-10 0 293.571 -3.56635e-10 -8.35301e-10
41.7 1 -5.28047e-10 -1.82742e-10 0 297.857 -5.28047e-10 -1.82742e-10
42.3 1 -2.84337e-10 1.09213e-10 0 302.143 -2.84337e-10 1.09213e-10
42.9 1 -5.54773e-11 1.32764e-10 0 306.429 -5.54773e-11 1.32764e-10
43.5 1 4.07216e-11 6.50558e-11 0 310.714 4.07216e-11 6.50558e-11
44.1 1 4.47584e-11 9.18216e-12 0 315 4.47584e-11 9.18216e-12
44.7 1 2.04454e-11 -1.16983e-11 0 319.286 2.04454e-11 -1.16983e-11
45.3 1 2.05939e-12 -1.08297e-11 0 323.571 2.05939e-12 -1.08297e-11
45.9 1 -4.1463e-12 -4.38605e-12 0 327.857 -4.1463e-12 -4.38605e-12
46.5 1 -3.43409e-12 -1.05278e-13 0 332.143 -3.43409e-12 -1.05278e-13
47.1 1 -1.25291e-12 1.11091e-12 0 336.429 -1.25291e-12 1.11091e-12
47.7 1 5.60034e-14 7.90481e-13 0 340.714 5.60034e-14 7.90481e-13
48.3 1 3.67928e-13 2.44202e-13 0 345 3.67928e-13 2.44202e-13
48.9 1 2.33297e-13 -4.23703e-14 0 349.286 2.33297e-13 -4.23703e-14
49.5 1 6.09066e-14 -9.199e-14 0 353.571 6.09066e-14 -9.199e-14
50.1 1 -1.94087e-14 -5.04522e-14 0 357.857 -1.94087e-14 -5.04522e-14
50.7 1 -2.83493e-14 -9.90366e-15 0 362.143 -2.83493e-14 -9.90366e-15
51.3 1 -1.3759e-14 6.26258e-15 0 366.429 -1.3759e-14 6.26258e-15
51.9 1 -1.92089e-15 6.58986e-15 0 370.714 -1.92089e-15 6.58986e-15
52.5 1 2.13645e-15 2.73155e-15 0 375 2.13645e-15 2.73155e-15
53.1 1 1.78553e-15 1.12976e-16 0 379.286 1.78553e-15 1.12976e-16
53.7 1 5.84306e-16 -5.90381e-16 0 383.571 5.84306e-16 -5.90381e-16
54.3 1 -3.76112e-17 -3.68923e-16 0 387.857 -3.76112e-17 -3.68923e-16
54.9 1 -1.34028e-16 -7.83619e-17 0 392.143 -1.34028e-16 -7.83619e-17
55.5 1 -7.53998e-17 1.93593e-17 0 396.429 -7.53998e-17 1.93593e-17
56.1 1 -8.05903e-18 3.6287e-17 0 400.714 -8.05903e-18 3.6287e-17
56.7 1 1.07156e-17 1.24571e-17 0 405 1.07156e-17 1.24571e-17
57.3 1 6.2836e-18 -1.31758e-18 0 409.286 6.2836e-18 -1.31758e-18
57.9 1 7.69596e-19 -2.93598e-18 0 413.571 7.69596e-19 -2.93598e-18
58.5 1 -8.45737e-19 -1.06081e-18 0 417.857 -8.45737e-19 -1.06081e-18
59.1 1 -5.25034e-19 8.07939e-20 0 422.143 -5.25034e-19 8.07939e-20
59.7 1 -7.57469e-20 2.38196e-19 0 426.429 -7.57469e-20 2.38196e-19
60.3 1 6.58463e-20 9.28822e-20 0 430.714 6.58463e-20 9.28822e-20
60.9 1 4.46088e-20 -2.96082e-21 0 435 4.46088e-20 -2.96082e-21
61.5 1 7.93698e-21 -1.91009e-20 0 439.286 7.93698e-21 -1.91009e-20
62.1 1 -4.85764e-21 -8.27755e-21 0 443.571 -4.85764e-21 -8.27755e-21
62.7 1 -3.77585e-21 -2.0919e-22 0 447.857 -3.77585e-21 -2.0919e-22
63.3 1 -8.37669e-22 1.47614e-21 0 452.143 -8.37669e-22 1.47614e-21
63.9 1 3.25041e-22 7.30243e-22 0 456.429 3.25041e-22 7.30243e-22
64.5 1 3.11091e-22 6.33257e-23 0 460.714 3.11091e-22 6.33257e-23
65.1 1 8.48259e-23 -1.0777e-22 0 465 8.48259e-23 -1.0777e-22
65.7 1 -1.85753e-23 -6.24639e-23 0 469.286 -1.85753e-23 -6.24639e-23
66.3 1 -2.46014e-23 -9.18505e-24 0 473.571 -2.46014e-23 -9.18505e-24
66.9 1 -8.09551e-24 7.31528e-24 0 477.857 -8.09551e-24 7.31528e-24
67.5 1 7.66311e-25 5.13229e-24 0 482.143 7.66311e-25 5.13229e-24
68.1 1 1.85618e-24 1.05243e-24 0 486.429 1.85618e-24 1.05243e-24
68.7 1 7.28098e-25 -4.52303e-25 0 490.714 7.28098e-25 -4.52303e-25
69.3 1 -2.52955e-28 -4.04339e-25 0 495 -2.52955e-28 -4.04339e-25
69.9 1 -1.33349e-25 -1.0592e-25 0 499.286 -1.33349e-25 -1.0592e-25
70.5 1 -6.21347e-26 2.43763e-26 0 503.571 -6.21347e-26 2.43763e-26
71.1 1 -4.67169e-27 3.06002e-26 0 507.857 -4.67169e-27 3.06002e-26
71.7 1 9.10378e-27 9.79613e-27 0 512.143 9.10378e-27 9.79613e-27
72.3 1 5.07398e-27 -9.92156e-28 0 516.429 5.07398e-27 -9.92156e-28
72.9 1 7.08747e-28 -2.22954e-27 0 520.714 7.08747e-28 -2.22954e-27
73.5 1 -5.86817e-28 -8.53846e-28 0 525 -5.86817e-28 -8.53846e-28
74.1 1 -3.99431e-28 6.17386e-30 0 529.286 -3.99431e-28 6.17386e-30
74.7 1 -7.93417e-29 1.56373e-28 0 533.571 -7.93417e-29 1.56373e-28
75.3 1 3.50427e-29 7.12169e-29 0 537.857 3.50427e-29 7.12169e-29
75.9 1 3.04495e-29 4.88689e-30 0 542.143 3.04495e-29 4.88689e-30
76.5 1 7.80571e-30 -1.05001e-29 0 546.429 7.80571e-30 -1.05001e-29
77.1 1 -1.84104e-30 -5.73181e-30 0 550.714 -1.84104e-30 -5.73181e-30
77.7 1 -2.24875e-30 -7.74797e-31 0 555 -2.24875e-30 -7.74797e-31
78.3 1 -7.12373e-31 6.65142e-31 0 559.286 -7.12373e-31 6.65142e-31
78.9 1 7.14175e-32 4.4635e-31 0 563.571 7.14175e-32 4.4635e-31
79.5 1 1.60173e-31 8.83414e-32 0 567.857 1.60173e-31 8.83414e-32
80.1 1 6.16003e-32 -3.84776e-32 0 572.143 6.16003e-32 -3.84776e-32
80.7 1 1.07351e-34 -3.35637e-32 0 576.429 1.07351e-34 -3.35637e-32
81.3 1 -1.08945e-32 -8.75951e-33 0 580.714 -1.08945e-32 -8.75951e-33
81.9 1 -5.08549e-33 1.87718e-33 0 585 -5.08549e-33 1.87718e-33
82.5 1 -4.37126e-34 2.42298e-33 0 589.286 -4.37126e-34 2.42298e-33
83.1 1 6.95533e-34 7.96086e-34 0 593.571 6.95533e-34 7.96086e-34
83.7 1 4.01214e-34 -5.64398e-35 0 597.857 4.01214e-34 -5.64398e-35
84.3 1 6.4546e-35 -1.66351e-34 0 602.143 6.4546e-35 -1.66351e-34
84.9 1 -4.04076e-35 -6.76213e-35 0 606.429 -4.04076e-35 -6.76213e-35
85.5 1 -3.0171e-35 -2.38505e-36 0 610.714 -3.0171e-35 -2.38505e-36
86.1 1 -7.01029e-36 1.07068e-35 0 615 -7.01029e-36 1.07068e-35
86.7 1 1.9943e-36 5.40965e-36 0 619.286 1.9943e-36 5.40965e-36
87.3 1 2.15171e-36 6.60838e-37 0 623.571 2.15171e-36 6.60838e-37
87.9 1 6.58051e-37 -6.30493e-37 0 627.857 6.58051e-37 -6.30493e-37
88.5 1 -6.56566e-38 -4.08473e-37 0 632.143 -6.56566e-38 -4.08473e-37
89.1 1 -1.44381e-37 -8.16332e-38 0 636.429 -1.44381e-37 -8.16332e-38
89.7 1 -5.6057e-38 3.22873e-38 0 640.714 -5.6057e-38 3.22873e-38
90.3 1 -1.32578e-39 2.90746e-38 0 645 -1.32578e-39 2.90746e-38
90.9 1 8.99605e-39 8.01639e-39 0 649.286 8.99605e-39 8.01639e-39
91.5 1 4.42088e-39 -1.23491e-39 0 653.571 4.42088e-39 -1.23491e-39
92.1 1 5.25226e-40 -1.94161e-39 0 657.857 5.25226e-40 -1.94161e-39
92.7 1 -5.07738e-40 -6.93676e-40 0 662.143 -5.07738e-40 -6.93676e-40
93.3 1 -3.25544e-40 6.62825e-42 0 666.429 -3.25544e-40 6.62825e-42
93.9 1 -6.55065e-41 1.2044e-40 0 670.714 -6.55065e-41 1.2044e-40
94.5 1 2.45203e-41 5.48462e-41 0 675 2.45203e-41 5.48462e-41
95.1 1 2.24324e-41 5.19521e-42 0 679.286 2.24324e-41 5.19521e-42
95.7 1 6.29835e-42 -6.79919e-42 0 683.571 6.29835e-42 -6.79919e-42
96.3 1 -8.37296e-43 -4.02387e-42 0 687.857 -8.37296e-43 -4.02387e-42
96.9 1 -1.44177e-42 -7.28805e-43 0 692.143 -1.44177e-42 -7.28805e-43
97.5 1 -5.28632e-43 3.33308e-43 0 696.429 -5.28632e-43 3.33308e-43
98.1 1 -4.88687e-45 2.75513e-43 0 700.714 -4.88687e-45 2.75513e-43
98.7 1 8.55287e-44 7.2129e-44 0 705 8.55287e-44 7.2129e-44
99.3 1 4.0374e-44 -1.2278e-44 0 709.286 4.0374e-44 -1.2278e-44
99.9 1 4.52355e-45 -1.75881e-44 0 713.571 4.52355e-45 -1.75881e-44
100.5 1 -4.57031e-45 -6.09476e-45 0 717.857 -4.57031e-45 -6.09476e-45
101.1 1 -2.85423e-45 8.16597e-47 0 722.143 -2.85423e-45 8.16597e-47
101.7 1 -5.65954e-46 1.03804e-45 0 726.429 -5.65954e-46 1.03804e-45
102.3 1 2.06917e-46 4.64791e-46 0 730.714 2.06917e-46 4.64791e-46
102.9 1 1.87878e-46 4.42809e-47 0 735 1.87878e-46 4.42809e-47
103.5 1 5.27091e-47 -5.54493e-47 0 739.286 5.27091e-47 -5.54493e-47
104.1 1 -6.35789e-48 -3.26991e-47 0 743.571 -6.35789e-48 -3.26991e-47
104.7 1 -1.14916e-47 -6.01253e-48 0 747.857 -1.14916e-47 -6.01253e-48
105.3 1 -4.24739e-48 2.5423e-48 0 752.143 -4.24739e-48 2.5423e-48
105.9 1 -8.88835e-50 2.13955e-48 0 756.429 -8.88835e-50 2.13955e-48
106.5 1 6.45763e-49 5.70279e-49 0 760.714 6.45763e-49 5.70279e-49
107.1 1 3.10413e-49 -8.36971e-50 0 765 3.10413e-49 -8.36971e-50
107.7 1 3.82345e-50 -1.30119e-49 0 769.286 3.82345e-50 -1.30119e-49
108.3 1 -3.23918e-50 -4.61017e-50 0 773.571 -3.23918e-50 -4.61017e-50
108.9 1 -2.09592e-50 -2.16847e-52 0 777.857 -2.09592e-50 -2.16847e-52
109.5 1 -4.39732e-51 7.28207e-51 0 782.143 -4.39732e-51 7.28207e-51
110.1 1 1.34161e-51 3.36151e-51 0 786.429 1.34161e-51 3.36151e-51
110.7 1 1.3149e-51 3.72929e-52 0 790.714 1.3149e-51 3.72929e-52
111.3 1 3.8656e-52 -3.65284e-52 0 795 3.8656e-52 -3.65284e-52
111.9 1 -3.28087e-53 -2.25917e-52 0 799.286 -3.28087e-53 -2.25917e-52
112.5 1 -7.63699e-53 -4.49917e-53 0 803.571 -7.63699e-53 -4.49917e-53
113.1 1 -2.96117e-53 1.5312e-53 0 807.857 -2.96117e-53 1.5312e-53
113.7 1 -1.39977e-54 1.4094e-53 0 812.143 -1.39977e-54 1.4094e-53
114.3 1 4.04395e-54 3.99593e-54 0 816.429 4.04395e-54 3.99593e-54
114.9 1 2.06177e-54 -4.05588e-55 0 820.714 2.06177e-54 -4.05588e-55
115.5 1 3.00742e-55 -8.1393e-55 0 825 3.00742e-55 -8.1393e-55
116.1 1 -1.87679e-55 -3.0619e-55 0 829.286 -1.87679e-55 -3.0619e-55
116.7 1 -1.32571e-55 -1.12912e-56 0 833.571 -1.32571e-55 -1.12912e-56
117.3 1 -3.0793e-56 4.28885e-56 0 837.857 -3.0793e-56 4.28885e-56
117.9 1 6.78271e-57 2.12387e-56 0 842.143 6.78271e-57 2.12387e-56
118.5 1 7.89639e-57 2.9321e-57 0 846.429 7.89639e-57 2.9321e-57
119.1 1 2.5241e-57 -1.98596e-57 0 850.714 2.5241e-57 -1.98596e-57
119.7 1 -8.66083e-59 -1.35764e-57 0 855 -8.66083e-59 -1.35764e-57
120.3 1 -4.32413e-58 -3.06197e-58 0 859.286 -4.32413e-58 -3.06197e-58
120.9 1 -1.82543e-58 7.23206e-59 0 863.571 -1.82543e-58 7.23206e-59
121.5 1 -1.55581e-59 8.02899e-59 0 867.857 -1.55581e-59 8.02899e-59
122.1 1 2.12637e-59 2.51416e-59 0 872.143 2.12637e-59 2.51416e-59
122.7 1 1.20379e-59 -1.04978e-60 0 876.429 1.20379e-59 -1.04978e-60
123.3 1 2.16038e-60 -4.36153e-60 0 880.714 2.16038e-60 -4.36153e-60
123.9 1 -8.81622e-61 -1.81065e-60 0 885 -8.81622e-61 -1.81065e-60
124.5 1 -7.31991e-61 -1.46311e-61 0 889.286 -7.31991e-61 -1.46311e-61
125.1 1 -1.95215e-61 2.12612e-61 0 893.571 -1.95215e-61 2.12612e-61
125.7 1 2.43393e-62 1.18561e-61 0 897.857 2.43393e-62 1.18561e-61
126.3 1 4.0983e-62 2.09132e-62 0 902.143 4.0983e-62 2.09132e-62
126.9 1 1.47808e-62 -8.73379e-63 0 906.429 1.47808e-62 -8.73379e-63
127.5 1 3.97411e-64 -7.14452e-63 0 910.714 3.97411e-64 -7.14452e-63
128.1 1 -2.08161e-63 -1.88873e-63 0 915 -2.08161e-63 -1.88873e-63
128.7 1 -1.00019e-63 2.38853e-64 0 919.286 -1.00019e-63 2.38853e-64
129.3 1 -1.33702e-64 3.95728e-64 0 923.571 -1.33702e-64 3.95728e-64
129.9 1 9.20755e-65 1.42042e-64 0 927.857 9.20755e-65 1.42042e-64
130.5 1 6.18594e-65 3.83876e-66 0 932.143 6.18594e-65 3.83876e-66
131.1 1 1.38937e-65 -1.98427e-65 0 936.429 1.38937e-65 -1.98427e-65
131.7 1 -3.12569e-66 -9.52013e-66 0 940.714 -3.12569e-66 -9.52013e-66
132.3 1 -3.51351e-66 -1.28136e-66 0 945 -3.51351e-66 -1.28136e-66
132.9 1 -1.10928e-66 8.63257e-67 0 949.286 -1.10928e-66 8.63257e-67
133.5 1 3.16038e-68 5.82055e-67 0 953.571 3.16038e-68 5.82055e-67
134.1 1 1.81651e-67 1.31623e-67 0 957.857 1.81651e-67 1.31623e-67
134.7 1 7.6967e-68 -2.84982e-68 0 962.143 7.6967e-68 -2.84982e-68
135.3 1 7.27475e-69 -3.26178e-68 0 966.429 7.27475e-69 -3.26178e-68
135.9 1 -8.2997e-69 -1.03784e-68 0 970.714 -8.2997e-69 -1.03784e-68
136.5 1 -4.82305e-69 2.31594e-70 0 975 -4.82305e-69 2.31594e-70
137.1 1 -9.22909e-70 1.65946e-69 0 979.286 -9.22909e-70 1.65946e-69
137.7 1 3.0761e-70 7.10516e-70 0 983.571 3.0761e-70 7.10516e-70
138.3 1 2.76162e-70 7.09036e-71 0 987.857 2.76162e-70 7.09036e-71
138.9 1 7.80417e-71 -7.42489e-71 0 992.143 7.80417e-71 -7.42489e-71
139.5 1 -6.16513e-72 -4.38808e-71 0 996.429 -6.16513e-72 -4.38808e-71
140.1 1 -1.43911e-71 -8.62453e-72 0 1000.71 -1.43911e-71 -8.62453e-72
140.7 1 -5.53754e-72 2.65841e-72 0 1005 -5.53754e-72 2.65841e-72
141.3 1 -3.44758e-73 2.47229e-72 0 1009.29 -3.44758e-73 2.47229e-72
141.9 1 6.67132e-73 7.1342e-73 0 1013.57 6.67132e-73 7.1342e-73
142.5 1 3.50018e-73 -4.6664e-74 0 1017.86 3.50018e-73 -4.6664e-74
143.1 1 5.80511e-74 -1.26433e-73 0 1022.14 5.80511e-74 -1.26433e-73
143.7 1 -2.57407e-74 -4.96977e-74 0 1026.43 -2.57407e-74 -4.96977e-74
144.3 1 -2.00918e-74 -3.58197e-75 0 1030.71 -2.00918e-74 -3.58197e-75
144.9 1 -5.19587e-75 5.72149e-75 0 1035 -5.19587e-75 5.72149e-75
145.5 1 6.34023e-76 3.08559e-75 0 1039.29 6.34023e-76 3.08559e-75
146.1 1 1.04759e-75 5.38271e-76 0 1043.57 1.04759e-75 5.38271e-76
146.7 1 3.75186e-76 -2.12449e-76 0 1047.86 3.75186e-76 -2.12449e-76
147.3 1 1.40017e-77 -1.73821e-76 0 1052.14 1.40017e-77 -1.73821e-76
147.9 1 -4.87078e-77 -4.65096e-77 0 1056.43 -4.87078e-77 -4.65096e-77
148.5 1 -2.37998e-77 4.6598e-78 0 1060.71 -2.37998e-77 4.6598e-78
149.1 1 -3.50697e-78 8.87286e-78 0 1065 -3.50697e-78 8.87286e-78
149.7 1 1.90843e-78 3.27822e-78 0 1069.29 1.90843e-78 3.27822e-78
150.3 1 1.36252e-78 1.69035e-79 0 1073.57 1.36252e-78 1.69035e-79
150.9 1 3.29769e-79 -4.01702e-79 0 1077.86 3.29769e-79 -4.01702e-79
151.5 1 -5.11071e-80 -2.03569e-79 0 1082.14 -5.11071e-80 -2.03569e-79
152.1 1 -7.06634e-80 -3.23672e-80 0 1086.43 -7.06634e-80 -3.23672e-80
152.7 1 -2.40649e-80 1.51015e-80 0 1090.71 -2.40649e-80 1.51015e-80
153.3 1 -4.79432e-82 1.14091e-80 0 1095 -4.79432e-82 1.14091e-80
153.9 1 3.26846e-81 2.89252e-81 0 1099.29 3.26846e-81 2.89252e-81
154.5 1 1.52365e-81 -3.61485e-82 0 1103.57 1.52365e-81 -3.61485e-82
155.1 1 2.05981e-82 -5.78062e-82 0 1107.86 2.05981e-82 -5.78062e-82
155.7 1 -1.28062e-82 -2.04845e-82 0 1112.14 -1.28062e-82 -2.04845e-82
156.3 1 -8.65798e-83 -7.81385e-84 0 1116.43 -8.65798e-83 -7.81385e-84
156.9 1 -2.00516e-83 2.59779e-83 0 1120.71 -2.00516e-83 2.59779e-83
157.5 1 3.5306e-84 1.26558e-83 0 1125 3.5306e-84 1.26558e-83
158.1 1 4.44436e-84 1.89123e-84 0 1129.29 4.44436e-84 1.89123e-84
158.7 1 1.46655e-84 -9.73859e-85 0 1133.57 1.46655e-84 -9.73859e-85
159.3 1 1.45074e-86 -7.0249e-85 0 1137.86 1.45074e-86 -7.0249e-85
159.9 1 -2.03228e-85 -1.72255e-85 0 1142.14 -2.03228e-85 -1.72255e-85
160.5 1 -9.2166e-86 2.39402e-86 0 1146.43 -9.2166e-86 2.39402e-86
161.1 1 -1.18569e-86 3.51648e-86 0 1150.71 -1.18569e-86 3.51648e-86
161.7 1 7.87787e-87 1.21623e-86 0 1155 7.87787e-87 1.21623e-86
162.3 1 5.1756e-87 3.8157e-88 0 1159.29 5.1756e-87 3.8157e-88
162.9 1 1.17122e-87 -1.55921e-87 0 1163.57 1.17122e-87 -1.55921e-87
163.5 1 -2.16552e-88 -7.43813e-88 0 1167.86 -2.16552e-88 -7.43813e-88
164.1 1 -2.61868e-88 -1.07841e-88 0 1172.14 -2.61868e-88 -1.07841e-88
164.7 1 -8.51059e-89 5.76586e-89 0 1176.43 -8.51059e-89 5.76586e-89
165.3 1 -5.62738e-91 4.07263e-89 0 1180.71 -5.62738e-91 4.07263e-89
165.9 1 1.1779e-89 9.84022e-90 0 1185 1.1779e-89 9.84022e-90
166.5 1 5.28121e-90 -1.40313e-90 0 1189.29 5.28121e-90 -1.40313e-90
167.1 1 6.70423e-91 -2.00626e-90 0 1193.57 6.70423e-91 -2.00626e-90
167.7 1 -4.48021e-91 -6.87432e-91 0 1197.86 -4.48021e-91 -6.87432e-91
168.3 1 -2.91945e-91 -2.09472e-92 0 1202.14 -2.91945e-91 -2.09472e-92
168.9 1 -6.57617e-92 8.73448e-92 0 1206.43 -6.57617e-92 8.73448e-92
169.5 1 1.19994e-92 4.14238e-92 0 1210.71 1.19994e-92 4.14238e-92
170.1 1 1.45083e-92 5.99998e-93 0 1215 1.45083e-92 5.99998e-93
170.7 1 4.70869e-93 -3.15902e-93 0 1219.29 4.70869e-93 -3.15902e-93
171.3 1 4.28647e-95 -2.22948e-93 0 1223.57 4.28647e-95 -2.22948e-93
171.9 1 -6.39272e-94 -5.39368e-94 0 1227.86 -6.39272e-94 -5.39368e-94
172.5 1 -2.87187e-94 7.40017e-95 0 1232.14 -2.87187e-94 7.40017e-95
173.1 1 -3.71188e-95 1.07729e-94 0 1236.43 -3.71188e-95 1.07729e-94
173.7 1 2.3696e-95 3.70277e-95 0 1240.71 2.3696e-95 3.70277e-95
174.3 1 1.55768e-95 1.27481e-96 0 1245 1.55768e-95 1.27481e-96
174.9 1 3.54667e-96 -4.58642e-96 0 1249.29 3.54667e-96 -4.58642e-96
175.5 1 -6.06243e-97 -2.18977e-96 0 1253.57 -6.06243e-97 -2.18977e-96
176.1 1 -7.58061e-97 -3.24533e-97 0 1257.86 -7.58061e-97 -3.24533e-97
176.7 1 -2.48506e-97 1.61064e-97 0 1262.14 -2.48506e-97 1.61064e-97
177.3 1 -4.0175e-99 1.15513e-97 0 1266.43 -4.0175e-99 1.15513e-97
177.9 1 3.26063e-98 2.83448e-98 0 1270.71 3.26063e-98 2.83448e-98
178.5 1 1.48403e-98 -3.53929e-99 0 1275 1.48403e-98 -3.53929e-99
179.1 1 1.99919e-99 -5.46016e-99 0 1279.29 1.99919e-99 -5.46016e-99
179.7 1 -1.17083e-99 -1.90167e-99 0 1283.57 -1.17083e-99 -1.90167e-99
180.3 1 -7.8767e-100 -8.00832e-101 0 1287.86 -7.8767e-100 -8.00832e-101
180.9 1 -1.8344e-100 2.26548e-100 0 1292.14 -1.8344e-100 2.26548e-100
181.5 1 2.80576e-101 1.10025e-100 0 1296.43 2.80576e-101 1.10025e-100
182.1 1 3.74499e-101 1.69728e-101 0 1300.71 3.74499e-101 1.69728e-101
182.7 1 1.25119e-101 -7.67515e-102 0 1305 1.25119e-101 -7.67515e-102
183.3 1 3.31946e-103 -5.67571e-102 0 1309.29 3.31946e-103 -5.67571e-102
183.9 1 -1.56791e-102 -1.42631e-102 0 1313.57 -1.56791e-102 -1.42631e-102
184.5 1 -7.2951e-103 1.53845e-103 0 1317.86 -7.2951e-103 1.53845e-103
185.1 1 -1.03958e-103 2.6189e-103 0 1322.14 -1.03958e-103 2.6189e-103
185.7 1 5.42477e-104 9.31465e-104 0 1326.43 5.42477e-104 9.31465e-104
186.3 1 3.78151e-104 4.87872e-105 0 1330.71 3.78151e-104 4.87872e-105
186.9 1 9.08246e-105 -1.05606e-104 0 1335 9.08246e-105 -1.05606e-104
187.5 1 -1.19156e-105 -5.2606e-105 0 1339.29 -1.19156e-105 -5.2606e-105
188.1 1 -1.75342e-105 -8.53489e-106 0 1343.57 -1.75342e-105 -8.53489e-106
188.7 1 -6.00981e-106 3.43139e-106 0 1347.86 -6.00981e-106 3.43139e-106
189.3 1 -2.34151e-107 2.64959e-106 0 1352.14 -2.34151e-107 2.64959e-106
189.9 1 7.12941e-107 6.86328e-107 0 1356.43 7.12941e-107 6.86328e-107
190.5 1 3.41484e-107 -6.06404e-108 0 1360.71 3.41484e-107 -6.06404e-108
191.1 1 5.18443e-108 -1.19172e-107 0 1365 5.18443e-108 -1.19172e-107
191.7 1 -2.3655e-108 -4.35252e-108 0 1369.29 -2.3655e-108 -4.35252e-108
192.3 1 -1.72667e-108 -2.79136e-109 0 1373.57 -1.72667e-108 -2.79136e-109
192.9 1 -4.29786e-109 4.66091e-109 0 1377.86 -4.29786e-109 4.66091e-109
193.5 1 4.64164e-110 2.39645e-109 0 1382.14 4.64164e-110 2.39645e-109
194.1 1 7.7999e-110 4.10717e-110 0 1386.43 7.7999e-110 4.10717e-110
194.7 1 2.75437e-110 -1.44504e-110 0 1390.71 2.75437e-110 -1.44504e-110
195.3 1 1.44127e-111 -1.17755e-110 0 1395 1.44127e-111 -1.17755e-110
195.9 1 -3.07554e-111 -3.15491e-111 0 1399.29 -3.07554e-111 -3.15491e-111
196.5 1 -1.524e-111 2.15204e-112 0 1403.57 -1.524e-111 2.15204e-112
197.1 1 -2.46727e-112 5.1591e-112 0 1407.86 -2.46727e-112 5.1591e-112
197.7 1 9.74832e-113 1.94127e-112 0 1412.14 9.74832e-113 1.94127e-112
198.3 1 7.51389e-113 1.48265e-113 0 1416.43 7.51389e-113 1.48265e-113
198.9 1 1.94171e-113 -1.95492e-113 0 1420.71 1.94171e-113 -1.95492e-113
199.5 1 -1.65561e-114 -1.04173e-113 0 1425 -1.65561e-114 -1.04173e-113
200.1 1 -3.3061e-114 -1.88514e-114 0 1429.29 -3.3061e-114 -1.88514e-114
200.7 1 -1.20519e-114 5.76063e-115 0 1433.57 -1.20519e-114 5.76063e-115
201.3 1 -7.90776e-116 4.99421e-115 0 1437.86 -7.90776e-116 4.99421e-115
201.9 1 1.26369e-115 1.38487e-115 0 1442.14 1.26369e-115 1.38487e-115
202.5 1 6.49519e-116 -6.78e-117 0 1446.43 6.49519e-116 -6.78e-117
203.1 1 1.11708e-116 -2.13202e-116 0 1450.71 1.11708e-116 -2.13202e-116
203.7 1 -3.8175e-117 -8.27297e-117 0 1455 -3.8175e-117 -8.27297e-117
204.3 1 -3.12437e-117 -7.29698e-118 0 1459.29 -3.12437e-117 -7.29698e-118
204.9 1 -8.37354e-118 7.82869e-118 0 1463.57 -8.37354e-118 7.82869e-118
205.5 1 5.39685e-119 4.33029e-118 0 1467.86 5.39685e-119 4.33029e-118
206.1 1 1.34013e-118 8.23881e-119 0 1472.14 1.34013e-118 8.23881e-119
206.7 1 5.04107e-119 -2.18867e-119 0 1476.43 5.04107e-119 -2.18867e-119
207.3 1 3.92889e-120 -2.02771e-119 0 1480.71 3.92889e-120 -2.02771e-119
207.9 1 -4.97046e-120 -5.80812e-120 0 1485 -4.97046e-120 -5.80812e-120
208.5 1 -2.64994e-120 1.8457e-121 0 1489.29 -2.64994e-120 1.8457e-121
209.1 1 -4.80664e-121 8.44661e-121 0 1493.57 -4.80664e-121 8.44661e-121
209.7 1 1.43125e-121 3.37517e-121 0 1497.86 1.43125e-121 3.37517e-121
210.3 1 1.24568e-121 3.33544e-122 0 1502.14 1.24568e-121 3.33544e-122
210.9 1 3.45019e-122 -3.0111e-122 0 1506.43 3.45019e-122 -3.0111e-122
211.5 1 -1.60853e-123 -1.72649e-122 0 1510.71 -1.60853e-123 -1.72649e-122
212.1 1 -5.21934e-123 -3.42887e-123 0 1515 -5.21934e-123 -3.42887e-123
212.7 1 -2.02037e-123 7.99867e-124 0 1519.29 -2.02037e-123 7.99867e-124
213.3 1 -1.7892e-124 7.91362e-124 0 1523.57 -1.7892e-124 7.91362e-124
213.9 1 1.88345e-124 2.33161e-124 0 1527.86 1.88345e-124 2.33161e-124
214.5 1 1.03853e-124 -4.08753e-126 0 1532.14 1.03853e-124 -4.08753e-126
215.1 1 1.96763e-125 -3.22538e-125 0 1536.43 1.96763e-125 -3.22538e-125
215.7 1 -5.18749e-126 -1.32229e-125 0 1540.71 -5.18749e-126 -1.32229e-125
216.3 1 -4.78376e-126 -1.42288e-126 0 1545 -4.78376e-126 -1.42288e-126
216.9 1 -1.36166e-126 1.12036e-126 0 1549.29 -1.36166e-126 1.12036e-126
217.5 1 4.41848e-128 6.62978e-127 0 1553.57 4.41848e-128 6.62978e-127
218.1 1 1.96432e-127 1.362e-127 0 1557.86 1.96432e-127 1.362e-127
218.7 1 7.78718e-128 -2.84371e-128 0 1562.14 7.78718e-128 -2.84371e-128
219.3 1 7.55055e-129 -2.98413e-128 0 1566.43 7.55055e-129 -2.98413e-128
219.9 1 -6.9265e-129 -8.9905e-129 0 1570.71 -6.9265e-129 -8.9905e-129
220.5 1 -3.92797e-129 5.99845e-131 0 1575 -3.92797e-129 5.99845e-131
221.1 1 -7.68994e-130 1.19451e-129 0 1579.29 -7.68994e-130 1.19451e-129
221.7 1 1.83742e-130 4.99693e-130 0 1583.57 1.83742e-130 4.99693e-130
222.3 1 1.77937e-130 5.70728e-131 0 1587.86 1.77937e-130 5.70728e-131
222.9 1 5.17011e-131 -4.06351e-131 0 1592.14 5.17011e-131 -4.06351e-131
223.5 1 -1.1424e-132 -2.46499e-131 0 1596.43 -1.1424e-132 -2.46499e-131
224.1 1 -7.18956e-132 -5.18841e-132 0 1600.71 -7.18956e-132 -5.18841e-132
224.7 1 -2.90155e-132 9.9431e-133 0 1605 -2.90155e-132 9.9431e-133
225.3 1 -2.98937e-133 1.09365e-132 0 1609.29 -2.98937e-133 1.09365e-132
225.9 1 2.48996e-133 3.34783e-133 0 1613.57 2.48996e-133 3.34783e-133
226.5 1 1.44205e-133 3.13741e-136 0 1617.86 1.44205e-133 3.13741e-136
227.1 1 2.8879e-134 -4.31718e-134 0 1622.14 2.8879e-134 -4.31718e-134
227.7 1 -6.4158e-135 -1.83214e-134 0 1626.43 -6.4158e-135 -1.83214e-134
228.3 1 -6.44883e-135 -2.17665e-135 0 1630.71 -6.44883e-135 -2.17665e-135
228.9 1 -1.90074e-135 1.44552e-135 0 1635 -1.90074e-135 1.44552e-135
229.5 1 2.84437e-137 8.92644e-136 0 1639.29 2.84437e-137 8.92644e-136
230.1 1 2.57376e-136 1.91011e-136 0 1643.57 2.57376e-136 1.91011e-136
230.7 1 1.05185e-136 -3.43866e-137 0 1647.86 1.05185e-136 -3.43866e-137
231.3 1 1.12825e-137 -3.91709e-137 0 1652.14 1.12825e-137 -3.91709e-137
231.9 1 -8.7909e-138 -1.21245e-137 0 1656.43 -8.7909e-138 -1.21245e-137
232.5 1 -5.1695e-138 -7.63747e-140 0 1660.71 -5.1695e-138 -7.63747e-140
233.1 1 -1.05203e-138 1.52947e-138 0 1665 -1.05203e-138 1.52947e-138
233.7 1 2.21219e-139 6.55941e-139 0 1669.29 2.21219e-139 6.55941e-139
234.3 1 2.28867e-139 8.01826e-140 0 1673.57 2.28867e-139 8.01826e-140
234.9 1 6.81933e-140 -5.05357e-140 0 1677.86 6.81933e-140 -5.05357e-140
235.5 1 -6.43121e-142 -3.165e-140 0 1682.14 -6.43121e-142 -3.165e-140
236.1 1 -9.04007e-141 -6.86393e-141 0 1686.43 -9.04007e-141 -6.86393e-141
236.7 1 -3.73357e-141 1.17052e-141 0 1690.71 -3.73357e-141 1.17052e-141
237.3 1 -4.14328e-142 1.37587e-141 0 1695 -4.14328e-142 1.37587e-141
237.9 1 3.04699e-142 4.30273e-142 0 1699.29 3.04699e-142 4.30273e-142
238.5 1 1.8178e-142 4.91019e-144 0 1703.57 1.8178e-142 4.91019e-144
239.1 1 3.75918e-143 -5.31487e-143 0 1707.86 3.75918e-143 -5.31487e-143
239.7 1 -7.46353e-144 -2.30511e-143 0 1712.14 -7.46353e-144 -2.30511e-143
240.3 1 -7.97018e-144 -2.90738e-144 0 1716.43 -7.97018e-144 -2.90738e-144
240.9 1 -2.40514e-144 1.72878e-144 0 1720.71 -2.40514e-144 1.72878e-144
241.5 1 7.01777e-147 1.10168e-144 0 1725 7.01777e-147 1.10168e-144
242.1 1 3.111e-145 2.43148e-145 0 1729.29 3.111e-145 2.43148e-145
242.7 1 1.30304e-145 -3.85356e-146 0 1733.57 1.30304e-145 -3.85356e-146
243.3 1 1.51251e-146 -4.73711e-146 0 1737.86 1.51251e-146 -4.73711e-146
243.9 1 -1.02963e-146 -1.50429e-146 0 1742.14 -1.02963e-146 -1.50429e-146
244.5 1 -6.27626e-147 -2.83931e-148 0 1746.43 -6.27626e-147 -2.83931e-148
245.1 1 -1.32986e-147 1.80331e-147 0 1750.71 -1.32986e-147 1.80331e-147
245.7 1 2.41425e-148 7.96482e-148 0 1755 2.41425e-148 7.96482e-148
246.3 1 2.71664e-148 1.05425e-148 0 1759.29 2.71664e-148 1.05425e-148
246.9 1 8.36986e-149 -5.72413e-149 0 1763.57 8.36986e-149 -5.72413e-149
247.5 1 6.11903e-151 -3.75782e-149 0 1767.86 6.11903e-151 -3.75782e-149
248.1 1 -1.04187e-149 -8.53718e-150 0 1772.14 -1.04187e-149 -8.53718e-150
248.7 1 -4.46936e-150 1.19229e-150 0 1776.43 -4.46936e-150 1.19229e-150
249.3 1 -5.56009e-151 1.59006e-150 0 1780.71 -5.56009e-151 1.59006e-150
249.9 1 3.34895e-151 5.18161e-151 0 1785 3.34895e-151 5.18161e-151
250.5 1 2.11893e-151 1.59598e-152 0 1789.29 2.11893e-151 1.59598e-152
251.1 1 4.66772e-152 -5.91783e-152 0 1793.57 4.66772e-152 -5.91783e-152
251.7 1 -7.27404e-153 -2.69559e-152 0 1797.86 -7.27404e-153 -2.69559e-152
252.3 1 -8.9949e-153 -3.83584e-153 0 1802.14 -8.9949e-153 -3.83584e-153
252.9 1 -2.86501e-153 1.8066e-153 0 1806.43 -2.86501e-153 1.8066e-153
253.5 1 -6.51906e-155 1.24729e-153 0 1810.71 -6.51906e-155 1.24729e-153
254.1 1 3.35848e-154 2.96064e-154 0 1815 3.35848e-154 2.96064e-154
254.7 1 1.49654e-154 -3.33954e-155 0 1819.29 1.49654e-154 -3.33954e-155
255.3 1 2.04665e-155 -5.1533e-155 0 1823.57 2.04665e-155 -5.1533e-155
255.9 1 -1.03225e-155 -1.74577e-155 0 1827.86 -1.03225e-155 -1.74577e-155
256.5 1 -6.93076e-156 -8.29768e-157 0 1832.14 -6.93076e-156 -8.29768e-157
257.1 1 -1.61132e-156 1.85593e-156 0 1836.43 -1.61132e-156 1.85593e-156
257.7 1 1.97248e-157 8.84997e-157 0 1840.71 1.97248e-157 8.84997e-157
258.3 1 2.8615e-157 1.37954e-157 0 1845 2.8615e-157 1.37954e-157
258.9 1 9.54082e-158 -5.3529e-158 0 1849.29 9.54082e-158 -5.3529e-158
259.5 1 4.05784e-159 -3.9848e-158 0 1853.57 4.05784e-159 -3.9848e-158
260.1 1 -1.02971e-158 -9.99954e-159 0 1857.86 -1.02971e-158 -9.99954e-159
260.7 1 -4.83301e-159 8.096e-160 0 1862.14 -4.83301e-159 8.096e-160
261.3 1 -7.35369e-160 1.59481e-159 0 1866.43 -7.35369e-160 1.59481e-159
261.9 1 2.97749e-160 5.6725e-160 0 1870.71 2.97749e-160 5.6725e-160
262.5 1 2.16986e-160 3.79669e-161 0 1875 2.16986e-160 3.79669e-161
263.1 1 5.36575e-161 -5.5086e-161 0 1879.29 5.36575e-161 -5.5086e-161
263.7 1 -4.66094e-162 -2.78111e-161 0 1883.57 -4.66094e-162 -2.78111e-161
264.3 1 -8.65399e-162 -4.75788e-162 0 1887.86 -8.65399e-162 -4.75788e-162
264.9 1 -3.03865e-162 1.47995e-162 0 1892.14 -3.03865e-162 1.47995e-162
265.5 1 -1.91616e-163 1.21145e-162 0 1896.43 -1.91616e-163 1.21145e-162
266.1 1 2.98306e-163 3.217e-163 0 1900.71 2.98306e-163 3.217e-163
266.7 1 1.48366e-163 -1.63927e-164 0 1905 1.48366e-163 -1.63927e-164
267.3 1 2.48304e-164 -4.67949e-164 0 1909.29 2.48304e-164 -4.67949e-164
267.9 1 -8.06205e-165 -1.74634e-164 0 1913.57 -8.06205e-165 -1.74634e-164
268.5 1 -6.43525e-165 -1.47045e-165 0 1917.86 -6.43525e-165 -1.47045e-165
269.1 1 -1.67934e-165 1.55028e-165 0 1922.14 -1.67934e-165 1.55028e-165
269.7 1 9.77872e-167 8.25993e-166 0 1926.43 9.77872e-167 8.25993e-166
270.3 1 2.48052e-166 1.51385e-166 0 1930.71 2.48052e-166 1.51385e-166
270.9 1 9.08303e-167 -3.91362e-167 0 1935 9.08303e-167 -3.91362e-167
271.5 1 7.06419e-168 -3.48674e-167 0 1939.29 7.06419e-168 -3.48674e-167
272.1 1 -8.25864e-168 -9.60748e-168 0 1943.57 -8.25864e-168 -9.60748e-168
272.7 1 -4.28272e-168 3.17951e-169 0 1947.86 -4.28272e-168 3.17951e-169
273.3 1 -7.53584e-169 1.31158e-168 0 1952.14 -7.53584e-169 1.31158e-168
273.9 1 2.14892e-169 5.01585e-169 0 1956.43 2.14892e-169 5.01585e-169
274.5 1 1.80885e-169 4.5631e-170 0 1960.71 1.80885e-169 4.5631e-170
275.1 1 4.80538e-170 -4.27002e-170 0 1965 4.80538e-170 -4.27002e-170
275.7 1 -2.41011e-171 -2.31148e-170 0 1969.29 -2.41011e-171 -2.31148e-170
276.3 1 -6.86608e-171 -4.25023e-171 0 1973.57 -6.86608e-171 -4.25023e-171
276.9 1 -2.51634e-171 1.08703e-171 0 1977.86 -2.51634e-171 1.08703e-171
277.5 1 -1.89693e-172 9.63816e-172 0 1982.14 -1.89693e-172 9.63816e-172
278.1 1 2.29939e-172 2.60503e-172 0 1986.43 2.29939e-172 2.60503e-172
278.7 1 1.16881e-172 -1.16127e-173 0 1990.71 1.16881e-172 -1.16127e-173
279.3 1 1.94835e-173 -3.6561e-173 0 1995 1.94835e-173 -3.6561e-173
279.9 1 -6.36038e-174 -1.34388e-173 0 1999.29 -6.36038e-174 -1.34388e-173
280.5 1 -4.96254e-174 -9.82729e-175 0 2003.57 -4.96254e-174 -9.82729e-175
281.1 1 -1.23356e-174 1.24663e-174 0 2007.86 -1.23356e-174 1.24663e-174
281.7 1 1.08126e-175 6.25295e-175 0 2012.14 1.08126e-175 6.25295e-175
282.3 1 1.94956e-175 1.00047e-175 0 2016.43 1.94956e-175 1.00047e-175
282.9 1 6.55197e-176 -3.64009e-176 0 2020.71 6.55197e-176 -3.64009e-176
283.5 1 2.48266e-177 -2.70341e-176 0 2025 2.48266e-177 -2.70341e-176
284.1 1 -7.07605e-177 -6.43175e-177 0 2029.29 -7.07605e-177 -6.43175e-177
284.7 1 -3.16453e-177 7.46096e-178 0 2033.57 -3.16453e-177 7.46096e-178
285.3 1 -4.01182e-178 1.09992e-177 0 2037.86 -4.01182e-178 1.09992e-177
285.9 1 2.31368e-178 3.52212e-178 0 2042.14 2.31368e-178 3.52212e-178
286.5 1 1.43694e-178 5.29591e-180 0 2046.43 1.43694e-178 5.29591e-180
287.1 1 2.92612e-179 -4.20021e-179 0 2050.71 2.92612e-179 -4.20021e-179
287.7 1 -6.182e-180 -1.774e-179 0 2055 -6.182e-180 -1.774e-179
288.3 1 -6.20762e-180 -1.9234e-180 0 2059.29 -6.20762e-180 -1.9234e-180
288.9 1 -1.74919e-180 1.46287e-180 0 2063.57 -1.74919e-180 1.46287e-180
289.5 1 7.37071e-182 8.43826e-181 0 2067.86 7.37071e-182 8.43826e-181
290.1 1 2.53461e-181 1.59929e-181 0 2072.14 2.53461e-181 1.59929e-181
290.7 1 9.49097e-182 -4.2161e-182 0 2076.43 9.49097e-182 -4.2161e-182
291.3 1 6.64461e-183 -3.79846e-182 0 2080.71 6.64461e-183 -3.79846e-182
291.9 1 -9.47589e-183 -1.03317e-182 0 2085 -9.47589e-183 -1.03317e-182
292.5 1 -4.80153e-183 6.03886e-184 0 2089.29 -4.80153e-183 6.03886e-184
293.1 1 -7.77814e-184 1.59007e-183 0 2093.57 -7.77814e-184 1.59007e-183
293.7 1 2.97211e-184 5.88569e-184 0 2097.86 2.97211e-184 5.88569e-184
294.3 1 2.26135e-184 4.11071e-185 0 2102.14 2.26135e-184 4.11071e-185
294.9 1 5.67419e-185 -5.92123e-185 0 2106.43 5.67419e-185 -5.92123e-185
295.5 1 -5.44662e-186 -3.04355e-185 0 2110.71 -5.44662e-186 -3.04355e-185
296.1 1 -9.71434e-186 -5.21614e-186 0 2115 -9.71434e-186 -5.21614e-186
296.7 1 -3.42808e-186 1.74482e-186 0 2119.29 -3.42808e-186 1.74482e-186
297.3 1 -1.97196e-187 1.42538e-186 0 2123.57 -1.97196e-187 1.42538e-186
297.9 1 3.6283e-187 3.81986e-187 0 2127.86 3.6283e-187 3.81986e-187
298.5 1 1.83931e-187 -2.2991e-188 0 2132.14 1.83931e-187 -2.2991e-188
299.1 1 3.65582e-188 -5.39152e-188 0 2136.43 3.65582e-188 -5.39152e-188
299.7 1 -2.07844e-188 1.4802e-189 0 2140.71 -2.07844e-188 1.4802e-189
