-299.7 2 -5.14162e-154 1.35857e-154 0 -1070.36 -1.02832e-153 2.71714e-154
-299.1 2 -1.53106e-153 -6.33426e-154 0 -1068.21 -3.06213e-153 -1.26685e-153
-298.5 2 -1.29267e-153 -4.15085e-153 0 -1066.07 -2.58535e-153 -8.3017e-153
-297.9 2 6.10615e-153 -8.59209e-153 0 -1063.93 1.22123e-152 -1.71842e-152
-297.3 2 2.72264e-152 2.25629e-153 0 -1061.79 5.44528e-152 4.51257e-153
-296.7 2 4.11461e-152 6.55343e-152 0 -1059.64 8.22922e-152 1.31069e-151
-296.1 2 -6.04314e-152 1.83855e-151 0 -1057.5 -1.20863e-151 3.6771e-151
-295.5 2 -4.63822e-151 1.12249e-151 0 -1055.36 -9.27644e-151 2.24499e-151
-294.9 2 -9.97516e-151 -9.10711e-151 0 -1053.21 -1.99503e-150 -1.82142e-150
-294.3 2 1.2619e-151 -3.52889e-150 0 -1051.07 2.52379e-151 -7.05778e-150
-293.7 2 7.16396e-150 -4.51795e-150 0 -1048.93 1.43279e-149 -9.0359e-150
-293.1 2 2.08774e-149 1.02739e-149 0 -1046.79 4.17548e-149 2.05479e-149
-292.5 2 1.46742e-149 6.18421e-149 0 -1044.64 2.93485e-149 1.23684e-148
-291.9 2 -9.71791e-149 1.17745e-148 0 -1042.5 -1.94358e-148 2.3549e-148
-291.3 2 -3.94001e-148 -6.26801e-149 0 -1040.36 -7.88002e-148 -1.2536e-148
-290.7 2 -5.34889e-148 -9.88089e-148 0 -1038.21 -1.06978e-147 -1.97618e-147
-290.1 2 1.04899e-147 -2.56731e-147 0 -1036.07 2.09798e-147 -5.13461e-147
-289.5 2 6.79578e-147 -1.0806e-147 0 -1033.93 1.35916e-146 -2.1612e-147
-288.9 2 1.34653e-146 1.41028e-146 0 -1031.79 2.69307e-146 2.82056e-146
-288.3 2 -5.21876e-147 4.99612e-146 0 -1029.64 -1.04375e-146 9.99224e-146
-287.7 2 -1.06756e-145 5.57352e-146 0 -1027.5 -2.13512e-145 1.1147e-145
-287.1 2 -2.87387e-145 -1.69009e-145 0 -1025.36 -5.74774e-145 -3.38019e-145
-286.5 2 -1.47766e-145 -8.86772e-145 0 -1023.21 -2.95532e-145 -1.77354e-144
-285.9 2 1.49188e-144 -1.5377e-144 0 -1021.07 2.98376e-144 -3.0754e-144
-285.3 2 5.4991e-144 1.3366e-144 0 -1018.93 1.09982e-143 2.6732e-144
-284.7 2 6.54412e-144 1.43928e-143 0 -1016.79 1.30882e-143 2.87855e-143
-284.1 2 -1.72769e-143 3.44107e-143 0 -1014.64 -3.45539e-143 6.88214e-143
-283.5 2 -9.61083e-143 6.90077e-144 0 -1012.5 -1.92217e-142 1.38015e-143
-282.9 2 -1.73496e-142 -2.10593e-142 0 -1010.36 -3.46992e-142 -4.21185e-142
-282.3 2 1.23015e-142 -6.80775e-142 0 -1008.21 2.46029e-142 -1.36155e-141
-281.7 2 1.53523e-141 -6.3571e-142 0 -1006.07 3.07046e-141 -1.27142e-141
-281.1 2 3.7957e-141 2.65539e-141 0 -1003.93 7.5914e-141 5.31077e-141
-280.5 2 1.12681e-141 1.22531e-140 0 -1001.79 2.25361e-141 2.45063e-140
-279.9 2 -2.20443e-140 1.90543e-140 0 -999.643 -4.40887e-140 3.81085e-140
-279.3 2 -7.38174e-140 -2.47895e-140 0 -997.5 -1.47635e-139 -4.95789e-140
-278.7 2 -7.43132e-140 -2.02037e-139 0 -995.357 -1.48626e-139 -4.04073e-139
-278.1 2 2.70407e-139 -4.41062e-139 0 -993.214 5.40814e-139 -8.82123e-139
-277.5 2 1.30853e-138 2.62324e-140 0 -991.071 2.61706e-138 5.24647e-140
-276.9 2 2.12147e-138 3.02511e-138 0 -988.929 4.24295e-138 6.05021e-138
-276.3 2 -2.36813e-138 8.90034e-138 0 -986.786 -4.73627e-138 1.78007e-137
-275.7 2 -2.12498e-137 6.50934e-138 0 -984.643 -4.24996e-137 1.30187e-137
-275.1 2 -4.79138e-137 -3.98227e-137 0 -982.5 -9.58275e-137 -7.96454e-137
-274.5 2 -2.03853e-138 -1.62682e-136 0 -980.357 -4.07705e-138 -3.25364e-136
-273.9 2 3.12774e-136 -2.22108e-136 0 -978.214 6.25547e-136 -4.44216e-136
-273.3 2 9.49884e-136 4.17364e-136 0 -976.071 1.89977e-135 8.34728e-136
-272.7 2 7.63679e-136 2.72546e-135 0 -973.929 1.52736e-135 5.45092e-135
-272.1 2 -4.02423e-135 5.37918e-135 0 -971.786 -8.04847e-135 1.07584e-134
-271.5 2 -1.70993e-134 -2.01124e-135 0 -969.643 -3.41987e-134 -4.02248e-135
-270.9 2 -2.4411e-134 -4.16951e-134 0 -967.5 -4.8822e-134 -8.33901e-134
-270.3 2 4.04011e-134 -1.11211e-133 0 -965.357 8.08022e-134 -2.22422e-133
-269.7 2 2.82278e-133 -5.58367e-134 0 -963.214 5.64556e-133 -1.11673e-133
-269.1 2 5.75054e-133 5.69527e-133 0 -961.071 1.15011e-132 1.13905e-132
-268.5 2 -1.51218e-133 2.0682e-132 0 -958.929 -3.02435e-133 4.13641e-132
-267.9 2 -4.2506e-132 2.40201e-132 0 -956.786 -8.5012e-132 4.80403e-132
-267.3 2 -1.1669e-131 -6.50188e-132 0 -954.643 -2.33381e-131 -1.30038e-131
-266.7 2 -6.71477e-132 -3.52209e-131 0 -952.5 -1.34295e-131 -7.04419e-131
-266.1 2 5.69399e-131 -6.19854e-131 0 -950.357 1.1388e-130 -1.23971e-130
-265.5 2 2.13685e-130 4.76439e-131 0 -948.214 4.27371e-130 9.52879e-131
-264.9 2 2.60781e-130 5.49898e-130 0 -946.071 5.21562e-130 1.0998e-129
-264.3 2 -6.30266e-130 1.32139e-129 0 -943.929 -1.26053e-129 2.64278e-129
-263.7 2 -3.58696e-129 3.11063e-130 0 -941.786 -7.17391e-129 6.22125e-130
-263.1 2 -6.51436e-129 -7.75759e-129 0 -939.643 -1.30287e-128 -1.55152e-128
-262.5 2 4.20079e-129 -2.50719e-128 0 -937.5 8.40159e-129 -5.01438e-128
-261.9 2 5.5182e-128 -2.35051e-128 0 -935.357 1.10364e-127 -4.70102e-128
-261.3 2 1.36126e-127 9.46286e-128 0 -933.214 2.72252e-127 1.89257e-127
-260.7 2 4.22139e-128 4.34442e-127 0 -931.071 8.44277e-128 8.68884e-127
-260.1 2 -7.65462e-127 6.6782e-127 0 -928.929 -1.53092e-126 1.33564e-126
-259.5 2 -2.54252e-126 -8.63369e-127 0 -926.786 -5.08504e-126 -1.72674e-126
-258.9 2 -2.52502e-126 -6.91862e-126 0 -924.643 -5.05005e-126 -1.38372e-125
-258.3 2 9.12408e-126 -1.48286e-125 0 -922.5 1.82482e-125 -2.96571e-125
-257.7 2 4.34393e-125 1.2934e-126 0 -920.357 8.68786e-125 2.5868e-126
-257.1 2 6.89032e-125 1.00475e-124 0 -918.214 1.37806e-124 2.0095e-124
-256.5 2 -7.93201e-125 2.88298e-124 0 -916.071 -1.5864e-124 5.76595e-124
-255.9 2 -6.8232e-124 1.971e-124 0 -913.929 -1.36464e-123 3.94199e-124
-255.3 2 -1.4972e-123 -1.29309e-123 0 -911.786 -2.9944e-123 -2.58619e-123
-254.7 2 1.70468e-125 -5.09288e-123 0 -909.643 3.40937e-125 -1.01858e-122
-254.1 2 9.76514e-123 -6.61284e-123 0 -907.5 1.95303e-122 -1.32257e-122
-253.5 2 2.86461e-122 1.35575e-122 0 -905.357 5.72922e-122 2.71151e-122
-252.9 2 2.10516e-122 8.2757e-122 0 -903.214 4.21033e-122 1.65514e-121
-252.3 2 -1.23488e-121 1.55644e-121 0 -901.071 -2.46976e-121 3.11289e-121
-251.7 2 -4.99153e-121 -7.78435e-122 0 -898.929 -9.98305e-121 -1.55687e-121
-251.1 2 -6.68554e-121 -1.23481e-120 0 -896.786 -1.33711e-120 -2.46962e-120
-250.5 2 1.25955e-120 -3.12298e-120 0 -894.643 2.51909e-120 -6.24595e-120
-249.9 2 8.00847e-120 -1.19592e-120 0 -892.5 1.60169e-119 -2.39184e-120
-249.3 2 1.53677e-119 1.66287e-119 0 -890.357 3.07353e-119 3.32574e-119
-248.7 2 -6.53128e-120 5.64415e-119 0 -888.214 -1.30626e-119 1.12883e-118
-248.1 2 -1.18004e-118 5.82886e-119 0 -886.071 -2.36009e-118 1.16577e-118
-247.5 2 -3.03425e-118 -1.9236e-118 0 -883.929 -6.0685e-118 -3.84719e-118
-246.9 2 -1.29662e-118 -9.37275e-118 0 -881.786 -2.59324e-118 -1.87455e-117
-246.3 2 1.56814e-117 -1.5052e-117 0 -879.643 3.13628e-117 -3.01039e-117
-245.7 2 5.4127e-117 1.61459e-117 0 -877.5 1.08254e-116 3.22918e-117
-245.1 2 5.75691e-117 1.43613e-116 0 -875.357 1.15138e-116 2.87226e-116
-244.5 2 -1.78487e-116 3.15655e-116 0 -873.214 -3.56974e-116 6.3131e-116
-243.9 2 -8.886e-116 1.59107e-118 0 -871.071 -1.7772e-115 3.18213e-118
-243.3 2 -1.44875e-115 -2.01323e-115 0 -868.929 -2.8975e-115 -4.02647e-115
-242.7 2 1.45446e-115 -5.87295e-115 0 -866.786 2.90891e-115 -1.17459e-114
-242.1 2 1.34737e-114 -4.24353e-115 0 -864.643 2.69473e-114 -8.48706e-115
-241.5 2 2.99114e-114 2.5106e-114 0 -862.5 5.98228e-114 5.02121e-114
-240.9 2 1.12433e-115 9.99989e-114 0 -860.357 2.24865e-115 1.99998e-113
-240.3 2 -1.87043e-113 1.30616e-113 0 -858.214 -3.74086e-113 2.61232e-113
-239.7 2 -5.4995e-113 -2.56897e-113 0 -856.071 -1.0999e-112 -5.13794e-113
-239.1 2 -4.06846e-113 -1.57507e-112 0 -853.929 -8.13693e-113 -3.15014e-112
-238.5 2 2.31103e-112 -2.93393e-112 0 -851.786 4.62206e-112 -5.86787e-112
-237.9 2 9.27241e-112 1.49437e-112 0 -849.643 1.85448e-111 2.98873e-112
-237.3 2 1.21925e-111 2.29214e-111 0 -847.5 2.43851e-111 4.58429e-111
-236.7 2 -2.34356e-111 5.683e-111 0 -845.357 -4.68713e-111 1.1366e-110
-236.1 2 -1.44842e-110 1.92078e-111 0 -843.214 -2.89683e-110 3.84156e-111
-235.5 2 -2.70176e-110 -3.03832e-110 0 -841.071 -5.40353e-110 -6.07664e-110
-234.9 2 1.34902e-110 -9.98235e-110 0 -838.929 2.69805e-110 -1.99647e-109
-234.3 2 2.09359e-109 -9.61178e-110 0 -836.786 4.18718e-109 -1.92236e-109
-233.7 2 5.18267e-109 3.52559e-109 0 -834.643 1.03653e-108 7.05119e-109
-233.1 2 1.73715e-109 1.62107e-108 0 -832.5 3.47431e-109 3.24214e-108
-232.5 2 -2.76191e-108 2.44541e-108 0 -830.357 -5.52382e-108 4.89082e-108
-231.9 2 -9.03439e-108 -3.16628e-108 0 -828.214 -1.80688e-107 -6.33256e-108
-231.3 2 -8.60561e-108 -2.44724e-107 0 -826.071 -1.72112e-107 -4.89447e-107
-230.7 2 3.20122e-107 -5.03908e-107 0 -823.929 6.40244e-107 -1.00782e-106
-230.1 2 1.45843e-106 8.99079e-108 0 -821.786 2.91686e-106 1.79816e-107
-229.5 2 2.17511e-106 3.4181e-106 0 -819.643 4.35022e-106 6.8362e-106
-228.9 2 -2.90283e-106 9.23177e-106 0 -817.5 -5.80565e-106 1.84635e-105
-228.3 2 -2.19252e-105 5.03334e-106 0 -815.357 -4.38505e-105 1.00667e-105
-227.7 2 -4.45793e-105 -4.33586e-105 0 -813.214 -8.91586e-105 -8.67172e-105
-227.1 2 9.55278e-106 -1.55457e-104 0 -811.071 1.91056e-105 -3.10915e-104
-226.5 2 3.05667e-104 -1.7336e-104 0 -808.929 6.11334e-104 -3.4672e-104
-225.9 2 8.13136e-104 4.75405e-104 0 -806.786 1.62627e-103 9.5081e-104
-225.3 2 4.14215e-104 2.438e-103 0 -804.643 8.2843e-104 4.876e-103
-224.7 2 -3.88508e-103 3.98893e-103 0 -802.5 -7.77016e-103 7.97786e-103
-224.1 2 -1.36483e-102 -3.81816e-103 0 -800.357 -2.72965e-102 -7.63631e-103
-223.5 2 -1.46908e-102 -3.56992e-102 0 -798.214 -2.93816e-102 -7.13984e-102
-222.9 2 4.30441e-102 -7.78419e-102 0 -796.071 8.60882e-102 -1.55684e-101
-222.3 2 2.13646e-101 4.98902e-104 0 -793.929 4.27291e-101 9.97805e-104
-221.7 2 3.39858e-101 4.84822e-101 0 -791.786 6.79717e-101 9.69645e-101
-221.1 2 -3.60192e-101 1.3737e-100 0 -789.643 -7.20384e-101 2.7474e-100
-220.5 2 -3.12856e-100 8.91985e-101 0 -787.5 -6.25713e-100 1.78397e-100
-219.9 2 -6.64027e-100 -5.98251e-100 0 -785.357 -1.32805e-99 -1.1965e-99
-219.3 2 5.47402e-101 -2.24775e-99 0 -783.214 1.0948e-100 -4.4955e-99
-218.7 2 4.26183e-99 -2.66411e-99 0 -781.071 8.52367e-99 -5.32823e-99
-218.1 2 1.17217e-98 6.35796e-99 0 -778.929 2.34434e-98 1.27159e-98
-217.5 2 6.82731e-99 3.44419e-98 0 -776.786 1.36546e-98 6.88838e-98
-216.9 2 -5.30443e-98 5.80892e-98 0 -774.643 -1.06089e-97 1.16178e-97
-216.3 2 -1.91901e-97 -4.84231e-98 0 -772.5 -3.83802e-97 -9.68462e-98
-215.7 2 -2.1469e-97 -4.94794e-97 0 -770.357 -4.29381e-97 -9.89588e-97
-215.1 2 5.76221e-97 -1.09728e-96 0 -768.214 1.15244e-96 -2.19456e-96
-214.5 2 2.945e-96 -4.68534e-98 0 -766.071 5.89e-96 -9.37069e-98
-213.9 2 4.75105e-96 6.61799e-96 0 -763.929 9.50211e-96 1.3236e-95
-213.3 2 -4.72358e-96 1.89162e-95 0 -761.786 -9.44716e-96 3.78324e-95
-212.7 2 -4.24554e-95 1.25569e-95 0 -759.643 -8.49109e-95 2.51137e-95
-212.1 2 -9.03416e-95 -8.08122e-95 0 -757.5 -1.80683e-94 -1.61624e-94
-211.5 2 6.55398e-96 -3.04015e-94 0 -755.357 1.3108e-95 -6.08031e-94
-210.9 2 5.7185e-94 -3.58067e-94 0 -753.214 1.1437e-93 -7.16134e-94
-210.3 2 1.5637e-93 8.57566e-94 0 -751.071 3.12741e-93 1.71513e-93
-209.7 2 8.84364e-94 4.59517e-93 0 -748.929 1.76873e-93 9.19035e-93
-209.1 2 -7.08172e-93 7.62683e-93 0 -746.786 -1.41634e-92 1.52537e-92
-208.5 2 -2.52211e-92 -6.73359e-93 0 -744.643 -5.04421e-92 -1.34672e-92
-207.9 2 -2.73081e-92 -6.54082e-92 0 -742.5 -5.46162e-92 -1.30816e-91
-207.3 2 7.75174e-92 -1.41727e-91 0 -740.357 1.55035e-91 -2.83455e-91
-206.7 2 3.82911e-91 3.00404e-93 0 -738.214 7.65822e-91 6.00807e-93
-206.1 2 5.96378e-91 8.71989e-91 0 -736.071 1.19276e-90 1.74398e-90
-205.5 2 -6.67548e-91 2.41359e-90 0 -733.929 -1.3351e-90 4.82718e-90
-204.9 2 -5.48719e-90 1.42035e-90 0 -731.786 -1.09744e-89 2.8407e-90
-204.3 2 -1.12206e-89 -1.07209e-89 0 -729.643 -2.24412e-89 -2.14417e-89
-203.7 2 2.10961e-90 -3.84639e-89 0 -727.5 4.21922e-90 -7.69277e-89
-203.1 2 7.39702e-89 -4.18524e-89 0 -725.357 1.4794e-88 -8.37049e-89
-202.5 2 1.92697e-88 1.17128e-88 0 -723.214 3.85393e-88 2.34256e-88
-201.9 2 8.65251e-89 5.79034e-88 0 -721.071 1.7305e-88 1.15807e-87
-201.3 2 -9.27378e-88 8.96635e-88 0 -718.929 -1.85476e-87 1.79327e-87
-200.7 2 -3.0945e-87 -1.02148e-87 0 -716.786 -6.189e-87 -2.04295e-87
-200.1 2 -2.95979e-87 -8.25812e-87 0 -714.643 -5.91957e-87 -1.65162e-86
-199.5 2 1.05227e-86 -1.66826e-86 0 -712.5 2.10453e-86 -3.33651e-86
-198.9 2 4.69972e-86 3.78515e-87 0 -710.357 9.39944e-86 7.57029e-87
-198.3 2 6.63304e-86 1.113e-85 0 -708.214 1.32661e-85 2.22599e-85
-197.7 2 -1.00594e-85 2.84642e-85 0 -706.071 -2.01188e-85 5.69284e-85
-197.1 2 -6.78092e-85 1.13819e-85 0 -703.929 -1.35618e-84 2.27638e-85
-196.5 2 -1.26374e-84 -1.4041e-84 0 -701.786 -2.52748e-84 -2.80821e-84
-195.9 2 6.05796e-85 -4.55895e-84 0 -699.643 1.21159e-84 -9.1179e-84
-195.3 2 9.28946e-84 -4.09601e-84 0 -697.5 1.85789e-83 -8.19201e-84
-194.7 2 2.19328e-83 1.62066e-83 0 -695.357 4.38657e-83 3.24132e-83
-194.1 2 4.39489e-84 6.93127e-83 0 -693.214 8.78979e-84 1.38625e-82
-193.5 2 -1.2005e-82 9.30794e-83 0 -691.071 -2.401e-82 1.86159e-82
-192.9 2 -3.56652e-82 -1.6157e-82 0 -688.929 -7.13305e-82 -3.23139e-82
-192.3 2 -2.57554e-82 -1.00496e-81 0 -686.786 -5.15107e-82 -2.00992e-81
-191.7 2 1.4397e-81 -1.78929e-81 0 -684.643 2.87941e-81 -3.57858e-81
-191.1 2 5.5063e-81 1.13472e-81 0 -682.5 1.10126e-80 2.26944e-81
-190.5 2 6.45843e-81 1.38899e-80 0 -680.357 1.29169e-80 2.77799e-80
-189.9 2 -1.54059e-80 3.13179e-80 0 -678.214 -3.08119e-80 6.26358e-80
-189.3 2 -8.11724e-80 2.39472e-81 0 -676.071 -1.62345e-79 4.78943e-81
-188.7 2 -1.30153e-79 -1.81905e-79 0 -673.929 -2.60307e-79 -3.63809e-79
-188.1 2 1.31109e-79 -5.13797e-79 0 -671.786 2.62219e-79 -1.02759e-78
-187.5 2 1.14299e-78 -3.15988e-79 0 -669.643 2.28599e-78 -6.31975e-79
-186.9 2 2.34911e-78 2.2235e-78 0 -667.5 4.69823e-78 4.447e-78
-186.3 2 -4.25689e-79 8.00439e-78 0 -665.357 -8.51378e-79 1.60088e-77
-185.7 2 -1.52959e-77 8.60233e-78 0 -663.214 -3.05917e-77 1.72047e-77
-185.1 2 -3.94407e-77 -2.45092e-77 0 -661.071 -7.88814e-77 -4.90184e-77
-184.5 2 -1.63656e-77 -1.19003e-76 0 -658.929 -3.27311e-77 -2.38007e-76
-183.9 2 1.9207e-76 -1.79499e-76 0 -656.786 3.84139e-76 -3.58998e-76
-183.3 2 6.25935e-76 2.21928e-76 0 -654.643 1.25187e-75 4.43856e-76
-182.7 2 5.66296e-76 1.68749e-75 0 -652.5 1.13259e-75 3.37498e-75
-182.1 2 -2.20118e-75 3.30363e-75 0 -650.357 -4.40237e-75 6.60727e-75
-181.5 2 -9.4474e-75 -1.04758e-75 0 -648.214 -1.88948e-74 -2.09515e-75
-180.9 2 -1.277e-74 -2.26887e-74 0 -646.071 -2.55399e-74 -4.53774e-74
-180.3 2 2.15089e-74 -5.60771e-74 0 -643.929 4.30177e-74 -1.12154e-73
-179.7 2 1.35617e-73 -1.82544e-74 0 -641.786 2.71235e-73 -3.65088e-74
-179.1 2 2.44224e-73 2.85412e-73 0 -639.643 4.88447e-73 5.70824e-73
-178.5 2 -1.39249e-73 8.93774e-73 0 -637.5 -2.78497e-73 1.78755e-72
-177.9 2 -1.84198e-72 7.51975e-73 0 -635.357 -3.68395e-72 1.50395e-72
-177.3 2 -4.23506e-72 -3.26747e-72 0 -633.214 -8.47011e-72 -6.53495e-72
-176.7 2 -6.65713e-73 -1.34668e-71 0 -631.071 -1.33143e-72 -2.69336e-71
-176.1 2 2.33913e-71 -1.75577e-71 0 -628.929 4.67826e-71 -3.51155e-71
-175.5 2 6.82834e-71 3.18618e-71 0 -626.786 1.36567e-70 6.37236e-71
-174.9 2 4.87709e-71 1.91903e-70 0 -624.643 9.75418e-71 3.83806e-70
-174.3 2 -2.7109e-70 3.38209e-70 0 -622.5 -5.4218e-70 6.76418e-70
-173.7 2 -1.034e-69 -2.08316e-70 0 -620.357 -2.06801e-69 -4.16632e-70
-173.1 2 -1.23681e-69 -2.57387e-69 0 -618.214 -2.47361e-69 -5.14773e-69
-172.5 2 2.71221e-69 -5.83492e-69 0 -616.071 5.42443e-69 -1.16698e-68
-171.9 2 1.47416e-68 -8.23333e-70 0 -613.929 2.94832e-68 -1.64667e-69
-171.3 2 2.44767e-68 3.21209e-68 0 -611.786 4.89535e-68 6.42417e-68
-170.7 2 -1.95507e-68 9.29035e-68 0 -609.643 -3.91014e-68 1.85807e-67
-170.1 2 -1.97261e-67 6.59154e-68 0 -607.5 -3.94523e-67 1.31831e-67
-169.5 2 -4.25759e-67 -3.64173e-67 0 -605.357 -8.51518e-67 -7.28346e-67
-168.9 2 -1.15501e-68 -1.38227e-66 0 -603.214 -2.31002e-68 -2.76454e-66
-168.3 2 2.45424e-66 -1.65204e-66 0 -601.071 4.90848e-66 -3.30408e-66
-167.7 2 6.77429e-66 3.54698e-66 0 -598.929 1.35486e-65 7.09397e-66
-167.1 2 4.22072e-66 1.92982e-65 0 -596.786 8.44143e-66 3.85965e-65
-166.5 2 -2.7816e-65 3.20244e-65 0 -594.643 -5.5632e-65 6.40489e-65
-165.9 2 -1.00259e-64 -2.46494e-65 0 -592.5 -2.00517e-64 -4.92987e-65
-165.3 2 -1.12064e-64 -2.52432e-64 0 -590.357 -2.24128e-64 -5.04863e-64
-164.7 2 2.73943e-64 -5.43946e-64 0 -588.214 5.47887e-64 -1.08789e-63
-164.1 2 1.38958e-63 -2.19671e-65 0 -586.071 2.77916e-63 -4.39343e-65
-163.5 2 2.19474e-63 3.07013e-63 0 -583.929 4.38949e-63 6.14026e-63
-162.9 2 -2.02639e-63 8.44379e-63 0 -581.786 -4.05278e-63 1.68876e-62
-162.3 2 -1.80504e-62 5.25132e-63 0 -579.643 -3.61007e-62 1.05026e-62
-161.7 2 -3.7194e-62 -3.41083e-62 0 -577.5 -7.43881e-62 -6.82166e-62
-161.1 2 2.58826e-63 -1.22018e-61 0 -575.357 5.17651e-63 -2.44037e-61
-160.5 2 2.18696e-61 -1.34454e-61 0 -573.214 4.37392e-61 -2.68909e-61
-159.9 2 5.73688e-61 3.32121e-61 0 -571.071 1.14738e-60 6.64243e-61
-159.3 2 3.01026e-61 1.6555e-60 0 -568.929 6.02052e-61 3.311e-60
-158.7 2 -2.43958e-60 2.5595e-60 0 -566.786 -4.87915e-60 5.11901e-60
-158.1 2 -8.2338e-60 -2.50638e-60 0 -564.643 -1.64676e-59 -5.01275e-60
-157.5 2 -8.25751e-60 -2.11511e-59 0 -562.5 -1.6515e-59 -4.23023e-59
-156.9 2 2.43081e-59 -4.23512e-59 0 -560.357 4.86162e-59 -8.47024e-59
-156.3 2 1.11186e-58 6.08588e-60 0 -558.214 2.22373e-58 1.21718e-59
-155.7 2 1.59451e-58 2.54047e-58 0 -556.071 3.18901e-58 5.08094e-58
-155.1 2 -1.99256e-58 6.40917e-58 0 -553.929 -3.98512e-58 1.28183e-57
-154.5 2 -1.42019e-57 2.77976e-58 0 -551.786 -2.84037e-57 5.55952e-58
-153.9 2 -2.64727e-57 -2.84662e-57 0 -549.643 -5.29454e-57 -5.69324e-57
-153.3 2 9.22598e-58 -9.0791e-57 0 -547.5 1.8452e-57 -1.81582e-56
-152.7 2 1.71784e-56 -8.1006e-57 0 -545.357 3.43567e-56 -1.62012e-56
-152.1 2 4.0131e-56 2.91963e-56 0 -543.214 8.02619e-56 5.83926e-56
-151.5 2 1.01375e-56 1.2189e-55 0 -541.071 2.02751e-56 2.4378e-55
-150.9 2 -1.96081e-55 1.58152e-55 0 -538.929 -3.92163e-55 3.16303e-55
-150.3 2 -5.70521e-55 -2.61319e-55 0 -536.786 -1.14104e-54 -5.22637e-55
-149.7 2 -4.08355e-55 -1.56143e-54 0 -534.643 -8.16709e-55 -3.12286e-54
-149.1 2 2.08884e-54 -2.63883e-54 0 -532.5 4.17768e-54 -5.27766e-54
-148.5 2 7.71433e-54 1.74334e-54 0 -530.357 1.54287e-53 3.48668e-54
-147.9 2 8.58678e-54 1.91394e-53 0 -528.214 1.71736e-53 3.82789e-53
-147.3 2 -2.02107e-53 4.02641e-53 0 -526.071 -4.04215e-53 8.05283e-53
-146.7 2 -9.99771e-53 -8.1329e-55 0 -523.929 -1.99954e-52 -1.62658e-54
-146.1 2 -1.48526e-52 -2.24238e-52 0 -521.786 -2.97053e-52 -4.48476e-52
-145.5 2 1.65048e-52 -5.78159e-52 0 -519.643 3.30096e-52 -1.15632e-51
-144.9 2 1.2461e-51 -2.65308e-52 0 -517.5 2.49221e-51 -5.30615e-52
-144.3 2 2.32225e-51 2.49537e-51 0 -515.357 4.6445e-51 4.99074e-51
-143.7 2 -8.38067e-52 7.92514e-51 0 -513.214 -1.67613e-51 1.58503e-50
-143.1 2 -1.49327e-50 6.79271e-51 0 -511.071 -2.98653e-50 1.35854e-50
-142.5 2 -3.401e-50 -2.59855e-50 0 -508.929 -6.80201e-50 -5.1971e-50
-141.9 2 -5.90328e-51 -1.04461e-49 0 -506.786 -1.18066e-50 -2.08922e-49
-141.3 2 1.71327e-49 -1.27121e-49 0 -504.643 3.42654e-49 -2.54242e-49
-140.7 2 4.74331e-49 2.44936e-49 0 -502.5 9.48662e-49 4.89872e-49
-140.1 2 2.84164e-49 1.32817e-48 0 -500.357 5.68328e-49 2.65633e-48
-139.5 2 -1.8644e-48 2.08e-48 0 -498.214 -3.72881e-48 4.15999e-48
-138.9 2 -6.35222e-48 -1.91413e-48 0 -496.071 -1.27044e-47 -3.82826e-48
-138.3 2 -6.14565e-48 -1.62953e-47 0 -493.929 -1.22913e-47 -3.25905e-47
-137.7 2 1.88933e-47 -3.14151e-47 0 -491.786 3.77867e-47 -6.28302e-47
-137.1 2 8.20226e-47 8.28918e-48 0 -489.643 1.64045e-46 1.65784e-47
-136.5 2 1.07384e-46 1.92577e-46 0 -487.5 2.14768e-46 3.85154e-46
-135.9 2 -1.7148e-46 4.48344e-46 0 -485.357 -3.42961e-46 8.96688e-46
-135.3 2 -1.02311e-45 9.95994e-47 0 -483.214 -2.04622e-45 1.99199e-46
-134.7 2 -1.68432e-45 -2.18348e-45 0 -481.071 -3.36863e-45 -4.36695e-45
-134.1 2 1.25258e-45 -6.12031e-45 0 -478.929 2.50516e-45 -1.22406e-44
-133.5 2 1.23339e-44 -3.76993e-45 0 -476.786 2.46677e-44 -7.53985e-45
-132.9 2 2.46543e-44 2.35805e-44 0 -474.643 4.93086e-44 4.71609e-44
-132.3 2 -4.00521e-45 8.04959e-44 0 -472.5 -8.01043e-45 1.60992e-43
-131.7 2 -1.43588e-43 7.71685e-44 0 -470.357 -2.87176e-43 1.54337e-43
-131.1 2 -3.43255e-43 -2.39297e-43 0 -468.214 -6.86509e-43 -4.78593e-43
-130.5 2 -9.57527e-44 -1.02482e-42 0 -466.071 -1.91505e-43 -2.04963e-42
-129.9 2 1.61006e-42 -1.30729e-42 0 -463.929 3.22013e-42 -2.61457e-42
-129.3 2 4.5957e-42 2.2183e-42 0 -461.786 9.1914e-42 4.4366e-42
-128.7 2 2.95306e-42 1.26673e-41 0 -459.643 5.90611e-42 2.53345e-41
-128.1 2 -1.72889e-41 2.00831e-41 0 -457.5 -3.45778e-41 4.01663e-41
-127.5 2 -5.95711e-41 -1.74826e-41 0 -455.357 -1.19142e-40 -3.49651e-41
-126.9 2 -5.73318e-41 -1.52239e-40 0 -453.214 -1.14664e-40 -3.04478e-40
-126.3 2 1.75721e-40 -2.89918e-40 0 -451.071 3.51443e-40 -5.79836e-40
-125.7 2 7.50684e-40 8.79233e-41 0 -448.929 1.50137e-39 1.75847e-40
-125.1 2 9.45638e-40 1.77897e-39 0 -446.786 1.89128e-39 3.55794e-39
-124.5 2 -1.6508e-39 4.00204e-39 0 -444.643 -3.30159e-39 8.00408e-39
-123.9 2 -9.21782e-39 5.09624e-40 0 -442.5 -1.84356e-38 1.01925e-39
-123.3 2 -1.4283e-38 -2.01826e-38 0 -440.357 -2.8566e-38 -4.03652e-38
-122.7 2 1.35691e-38 -5.33431e-38 0 -438.214 2.71382e-38 -1.06686e-37
-122.1 2 1.1044e-37 -2.55262e-38 0 -436.071 2.2088e-37 -5.10525e-38
-121.5 2 2.03674e-37 2.21694e-37 0 -433.929 4.07348e-37 4.43388e-37
-120.9 2 -8.16423e-38 6.90825e-37 0 -431.786 -1.63285e-37 1.38165e-36
-120.3 2 -1.29254e-36 5.39494e-37 0 -429.643 -2.58508e-36 1.07899e-36
-119.7 2 -2.78677e-36 -2.34782e-36 0 -427.5 -5.57354e-36 -4.69564e-36
-119.1 2 -3.6092e-38 -8.73552e-36 0 -425.357 -7.21841e-38 -1.7471e-35
-118.5 2 1.47984e-35 -9.20182e-36 0 -423.214 2.95969e-35 -1.84036e-35
-117.9 2 3.69876e-35 2.38014e-35 0 -421.071 7.39753e-35 4.76028e-35
-117.3 2 1.28072e-35 1.08362e-34 0 -418.929 2.56143e-35 2.16724e-34
-116.7 2 -1.65961e-34 1.4191e-34 0 -416.786 -3.31923e-34 2.8382e-34
-116.1 2 -4.8041e-34 -2.27437e-34 0 -414.643 -9.60819e-34 -4.54874e-34
-115.5 2 -3.03485e-34 -1.32438e-33 0 -412.5 -6.0697e-34 -2.64876e-33
-114.9 2 1.82134e-33 -2.06862e-33 0 -410.357 3.64268e-33 -4.13724e-33
-114.3 2 6.14818e-33 1.96714e-33 0 -408.214 1.22964e-32 3.93427e-33
-113.7 2 5.48657e-33 1.59888e-32 0 -406.071 1.09731e-32 3.19776e-32
-113.1 2 -1.94132e-32 2.91594e-32 0 -403.929 -3.88263e-32 5.83187e-32
-112.5 2 -7.77998e-32 -1.34673e-32 0 -401.786 -1.556e-31 -2.69346e-32
-111.9 2 -8.91735e-32 -1.90435e-31 0 -399.643 -1.78347e-31 -3.80869e-31
-111.3 2 1.9687e-31 -4.0196e-31 0 -397.5 3.93741e-31 -8.03919e-31
-110.7 2 9.7193e-31 2.3126e-32 0 -395.357 1.94386e-30 4.6252e-32
-110.1 2 1.36766e-30 2.22289e-30 0 -393.214 2.73531e-30 4.44579e-30
-109.5 2 -1.81478e-30 5.43175e-30 0 -391.071 -3.62956e-30 1.08635e-29
-108.9 2 -1.19064e-29 1.62659e-30 0 -388.929 -2.38127e-29 3.25318e-30
-108.3 2 -2.0076e-29 -2.51285e-29 0 -386.786 -4.0152e-29 -5.0257e-29
-107.7 2 1.35899e-29 -7.16653e-29 0 -384.643 2.71798e-29 -1.43331e-28
-107.1 2 1.41614e-28 -4.48416e-29 0 -382.5 2.83227e-28 -8.96832e-29
-106.5 2 2.82193e-28 2.7092e-28 0 -380.357 5.64386e-28 5.41839e-28
-105.9 2 -4.83258e-29 9.16994e-28 0 -378.214 -9.66516e-29 1.83399e-27
-105.3 2 -1.62024e-27 8.50409e-28 0 -376.071 -3.24049e-27 1.70082e-27
-104.7 2 -3.78649e-27 -2.7418e-27 0 -373.929 -7.57298e-27 -5.4836e-27
-104.1 2 -8.70774e-28 -1.13213e-26 0 -371.786 -1.74155e-27 -2.26426e-26
-103.5 2 1.7762e-26 -1.36537e-26 0 -369.643 3.55239e-26 -2.73073e-26
-102.9 2 4.84908e-26 2.57081e-26 0 -367.5 9.69815e-26 5.14163e-26
-102.3 2 2.65591e-26 1.34961e-25 0 -365.357 5.31183e-26 2.69923e-25
-101.7 2 -1.87823e-25 1.97137e-25 0 -363.214 -3.75646e-25 3.94274e-25
-101.1 2 -5.96996e-25 -2.22057e-25 0 -361.071 -1.19399e-24 -4.44115e-25
-100.5 2 -4.74399e-25 -1.56883e-24 0 -358.929 -9.48797e-25 -3.13767e-24
-99.9 2 1.95697e-24 -2.65001e-24 0 -356.786 3.91394e-24 -5.30003e-24
-99.3 2 7.18954e-24 1.775e-24 0 -354.643 1.43791e-23 3.55e-24
-98.7 2 7.06898e-24 1.8125e-23 0 -352.5 1.4138e-23 3.62499e-23
-98.1 2 -2.06985e-23 3.42893e-23 0 -350.357 -4.13971e-23 6.85785e-23
-97.5 2 -8.68011e-23 -1.29803e-23 0 -348.214 -1.73602e-22 -2.59605e-23
-96.9 2 -9.86442e-23 -2.12424e-22 0 -346.071 -1.97288e-22 -4.24848e-22
-96.3 2 2.24939e-22 -4.42104e-22 0 -343.929 4.49878e-22 -8.84207e-22
-95.7 2 1.07078e-21 6.82363e-23 0 -341.786 2.14155e-21 1.36473e-22
-95.1 2 1.38409e-21 2.53944e-21 0 -339.643 2.76818e-21 5.07889e-21
-94.5 2 -2.41838e-21 5.81353e-21 0 -337.5 -4.83675e-21 1.16271e-20
-93.9 2 -1.34432e-20 4.87103e-22 0 -335.357 -2.68864e-20 9.74205e-22
-93.3 2 -2.00327e-20 -3.03109e-20 0 -333.214 -4.00655e-20 -6.06217e-20
-92.7 2 2.33102e-20 -7.76064e-20 0 -331.071 4.66204e-20 -1.55213e-19
-92.1 2 1.66652e-19 -2.87938e-20 0 -328.929 3.33303e-19 -5.75876e-20
-91.5 2 2.91032e-19 3.46565e-19 0 -326.786 5.82064e-19 6.93131e-19
-90.9 2 -1.64417e-19 1.0197e-18 0 -324.643 -3.28834e-19 2.03939e-18
-90.3 2 -1.96046e-18 7.01262e-19 0 -322.5 -3.92091e-18 1.40252e-18
-89.7 2 -4.03562e-18 -3.63864e-18 0 -320.357 -8.07125e-18 -7.27728e-18
-89.1 2 1.85439e-19 -1.27254e-17 0 -318.214 3.70879e-19 -2.54509e-17
-88.5 2 2.13334e-17 -1.26252e-17 0 -316.071 4.26668e-17 -2.52504e-17
-87.9 2 5.15284e-17 3.44e-17 0 -313.929 1.03057e-16 6.88e-17
-87.3 2 1.728e-17 1.48441e-16 0 -311.786 3.456e-17 2.96881e-16
-86.7 2 -2.18121e-16 1.84852e-16 0 -309.643 -4.36241e-16 3.69705e-16
-86.1 2 -6.06414e-16 -3.99804e-17 0 -307.5 -1.21283e-15 -7.99607e-17
-85.5 2 -7.29482e-16 -8.58725e-16 0 -305.357 -1.45896e-15 -1.71745e-15
-84.9 2 4.67203e-16 -1.93142e-15 0 -303.214 9.34406e-16 -3.86285e-15
-84.3 2 3.88614e-15 -2.04059e-15 0 -301.071 7.77228e-15 -4.08118e-15
-83.7 2 8.43003e-15 9.5015e-16 0 -298.929 1.68601e-14 1.9003e-15
-83.1 2 9.0156e-15 8.641e-15 0 -296.786 1.80312e-14 1.7282e-14
-82.5 2 -3.58521e-15 1.8362e-14 0 -294.643 -7.17042e-15 3.6724e-14
-81.9 2 -3.6365e-14 1.86778e-14 0 -292.5 -7.273e-14 3.73555e-14
-81.3 2 -7.83032e-14 -9.96074e-15 0 -290.357 -1.56606e-13 -1.99215e-14
-80.7 2 -8.1693e-14 -8.07751e-14 0 -288.214 -1.63386e-13 -1.6155e-13
-80.1 2 3.63035e-14 -1.67864e-13 0 -286.071 7.26069e-14 -3.35728e-13
-79.5 2 3.34695e-13 -1.70732e-13 0 -283.929 6.69389e-13 -3.41464e-13
-78.9 2 7.13808e-13 7.76362e-14 0 -281.786 1.42762e-12 1.55272e-13
-78.3 2 7.61158e-13 6.88595e-13 0 -279.643 1.52232e-12 1.37719e-12
-77.7 2 -2.29066e-13 1.4531e-12 0 -277.5 -4.58132e-13 2.90619e-12
-77.1 2 -2.77501e-12 1.55651e-12 0 -275.357 -5.55003e-12 3.11302e-12
-76.5 2 -6.12006e-12 -3.61511e-13 0 -273.214 -1.22401e-11 -7.23021e-13
-75.9 2 -6.9926e-12 -5.28169e-12 0 -271.071 -1.39852e-11 -1.05634e-11
-75.3 2 3.32309e-13 -1.17949e-11 0 -268.929 6.64619e-13 -2.35899e-11
-74.7 2 2.05048e-11 -1.38782e-11 0 -266.786 4.10096e-11 -2.77565e-11
-74.1 2 4.89522e-11 -1.04836e-12 0 -264.643 9.79044e-11 -2.09672e-12
-73.5 2 6.21576e-11 3.54035e-11 0 -262.5 1.24315e-10 7.08069e-11
-72.9 2 1.64436e-11 8.82799e-11 0 -260.357 3.28873e-11 1.7656e-10
-72.3 2 -1.2935e-10 1.17727e-10 0 -258.214 -2.58699e-10 2.35455e-10
-71.7 2 -3.57653e-10 4.85421e-11 0 -256.071 -7.15306e-10 9.70842e-11
-71.1 2 -5.19299e-10 -1.93623e-10 0 -253.929 -1.0386e-09 -3.87247e-10
-70.5 2 -3.06928e-10 -5.91779e-10 0 -251.786 -6.13857e-10 -1.18356e-09
-69.9 2 6.23138e-10 -9.1865e-10 0 -249.643 1.24628e-09 -1.8373e-09
-69.3 2 2.30167e-09 -6.84802e-10 0 -247.5 4.60334e-09 -1.3696e-09
-68.7 2 3.93827e-09 6.92026e-10 0 -245.357 7.87654e-09 1.38405e-09
-68.1 2 3.59885e-09 3.37443e-09 0 -243.214 7.19769e-09 6.74886e-09
-67.5 2 -1.31172e-09 6.33484e-09 0 -241.071 -2.62344e-09 1.26697e-08
-66.9 2 -1.21685e-08 6.79807e-09 0 -238.929 -2.4337e-08 1.35961e-08
-66.3 2 -2.59437e-08 7.55205e-10 0 -236.786 -5.18873e-08 1.51041e-09
-65.7 2 -3.22951e-08 -1.45963e-08 0 -234.643 -6.45902e-08 -2.91926e-08
-65.1 2 -1.42392e-08 -3.64868e-08 0 -232.5 -2.84784e-08 -7.29737e-08
-64.5 2 4.36902e-08 -5.21491e-08 0 -230.357 8.73804e-08 -1.04298e-07
-63.9 2 1.38373e-07 -3.84443e-08 0 -228.214 2.76747e-07 -7.68885e-08
-63.3 2 2.27434e-07 2.93819e-08 0 -226.071 4.54868e-07 5.87637e-08
-62.7 2 2.19769e-07 1.57288e-07 0 -223.929 4.39538e-07 3.14576e-07
-62.1 2 -1.1858e-09 3.0531e-07 0 -221.786 -2.37159e-09 6.1062e-07
-61.5 2 -5.04809e-07 3.69569e-07 0 -219.643 -1.00962e-06 7.39138e-07
-60.9 2 -1.19881e-06 1.97868e-07 0 -217.5 -2.39763e-06 3.95737e-07
-60.3 2 -1.72302e-06 -3.39519e-07 0 -215.357 -3.44603e-06 -6.7904e-07
-59.7 2 -1.44561e-06 -1.22472e-06 0 -213.214 -2.89122e-06 -2.44944e-06
-59.1 2 3.31467e-07 -2.15554e-06 0 -211.071 6.62934e-07 -4.31107e-06
-58.5 2 3.90834e-06 -2.48654e-06 0 -208.929 7.81666e-06 -4.97307e-06
-57.9 1.99999 8.55892e-06 -1.35877e-06 0 -206.786 1.71177e-05 -2.71752e-06
-57.3 1.99999 1.20336e-05 1.90922e-06 0 -204.643 2.4067e-05 3.8184e-06
-56.7 1.99999 1.06502e-05 7.2118e-06 0 -202.5 2.13002e-05 1.44235e-05
-56.1 2 4.16603e-07 1.30437e-05 0 -200.357 8.33207e-07 2.60873e-05
-55.5 2.00003 -2.06813e-05 1.62564e-05 0 -198.214 -4.13631e-05 3.25133e-05
-54.9 2.00006 -4.97087e-05 1.25946e-05 0 -196.071 -9.94206e-05 2.51899e-05
-54.3 2.0001 -7.6364e-05 -1.76167e-06 0 -193.929 -0.000152735 -3.52352e-06
-53.7 2.0001 -8.28738e-05 -2.78306e-05 0 -191.786 -0.000165756 -5.56641e-05
-53.1 2.00006 -4.78422e-05 -6.13606e-05 0 -189.643 -9.56872e-05 -0.000122725
-52.5 1.99994 4.53622e-05 -9.14101e-05 0 -187.5 9.07215e-05 -0.000182814
-51.9 1.99974 0.000197011 -0.000101194 0 -185.357 0.00039397 -0.000202361
-51.3 1.9995 0.000379741 -7.19637e-05 0 -183.214 0.000759294 -0.000143892
-50.7 1.99931 0.000532811 1.03919e-05 0 -181.071 0.00106525 2.07765e-05
-50.1 1.99927 0.000567033 0.000147496 0 -178.929 0.00113365 0.000294885
-49.5 1.99953 0.000383421 0.000321944 0 -176.786 0.000766659 0.000643735
-48.9 2.00017 -9.55449e-05 0.000495121 0 -174.643 -0.000191106 0.000990327
-48.3 2.00124 -0.000888582 0.00061194 0 -172.5 -0.00177827 0.00122464
-47.7 2.00263 -0.0019235 0.000613379 0 -170.357 -0.00385206 0.00122837
-47.1 2.00412 -0.00302472 0.000451799 0 -168.214 -0.00606189 0.000905457
-46.5 2.00532 -0.00392712 0.000104575 0 -166.071 -0.00787514 0.000209706
-45.9 2.00582 -0.00431489 -0.000419542 0 -163.929 -0.00865489 -0.000841526
-45.3 2.00517 -0.00387462 -0.00108318 0 -161.786 -0.00776927 -0.00217196
-44.7 2.003 -0.00234735 -0.00183031 0 -159.643 -0.00470176 -0.00366611
-44.1 1.99909 0.000435034 -0.00259873 0 -157.5 0.00086967 -0.00519509
-43.5 1.99332 0.00453457 -0.00332704 0 -155.357 0.00903887 -0.00663187
-42.9 1.98578 0.00990307 -0.00398012 0 -153.214 0.0196654 -0.00790366
-42.3 1.97665 0.0164161 -0.00454577 0 -151.071 0.0324487 -0.00898537
-41.7 1.96613 0.0239203 -0.00502171 0 -148.929 0.0470304 -0.00987335
-41.1 1.95448 0.0322546 -0.00541539 0 -146.786 0.063041 -0.0105843
-40.5 1.94192 0.0412672 -0.00573724 0 -144.643 0.0801375 -0.0111412
-39.9 1.92863 0.0508245 -0.00599909 0 -142.5 0.0980214 -0.01157
-39.3 1.91478 0.0608133 -0.00621136 0 -140.357 0.116444 -0.0118934
-38.7 1.90051 0.0711403 -0.00638318 0 -138.214 0.135203 -0.0121313
-38.1 1.88593 0.0817296 -0.00652188 0 -136.071 0.154137 -0.0122998
-37.5 1.87114 0.0925193 -0.00663334 0 -133.929 0.173116 -0.0124119
-36.9 1.85619 0.103459 -0.00672213 0 -131.786 0.192039 -0.0124775
-36.3 1.84115 0.114508 -0.00679183 0 -129.643 0.210825 -0.0125048
-35.7 1.82607 0.12563 -0.00684515 0 -127.5 0.229409 -0.0124997
-35.1 1.81099 0.136798 -0.00688417 0 -125.357 0.247739 -0.0124672
-34.5 1.79594 0.147985 -0.00691041 0 -123.214 0.265773 -0.0124107
-33.9 1.78096 0.15917 -0.00692492 0 -121.071 0.283476 -0.012333
-33.3 1.76607 0.170333 -0.00692839 0 -118.929 0.30082 -0.012236
-32.7 1.7513 0.181455 -0.00692121 0 -116.786 0.317781 -0.0121211
-32.1 1.73666 0.192518 -0.0069035 0 -114.643 0.334338 -0.011989
-31.5 1.72218 0.203506 -0.0068752 0 -112.5 0.350474 -0.0118404
-30.9 1.70788 0.214402 -0.00683608 0 -110.357 0.366174 -0.0116752
-30.3 1.69379 0.22519 -0.00678579 0 -108.214 0.381423 -0.0114937
-29.7 1.67991 0.235852 -0.00672389 0 -106.071 0.396211 -0.0112955
-29.1 1.66627 0.246373 -0.00664985 0 -103.929 0.410525 -0.0110805
-28.5 1.6529 0.256733 -0.00656309 0 -101.786 0.424354 -0.0108481
-27.9 1.63981 0.266915 -0.00646296 0 -99.6429 0.437689 -0.010598
-27.3 1.62702 0.276899 -0.00634877 0 -97.5 0.45052 -0.0103296
-26.7 1.61456 0.286665 -0.00621984 0 -95.3571 0.462838 -0.0100423
-26.1 1.60245 0.296193 -0.00607552 0 -93.2143 0.474634 -0.00973573
-25.5 1.59072 0.305461 -0.00591524 0 -91.0714 0.485901 -0.00940947
-24.9 1.57938 0.314446 -0.00573856 0 -88.9286 0.49663 -0.00906337
-24.3 1.56847 0.323128 -0.00554524 0 -86.7857 0.506815 -0.00869752
-23.7 1.558 0.331483 -0.00533528 0 -84.6429 0.516449 -0.00831235
-23.1 1.548 0.339488 -0.00510896 0 -82.5 0.525528 -0.00790868
-22.5 1.5385 0.347123 -0.00486694 0 -80.3571 0.534048 -0.00748779
-21.9 1.52951 0.354366 -0.00461027 0 -78.2143 0.542007 -0.00705146
-21.3 1.52105 0.3612 -0.00434043 0 -76.0714 0.549404 -0.00660202
-20.7 1.51314 0.367607 -0.00405934 0 -73.9286 0.556242 -0.00614236
-20.1 1.5058 0.373574 -0.00376939 0 -71.7857 0.562526 -0.00567594
-19.5 1.49902 0.379091 -0.00347342 0 -69.6429 0.568264 -0.00520672
-18.9 1.49281 0.384153 -0.00317461 0 -67.5 0.573468 -0.0047391
-18.3 1.48717 0.388759 -0.00287646 0 -65.3571 0.578151 -0.00427779
-17.7 1.4821 0.392912 -0.00258259 0 -63.2143 0.582334 -0.00382765
-17.1 1.47757 0.396623 -0.00229666 0 -61.0714 0.586037 -0.00339347
-16.5 1.47356 0.399906 -0.00202216 0 -58.9286 0.589286 -0.00297978
-15.9 1.47006 0.40278 -0.00176227 0 -56.7857 0.592109 -0.00259063
-15.3 1.46702 0.405268 -0.00151968 0 -54.6429 0.594539 -0.00222941
-14.7 1.46443 0.407399 -0.00129653 0 -52.5 0.596606 -0.00189868
-14.1 1.46223 0.409203 -0.00109429 0 -50.3571 0.598347 -0.0016001
-13.5 1.46039 0.41071 -0.000913723 0 -48.2143 0.599796 -0.00133439
-12.9 1.45887 0.411956 -0.000754916 0 -46.0714 0.600988 -0.00110132
-12.3 1.45762 0.412971 -0.000617311 0 -43.9286 0.601956 -0.000899807
-11.7 1.45662 0.413789 -0.000499788 0 -41.7857 0.602733 -0.000728001
-11.1 1.45582 0.414438 -0.00040075 0 -39.6429 0.603347 -0.000583421
-10.5 1.45519 0.414946 -0.000318232 0 -37.5 0.603827 -0.000463089
-9.9 1.45471 0.415338 -0.000249987 0 -35.3571 0.604195 -0.000363658
-9.3 1.45434 0.415636 -0.000193564 0 -33.2143 0.604475 -0.000281507
-8.7 1.45406 0.415859 -0.000146353 0 -31.0714 0.604682 -0.000212805
-8.1 1.45385 0.416023 -0.000105596 0 -28.9286 0.604835 -0.00015352
-7.5 1.4537 0.416142 -6.83574e-05 0 -26.7857 0.604944 -9.9371e-05
-6.9 1.45359 0.416226 -3.14515e-05 0 -24.6429 0.605021 -4.57175e-05
-6.3 1.45352 0.416283 8.67257e-06 0 -22.5 0.605074 1.26057e-05
-5.7 1.45347 0.416322 5.60771e-05 0 -20.3571 0.605111 8.15063e-05
-5.1 1.45344 0.416346 0.000115509 0 -18.2143 0.605135 0.000167885
-4.5 1.45343 0.416361 0.000192582 0 -16.0714 0.605152 0.000279905
-3.9 1.45343 0.416368 0.000293958 0 -13.9286 0.605164 0.000427249
-3.3 1.45345 0.416371 0.000427498 0 -11.7857 0.605175 0.000621347
-2.7 1.45348 0.41637 0.000602371 0 -9.64286 0.605185 0.000875533
-2.1 1.45352 0.416367 0.00082909 0 -7.5 0.605197 0.0012051
-1.5 1.45357 0.416363 0.00111944 0 -5.35714 0.605211 0.00162718
-0.9 1.45363 0.416358 0.00148629 0 -3.21429 0.605229 0.00216051
-0.3 1.4537 0.416352 0.00194321 0 -1.07143 0.605251 0.00282484
0.3 1.45379 0.416346 0.00250394 0 1.07143 0.605278 0.0036402
0.9 1.45388 0.41634 0.00318167 0 3.21429 0.605309 0.00462577
1.5 1.45398 0.416334 0.00398806 0 5.35714 0.605343 0.00579857
2.1 1.45409 0.416328 0.00493219 0 7.5 0.60538 0.00717186
2.7 1.45421 0.416322 0.00601935 0 9.64286 0.605418 0.00875336
3.3 1.45431 0.416317 0.00724981 0 11.7857 0.605456 0.0105435
3.9 1.45442 0.416311 0.00861767 0 13.9286 0.60549 0.0125337
4.5 1.45451 0.416306 0.0101099 0 16.0714 0.60552 0.0147049
5.1 1.45458 0.4163 0.0117057 0 18.2143 0.605541 0.0170269
5.7 1.45462 0.416294 0.0133762 0 20.3571 0.605551 0.0194574
6.3 1.45464 0.416288 0.015085 0 22.5 0.605548 0.0219432
6.9 1.45461 0.416282 0.0167887 0 24.6429 0.605528 0.024421
7.5 1.45455 0.416275 0.0184387 0 26.7857 0.605491 0.0268199
8.1 1.45444 0.416268 0.019983 0 28.9286 0.605436 0.0290641
8.7 1.45429 0.416261 0.0213692 0 31.0714 0.605363 0.0310769
9.3 1.45409 0.416254 0.0225466 0 33.2143 0.605272 0.0327848
9.9 1.45386 0.416248 0.0234696 0 35.3571 0.605167 0.0341216
10.5 1.4536 0.416241 0.0241008 0 37.5 0.60505 0.035033
11.1 1.45332 0.416235 0.0244128 0 39.6429 0.604924 0.0354797
11.7 1.45304 0.416228 0.0243905 0 41.7857 0.604794 0.0354403
12.3 1.45275 0.416221 0.0240325 0 43.9286 0.604665 0.0349131
12.9 1.45247 0.416214 0.0233508 0 46.0714 0.60454 0.0339164
13.5 1.45222 0.416206 0.0223708 0 48.2143 0.604424 0.0324874
14.1 1.45201 0.416197 0.0211292 0 50.3571 0.604321 0.0306798
14.7 1.45183 0.416188 0.0196723 0 52.5 0.604233 0.0285607
15.3 1.45169 0.416177 0.0180524 0 54.6429 0.604162 0.0262065
15.9 1.45161 0.416166 0.0163254 0 56.7857 0.604109 0.023698
16.5 1.45156 0.416155 0.0145471 0 58.9286 0.604076 0.021116
17.1 1.45156 0.416144 0.0127705 0 61.0714 0.604059 0.0185371
17.7 1.4516 0.416134 0.011043 0 63.2143 0.604058 0.0160299
18.3 1.45166 0.416123 0.00940465 0 65.3571 0.60407 0.0136524
18.9 1.45175 0.416114 0.00788684 0 67.5 0.604092 0.0114497
19.5 1.45185 0.416104 0.00651161 0 69.6429 0.60412 0.00945389
20.1 1.45196 0.416093 0.00529189 0 71.7857 0.604151 0.0076836
20.7 1.45207 0.416082 0.00423219 0 73.9286 0.60418 0.00614544
21.3 1.45218 0.416068 0.00332987 0 76.0714 0.604206 0.00483557
21.9 1.45228 0.416053 0.00257659 0 78.2143 0.604227 0.00374193
22.5 1.45237 0.416037 0.00195989 0 80.3571 0.604241 0.00284649
23.1 1.45245 0.416019 0.0014647 0 82.5 0.604248 0.00212741
23.7 1.45252 0.416 0.00107461 0 84.6429 0.604247 0.0015609
24.3 1.45257 0.415979 0.000772939 0 86.7857 0.604238 0.00112275
24.9 1.45261 0.415957 0.000543657 0 88.9286 0.604223 0.000789721
25.5 1.45263 0.415935 0.000372219 0 91.0714 0.604202 0.000540698
26.1 1.45264 0.415915 0.000246165 0 93.2143 0.604176 0.000357591
26.7 1.45264 0.415896 0.000155366 0 95.3571 0.604148 0.000225692
27.3 1.45263 0.415879 9.18103e-05 0 97.5 0.604117 0.000133366
27.9 1.4526 0.415862 4.90593e-05 0 99.6429 0.604082 7.12637e-05
28.5 1.45257 0.415841 2.16596e-05 0 101.786 0.604041 3.14621e-05
29.1 1.45254 0.415815 4.76884e-06 0 103.929 0.603989 6.92694e-06
29.7 1.45251 0.415781 -5.95669e-06 0 106.071 0.603926 -8.65215e-06
30.3 1.45247 0.415739 -1.43791e-05 0 108.214 0.603849 -2.08852e-05
30.9 1.45243 0.415687 -2.40009e-05 0 110.357 0.603755 -3.48595e-05
31.5 1.45236 0.415622 -3.85867e-05 0 112.5 0.603633 -5.60418e-05
32.1 1.45225 0.415528 -6.39108e-05 0 114.643 0.603451 -9.28146e-05
32.7 1.45204 0.415359 -0.000112907 0 116.786 0.603119 -0.000163946
33.3 1.45159 0.414994 -0.000220677 0 118.929 0.602399 -0.000320331
33.9 1.45048 0.414116 -0.000484322 0 121.071 0.600667 -0.000702499
34.5 1.44772 0.411922 -0.00116635 0 123.214 0.596346 -0.00168855
35.1 1.44089 0.406505 -0.00292156 0 125.357 0.585727 -0.00420963
35.7 1.42488 0.393822 -0.00716613 0 127.5 0.561151 -0.0102109
36.3 1.391 0.366781 -0.0163093 0 129.643 0.510193 -0.0226862
36.9 1.32922 0.316342 -0.0327351 0 131.786 0.420488 -0.0435121
37.5 1.23706 0.237261 -0.0550034 0 133.929 0.293507 -0.0680428
38.1 1.1306 0.13755 -0.0725784 0 136.071 0.155515 -0.0820575
38.7 1.04122 0.0427983 -0.069896 0 138.214 0.0445626 -0.0727773
39.3 0.991309 -0.0171589 -0.0449909 0 140.357 -0.0170097 -0.0445999
39.9 0.976169 -0.0351407 -0.015894 0 142.5 -0.0343033 -0.0155152
40.5 0.979908 -0.0277219 0.00257431 0 144.643 -0.0271649 0.00252259
41.1 0.989774 -0.0131617 0.00895401 0 146.786 -0.0130271 0.00886245
41.7 0.998126 -0.00173535 0.00786809 0 148.929 -0.00173209 0.00785334
42.3 1.0024 0.00372633 0.00419906 0 151.071 0.00373527 0.00420913
42.9 1.00323 0.00450473 0.000960335 0 153.214 0.00451926 0.000963432
43.5 1.00226 0.00300612 -0.000789898 0 155.357 0.00301292 -0.000791686
44.1 1.00094 0.00115741 -0.00120443 0 157.5 0.0011585 -0.00120557
44.7 1.00001 -8.52517e-05 -0.00088697 0 159.643 -8.52525e-05 -0.000886978
45.3 0.99962 -0.000566272 -0.000392065 0 161.786 -0.000566057 -0.000391916
45.9 0.999614 -0.000533653 -2.61643e-05 0 163.929 -0.000533447 -2.61543e-05
46.5 0.99977 -0.000301657 0.000136006 0 166.071 -0.000301587 0.000135975
47.1 0.999928 -8.25108e-05 0.000147199 0 168.214 -8.25049e-05 0.000147188
47.7 1.00002 4.12797e-05 9.13726e-05 0 170.357 4.12806e-05 9.13746e-05
48.3 1.00005 7.49176e-05 3.08682e-05 0 172.5 7.49214e-05 3.08697e-05
48.9 1.00004 5.77214e-05 -6.62624e-06 0 174.643 5.77238e-05 -6.62652e-06
49.5 1.00002 2.68575e-05 -1.91899e-05 0 176.786 2.68581e-05 -1.91903e-05
50.1 1 3.2236e-06 -1.63473e-05 0 178.929 3.22361e-06 -1.63474e-05
50.7 0.999995 -7.64289e-06 -8.39961e-06 0 181.071 -7.64286e-06 -8.39957e-06
51.3 0.999994 -8.80799e-06 -1.68724e-06 0 183.214 -8.80794e-06 -1.68723e-06
51.9 0.999996 -5.57489e-06 1.71818e-06 0 185.357 -5.57487e-06 1.71817e-06
52.5 0.999998 -1.93644e-06 2.35922e-06 0 187.5 -1.93644e-06 2.35921e-06
53.1 1 3.26295e-07 1.61818e-06 0 189.643 3.26295e-07 1.61818e-06
53.7 1 1.08026e-06 6.37035e-07 0 191.786 1.08026e-06 6.37036e-07
54.3 1 9.14032e-07 -2.26576e-08 0 193.929 9.14032e-07 -2.26576e-08
54.9 1 4.5565e-07 -2.72638e-07 0 196.071 4.5565e-07 -2.72638e-07
55.5 1 8.00297e-08 -2.53068e-07 0 198.214 8.00297e-08 -2.53068e-07
56.1 1 -1.00332e-07 -1.35731e-07 0 200.357 -1.00332e-07 -1.35731e-07
56.7 1 -1.25959e-07 -3.10017e-08 0 202.5 -1.25959e-07 -3.10017e-08
57.3 1 -8.03301e-08 2.30565e-08 0 204.643 -8.03301e-08 2.30565e-08
57.9 1 -2.73256e-08 3.36688e-08 0 206.786 -2.73256e-08 3.36688e-08
58.5 1 4.98715e-09 2.2786e-08 0 208.929 4.98715e-09 2.2786e-08
59.1 1 1.49626e-08 8.46963e-09 0 211.071 1.49626e-08 8.46963e-09
59.7 1 1.19624e-08 -7.56014e-10 0 213.214 1.19624e-08 -7.56014e-10
60.3 1 5.41005e-09 -3.88877e-09 0 215.357 5.41005e-09 -3.88877e-09
60.9 1 5.01732e-10 -3.29332e-09 0 217.5 5.01732e-10 -3.29332e-09
61.5 1 -1.54463e-09 -1.56402e-09 0 219.643 -1.54463e-09 -1.56402e-09
62.1 1 -1.58319e-09 -2.02928e-10 0 221.786 -1.58319e-09 -2.02928e-10
62.7 1 -8.60661e-10 3.92604e-10 0 223.929 -8.60661e-10 3.92604e-10
63.3 1 -1.94903e-10 4.27709e-10 0 226.071 -1.94903e-10 4.27709e-10
63.9 1 1.3772e-10 2.39826e-10 0 228.214 1.3772e-10 2.39826e-10
64.5 1 1.92103e-10 5.8573e-11 0 230.357 1.92103e-10 5.8573e-11
65.1 1 1.19989e-10 -3.45068e-11 0 232.5 1.19989e-10 -3.45068e-11
65.7 1 3.68249e-11 -5.13419e-11 0 234.643 3.68249e-11 -5.13419e-11
66.3 1 -1.03268e-11 -3.26614e-11 0 236.786 -1.03268e-11 -3.26614e-11
66.9 1 -2.18864e-11 -1.0267e-11 0 238.929 -2.18864e-11 -1.0267e-11
67.5 1 -1.52498e-11 2.59872e-12 0 241.071 -1.52498e-11 2.59872e-12
68.1 1 -5.46628e-12 5.82548e-12 0 243.214 -5.46628e-12 5.82548e-12
68.7 1 6.06403e-13 4.08297e-12 0 245.357 6.06403e-13 4.08297e-12
69.3 1 2.38953e-12 1.4631e-12 0 247.5 2.38953e-12 1.4631e-12
69.9 1 1.80685e-12 -1.63256e-13 0 249.643 1.80685e-12 -1.63256e-13
70.5 1 7.04111e-13 -6.36618e-13 0 251.786 7.04111e-13 -6.36618e-13
71.1 1 -2.20493e-14 -4.77456e-13 0 253.929 -2.20493e-14 -4.77456e-13
71.7 1 -2.54128e-13 -1.8285e-13 0 256.071 -2.54128e-13 -1.8285e-13
72.3 1 -2.02095e-13 8.60871e-15 0 258.214 -2.02095e-13 8.60871e-15
72.9 1 -8.14907e-14 6.80217e-14 0 260.357 -8.14907e-14 6.80217e-14
73.5 1 6.94801e-17 5.28295e-14 0 262.5 6.94801e-17 5.28295e-14
74.1 1 2.67119e-14 2.06066e-14 0 264.643 2.67119e-14 2.06066e-14
74.7 1 2.1551e-14 -5.94732e-16 0 266.786 2.1551e-14 -5.94732e-16
75.3 1 8.68187e-15 -7.16063e-15 0 268.929 8.68187e-15 -7.16063e-15
75.9 1 -3.62065e-17 -5.59603e-15 0 271.071 -3.62065e-17 -5.59603e-15
76.5 1 -2.80563e-15 -2.14057e-15 0 273.214 -2.80563e-15 -2.14057e-15
77.1 1 -2.23036e-15 7.92561e-17 0 275.357 -2.23036e-15 7.92561e-17
77.7 1 -8.97264e-16 7.38376e-16 0 277.5 -8.97264e-16 7.38376e-16
78.3 1 -3.44291e-17 5.54405e-16 0 279.643 -3.44291e-17 5.54405e-16
78.9 1 1.98496e-16 1.8635e-16 0 281.786 1.98496e-16 1.8635e-16
79.5 1 1.10708e-16 -3.48066e-17 0 283.929 1.10708e-16 -3.48066e-17
80.1 1 1.06575e-17 -6.1787e-17 0 286.071 1.06575e-17 -6.1787e-17
80.7 1 -2.04312e-17 -2.39457e-17 0 288.214 -2.04312e-17 -2.39457e-17
81.3 1 -1.31277e-17 1.98904e-18 0 290.357 -1.31277e-17 1.98904e-18
81.9 1 -2.06219e-18 6.62761e-18 0 292.5 -2.06219e-18 6.62761e-18
82.5 1 1.98948e-18 2.98693e-18 0 294.643 1.98948e-18 2.98693e-18
83.1 1 1.5169e-18 1.10904e-20 0 296.786 1.5169e-18 1.10904e-20
83.7 1 3.2695e-19 -6.89061e-19 0 298.929 3.2695e-19 -6.89061e-19
84.3 1 -1.82237e-19 -3.61093e-19 0 301.071 -1.82237e-19 -3.61093e-19
84.9 1 -1.70669e-19 -2.80546e-20 0 303.214 -1.70669e-19 -2.80546e-20
85.5 1 -4.65917e-20 6.89667e-20 0 305.357 -4.65917e-20 6.89667e-20
86.1 1 1.52074e-20 4.23163e-20 0 307.5 1.52074e-20 4.23163e-20
86.7 1 1.86492e-20 6.0875e-21 0 309.643 1.86492e-20 6.0875e-21
87.3 1 6.19191e-21 -6.57008e-21 0 311.786 6.19191e-21 -6.57008e-21
87.9 1 -1.06527e-21 -4.80757e-21 0 313.929 -1.06527e-21 -4.80757e-21
88.5 1 -1.97185e-21 -9.91133e-22 0 316.071 -1.97185e-21 -9.91133e-22
89.1 1 -7.8054e-22 5.8351e-22 0 318.214 -7.8054e-22 5.8351e-22
89.7 1 4.42066e-23 5.28342e-22 0 320.357 4.42066e-23 5.28342e-22
90.3 1 2.00324e-22 1.41406e-22 0 322.5 2.00324e-22 1.41406e-22
90.9 1 9.38773e-23 -4.63265e-23 0 324.643 9.38773e-23 -4.63265e-23
91.5 1 3.41959e-24 -5.58757e-23 0 326.786 3.41959e-24 -5.58757e-23
92.1 1 -1.93477e-23 -1.84764e-23 0 328.929 -1.93477e-23 -1.84764e-23
92.7 1 -1.07674e-23 2.97197e-24 0 331.071 -1.07674e-23 2.97197e-24
93.3 1 -1.23802e-24 5.65233e-24 0 333.214 -1.23802e-24 5.65233e-24
93.9 1 1.75576e-24 2.24678e-24 0 335.357 1.75576e-24 2.24678e-24
94.5 1 1.176e-24 -9.78071e-26 0 337.5 1.176e-24 -9.78071e-26
95.1 1 2.15412e-25 -5.45183e-25 0 339.643 2.15412e-25 -5.45183e-25
95.7 1 -1.48216e-25 -2.56669e-25 0 341.786 -1.48216e-25 -2.56669e-25
96.3 1 -1.22592e-25 -1.12568e-26 0 343.929 -1.22592e-25 -1.12568e-26
96.9 1 -2.98807e-26 5.02774e-26 0 346.071 -2.98807e-26 5.02774e-26
97.5 1 1.15509e-26 2.7853e-26 0 348.214 1.15509e-26 2.7853e-26
98.1 1 1.2305e-26 3.11319e-27 0 350.357 1.2305e-26 3.11319e-27
98.7 1 3.67871e-27 -4.47527e-27 0 352.5 3.67871e-27 -4.47527e-27
99.3 1 -8.21218e-28 -2.91577e-27 0 354.643 -8.21218e-28 -2.91577e-27
99.9 1 -1.20669e-27 -4.87418e-28 0 356.786 -1.20669e-27 -4.87418e-28
100.5 1 -4.23907e-28 3.8906e-28 0 358.929 -4.23907e-28 3.8906e-28
101.1 1 5.06337e-29 2.99761e-28 0 361.071 5.06337e-29 2.99761e-28
101.7 1 1.17387e-28 6.47272e-29 0 363.214 1.17387e-28 6.47272e-29
102.3 1 4.74499e-29 -3.31139e-29 0 365.357 4.74499e-29 -3.31139e-29
102.9 1 -1.99488e-30 -3.06969e-29 0 367.5 -1.99488e-30 -3.06969e-29
103.5 1 -1.1407e-29 -8.0988e-30 0 369.643 -1.1407e-29 -8.0988e-30
104.1 1 -5.28191e-30 2.68894e-30 0 371.786 -5.28191e-30 2.68894e-30
104.7 1 -1.40851e-31 3.14087e-30 0 373.929 -1.40851e-31 3.14087e-30
105.3 1 1.09739e-30 9.93466e-31 0 376.071 1.09739e-30 9.93466e-31
105.9 1 5.8802e-31 -1.91194e-31 0 378.214 5.8802e-31 -1.91194e-31
106.5 1 5.60909e-32 -3.17612e-31 0 380.357 5.60909e-32 -3.17612e-31
107.1 1 -1.01849e-31 -1.20102e-31 0 382.5 -1.01849e-31 -1.20102e-31
107.7 1 -6.47615e-32 8.70763e-33 0 384.643 -6.47615e-32 8.70763e-33
108.3 1 -1.07996e-32 3.10674e-32 0 386.786 -1.07996e-32 3.10674e-32
108.9 1 8.74999e-33 1.41286e-32 0 388.929 8.74999e-33 1.41286e-32
109.5 1 6.92126e-33 4.71265e-34 0 391.071 6.92126e-33 4.71265e-34
110.1 1 1.66974e-33 -2.86026e-33 0 393.214 1.66974e-33 -2.86026e-33
110.7 1 -6.49687e-34 -1.59024e-33 0 395.357 -6.49687e-34 -1.59024e-33
111.3 1 -7.03611e-34 -2.03603e-34 0 397.5 -7.03611e-34 -2.03603e-34
111.9 1 -2.25551e-34 2.39525e-34 0 399.643 -2.25551e-34 2.39525e-34
112.5 1 3.48194e-35 1.68856e-34 0 401.786 3.48194e-35 1.68856e-34
113.1 1 6.68314e-35 3.63856e-35 0 403.929 6.68314e-35 3.63856e-35
113.7 1 2.73825e-35 -1.72482e-35 0 406.071 2.73825e-35 -1.72482e-35
114.3 1 -7.12291e-39 -1.67387e-35 0 408.214 -7.12291e-39 -1.67387e-35
114.9 1 -5.82516e-36 -5.04056e-36 0 410.357 -5.82516e-36 -5.04056e-36
115.5 1 -3.0277e-36 9.18691e-37 0 412.5 -3.0277e-36 9.18691e-37
116.1 1 -3.46121e-37 1.53567e-36 0 414.643 -3.46121e-37 1.53567e-36
116.7 1 4.54548e-37 6.02532e-37 0 416.786 4.54548e-37 6.02532e-37
117.3 1 3.07211e-37 -8.38915e-39 0 418.929 3.07211e-37 -8.38915e-39
117.9 1 6.43329e-38 -1.29085e-37 0 421.071 6.43329e-38 -1.29085e-37
118.5 1 -3.02379e-38 -6.46298e-38 0 423.214 -3.02379e-38 -6.46298e-38
119.1 1 -2.8731e-38 -6.66882e-39 0 425.357 -2.8731e-38 -6.66882e-39
119.7 1 -8.53766e-39 9.78073e-39 0 427.5 -8.53766e-39 9.78073e-39
120.3 1 1.48099e-39 6.3423e-39 0 429.643 1.48099e-39 6.3423e-39
120.9 1 2.4817e-39 1.24628e-39 0 431.786 2.4817e-39 1.24628e-39
121.5 1 9.61138e-40 -6.4558e-40 0 433.929 9.61138e-40 -6.4558e-40
122.1 1 -1.16457e-41 -5.76121e-40 0 436.071 -1.16457e-41 -5.76121e-40
122.7 1 -1.97911e-40 -1.61171e-40 0 438.214 -1.97911e-40 -1.61171e-40
123.3 1 -9.71328e-41 3.37623e-41 0 440.357 -9.71328e-41 3.37623e-41
123.9 1 -9.39156e-42 4.88537e-41 0 442.5 -9.39156e-42 4.88537e-41
124.5 1 1.45128e-41 1.7682e-41 0 444.643 1.45128e-41 1.7682e-41
125.1 1 9.06823e-42 -8.43767e-43 0 446.786 9.06823e-42 -8.43767e-43
125.7 1 1.64212e-42 -3.89409e-42 0 448.929 1.64212e-42 -3.89409e-42
126.3 1 -9.66886e-43 -1.75666e-42 0 451.071 -9.66886e-43 -1.75666e-42
126.9 1 -7.9737e-43 -1.01969e-43 0 453.214 -7.9737e-43 -1.01969e-43
127.5 1 -2.02444e-43 2.93405e-43 0 455.357 -2.02444e-43 2.93405e-43
128.1 1 5.65425e-44 1.63455e-43 0 457.5 5.65425e-44 1.63455e-43
128.7 1 6.70776e-44 2.24985e-44 0 459.643 6.70776e-44 2.24985e-44
129.3 1 2.16355e-44 -2.09417e-44 0 461.786 2.16355e-44 -2.09417e-44
129.9 1 -2.56854e-45 -1.4568e-44 0 463.929 -2.56854e-45 -1.4568e-44
130.5 1 -5.46798e-45 -2.97852e-45 0 466.071 -5.46798e-45 -2.97852e-45
131.1 1 -2.14748e-45 1.40447e-45 0 468.214 -2.14748e-45 1.40447e-45
131.7 1 2.99809e-47 1.26331e-45 0 470.357 2.99809e-47 1.26331e-45
132.3 1 4.35291e-46 3.36334e-46 0 472.5 4.35291e-46 3.36334e-46
132.9 1 2.04809e-46 -8.52583e-47 0 474.643 2.04809e-46 -8.52583e-47
133.5 1 1.3564e-47 -1.07511e-46 0 476.786 1.3564e-47 -1.07511e-46
134.1 1 -3.37987e-47 -3.53427e-47 0 478.929 -3.37987e-47 -3.53427e-47
134.7 1 -1.90885e-47 4.07279e-48 0 481.071 -1.90885e-47 4.07279e-48
135.3 1 -2.59306e-48 8.97751e-48 0 483.214 -2.59306e-48 8.97751e-48
135.9 1 2.52165e-48 3.5692e-48 0 485.357 2.52165e-48 3.5692e-48
136.5 1 1.74638e-48 -3.88253e-50 0 487.5 1.74638e-48 -3.88253e-50
137.1 1 3.53255e-49 -7.28474e-49 0 489.643 3.53255e-49 -7.28474e-49
137.7 1 -1.74337e-49 -3.49708e-49 0 491.786 -1.74337e-49 -3.49708e-49
138.3 1 -1.56078e-49 -2.69655e-50 0 493.929 -1.56078e-49 -2.69655e-50
138.9 1 -4.21762e-50 5.63306e-50 0 496.071 -4.21762e-50 5.63306e-50
139.5 1 1.0267e-50 3.31807e-50 0 498.214 1.0267e-50 3.31807e-50
140.1 1 1.34787e-50 5.20656e-51 0 500.357 1.34787e-50 5.20656e-51
140.7 1 4.63769e-51 -4.0163e-51 0 502.5 4.63769e-51 -4.0163e-51
141.3 1 -3.77085e-52 -3.02709e-51 0 504.643 -3.77085e-52 -3.02709e-51
141.9 1 -1.10823e-51 -7.07649e-52 0 506.786 -1.10823e-51 -7.07649e-52
142.5 1 -4.76853e-52 2.47419e-52 0 508.929 -4.76853e-52 2.47419e-52
143.1 1 -1.82635e-53 2.63101e-52 0 511.071 -1.82635e-53 2.63101e-52
143.7 1 8.50868e-53 8.22879e-53 0 513.214 8.50868e-53 8.22879e-53
144.3 1 4.60543e-53 -1.07824e-53 0 515.357 4.60543e-53 -1.07824e-53
144.9 1 6.25142e-54 -2.15493e-53 0 517.5 6.25142e-54 -2.15493e-53
145.5 1 -5.9178e-54 -8.638e-54 0 519.643 -5.9178e-54 -8.638e-54
146.1 1 -4.17945e-54 -9.47034e-56 0 521.786 -4.17945e-54 -9.47034e-56
146.7 1 -9.31062e-55 1.63873e-54 0 523.929 -9.31062e-55 1.63873e-54
147.3 1 3.49648e-55 8.36097e-55 0 526.071 3.49648e-55 8.36097e-55
147.9 1 3.55577e-55 9.87375e-56 0 528.214 3.55577e-55 9.87375e-56
148.5 1 1.09638e-55 -1.12799e-55 0 530.357 1.09638e-55 -1.12799e-55
149.1 1 -1.41083e-56 -7.5319e-56 0 532.5 -1.41083e-56 -7.5319e-56
149.7 1 -2.81986e-56 -1.57704e-56 0 534.643 -2.81986e-56 -1.57704e-56
150.3 1 -1.13361e-56 6.64099e-57 0 536.786 -1.13361e-56 6.64099e-57
150.9 1 -2.28276e-58 6.33319e-57 0 538.929 -2.28276e-58 6.33319e-57
151.5 1 2.05943e-57 1.87793e-57 0 541.071 2.05943e-57 1.87793e-57
152.1 1 1.06808e-57 -2.7708e-58 0 543.214 1.06808e-57 -2.7708e-58
152.7 1 1.37891e-58 -4.95819e-58 0 545.357 1.37891e-58 -4.95819e-58
153.3 1 -1.34906e-58 -1.9339e-58 0 547.5 -1.34906e-58 -1.9339e-58
153.9 1 -9.31696e-59 -1.75891e-60 0 549.643 -9.31696e-59 -1.75891e-60
154.5 1 -2.06289e-59 3.5786e-59 0 551.786 -2.06289e-59 3.5786e-59
155.1 1 7.41e-60 1.80598e-59 0 553.929 7.41e-60 1.80598e-59
155.7 1 7.56739e-60 2.18266e-60 0 556.071 7.56739e-60 2.18266e-60
156.3 1 2.34835e-60 -2.32408e-60 0 558.214 2.34835e-60 -2.32408e-60
156.9 1 -2.62784e-61 -1.55953e-60 0 560.357 -2.62784e-61 -1.55953e-60
157.5 1 -5.71122e-61 -3.33965e-61 0 562.5 -5.71122e-61 -3.33965e-61
158.1 1 -2.32829e-61 1.2751e-61 0 564.643 -2.32829e-61 1.2751e-61
158.7 1 -7.99259e-63 1.25424e-61 0 566.786 -7.99259e-63 1.25424e-61
159.3 1 3.95847e-62 3.80197e-62 0 568.929 3.95847e-62 3.80197e-62
159.9 1 2.10102e-62 -4.6645e-63 0 571.071 2.10102e-62 -4.6645e-63
160.5 1 2.97647e-63 -9.38045e-63 0 573.214 2.97647e-63 -9.38045e-63
161.1 1 -2.44377e-63 -3.75043e-63 0 575.357 -2.44377e-63 -3.75043e-63
161.7 1 -1.75615e-63 -1.03118e-64 0 577.5 -1.75615e-63 -1.03118e-64
162.3 1 -4.10699e-64 6.44896e-64 0 579.643 -4.10699e-64 6.44896e-64
162.9 1 1.23392e-64 3.36146e-64 0 581.786 1.23392e-64 3.36146e-64
163.5 1 1.36656e-64 4.59126e-65 0 583.929 1.36656e-64 4.59126e-65
164.1 1 4.43588e-65 -3.95326e-65 0 586.071 4.43588e-65 -3.95326e-65
164.7 1 -3.42459e-66 -2.78808e-65 0 588.214 -3.42459e-66 -2.78808e-65
165.3 1 -9.856e-66 -6.40408e-66 0 590.357 -9.856e-66 -6.40408e-66
165.9 1 -4.20828e-66 1.98617e-66 0 592.5 -4.20828e-66 1.98617e-66
166.5 1 -2.53904e-67 2.15079e-66 0 594.643 -2.53904e-67 2.15079e-66
167.1 1 6.47812e-67 6.90375e-67 0 596.786 6.47812e-67 6.90375e-67
167.7 1 3.64272e-67 -5.55906e-68 0 598.929 3.64272e-67 -5.55906e-68
168.3 1 6.00332e-68 -1.53564e-67 0 601.071 6.00332e-68 -1.53564e-67
168.9 1 -3.71625e-68 -6.50873e-68 0 603.214 -3.71625e-68 -6.50873e-68
169.5 1 -2.91719e-68 -3.86176e-69 0 605.357 -2.91719e-68 -3.86176e-69
170.1 1 -7.51739e-69 9.96967e-69 0 607.5 -7.51739e-69 9.96967e-69
170.7 1 1.62905e-69 5.58399e-69 0 609.643 1.62905e-69 5.58399e-69
171.3 1 2.16452e-69 9.21436e-70 0 611.786 2.16452e-69 9.21436e-70
171.9 1 7.63899e-70 -5.62482e-70 0 613.929 7.63899e-70 -5.62482e-70
172.5 1 -1.85736e-71 -4.42171e-70 0 616.071 -1.85736e-71 -4.42171e-70
173.1 1 -1.474e-70 -1.14469e-70 0 618.214 -1.474e-70 -1.14469e-70
173.7 1 -6.8747e-71 2.39372e-71 0 620.357 -6.8747e-71 2.39372e-71
174.3 1 -7.0081e-72 3.23582e-71 0 622.5 -7.0081e-72 3.23582e-71
174.9 1 8.96785e-72 1.14996e-71 0 624.643 8.96785e-72 1.14996e-71
175.5 1 5.64484e-72 -2.0445e-73 0 626.786 5.64484e-72 -2.0445e-73
176.1 1 1.14611e-72 -2.16605e-72 0 628.929 1.14611e-72 -2.16605e-72
176.7 1 -4.53402e-73 -1.02088e-72 0 631.071 -4.53402e-73 -1.02088e-72
177.3 1 -4.26823e-73 -1.1024e-73 0 633.214 -4.26823e-73 -1.1024e-73
177.9 1 -1.27212e-73 1.28827e-73 0 635.357 -1.27212e-73 1.28827e-73
178.5 1 1.41945e-74 8.25264e-74 0 637.5 1.41945e-74 8.25264e-74
179.1 1 2.96226e-74 1.72633e-74 0 639.643 2.96226e-74 1.72633e-74
179.7 1 1.19162e-74 -6.28151e-75 0 641.786 1.19162e-74 -6.28151e-75
180.3 1 5.39114e-76 -6.12996e-75 0 643.929 5.39114e-76 -6.12996e-75
180.9 1 -1.85382e-75 -1.87032e-75 0 646.071 -1.85382e-75 -1.87032e-75
181.5 1 -9.9855e-76 1.76059e-76 0 648.214 -9.9855e-76 1.76059e-76
182.1 1 -1.57905e-76 4.16703e-76 0 650.357 -1.57905e-76 4.16703e-76
182.7 1 9.96968e-77 1.71585e-76 0 652.5 9.96968e-77 1.71585e-76
183.3 1 7.63725e-77 9.90258e-78 0 654.643 7.63725e-77 9.90258e-78
183.9 1 1.95631e-77 -2.54162e-77 0 656.786 1.95631e-77 -2.54162e-77
184.5 1 -3.93227e-78 -1.40887e-77 0 658.929 -3.93227e-78 -1.40887e-77
185.1 1 -5.34775e-78 -2.37697e-78 0 661.071 -5.34775e-78 -2.37697e-78
185.7 1 -1.90678e-78 1.31702e-78 0 663.214 -1.90678e-78 1.31702e-78
186.3 1 1.13591e-80 1.05507e-78 0 665.357 1.13591e-80 1.05507e-78
186.9 1 3.39009e-79 2.81311e-79 0 667.5 3.39009e-79 2.81311e-79
187.5 1 1.62384e-79 -4.78438e-80 0 669.643 1.62384e-79 -4.78438e-80
188.1 1 1.95793e-80 -7.2204e-80 0 671.786 1.95793e-80 -7.2204e-80
188.7 1 -1.87877e-80 -2.66294e-80 0 673.929 -1.87877e-80 -2.66294e-80
189.3 1 -1.24986e-80 -3.388e-82 0 676.071 -1.24986e-80 -3.388e-82
189.9 1 -2.78634e-81 4.45631e-81 0 678.214 -2.78634e-81 4.45631e-81
190.5 1 8.18701e-82 2.21267e-81 0 680.357 8.18701e-82 2.21267e-81
191.1 1 8.77863e-82 2.98085e-82 0 682.5 8.77863e-82 2.98085e-82
191.7 1 2.82594e-82 -2.38245e-82 0 684.643 2.82594e-82 -2.38245e-82
192.3 1 -1.50251e-83 -1.66377e-82 0 686.786 -1.50251e-83 -1.66377e-82
192.9 1 -5.59335e-83 -3.92159e-83 0 688.929 -5.59335e-83 -3.92159e-83
193.5 1 -2.43893e-83 9.70581e-84 0 691.071 -2.43893e-83 9.70581e-84
194.1 1 -2.14756e-84 1.14093e-83 0 693.214 -2.14756e-84 1.14093e-83
194.7 1 3.14867e-84 3.82932e-84 0 695.357 3.14867e-84 3.82932e-84
195.3 1 1.88367e-84 -1.10575e-85 0 697.5 1.88367e-84 -1.10575e-85
195.9 1 3.67849e-85 -7.07826e-85 0 699.643 3.67849e-85 -7.07826e-85
196.5 1 -1.44791e-85 -3.21349e-85 0 701.786 -1.44791e-85 -3.21349e-85
197.1 1 -1.32316e-85 -3.37099e-86 0 703.929 -1.32316e-85 -3.37099e-86
197.7 1 -3.8898e-86 3.85182e-86 0 706.071 -3.8898e-86 3.85182e-86
198.3 1 3.82758e-87 2.42127e-86 0 708.214 3.82758e-87 2.42127e-86
198.9 1 8.44167e-87 5.0728e-87 0 710.357 8.44167e-87 5.0728e-87
199.5 1 3.3986e-87 -1.67318e-87 0 712.5 3.3986e-87 -1.67318e-87
200.1 1 1.99101e-88 -1.66021e-87 0 714.643 1.99101e-88 -1.66021e-87
200.7 1 -4.79384e-88 -5.11925e-88 0 716.786 -4.79384e-88 -5.11925e-88
201.3 1 -2.63082e-88 3.53532e-89 0 718.929 -2.63082e-88 3.53532e-89
201.9 1 -4.50015e-89 1.03214e-88 0 721.071 -4.50015e-89 1.03214e-88
202.5 1 2.27952e-89 4.33733e-89 0 723.214 2.27952e-89 4.33733e-89
203.1 1 1.84614e-89 3.36059e-90 0 725.357 1.84614e-89 3.36059e-90
203.7 1 4.98692e-90 -5.67943e-90 0 727.5 4.98692e-90 -5.67943e-90
204.3 1 -7.17036e-91 -3.27311e-90 0 729.643 -7.17036e-91 -3.27311e-90
204.9 1 -1.17755e-90 -6.09359e-91 0 731.786 -1.17755e-90 -6.09359e-91
205.5 1 -4.4138e-91 2.57137e-91 0 733.929 -4.4138e-91 2.57137e-91
206.1 1 -1.35084e-92 2.24265e-91 0 736.071 -1.35084e-92 2.24265e-91
206.7 1 6.72352e-92 6.38437e-92 0 738.214 6.72352e-92 6.38437e-92
207.3 1 3.42494e-92 -7.00043e-93 0 740.357 3.42494e-92 -7.00043e-93
207.9 1 5.09665e-93 -1.39542e-92 0 742.5 5.09665e-93 -1.39542e-92
208.5 1 -3.27213e-93 -5.46717e-93 0 744.643 -3.27213e-93 -5.46717e-93
209.1 1 -2.40102e-93 -2.79731e-94 0 746.786 -2.40102e-93 -2.79731e-94
209.7 1 -5.97347e-94 7.73807e-94 0 748.929 -5.97347e-94 7.73807e-94
210.3 1 1.14292e-94 4.13422e-94 0 751.071 1.14292e-94 4.13422e-94
210.9 1 1.53054e-94 6.80122e-95 0 753.214 1.53054e-94 6.80122e-95
211.5 1 5.36666e-95 -3.60792e-95 0 755.357 5.36666e-95 -3.60792e-95
212.1 1 1.61019e-97 -2.83122e-95 0 757.5 1.61019e-97 -2.83122e-95
212.7 1 -8.77259e-96 -7.45478e-96 0 759.643 -8.77259e-96 -7.45478e-96
213.3 1 -4.17846e-96 1.1346e-96 0 761.786 -4.17846e-96 1.1346e-96
213.9 1 -5.33427e-97 1.76251e-96 0 763.929 -5.33427e-97 1.76251e-96
214.5 1 4.34389e-97 6.46605e-97 0 766.071 4.34389e-97 6.46605e-97
215.1 1 2.92813e-97 1.62333e-98 0 768.214 2.92813e-97 1.62333e-98
215.7 1 6.70762e-98 -9.8314e-98 0 770.357 6.70762e-98 -9.8314e-98
216.3 1 -1.62883e-98 -4.90495e-98 0 772.5 -1.62883e-98 -4.90495e-98
216.9 1 -1.86569e-98 -7.05558e-99 0 774.643 -1.86569e-98 -7.05558e-99
217.5 1 -6.13625e-99 4.6865e-99 0 776.786 -6.13625e-99 4.6865e-99
218.1 1 1.53036e-100 3.35935e-99 0 778.929 1.53036e-100 3.35935e-99
218.7 1 1.07255e-99 8.18079e-100 0 781.071 1.07255e-99 8.18079e-100
219.3 1 4.80073e-100 -1.61925e-100 0 783.214 4.80073e-100 -1.61925e-100
219.9 1 5.1432e-101 -2.09237e-100 0 785.357 5.1432e-101 -2.09237e-100
220.5 1 -5.38277e-101 -7.20775e-101 0 787.5 -5.38277e-101 -7.20775e-101
221.1 1 -3.36564e-101 8.45364e-104 0 789.643 -3.36564e-101 8.45364e-104
221.7 1 -7.08608e-102 1.17259e-101 0 791.786 -7.08608e-102 1.17259e-101
222.3 1 2.12429e-102 5.49203e-102 0 793.929 2.12429e-102 5.49203e-102
222.9 1 2.14407e-102 6.80232e-103 0 796.071 2.14407e-102 6.80232e-103
223.5 1 6.62644e-103 -5.68599e-103 0 798.214 6.62644e-103 -5.68599e-103
224.1 1 -3.54898e-104 -3.76433e-103 0 800.357 -3.54898e-104 -3.76433e-103
224.7 1 -1.2355e-103 -8.46986e-104 0 802.5 -1.2355e-103 -8.46986e-104
225.3 1 -5.21732e-104 2.09832e-104 0 804.643 -5.21732e-104 2.09832e-104
225.9 1 -4.54225e-105 2.34595e-104 0 806.786 -4.54225e-105 2.34595e-104
226.5 1 6.26604e-105 7.60472e-105 0 808.929 6.26604e-105 7.60472e-105
227.1 1 3.66207e-105 -2.11568e-106 0 811.071 3.66207e-105 -2.11568e-106
227.7 1 7.06908e-106 -1.31951e-105 0 813.214 7.06908e-106 -1.31951e-105
228.3 1 -2.56844e-106 -5.82789e-106 0 815.357 -2.56844e-106 -5.82789e-106
228.9 1 -2.33295e-106 -6.08912e-107 0 817.5 -2.33295e-106 -6.08912e-107
229.5 1 -6.78608e-107 6.48329e-107 0 819.643 -6.78608e-107 6.48329e-107
230.1 1 5.62372e-108 3.99975e-107 0 821.786 5.62372e-108 3.99975e-107
230.7 1 1.34666e-107 8.30582e-108 0 823.929 1.34666e-107 8.30582e-108
231.3 1 5.38466e-108 -2.50916e-108 0 826.071 5.38466e-108 -2.50916e-108
231.9 1 3.63472e-109 -2.49389e-108 0 828.214 3.63472e-109 -2.49389e-108
232.5 1 -6.8844e-109 -7.62443e-109 0 830.357 -6.8844e-109 -7.62443e-109
233.1 1 -3.78611e-109 4.17178e-110 0 832.5 -3.78611e-109 4.17178e-110
233.7 1 -6.68549e-110 1.40638e-109 0 834.643 -6.68549e-110 1.40638e-109
234.3 1 2.90272e-110 5.8827e-110 0 836.786 2.90272e-110 5.8827e-110
234.9 1 2.41193e-110 5.04934e-111 0 838.929 2.41193e-110 5.04934e-111
235.5 1 6.61614e-111 -6.97858e-111 0 841.071 6.61614e-111 -6.97858e-111
236.1 1 -7.45033e-112 -4.04373e-111 0 843.214 -7.45033e-112 -4.04373e-111
236.7 1 -1.39356e-111 -7.74534e-112 0 845.357 -1.39356e-111 -7.74534e-112
237.3 1 -5.29625e-112 2.79617e-112 0 847.5 -5.29625e-112 2.79617e-112
237.9 1 -2.57759e-113 2.52177e-112 0 849.643 -2.57759e-113 2.52177e-112
238.5 1 7.16432e-113 7.29054e-113 0 851.786 7.16432e-113 7.29054e-113
239.1 1 3.73121e-113 -5.94261e-114 0 853.929 3.73121e-113 -5.94261e-114
239.7 1 6.01842e-114 -1.42421e-113 0 856.071 6.01842e-114 -1.42421e-113
240.3 1 -3.08386e-114 -5.66681e-114 0 858.214 -3.08386e-114 -5.66681e-114
240.9 1 -2.37619e-114 -3.86121e-115 0 860.357 -2.37619e-114 -3.86121e-115
241.5 1 -6.16319e-115 7.11587e-115 0 862.5 -6.16319e-115 7.11587e-115
242.1 1 8.76717e-116 3.9012e-115 0 864.643 8.76717e-116 3.9012e-115
242.7 1 1.3729e-115 6.89585e-116 0 866.786 1.3729e-115 6.89585e-116
243.3 1 4.97988e-116 -2.92337e-116 0 868.929 4.97988e-116 -2.92337e-116
243.9 1 1.53716e-117 -2.43198e-116 0 871.071 1.53716e-117 -2.43198e-116
244.5 1 -7.08205e-117 -6.67097e-117 0 873.214 -7.08205e-117 -6.67097e-117
245.1 1 -3.51455e-117 7.18354e-118 0 875.357 -3.51455e-117 7.18354e-118
245.7 1 -5.17904e-118 1.37382e-117 0 877.5 -5.17904e-118 1.37382e-117
246.3 1 3.09314e-118 5.22422e-118 0 879.643 3.09314e-118 5.22422e-118
246.9 1 2.23619e-118 2.69952e-119 0 881.786 2.23619e-118 2.69952e-119
247.5 1 5.50377e-119 -6.89288e-119 0 883.929 5.50377e-119 -6.89288e-119
248.1 1 -9.41625e-120 -3.60041e-119 0 886.071 -9.41625e-120 -3.60041e-119
248.7 1 -1.29058e-119 -5.88524e-120 0 888.214 -1.29058e-119 -5.88524e-120
249.3 1 -4.48824e-120 2.88157e-120 0 890.357 -4.48824e-120 2.88157e-120
249.9 1 -6.48236e-122 2.24189e-120 0 892.5 -6.48236e-122 2.24189e-120
250.5 1 6.6658e-121 5.85864e-121 0 894.643 6.6658e-121 5.85864e-121
251.1 1 3.17139e-121 -7.76828e-122 0 896.786 3.17139e-121 -7.76828e-122
251.7 1 4.27893e-122 -1.26507e-121 0 898.929 4.27893e-122 -1.26507e-121
252.3 1 -2.93904e-122 -4.62039e-122 0 901.071 -2.93904e-122 -4.62039e-122
252.9 1 -2.01439e-122 -1.69702e-123 0 903.214 -2.01439e-122 -1.69702e-123
253.5 1 -4.72562e-123 6.35802e-123 0 905.357 -4.72562e-123 6.35802e-123
254.1 1 9.37036e-124 3.18533e-123 0 907.5 9.37036e-124 3.18533e-123
254.7 1 1.15989e-123 4.83372e-124 0 909.643 1.15989e-123 4.83372e-124
255.3 1 3.88631e-124 -2.68835e-124 0 911.786 3.88631e-124 -2.68835e-124
255.9 1 -1.05811e-127 -1.97923e-124 0 913.929 -1.05811e-127 -1.97923e-124
256.5 1 -5.98619e-125 -4.95142e-125 0 916.071 -5.98619e-125 -4.95142e-125
257.1 1 -2.74687e-125 7.70259e-126 0 918.214 -2.74687e-125 7.70259e-126
257.7 1 -3.40936e-126 1.11412e-125 0 920.357 -3.40936e-126 1.11412e-125
258.3 1 2.65312e-126 3.92834e-126 0 922.5 2.65312e-126 3.92834e-126
258.9 1 1.73999e-126 9.25574e-128 0 924.643 1.73999e-126 9.25574e-128
259.5 1 3.91143e-127 -5.59624e-127 0 926.786 3.91143e-127 -5.59624e-127
260.1 1 -8.72208e-128 -2.70633e-127 0 928.929 -8.72208e-128 -2.70633e-127
260.7 1 -9.98316e-128 -3.83515e-128 0 931.071 -9.98316e-128 -3.83515e-128
261.3 1 -3.2393e-128 2.38146e-128 0 933.214 -3.2393e-128 2.38146e-128
261.9 1 4.20962e-130 1.67621e-128 0 935.357 4.20962e-130 1.67621e-128
262.5 1 5.13869e-129 4.03622e-129 0 937.5 5.13869e-129 4.03622e-129
263.1 1 2.28746e-129 -7.10102e-130 0 939.643 2.28746e-129 -7.10102e-130
263.7 1 2.63123e-130 -9.39971e-130 0 941.786 2.63123e-130 -9.39971e-130
264.3 1 -2.28106e-130 -3.21644e-130 0 943.929 -2.28106e-130 -3.21644e-130
264.9 1 -1.4434e-130 -3.97821e-132 0 946.071 -1.4434e-130 -3.97821e-132
265.5 1 -3.12789e-131 4.70913e-131 0 948.214 -3.12789e-131 4.70913e-131
266.1 1 7.64422e-132 2.21158e-131 0 950.357 7.64422e-132 2.21158e-131
266.7 1 8.24152e-132 2.94972e-132 0 952.5 8.24152e-132 2.94972e-132
267.3 1 2.60333e-132 -2.00855e-132 0 954.643 2.60333e-132 -2.00855e-132
267.9 1 -6.12335e-134 -1.36379e-132 0 956.786 -6.12335e-134 -1.36379e-132
268.5 1 -4.22363e-133 -3.1795e-133 0 958.929 -4.22363e-133 -3.1795e-133
269.1 1 -1.83408e-133 6.14105e-134 0 961.071 -1.83408e-133 6.14105e-134
269.7 1 -1.97499e-134 7.60873e-134 0 963.214 -1.97499e-134 7.60873e-134
270.3 1 1.87197e-134 2.53994e-134 0 965.357 1.87197e-134 2.53994e-134
270.9 1 1.15148e-134 8.31173e-137 0 967.5 1.15148e-134 8.31173e-137
271.5 1 2.42101e-135 -3.79489e-135 0 969.643 2.42101e-135 -3.79489e-135
272.1 1 -6.33904e-136 -1.74061e-135 0 971.786 -6.33904e-136 -1.74061e-135
272.7 1 -6.53492e-136 -2.20594e-136 0 973.929 -6.53492e-136 -2.20594e-136
273.3 1 -2.02007e-136 1.61675e-136 0 976.071 -2.02007e-136 1.61675e-136
273.9 1 6.41101e-138 1.06741e-136 0 978.214 6.41101e-138 1.06741e-136
274.5 1 3.32909e-137 2.42413e-137 0 980.357 3.32909e-137 2.42413e-137
275.1 1 1.41765e-137 -5.01302e-138 0 982.5 1.41765e-137 -5.01302e-138
275.7 1 1.44681e-138 -5.91741e-138 0 984.643 1.44681e-138 -5.91741e-138
276.3 1 -1.46931e-138 -1.93685e-138 0 986.786 -1.46931e-138 -1.93685e-138
276.9 1 -8.84487e-139 7.13576e-141 0 988.929 -8.84487e-139 7.13576e-141
277.5 1 -1.81634e-139 2.93336e-139 0 991.071 -1.81634e-139 2.93336e-139
278.1 1 4.99292e-140 1.32098e-139 0 993.214 4.99292e-140 1.32098e-139
278.7 1 4.98345e-140 1.60797e-140 0 995.357 4.98345e-140 1.60797e-140
279.3 1 1.51515e-140 -1.24464e-140 0 997.5 1.51515e-140 -1.24464e-140
279.9 1 -5.70052e-142 -8.04643e-141 0 999.643 -5.70052e-142 -8.04643e-141
280.5 1 -2.52002e-141 -1.79102e-141 0 1001.79 -2.52002e-141 -1.79102e-141
281.1 1 -1.05751e-141 3.88057e-142 0 1003.93 -1.05751e-141 3.88057e-142
281.7 1 -1.03722e-142 4.42731e-142 0 1006.07 -1.03722e-142 4.42731e-142
282.3 1 1.10502e-142 1.42776e-142 0 1008.21 1.10502e-142 1.42776e-142
282.9 1 6.54908e-143 -1.21879e-144 0 1010.36 6.54908e-143 -1.21879e-144
283.5 1 1.32226e-143 -2.17813e-143 0 1012.5 1.32226e-143 -2.17813e-143
284.1 1 -3.74695e-144 -9.67705e-144 0 1014.64 -3.74695e-144 -9.67705e-144
284.7 1 -3.65937e-144 -1.14442e-144 0 1016.79 -3.65937e-144 -1.14442e-144
285.3 1 -1.09954e-144 9.1816e-145 0 1018.93 -1.09954e-144 9.1816e-145
285.9 1 4.53573e-146 5.84862e-145 0 1021.07 4.53573e-146 5.84862e-145
286.5 1 1.8345e-145 1.28352e-145 0 1023.21 1.8345e-145 1.28352e-145
287.1 1 7.62059e-146 -2.85884e-146 0 1025.36 7.62059e-146 -2.85884e-146
287.7 1 7.28911e-147 -3.19059e-146 0 1027.5 7.28911e-147 -3.19059e-146
288.3 1 -7.97624e-147 -1.01835e-146 0 1029.64 -7.97624e-147 -1.01835e-146
288.9 1 -4.67931e-147 1.15943e-148 0 1031.79 -4.67931e-147 1.15943e-148
289.5 1 -9.34765e-148 1.55585e-147 0 1033.93 -9.34765e-148 1.55585e-147
290.1 1 2.68608e-148 6.84966e-148 0 1036.07 2.68608e-148 6.84966e-148
290.7 1 2.59043e-148 7.96082e-149 0 1038.21 2.59043e-148 7.96082e-149
291.3 1 7.7266e-149 -6.50174e-149 0 1040.36 7.7266e-149 -6.50174e-149
291.9 1 -3.30394e-150 -4.10338e-149 0 1042.5 -3.30394e-150 -4.10338e-149
292.5 1 -1.28598e-149 -8.92843e-150 0 1044.64 -1.28598e-149 -8.92843e-150
293.1 1 -5.30974e-150 2.01022e-150 0 1046.79 -5.30974e-150 2.01022e-150
293.7 1 -5.02462e-151 2.21735e-150 0 1048.93 -5.02462e-151 2.21735e-150
294.3 1 5.53448e-151 7.0335e-151 0 1051.07 5.53448e-151 7.0335e-151
294.9 1 3.22946e-151 -8.71075e-153 0 1053.21 3.22946e-151 -8.71075e-153
295.5 1 6.42074e-152 -1.07051e-151 0 1055.36 6.42074e-152 -1.07051e-151
296.1 1 -1.8436e-152 -4.6888e-152 0 1057.5 -1.8436e-152 -4.6888e-152
296.7 1 -1.76994e-152 -5.41567e-153 0 1059.64 -1.76994e-152 -5.41567e-153
297.3 1 -5.26144e-153 4.41938e-153 0 1061.79 -5.26144e-153 4.41938e-153
297.9 1 2.39639e-154 2.77047e-153 0 1063.93 2.39639e-154 2.77047e-153
298.5 1 9.23824e-154 6.28231e-154 0 1066.07 9.23824e-154 6.28231e-154
299.1 1 3.93282e-154 4.25764e-155 0 1068.21 3.93282e-154 4.25764e-155
299.7 1 -3.28596e-154 2.40543e-154 0 1070.36 -3.28596e-154 2.40543e-154
