-19.975 1.5 1 -2.99358e-06 0 -166.458 1.5 -4.49038e-06
-19.925 1.5 1 -3.48193e-06 0 -166.042 1.5 -5.22289e-06
-19.875 1.5 0.999999 -3.47976e-06 0 -165.625 1.5 -5.21965e-06
-19.825 1.5 0.999998 -2.98614e-06 0 -165.208 1.5 -4.47921e-06
-19.775 1.5 0.999997 -2.07064e-06 0 -164.792 1.49999 -3.10596e-06
-19.725 1.5 0.999997 -8.65748e-07 0 -164.375 1.49999 -1.29862e-06
-19.675 1.5 0.999997 4.42153e-07 0 -163.958 1.49999 6.63229e-07
-19.625 1.5 0.999997 1.62498e-06 0 -163.542 1.49999 2.43747e-06
-19.575 1.5 0.999998 2.54954e-06 0 -163.125 1.5 3.8243e-06
-19.525 1.5 0.999999 3.09044e-06 0 -162.708 1.5 4.63566e-06
-19.475 1.5 1 3.17542e-06 0 -162.292 1.5 4.76313e-06
-19.425 1.5 1 2.79601e-06 0 -161.875 1.5 4.19402e-06
-19.375 1.5 1 2.00646e-06 0 -161.458 1.5 3.0097e-06
-19.325 1.5 1 9.28734e-07 0 -161.042 1.50001 1.3931e-06
-19.275 1.5 1 -2.61947e-07 0 -160.625 1.50001 -3.92921e-07
-19.225 1.5 1 -1.34965e-06 0 -160.208 1.50001 -2.02448e-06
-19.175 1.5 1 -2.19602e-06 0 -159.792 1.5 -3.29404e-06
-19.125 1.5 1 -2.69076e-06 0 -159.375 1.5 -4.03614e-06
-19.075 1.5 1 -2.76849e-06 0 -158.958 1.5 -4.15274e-06
-19.025 1.5 0.999999 -2.42702e-06 0 -158.542 1.5 -3.64052e-06
-18.975 1.5 0.999998 -1.71789e-06 0 -158.125 1.5 -2.57683e-06
-18.925 1.5 0.999997 -7.57522e-07 0 -157.708 1.5 -1.13628e-06
-18.875 1.5 0.999997 2.88374e-07 0 -157.292 1.49999 4.3256e-07
-18.825 1.5 0.999997 1.22213e-06 0 -156.875 1.5 1.83319e-06
-18.775 1.5 0.999998 1.92159e-06 0 -156.458 1.5 2.88238e-06
-18.725 1.5 0.999999 2.29562e-06 0 -156.042 1.5 3.44343e-06
-18.675 1.5 1 2.29562e-06 0 -155.625 1.5 3.44342e-06
-18.625 1.5 1 1.93691e-06 0 -155.208 1.5 2.90537e-06
-18.575 1.5 1 1.2796e-06 0 -154.792 1.5 1.91941e-06
-18.525 1.5 1 4.34588e-07 0 -154.375 1.5 6.51882e-07
-18.475 1.5 1 -4.43437e-07 0 -153.958 1.5 -6.65156e-07
-18.425 1.5 1 -1.17558e-06 0 -153.542 1.5 -1.76338e-06
-18.375 1.5 1 -1.67459e-06 0 -153.125 1.5 -2.51189e-06
-18.325 1.5 1 -1.879e-06 0 -152.708 1.5 -2.8185e-06
-18.275 1.5 1 -1.76401e-06 0 -152.292 1.5 -2.64601e-06
-18.225 1.5 0.999999 -1.36199e-06 0 -151.875 1.5 -2.04299e-06
-18.175 1.5 0.999998 -7.49013e-07 0 -151.458 1.5 -1.12352e-06
-18.125 1.5 0.999998 -3.54334e-08 0 -151.042 1.5 -5.315e-08
-18.075 1.5 0.999998 6.3748e-07 0 -150.625 1.5 9.5622e-07
-18.025 1.5 0.999998 1.13319e-06 0 -150.208 1.5 1.69978e-06
-17.975 1.5 0.999999 1.39739e-06 0 -149.792 1.5 2.09608e-06
-17.925 1.5 1 1.40003e-06 0 -149.375 1.5 2.10004e-06
-17.875 1.5 1 1.16107e-06 0 -148.958 1.5 1.74161e-06
-17.825 1.5 1 7.25985e-07 0 -148.542 1.5 1.08898e-06
-17.775 1.5 1 1.81277e-07 0 -148.125 1.5 2.71915e-07
-17.725 1.5 1 -3.65022e-07 0 -147.708 1.5 -5.47533e-07
-17.675 1.5 1 -7.9315e-07 0 -147.292 1.5 -1.18973e-06
-17.625 1.5 1 -1.01848e-06 0 -146.875 1.5 -1.52773e-06
-17.575 1.5 1 -1.02523e-06 0 -146.458 1.5 -1.53784e-06
-17.525 1.5 1 -8.3014e-07 0 -146.042 1.5 -1.24521e-06
-17.475 1.5 0.999999 -4.80827e-07 0 -145.625 1.5 -7.21241e-07
-17.425 1.5 0.999999 -4.6391e-08 0 -145.208 1.5 -6.95865e-08
-17.375 1.5 0.999998 3.81941e-07 0 -144.792 1.5 5.72911e-07
-17.325 1.5 0.999998 7.03917e-07 0 -144.375 1.5 1.05588e-06
-17.275 1.5 0.999998 8.40163e-07 0 -143.958 1.5 1.26025e-06
-17.225 1.5 0.999999 7.71055e-07 0 -143.542 1.5 1.15658e-06
-17.175 1.5 0.999999 5.22798e-07 0 -143.125 1.5 7.84198e-07
-17.125 1.5 1 1.48681e-07 0 -142.708 1.5 2.23022e-07
-17.075 1.5 1 -2.71845e-07 0 -142.292 1.5 -4.07767e-07
-17.025 1.5 1 -6.49391e-07 0 -141.875 1.5 -9.74086e-07
-16.975 1.5 1 -8.96651e-07 0 -141.458 1.5 -1.34498e-06
-16.925 1.5 1 -9.41377e-07 0 -141.042 1.5 -1.41207e-06
-16.875 1.5 1 -7.51674e-07 0 -140.625 1.5 -1.12751e-06
-16.825 1.5 1 -3.69226e-07 0 -140.208 1.5 -5.53838e-07
-16.775 1.5 1 1.29878e-07 0 -139.792 1.5 1.94817e-07
-16.725 1.5 1 6.44071e-07 0 -139.375 1.5 9.66107e-07
-16.675 1.5 0.999999 1.07328e-06 0 -138.958 1.5 1.60992e-06
-16.625 1.5 0.999998 1.32855e-06 0 -138.542 1.5 1.99282e-06
-16.575 1.5 0.999998 1.33906e-06 0 -138.125 1.5 2.00859e-06
-16.525 1.5 0.999998 1.0726e-06 0 -137.708 1.5 1.6089e-06
-16.475 1.5 0.999998 5.48039e-07 0 -137.292 1.5 8.22059e-07
-16.425 1.5 0.999999 -1.51344e-07 0 -136.875 1.5 -2.27017e-07
-16.375 1.5 0.999999 -8.85417e-07 0 -136.458 1.5 -1.32813e-06
-16.325 1.5 1 -1.51179e-06 0 -136.042 1.5 -2.26769e-06
-16.275 1.5 1 -1.90949e-06 0 -135.625 1.5 -2.86423e-06
-16.225 1.5 1 -1.99764e-06 0 -135.208 1.5 -2.99646e-06
-16.175 1.5 1 -1.73939e-06 0 -134.792 1.5 -2.60908e-06
-16.125 1.5 1 -1.15474e-06 0 -134.375 1.5 -1.73211e-06
-16.075 1.5 1 -3.04702e-07 0 -133.958 1.5 -4.57053e-07
-16.025 1.5 1 6.93574e-07 0 -133.542 1.5 1.04036e-06
-15.975 1.5 1 1.64766e-06 0 -133.125 1.5 2.47149e-06
-15.925 1.5 1 2.38364e-06 0 -132.708 1.5 3.57546e-06
-15.875 1.5 0.999999 2.76224e-06 0 -132.292 1.5 4.14336e-06
-15.825 1.5 0.999999 2.70351e-06 0 -131.875 1.5 4.05527e-06
-15.775 1.5 0.999998 2.20467e-06 0 -131.458 1.5 3.307e-06
-15.725 1.5 0.999997 1.32848e-06 0 -131.042 1.5 1.99272e-06
-15.675 1.5 0.999997 1.80199e-07 0 -130.625 1.5 2.70299e-07
-15.625 1.5 0.999998 -1.08922e-06 0 -130.208 1.5 -1.63383e-06
-15.575 1.5 0.999998 -2.27459e-06 0 -129.792 1.5 -3.41189e-06
-15.525 1.5 0.999999 -3.16716e-06 0 -129.375 1.5 -4.75073e-06
-15.475 1.5 1 -3.61039e-06 0 -128.958 1.5 -5.41558e-06
-15.425 1.5 1 -3.51858e-06 0 -128.542 1.5 -5.27786e-06
-15.375 1.5 1 -2.89334e-06 0 -128.125 1.5 -4.34e-06
-15.325 1.5 1 -1.81648e-06 0 -127.708 1.5 -2.72471e-06
-15.275 1.5 1 -4.22719e-07 0 -127.292 1.5 -6.34079e-07
-15.225 1.5 1 1.10764e-06 0 -126.875 1.5 1.66146e-06
-15.175 1.5 1 2.57335e-06 0 -126.458 1.5 3.86002e-06
-15.125 1.5 1 3.72929e-06 0 -126.042 1.5 5.59392e-06
-15.075 1.5 1 4.40137e-06 0 -125.625 1.5 6.60205e-06
-15.025 1.5 0.999999 4.4816e-06 0 -125.208 1.5 6.7224e-06
-14.975 1.5 0.999998 3.946e-06 0 -124.792 1.5 5.919e-06
-14.925 1.5 0.999996 2.84526e-06 0 -124.375 1.5 4.2679e-06
-14.875 1.5 0.999995 1.32045e-06 0 -123.958 1.5 1.98068e-06
-14.825 1.5 0.999995 -4.50537e-07 0 -123.542 1.49999 -6.75807e-07
-14.775 1.5 0.999995 -2.24899e-06 0 -123.125 1.49999 -3.37348e-06
-14.725 1.5 0.999996 -3.84309e-06 0 -122.708 1.5 -5.76464e-06
-14.675 1.5 0.999998 -4.98655e-06 0 -122.292 1.5 -7.47982e-06
-14.625 1.5 0.999999 -5.52036e-06 0 -121.875 1.5 -8.28054e-06
-14.575 1.5 1 -5.36395e-06 0 -121.458 1.5 -8.04592e-06
-14.525 1.5 1 -4.51391e-06 0 -121.042 1.5 -6.77086e-06
-14.475 1.5 1.00001 -3.06639e-06 0 -120.625 1.50001 -4.59958e-06
-14.425 1.5 1.00001 -1.17806e-06 0 -120.208 1.50001 -1.76709e-06
-14.375 1.5 1.00001 9.60066e-07 0 -119.792 1.50001 1.4401e-06
-14.325 1.5 1.00001 3.10705e-06 0 -119.375 1.50001 4.66057e-06
-14.275 1.5 1 4.96562e-06 0 -118.958 1.50001 7.44843e-06
-14.225 1.5 1 6.2779e-06 0 -118.542 1.5 9.41685e-06
-14.175 1.5 1 6.86702e-06 0 -118.125 1.5 1.03005e-05
-14.125 1.5 0.999998 6.64201e-06 0 -117.708 1.5 9.96302e-06
-14.075 1.5 0.999995 5.60054e-06 0 -117.292 1.49999 8.40082e-06
-14.025 1.5 0.999993 3.85066e-06 0 -116.875 1.49999 5.776e-06
-13.975 1.5 0.999992 1.57043e-06 0 -116.458 1.49999 2.35566e-06
-13.925 1.5 0.999992 -1.02683e-06 0 -116.042 1.49999 -1.54025e-06
-13.875 1.5 0.999992 -3.66346e-06 0 -115.625 1.49999 -5.4952e-06
-13.825 1.5 0.999994 -5.97963e-06 0 -115.208 1.49999 -8.96946e-06
-13.775 1.5 0.999997 -7.66987e-06 0 -114.792 1.5 -1.15048e-05
-13.725 1.5 1 -8.51135e-06 0 -114.375 1.5 -1.2767e-05
-13.675 1.5 1 -8.38273e-06 0 -113.958 1.5 -1.25741e-05
-13.625 1.5 1.00001 -7.27833e-06 0 -113.542 1.50001 -1.09175e-05
-13.575 1.5 1.00001 -5.29867e-06 0 -113.125 1.50001 -7.94799e-06
-13.525 1.5 1.00001 -2.64789e-06 0 -112.708 1.50001 -3.97182e-06
-13.475 1.5 1.00001 4.27843e-07 0 -112.292 1.50001 6.41763e-07
-13.425 1.5 1.00001 3.61453e-06 0 -111.875 1.50001 5.42178e-06
-13.375 1.5 1.00001 6.5255e-06 0 -111.458 1.50001 9.78823e-06
-13.325 1.5 1.00001 8.78463e-06 0 -111.042 1.50001 1.31769e-05
-13.275 1.5 1 1.01196e-05 0 -110.625 1.5 1.51794e-05
-13.225 1.5 0.999998 1.03616e-05 0 -110.208 1.5 1.55423e-05
-13.175 1.5 0.999995 9.47491e-06 0 -109.792 1.49999 1.42124e-05
-13.125 1.5 0.999992 7.53582e-06 0 -109.375 1.49999 1.13038e-05
-13.075 1.5 0.999989 4.73904e-06 0 -108.958 1.49999 7.10859e-06
-13.025 1.50001 0.999988 1.35709e-06 0 -108.542 1.49999 2.03564e-06
-12.975 1.50001 0.999988 -2.29902e-06 0 -108.125 1.49999 -3.44854e-06
-12.925 1.5 0.999989 -5.88e-06 0 -107.708 1.49999 -8.82003e-06
-12.875 1.5 0.999992 -8.91566e-06 0 -107.292 1.49999 -1.33735e-05
-12.825 1.5 0.999995 -1.10777e-05 0 -106.875 1.49999 -1.66166e-05
-12.775 1.5 0.999999 -1.21298e-05 0 -106.458 1.5 -1.81946e-05
-12.725 1.5 1 -1.1957e-05 0 -106.042 1.5 -1.79355e-05
-12.675 1.5 1.00001 -1.05696e-05 0 -105.625 1.50001 -1.58544e-05
-12.625 1.5 1.00001 -8.09168e-06 0 -105.208 1.50001 -1.21375e-05
-12.575 1.49999 1.00001 -4.76055e-06 0 -104.792 1.50001 -7.1408e-06
-12.525 1.49999 1.00001 -8.74638e-07 0 -104.375 1.50001 -1.31195e-06
-12.475 1.49999 1.00001 3.22927e-06 0 -103.958 1.50001 4.84388e-06
-12.425 1.49999 1.00001 7.17721e-06 0 -103.542 1.50001 1.07658e-05
-12.375 1.5 1.00001 1.04801e-05 0 -103.125 1.50001 1.57202e-05
-12.325 1.5 1.00001 1.28087e-05 0 -102.708 1.50001 1.92131e-05
-12.275 1.5 1 1.39319e-05 0 -102.292 1.5 2.08979e-05
-12.225 1.5 0.999996 1.37407e-05 0 -101.875 1.5 2.06111e-05
-12.175 1.5 0.999992 1.22518e-05 0 -101.458 1.49999 1.83778e-05
-12.125 1.50001 0.999988 9.59331e-06 0 -101.042 1.49999 1.439e-05
-12.075 1.50001 0.999985 6.00414e-06 0 -100.625 1.49999 9.00625e-06
-12.025 1.50001 0.999984 1.79263e-06 0 -100.208 1.49998 2.68896e-06
-11.975 1.50001 0.999984 -2.70276e-06 0 -99.7917 1.49998 -4.05417e-06
-11.925 1.50001 0.999986 -7.10453e-06 0 -99.375 1.49998 -1.06568e-05
-11.875 1.50001 0.999988 -1.08992e-05 0 -98.9583 1.49999 -1.63489e-05
-11.825 1.5 0.999992 -1.3743e-05 0 -98.5417 1.49999 -2.06146e-05
-11.775 1.5 0.999997 -1.53779e-05 0 -98.125 1.5 -2.30669e-05
-11.725 1.5 1 -1.56541e-05 0 -97.7083 1.5 -2.34812e-05
-11.675 1.5 1.00001 -1.45562e-05 0 -97.2917 1.50001 -2.18343e-05
-11.625 1.49999 1.00001 -1.21744e-05 0 -96.875 1.50001 -1.82616e-05
-11.575 1.49999 1.00001 -8.71854e-06 0 -96.4583 1.50001 -1.30777e-05
-11.525 1.49999 1.00002 -4.49337e-06 0 -96.0417 1.50002 -6.74001e-06
-11.475 1.49999 1.00002 1.90235e-07 0 -95.625 1.50002 2.85351e-07
-11.425 1.49999 1.00002 4.96762e-06 0 -95.2083 1.50002 7.45139e-06
-11.375 1.49999 1.00001 9.40685e-06 0 -94.7917 1.50002 1.41102e-05
-11.325 1.49999 1.00001 1.30798e-05 0 -94.375 1.50001 1.96196e-05
-11.275 1.5 1.00001 1.56748e-05 0 -93.9583 1.50001 2.35122e-05
-11.225 1.5 1 1.69721e-05 0 -93.5417 1.5 2.54582e-05
-11.175 1.5 0.999997 1.68757e-05 0 -93.125 1.5 2.53136e-05
-11.125 1.5 0.999992 1.54201e-05 0 -92.7083 1.49999 2.31302e-05
-11.075 1.50001 0.999987 1.2725e-05 0 -92.2917 1.49999 1.90876e-05
-11.025 1.50001 0.999984 9.01843e-06 0 -91.875 1.49998 1.35277e-05
-10.975 1.50001 0.999981 4.59958e-06 0 -91.4583 1.49998 6.89941e-06
-10.925 1.50001 0.999981 -2.39468e-07 0 -91.0417 1.49998 -3.59205e-07
-10.875 1.50001 0.999981 -5.15039e-06 0 -90.625 1.49998 -7.72563e-06
-10.825 1.50001 0.999984 -9.70811e-06 0 -90.2083 1.49998 -1.45622e-05
-10.775 1.50001 0.999987 -1.35088e-05 0 -89.7917 1.49999 -2.02632e-05
-10.725 1.5 0.999992 -1.62626e-05 0 -89.375 1.49999 -2.43939e-05
-10.675 1.5 0.999997 -1.77667e-05 0 -88.9583 1.5 -2.66501e-05
-10.625 1.5 1 -1.79245e-05 0 -88.5417 1.5 -2.68867e-05
-10.575 1.5 1.00001 -1.67593e-05 0 -88.125 1.50001 -2.51389e-05
-10.525 1.49999 1.00001 -1.43657e-05 0 -87.7083 1.50001 -2.15485e-05
-10.475 1.49999 1.00002 -1.09324e-05 0 -87.2917 1.50002 -1.63985e-05
-10.425 1.49999 1.00002 -6.72945e-06 0 -86.875 1.50002 -1.00941e-05
-10.375 1.49999 1.00002 -2.04991e-06 0 -86.4583 1.50002 -3.07484e-06
-10.325 1.49999 1.00002 2.8137e-06 0 -86.0417 1.50002 4.22052e-06
-10.275 1.49999 1.00002 7.54421e-06 0 -85.625 1.50002 1.13163e-05
-10.225 1.49999 1.00002 1.17e-05 0 -85.2083 1.50002 1.755e-05
-10.175 1.49999 1.00001 1.49984e-05 0 -84.7917 1.50001 2.24976e-05
-10.125 1.5 1.00001 1.7221e-05 0 -84.375 1.50001 2.58315e-05
-10.075 1.5 1 1.82328e-05 0 -83.9583 1.5 2.73491e-05
-10.025 1.5 0.999997 1.7994e-05 0 -83.5417 1.5 2.69911e-05
-9.975 1.5 0.999992 1.65507e-05 0 -83.125 1.49999 2.48262e-05
-9.925 1.50001 0.999987 1.40238e-05 0 -82.7083 1.49999 2.10358e-05
-9.875 1.50001 0.999984 1.05984e-05 0 -82.2917 1.49998 1.58976e-05
-9.825 1.50001 0.999981 6.52406e-06 0 -81.875 1.49998 9.78615e-06
-9.775 1.50001 0.99998 2.05969e-06 0 -81.4583 1.49998 3.08955e-06
-9.725 1.50001 0.99998 -2.5446e-06 0 -81.0417 1.49998 -3.81693e-06
-9.675 1.50001 0.999981 -7.01198e-06 0 -80.625 1.49998 -1.0518e-05
-9.625 1.50001 0.999984 -1.0962e-05 0 -80.2083 1.49998 -1.64431e-05
-9.575 1.50001 0.999988 -1.41558e-05 0 -79.7917 1.49999 -2.12338e-05
-9.525 1.5 0.999992 -1.64104e-05 0 -79.375 1.49999 -2.46156e-05
-9.475 1.5 0.999997 -1.76047e-05 0 -78.9583 1.5 -2.6407e-05
-9.425 1.5 1 -1.76937e-05 0 -78.5417 1.5 -2.65405e-05
-9.375 1.5 1.00001 -1.67147e-05 0 -78.125 1.50001 -2.5072e-05
-9.325 1.49999 1.00001 -1.47451e-05 0 -77.7083 1.50001 -2.21176e-05
-9.275 1.49999 1.00001 -1.19294e-05 0 -77.2917 1.50001 -1.7894e-05
-9.225 1.49999 1.00002 -8.46285e-06 0 -76.875 1.50002 -1.26942e-05
-9.175 1.49999 1.00002 -4.56956e-06 0 -76.4583 1.50002 -6.85429e-06
-9.125 1.49999 1.00002 -4.45759e-07 0 -76.0417 1.50002 -6.68634e-07
-9.075 1.49999 1.00002 3.69218e-06 0 -75.625 1.50002 5.53823e-06
-9.025 1.49999 1.00002 7.57388e-06 0 -75.2083 1.50002 1.13607e-05
-8.975 1.49999 1.00001 1.09443e-05 0 -74.7917 1.50001 1.64164e-05
-8.925 1.49999 1.00001 1.36225e-05 0 -74.375 1.50001 2.04336e-05
-8.875 1.5 1.00001 1.54718e-05 0 -73.9583 1.50001 2.32077e-05
-8.825 1.5 1 1.64103e-05 0 -73.5417 1.5 2.46154e-05
-8.775 1.5 0.999999 1.64197e-05 0 -73.125 1.5 2.46295e-05
-8.725 1.5 0.999994 1.55449e-05 0 -72.7083 1.49999 2.33174e-05
-8.675 1.50001 0.999991 1.38534e-05 0 -72.2917 1.49999 2.07802e-05
-8.625 1.50001 0.999987 1.14608e-05 0 -71.875 1.49999 1.71913e-05
-8.575 1.50001 0.999985 8.51888e-06 0 -71.4583 1.49999 1.27784e-05
-8.525 1.50001 0.999983 5.20837e-06 0 -71.0417 1.49998 7.81261e-06
-8.475 1.50001 0.999982 1.69233e-06 0 -70.625 1.49998 2.53852e-06
-8.425 1.50001 0.999982 -1.87753e-06 0 -70.2083 1.49998 -2.81632e-06
-8.375 1.50001 0.999983 -5.31431e-06 0 -69.7917 1.49998 -7.97152e-06
-8.325 1.50001 0.999985 -8.38777e-06 0 -69.375 1.49999 -1.25817e-05
-8.275 1.50001 0.999988 -1.09477e-05 0 -68.9583 1.49999 -1.64216e-05
-8.225 1.50001 0.999991 -1.28828e-05 0 -68.5417 1.49999 -1.93242e-05
-8.175 1.5 0.999995 -1.41196e-05 0 -68.125 1.5 -2.11795e-05
-8.125 1.5 0.999998 -1.46218e-05 0 -67.7083 1.5 -2.19328e-05
-8.075 1.5 1 -1.43942e-05 0 -67.2917 1.5 -2.15912e-05
-8.025 1.5 1.00001 -1.34791e-05 0 -66.875 1.50001 -2.02187e-05
-7.975 1.49999 1.00001 -1.19443e-05 0 -66.4583 1.50001 -1.79164e-05
-7.925 1.49999 1.00001 -9.88641e-06 0 -66.0417 1.50001 -1.48296e-05
-7.875 1.49999 1.00001 -7.42353e-06 0 -65.625 1.50001 -1.11352e-05
-7.825 1.49999 1.00001 -4.69192e-06 0 -65.2083 1.50001 -7.03783e-06
-7.775 1.49999 1.00002 -1.81627e-06 0 -64.7917 1.50001 -2.72438e-06
-7.725 1.49999 1.00002 1.09388e-06 0 -64.375 1.50001 1.64081e-06
-7.675 1.49999 1.00001 3.91172e-06 0 -63.9583 1.50001 5.86754e-06
-7.625 1.49999 1.00001 6.46027e-06 0 -63.5417 1.50001 9.69036e-06
-7.575 1.49999 1.00001 8.62941e-06 0 -63.125 1.50001 1.29441e-05
-7.525 1.49999 1.00001 1.03349e-05 0 -62.7083 1.50001 1.55023e-05
-7.475 1.5 1.00001 1.15171e-05 0 -62.2917 1.5 1.72757e-05
-7.425 1.5 1 1.21428e-05 0 -61.875 1.5 1.82142e-05
-7.375 1.5 1 1.22087e-05 0 -61.4583 1.5 1.83131e-05
-7.325 1.5 0.999997 1.17427e-05 0 -61.0417 1.5 1.76141e-05
-7.275 1.5 0.999994 1.07815e-05 0 -60.625 1.49999 1.61723e-05
-7.225 1.5 0.999992 9.38553e-06 0 -60.2083 1.49999 1.40783e-05
-7.175 1.50001 0.99999 7.6321e-06 0 -59.7917 1.49999 1.14482e-05
-7.125 1.50001 0.999988 5.61277e-06 0 -59.375 1.49999 8.41919e-06
-7.075 1.50001 0.999987 3.42787e-06 0 -58.9583 1.49999 5.14184e-06
-7.025 1.50001 0.999987 1.15927e-06 0 -58.5417 1.49999 1.73891e-06
-6.975 1.50001 0.999987 -1.11848e-06 0 -58.125 1.49999 -1.67773e-06
-6.925 1.50001 0.999988 -3.30493e-06 0 -57.7083 1.49999 -4.95742e-06
-6.875 1.50001 0.999989 -5.2856e-06 0 -57.2917 1.49999 -7.92843e-06
-6.825 1.50001 0.99999 -6.98386e-06 0 -56.875 1.49999 -1.04758e-05
-6.775 1.5 0.999992 -8.34049e-06 0 -56.4583 1.49999 -1.25108e-05
-6.725 1.5 0.999994 -9.31417e-06 0 -56.0417 1.5 -1.39713e-05
-6.675 1.5 0.999997 -9.88042e-06 0 -55.625 1.5 -1.48206e-05
-6.625 1.5 0.999999 -1.00335e-05 0 -55.2083 1.5 -1.50503e-05
-6.575 1.5 1 -9.78873e-06 0 -54.7917 1.5 -1.46831e-05
-6.525 1.5 1 -9.17191e-06 0 -54.375 1.5 -1.37579e-05
-6.475 1.5 1.00001 -8.22033e-06 0 -53.9583 1.5 -1.23305e-05
-6.425 1.5 1.00001 -6.9829e-06 0 -53.5417 1.50001 -1.04743e-05
-6.375 1.49999 1.00001 -5.517e-06 0 -53.125 1.50001 -8.27547e-06
-6.325 1.49999 1.00001 -3.88834e-06 0 -52.7083 1.50001 -5.83248e-06
-6.275 1.49999 1.00001 -2.16255e-06 0 -52.2917 1.50001 -3.24381e-06
-6.225 1.49999 1.00001 -3.9072e-07 0 -51.875 1.50001 -5.86078e-07
-6.175 1.49999 1.00001 1.37284e-06 0 -51.4583 1.50001 2.05926e-06
-6.125 1.49999 1.00001 3.04292e-06 0 -51.0417 1.50001 4.56436e-06
-6.075 1.49999 1.00001 4.55018e-06 0 -50.625 1.50001 6.82524e-06
-6.025 1.49999 1.00001 5.84543e-06 0 -50.2083 1.50001 8.76812e-06
-5.975 1.5 1.00001 6.88789e-06 0 -49.7917 1.5 1.03318e-05
-5.925 1.5 1 7.64753e-06 0 -49.375 1.5 1.14713e-05
-5.875 1.5 1 8.10509e-06 0 -48.9583 1.5 1.21576e-05
-5.825 1.5 1 8.25243e-06 0 -48.5417 1.5 1.23786e-05
-5.775 1.5 0.999998 8.09481e-06 0 -48.125 1.5 1.21422e-05
-5.725 1.5 0.999996 7.64766e-06 0 -47.7083 1.5 1.14715e-05
-5.675 1.5 0.999994 6.93286e-06 0 -47.2917 1.49999 1.03993e-05
-5.625 1.5 0.999993 5.98011e-06 0 -46.875 1.49999 8.97019e-06
-5.575 1.5 0.999991 4.82452e-06 0 -46.4583 1.49999 7.2368e-06
-5.525 1.50001 0.99999 3.50676e-06 0 -46.0417 1.49999 5.26016e-06
-5.475 1.50001 0.99999 2.07253e-06 0 -45.625 1.49999 3.10881e-06
-5.425 1.50001 0.999989 5.59061e-07 0 -45.2083 1.49999 8.38595e-07
-5.375 1.50001 0.999989 -9.96271e-07 0 -44.7917 1.49999 -1.49441e-06
-5.325 1.50001 0.999989 -2.55484e-06 0 -44.375 1.49999 -3.83227e-06
-5.275 1.50001 0.99999 -4.0577e-06 0 -43.9583 1.49999 -6.08657e-06
-5.225 1.5 0.999991 -5.4552e-06 0 -43.5417 1.49999 -8.18283e-06
-5.175 1.5 0.999992 -6.71194e-06 0 -43.125 1.49999 -1.00679e-05
-5.125 1.5 0.999993 -7.79649e-06 0 -42.7083 1.49999 -1.16948e-05
-5.075 1.5 0.999994 -8.68346e-06 0 -42.2917 1.49999 -1.30252e-05
-5.025 1.5 0.999996 -9.3541e-06 0 -41.875 1.49999 -1.40312e-05
-4.975 1.5 0.999998 -9.79599e-06 0 -41.4583 1.49999 -1.4694e-05
-4.925 1.5 0.999999 -1.00039e-05 0 -41.0417 1.5 -1.50059e-05
-4.875 1.5 1 -9.98122e-06 0 -40.625 1.5 -1.49718e-05
-4.825 1.49999 1 -9.73795e-06 0 -40.2083 1.5 -1.46069e-05
-4.775 1.49999 1 -9.28532e-06 0 -39.7917 1.5 -1.39279e-05
-4.725 1.49999 1.00001 -8.64036e-06 0 -39.375 1.5 -1.29605e-05
-4.675 1.49999 1.00001 -7.82467e-06 0 -38.9583 1.5 -1.17369e-05
-4.625 1.49999 1.00001 -6.86412e-06 0 -38.5417 1.5 -1.02961e-05
-4.575 1.49999 1.00001 -5.78943e-06 0 -38.125 1.5 -8.68407e-06
-4.525 1.49999 1.00001 -4.63109e-06 0 -37.7083 1.5 -6.94657e-06
-4.475 1.49999 1.00001 -3.41062e-06 0 -37.2917 1.5 -5.11588e-06
-4.425 1.49999 1.00001 -2.16435e-06 0 -36.875 1.5 -3.24649e-06
-4.375 1.49999 1.00001 -9.13572e-07 0 -36.4583 1.5 -1.37035e-06
-4.325 1.49999 1.00001 2.98783e-07 0 -36.0417 1.5 4.4817e-07
-4.275 1.49999 1.00001 1.43308e-06 0 -35.625 1.5 2.14959e-06
-4.225 1.49999 1.00001 2.4598e-06 0 -35.2083 1.5 3.68967e-06
-4.175 1.49999 1 3.35247e-06 0 -34.7917 1.49999 5.02866e-06
-4.125 1.49999 1 4.08623e-06 0 -34.375 1.49999 6.1293e-06
-4.075 1.49999 1 4.63966e-06 0 -33.9583 1.49999 6.95943e-06
-4.025 1.49999 0.999999 4.99493e-06 0 -33.5417 1.49999 7.49234e-06
-3.975 1.49999 0.999997 5.13822e-06 0 -33.125 1.49999 7.70728e-06
-3.925 1.49999 0.999995 5.06002e-06 0 -32.7083 1.49998 7.58999e-06
-3.875 1.49999 0.999993 4.75485e-06 0 -32.2917 1.49998 7.13224e-06
-3.825 1.49999 0.99999 4.22275e-06 0 -31.875 1.49998 6.33409e-06
-3.775 1.49999 0.999988 3.47508e-06 0 -31.4583 1.49997 5.2126e-06
-3.725 1.49999 0.999986 2.52585e-06 0 -31.0417 1.49997 3.78876e-06
-3.675 1.49999 0.999984 1.37981e-06 0 -30.625 1.49997 2.0697e-06
-3.625 1.49999 0.999981 3.24874e-08 0 -30.2083 1.49997 4.87309e-08
-3.575 1.49999 0.99998 -1.50233e-06 0 -29.7917 1.49996 -2.25348e-06
-3.525 1.49999 0.999978 -3.19884e-06 0 -29.375 1.49996 -4.79825e-06
-3.475 1.49999 0.999976 -5.0318e-06 0 -28.9583 1.49996 -7.54766e-06
-3.425 1.49999 0.999975 -6.97536e-06 0 -28.5417 1.49996 -1.0463e-05
-3.375 1.49999 0.999974 -9.00385e-06 0 -28.125 1.49995 -1.35057e-05
-3.325 1.49999 0.999973 -1.10928e-05 0 -27.7083 1.49995 -1.6639e-05
-3.275 1.49999 0.999972 -1.32191e-05 0 -27.2917 1.49995 -1.98284e-05
-3.225 1.49999 0.999971 -1.53607e-05 0 -26.875 1.49994 -2.30408e-05
-3.175 1.49998 0.999971 -1.74958e-05 0 -26.4583 1.49994 -2.62435e-05
-3.125 1.49998 0.999971 -1.96029e-05 0 -26.0417 1.49994 -2.9404e-05
-3.075 1.49998 0.999971 -2.16608e-05 0 -25.625 1.49993 -3.24908e-05
-3.025 1.49998 0.999971 -2.36506e-05 0 -25.2083 1.49993 -3.54753e-05
-2.975 1.49997 0.999971 -2.55584e-05 0 -24.7917 1.49993 -3.83368e-05
-2.925 1.49997 0.999971 -2.73722e-05 0 -24.375 1.49992 -4.10574e-05
-2.875 1.49996 0.999971 -2.90818e-05 0 -23.9583 1.49992 -4.36217e-05
-2.825 1.49996 0.999971 -3.06837e-05 0 -23.5417 1.49992 -4.60243e-05
-2.775 1.49996 0.999971 -3.21784e-05 0 -23.125 1.49991 -4.82661e-05
-2.725 1.49995 0.99997 -3.35734e-05 0 -22.7083 1.49991 -5.03585e-05
-2.675 1.49995 0.99997 -3.48784e-05 0 -22.2917 1.4999 -5.23157e-05
-2.625 1.49994 0.999969 -3.61074e-05 0 -21.875 1.49989 -5.4159e-05
-2.575 1.49993 0.999968 -3.72788e-05 0 -21.4583 1.49989 -5.59158e-05
-2.525 1.49993 0.999966 -3.84147e-05 0 -21.0417 1.49988 -5.76193e-05
-2.475 1.49992 0.999965 -3.95407e-05 0 -20.625 1.49987 -5.9308e-05
-2.425 1.49992 0.999962 -4.06859e-05 0 -20.2083 1.49986 -6.10255e-05
-2.375 1.49991 0.99996 -4.1883e-05 0 -19.7917 1.49985 -6.28208e-05
-2.325 1.49991 0.999956 -4.31681e-05 0 -19.375 1.49984 -6.47481e-05
-2.275 1.4999 0.999952 -4.45808e-05 0 -18.9583 1.49983 -6.68666e-05
-2.225 1.49989 0.999948 -4.61633e-05 0 -18.5417 1.49981 -6.92399e-05
-2.175 1.49989 0.999943 -4.79605e-05 0 -18.125 1.4998 -7.19353e-05
-2.125 1.49988 0.999937 -5.00194e-05 0 -17.7083 1.49978 -7.5023e-05
-2.075 1.49987 0.99993 -5.2388e-05 0 -17.2917 1.49977 -7.85753e-05
-2.025 1.49986 0.999923 -5.51156e-05 0 -16.875 1.49975 -8.26659e-05
-1.975 1.49986 0.999915 -5.82518e-05 0 -16.4583 1.49973 -8.73693e-05
-1.925 1.49985 0.999906 -6.18465e-05 0 -16.0417 1.49971 -9.27604e-05
-1.875 1.49984 0.999897 -6.59494e-05 0 -15.625 1.49968 -9.89134e-05
-1.825 1.49983 0.999887 -7.06094e-05 0 -15.2083 1.49966 -0.000105902
-1.775 1.49982 0.999876 -7.58747e-05 0 -14.7917 1.49963 -0.000113798
-1.725 1.49981 0.999864 -8.17925e-05 0 -14.375 1.4996 -0.000122673
-1.675 1.4998 0.999851 -8.84089e-05 0 -13.9583 1.49957 -0.000132595
-1.625 1.49978 0.999838 -9.57687e-05 0 -13.5417 1.49954 -0.000143632
-1.575 1.49977 0.999824 -0.000103916 0 -13.125 1.4995 -0.00015585
-1.525 1.49975 0.999809 -0.000112895 0 -12.7083 1.49947 -0.000169315
-1.475 1.49974 0.999793 -0.000122748 0 -12.2917 1.49943 -0.00018409
-1.425 1.49972 0.999776 -0.000133519 0 -11.875 1.49938 -0.000200241
-1.375 1.4997 0.999758 -0.000145252 0 -11.4583 1.49934 -0.000217834
-1.325 1.49968 0.99974 -0.000157991 0 -11.0417 1.49929 -0.000236936
-1.275 1.49966 0.99972 -0.000171785 0 -10.625 1.49924 -0.000257618
-1.225 1.49963 0.999699 -0.000186682 0 -10.2083 1.49918 -0.000279953
-1.175 1.4996 0.999677 -0.000202733 0 -9.79167 1.49912 -0.000304019
-1.125 1.49957 0.999654 -0.000219994 0 -9.375 1.49905 -0.000329897
-1.075 1.49954 0.99963 -0.000238524 0 -8.95833 1.49899 -0.000357676
-1.025 1.49951 0.999604 -0.000258385 0 -8.54167 1.49891 -0.000387449
-0.975 1.49947 0.999577 -0.000279645 0 -8.125 1.49883 -0.000419318
-0.925 1.49943 0.999548 -0.000302379 0 -7.70833 1.49875 -0.000453395
-0.875 1.49938 0.999518 -0.000326667 0 -7.29167 1.49866 -0.000489798
-0.825 1.49933 0.999485 -0.000352597 0 -6.875 1.49856 -0.00052866
-0.775 1.49928 0.999451 -0.000380266 0 -6.45833 1.49846 -0.000570125
-0.725 1.49923 0.999414 -0.000409778 0 -6.04167 1.49835 -0.00061435
-0.675 1.49917 0.999375 -0.00044125 0 -5.625 1.49823 -0.000661507
-0.625 1.4991 0.999333 -0.000474807 0 -5.20833 1.4981 -0.000711783
-0.575 1.49903 0.999288 -0.000510586 0 -4.79167 1.49796 -0.000765384
-0.525 1.49896 0.999241 -0.000548735 0 -4.375 1.49782 -0.000822529
-0.475 1.49888 0.99919 -0.000589415 0 -3.95833 1.49766 -0.00088346
-0.425 1.49879 0.999135 -0.000632802 0 -3.54167 1.49749 -0.000948437
-0.375 1.4987 0.999076 -0.000679084 0 -3.125 1.49731 -0.00101774
-0.325 1.4986 0.999013 -0.000728464 0 -2.70833 1.49712 -0.00109167
-0.275 1.49849 0.998946 -0.000781162 0 -2.29167 1.49691 -0.00117056
-0.225 1.49837 0.998874 -0.000837412 0 -1.875 1.49669 -0.00125476
-0.175 1.49825 0.998796 -0.000897468 0 -1.45833 1.49645 -0.00134463
-0.125 1.49812 0.998712 -0.0009616 0 -1.04167 1.49619 -0.00144059
-0.075 1.49798 0.998623 -0.0010301 0 -0.625 1.49592 -0.00154307
-0.025 1.49783 0.998526 -0.00110327 0 -0.208333 1.49562 -0.00165251
0.025 1.49767 0.998423 -0.00118146 0 0.208333 1.49531 -0.00176943
0.075 1.49749 0.998312 -0.001265 0 0.625 1.49497 -0.00189433
0.125 1.49731 0.998192 -0.00135428 0 1.04167 1.4946 -0.00202777
0.175 1.49711 0.998063 -0.0014497 0 1.45833 1.49421 -0.00217036
0.225 1.4969 0.997925 -0.00155168 0 1.875 1.49379 -0.00232271
0.275 1.49667 0.997777 -0.00166069 0 2.29167 1.49334 -0.00248551
0.325 1.49643 0.997617 -0.0017772 0 2.70833 1.49286 -0.00265945
0.375 1.49617 0.997446 -0.00190172 0 3.125 1.49235 -0.0028453
0.425 1.49589 0.997261 -0.00203481 0 3.54167 1.49179 -0.00304385
0.475 1.49559 0.997063 -0.00217703 0 3.95833 1.4912 -0.00325596
0.525 1.49528 0.99685 -0.00232901 0 4.375 1.49057 -0.00348252
0.575 1.49494 0.996622 -0.00249139 0 4.79167 1.48989 -0.00372447
0.625 1.49457 0.996376 -0.00266485 0 5.20833 1.48916 -0.00398281
0.675 1.49418 0.996113 -0.00285012 0 5.625 1.48837 -0.00425859
0.725 1.49376 0.99583 -0.00304794 0 6.04167 1.48754 -0.00455291
0.775 1.49332 0.995526 -0.00325912 0 6.45833 1.48664 -0.00486691
0.825 1.49284 0.995199 -0.00348449 0 6.875 1.48568 -0.0052018
0.875 1.49233 0.994849 -0.00372492 0 7.29167 1.48465 -0.00555883
0.925 1.49179 0.994473 -0.00398132 0 7.70833 1.48355 -0.0059393
0.975 1.49121 0.994069 -0.00425466 0 8.125 1.48237 -0.00634459
1.025 1.49059 0.993636 -0.00454595 0 8.54167 1.4811 -0.00677614
1.075 1.48992 0.993171 -0.0048563 0 8.95833 1.47975 -0.00723551
1.125 1.48921 0.992672 -0.0051869 0 9.375 1.4783 -0.0077244
1.175 1.48845 0.992137 -0.00553909 0 9.79167 1.47675 -0.00824467
1.225 1.48763 0.991562 -0.00591437 0 10.2083 1.47508 -0.00879842
1.275 1.48676 0.990946 -0.00631448 0 10.625 1.4733 -0.0093881
1.325 1.48581 0.990285 -0.00674144 0 11.0417 1.47138 -0.0100165
1.375 1.4848 0.989576 -0.0071976 0 11.4583 1.46932 -0.010687
1.425 1.4837 0.988816 -0.00768567 0 11.875 1.4671 -0.0114032
1.475 1.48251 0.988 -0.00820874 0 12.2917 1.46472 -0.0121695
1.525 1.48123 0.987125 -0.00877029 0 12.7083 1.46216 -0.0129908
1.575 1.47984 0.986187 -0.00937411 0 13.125 1.4594 -0.0138722
1.625 1.47834 0.985182 -0.0100242 0 13.5417 1.45644 -0.0148192
1.675 1.47674 0.984104 -0.0107247 0 13.9583 1.45326 -0.0158375
1.725 1.47501 0.982948 -0.0114794 0 14.375 1.44986 -0.0169322
1.775 1.47316 0.981709 -0.0122922 0 14.7917 1.44622 -0.0181084
1.825 1.4712 0.980381 -0.0131663 0 15.2083 1.44233 -0.0193702
1.875 1.46911 0.978958 -0.0141046 0 15.625 1.43819 -0.0207211
1.925 1.46689 0.977433 -0.0151094 0 16.0417 1.43379 -0.0221638
1.975 1.46454 0.975799 -0.0161828 0 16.4583 1.4291 -0.0237004
2.025 1.46205 0.974049 -0.0173267 0 16.875 1.42411 -0.0253325
2.075 1.45941 0.972174 -0.0185434 0 17.2917 1.4188 -0.0270624
2.125 1.45659 0.970167 -0.0198358 0 17.7083 1.41314 -0.0288927
2.175 1.45359 0.968017 -0.021208 0 18.125 1.4071 -0.0308276
2.225 1.45036 0.965716 -0.022665 0 18.5417 1.40064 -0.0328724
2.275 1.44691 0.963253 -0.0242129 0 18.9583 1.39374 -0.0350338
2.325 1.4432 0.960617 -0.0258589 0 19.375 1.38636 -0.0373195
2.375 1.43922 0.957797 -0.0276103 0 19.7917 1.37848 -0.0397373
2.425 1.43498 0.954781 -0.0294741 0 20.2083 1.37009 -0.0422947
2.475 1.43046 0.951556 -0.0314562 0 20.625 1.36116 -0.0449969
2.525 1.42568 0.948108 -0.0335608 0 21.0417 1.3517 -0.0478469
2.575 1.42063 0.944423 -0.03579 0 21.4583 1.34167 -0.0508442
2.625 1.41531 0.940487 -0.0381441 0 21.875 1.33108 -0.0539857
2.675 1.40971 0.936284 -0.0406225 0 22.2917 1.31989 -0.057266
2.725 1.40382 0.931798 -0.0432236 0 22.7083 1.30808 -0.0606783
2.775 1.39762 0.927013 -0.0459457 0 23.125 1.29561 -0.0642146
2.825 1.39107 0.92191 -0.0487874 0 23.5417 1.28244 -0.0678668
2.875 1.38416 0.916473 -0.0517474 0 23.9583 1.26855 -0.0716268
2.925 1.37686 0.910682 -0.0548249 0 24.375 1.25389 -0.0754864
2.975 1.36916 0.904519 -0.0580186 0 24.7917 1.23843 -0.0794368
3.025 1.36105 0.897964 -0.0613257 0 25.2083 1.22217 -0.0834671
3.075 1.35251 0.890998 -0.0647413 0 25.625 1.20508 -0.0875633
3.125 1.34355 0.883603 -0.0682579 0 26.0417 1.18717 -0.0917081
3.175 1.33417 0.875759 -0.0718651 0 26.4583 1.16841 -0.0958804
3.225 1.32437 0.867447 -0.0755496 0 26.875 1.14882 -0.100056
3.275 1.31416 0.85865 -0.079295 0 27.2917 1.1284 -0.104206
3.325 1.30353 0.849353 -0.0830807 0 27.7083 1.10716 -0.108298
3.375 1.2925 0.839542 -0.0868818 0 28.125 1.08511 -0.112294
3.425 1.28107 0.829202 -0.0906693 0 28.5417 1.06227 -0.116154
3.475 1.26927 0.818322 -0.0944102 0 28.9583 1.03867 -0.119832
3.525 1.2571 0.806897 -0.0980675 0 29.375 1.01435 -0.123281
3.575 1.24459 0.794924 -0.101599 0 29.7917 0.989357 -0.12645
3.625 1.23178 0.78241 -0.104958 0 30.2083 0.963756 -0.129285
3.675 1.2187 0.769364 -0.10809 0 30.625 0.937621 -0.131729
3.725 1.20539 0.755802 -0.110937 0 31.0417 0.911034 -0.133722
3.775 1.1919 0.741749 -0.113436 0 31.4583 0.88409 -0.135204
3.825 1.17829 0.727241 -0.115521 0 31.875 0.856899 -0.136116
3.875 1.16462 0.712325 -0.117122 0 32.2917 0.829589 -0.136402
3.925 1.15098 0.69706 -0.118163 0 32.7083 0.802305 -0.136004
3.975 1.13744 0.681524 -0.118565 0 33.125 0.775195 -0.134861
4.025 1.12408 0.665827 -0.118256 0 33.5417 0.74844 -0.132928
4.075 1.11096 0.650061 -0.117166 0 33.9583 0.722191 -0.130167
4.125 1.09817 0.63432 -0.115224 0 34.375 0.69659 -0.126536
4.175 1.0858 0.61873 -0.112365 0 34.7917 0.671815 -0.122006
4.225 1.07393 0.603431 -0.108538 0 35.2083 0.64804 -0.116562
4.275 1.06265 0.588575 -0.103705 0 35.625 0.625448 -0.110202
4.325 1.05205 0.574324 -0.097847 0 36.0417 0.60422 -0.10294
4.375 1.04223 0.560849 -0.0909641 0 36.4583 0.584534 -0.0948056
4.425 1.03326 0.548321 -0.0830746 0 36.875 0.566561 -0.085838
4.475 1.02523 0.536912 -0.0742186 0 37.2917 0.550461 -0.0760915
4.525 1.01822 0.526785 -0.0644614 0 37.7083 0.536381 -0.0656356
4.575 1.01227 0.518092 -0.0538937 0 38.125 0.524451 -0.0545551
4.625 1.00747 0.510974 -0.0426291 0 38.5417 0.514789 -0.0429473
4.675 1.00384 0.505546 -0.0308005 0 38.9583 0.507487 -0.0309188
4.725 1.00142 0.501902 -0.018559 0 39.375 0.502617 -0.0185855
4.775 1.0003 0.500106 -0.00605684 0 39.7917 0.500256 -0.00605865
4.825 1.00015 0.500187 0.00649002 0 40.2083 0.500263 0.006491
4.875 1.00102 0.502136 0.0188101 0 40.625 0.502646 0.0188292
4.925 1.00352 0.50591 0.0308328 0 41.0417 0.50769 0.0309413
4.975 1.00737 0.511442 0.0424494 0 41.4583 0.51521 0.0427622
5.025 1.01233 0.51864 0.0535162 0 41.875 0.525034 0.0541761
5.075 1.01838 0.527387 0.0638963 0 42.2917 0.537077 0.0650704
5.125 1.02549 0.537546 0.073481 0 42.7083 0.551248 0.0753541
5.175 1.03361 0.548965 0.082187 0 43.125 0.567417 0.0849495
5.225 1.04266 0.561483 0.0899527 0 43.5417 0.585434 0.0937899
5.275 1.05255 0.574928 0.0967392 0 43.9583 0.605138 0.101822
5.325 1.0632 0.589131 0.102529 0 44.375 0.626361 0.109008
5.375 1.07452 0.603928 0.107325 0 44.7917 0.64893 0.115322
5.425 1.08642 0.619161 0.111146 0 45.2083 0.672671 0.120752
5.475 1.09882 0.634683 0.11403 0 45.625 0.697404 0.125299
5.525 1.11163 0.650355 0.116027 0 46.0417 0.722956 0.128979
5.575 1.12478 0.666052 0.117193 0 46.4583 0.749161 0.131816
5.625 1.13814 0.681654 0.117586 0 46.875 0.775819 0.13383
5.675 1.15162 0.697046 0.117277 0 47.2917 0.802732 0.135058
5.725 1.16515 0.712155 0.11634 0 47.7083 0.829767 0.135554
5.775 1.17867 0.726935 0.114846 0 48.125 0.856819 0.135367
5.825 1.19213 0.741327 0.112866 0 48.5417 0.883762 0.134551
5.875 1.20548 0.755287 0.110466 0 48.9583 0.910486 0.133165
5.925 1.21867 0.768776 0.107713 0 49.375 0.936883 0.131267
5.975 1.23164 0.781767 0.10467 0 49.7917 0.962857 0.128916
6.025 1.24436 0.794242 0.101393 0 50.2083 0.988325 0.12617
6.075 1.25679 0.806189 0.0979374 0 50.625 1.01321 0.123087
6.125 1.2689 0.817604 0.0943489 0 51.0417 1.03746 0.11972
6.175 1.28067 0.828485 0.0906705 0 51.4583 1.06102 0.116119
6.225 1.29207 0.838838 0.0869402 0 51.875 1.08383 0.112333
6.275 1.30308 0.84867 0.0831914 0 52.2917 1.10588 0.108405
6.325 1.3137 0.857992 0.0794529 0 52.7083 1.12714 0.104377
6.375 1.3239 0.866816 0.0757492 0 53.125 1.14758 0.100285
6.425 1.3337 0.875157 0.0721011 0 53.5417 1.1672 0.0961615
6.475 1.34309 0.883033 0.068526 0 53.9583 1.18599 0.0920365
6.525 1.35206 0.890462 0.0650383 0 54.375 1.20396 0.087936
6.575 1.36063 0.897462 0.0616494 0 54.7917 1.22111 0.0838821
6.625 1.3688 0.904053 0.0583681 0 55.2083 1.23746 0.0798941
6.675 1.37657 0.910252 0.055201 0 55.625 1.25302 0.075988
6.725 1.38395 0.916081 0.052153 0 56.0417 1.26781 0.0721773
6.775 1.39097 0.921556 0.0492272 0 56.4583 1.28185 0.0684733
6.825 1.39761 0.926697 0.0464252 0 56.875 1.29516 0.0648844
6.875 1.40391 0.931521 0.0437474 0 57.2917 1.30777 0.0614173
6.925 1.40986 0.936045 0.0411932 0 57.7083 1.31969 0.0580767
6.975 1.41549 0.940287 0.0387611 0 58.125 1.33097 0.054866
7.025 1.42081 0.944261 0.036449 0 58.5417 1.34161 0.051787
7.075 1.42582 0.947985 0.0342541 0 58.9583 1.35166 0.0488402
7.125 1.43055 0.951472 0.0321731 0 59.375 1.36113 0.0460251
7.175 1.435 0.954735 0.0302024 0 59.7917 1.37005 0.0433405
7.225 1.43919 0.95779 0.0283382 0 60.2083 1.37844 0.0407842
7.275 1.44314 0.960647 0.0265765 0 60.625 1.38634 0.0383535
7.325 1.44684 0.96332 0.0249131 0 61.0417 1.39377 0.0360453
7.375 1.45033 0.965819 0.0233437 0 61.4583 1.40075 0.0338559
7.425 1.4536 0.968155 0.0218641 0 61.875 1.40731 0.0317815
7.475 1.45666 0.970338 0.02047 0 62.2917 1.41346 0.0298178
7.525 1.45954 0.972378 0.0191572 0 62.7083 1.41923 0.0279608
7.575 1.46224 0.974282 0.0179217 0 63.125 1.42464 0.0262058
7.625 1.46477 0.976061 0.0167594 0 63.5417 1.4297 0.0245487
7.675 1.46714 0.977721 0.0156665 0 63.9583 1.43445 0.022985
7.725 1.46935 0.97927 0.0146392 0 64.375 1.43889 0.0215102
7.775 1.47143 0.980715 0.0136739 0 64.7917 1.44305 0.0201202
7.825 1.47337 0.982062 0.0127672 0 65.2083 1.44694 0.0188108
7.875 1.47518 0.983317 0.0119157 0 65.625 1.45057 0.0175779
7.925 1.47687 0.984487 0.0111164 0 66.0417 1.45396 0.0164175
7.975 1.47845 0.985576 0.0103662 0 66.4583 1.45713 0.0153259
8.025 1.47993 0.98659 0.0096623 0 66.875 1.46008 0.0142995
8.075 1.48131 0.987532 0.00900208 0 67.2917 1.46284 0.0133348
8.125 1.48259 0.988409 0.00838302 0 67.7083 1.4654 0.0124286
8.175 1.48379 0.989223 0.00780276 0 68.125 1.46779 0.0115776
8.225 1.4849 0.989978 0.0072591 0 68.5417 1.47002 0.010779
8.275 1.48593 0.990679 0.00674996 0 68.9583 1.47208 0.01003
8.325 1.4869 0.991329 0.00627341 0 69.375 1.47401 0.00932793
8.375 1.4878 0.991931 0.00582765 0 69.7917 1.47579 0.00867035
8.425 1.48863 0.992488 0.00541097 0 70.2083 1.47745 0.00805493
8.475 1.4894 0.993003 0.00502181 0 70.625 1.47898 0.0074795
8.525 1.49012 0.99348 0.0046587 0 71.0417 1.4804 0.00694202
8.575 1.49079 0.993919 0.00432026 0 71.4583 1.48172 0.00644058
8.625 1.4914 0.994325 0.00400519 0 71.875 1.48294 0.00597336
8.675 1.49198 0.9947 0.00371229 0 72.2917 1.48407 0.00553866
8.725 1.49251 0.995045 0.00344042 0 72.7083 1.48511 0.00513485
8.775 1.493 0.995364 0.00318848 0 73.125 1.48608 0.0047604
8.825 1.49346 0.995658 0.00295545 0 73.5417 1.48697 0.00441384
8.875 1.49388 0.995929 0.00274033 0 73.9583 1.4878 0.00409373
8.925 1.49427 0.996179 0.00254218 0 74.375 1.48856 0.00379871
8.975 1.49464 0.99641 0.00236005 0 74.7917 1.48927 0.00352742
9.025 1.49498 0.996625 0.00219304 0 75.2083 1.48993 0.00327855
9.075 1.49529 0.996823 0.00204026 0 75.625 1.49054 0.00305079
9.125 1.49559 0.997008 0.00190082 0 76.0417 1.49111 0.00284284
9.175 1.49586 0.99718 0.00177384 0 76.4583 1.49164 0.00265341
9.225 1.49612 0.997342 0.00165844 0 76.875 1.49214 0.00248121
9.275 1.49636 0.997493 0.00155374 0 77.2917 1.4926 0.00232495
9.325 1.49658 0.997637 0.00145889 0 77.7083 1.49304 0.00218335
9.375 1.49679 0.997772 0.001373 0 78.125 1.49346 0.0020551
9.425 1.49699 0.997901 0.00129523 0 78.5417 1.49385 0.00193894
9.475 1.49718 0.998025 0.0012247 0 78.9583 1.49422 0.0018336
9.525 1.49736 0.998143 0.0011606 0 79.375 1.49458 0.00173783
9.575 1.49753 0.998257 0.00110209 0 79.7917 1.49492 0.00165041
9.625 1.49769 0.998368 0.00104838 0 80.2083 1.49524 0.00157015
9.675 1.49784 0.998475 0.000998721 0 80.625 1.49555 0.00149592
9.725 1.49799 0.998578 0.000952379 0 81.0417 1.49586 0.00142665
9.775 1.49812 0.998679 0.00090868 0 81.4583 1.49615 0.00136132
9.825 1.49826 0.998777 0.000866999 0 81.875 1.49642 0.00129899
9.875 1.49838 0.998872 0.000826773 0 82.2917 1.49669 0.00123882
9.925 1.4985 0.998964 0.000787504 0 82.7083 1.49695 0.00118008
9.975 1.49862 0.999052 0.000748764 0 83.125 1.4972 0.00112211
10.025 1.49873 0.999137 0.0007102 0 83.5417 1.49744 0.0010644
10.075 1.49883 0.999219 0.000671537 0 83.9583 1.49766 0.00100652
10.125 1.49893 0.999296 0.000632584 0 84.375 1.49787 0.000948199
10.175 1.49902 0.999369 0.000593231 0 84.7917 1.49808 0.000889266
10.225 1.49911 0.999437 0.000553443 0 85.2083 1.49826 0.00082967
10.275 1.49919 0.9995 0.000513263 0 85.625 1.49844 0.000769477
10.325 1.49926 0.999558 0.00047281 0 86.0417 1.4986 0.000708865
10.375 1.49933 0.999611 0.000432273 0 86.4583 1.49875 0.00064812
10.425 1.49939 0.999658 0.000391902 0 86.875 1.49888 0.000587614
10.475 1.49945 0.999699 0.000351996 0 87.2917 1.49899 0.000527799
10.525 1.49949 0.999735 0.000312893 0 87.7083 1.4991 0.000469181
10.575 1.49954 0.999764 0.000274959 0 88.125 1.49919 0.000412311
10.625 1.49958 0.999788 0.000238584 0 88.5417 1.49926 0.000357775
10.675 1.49961 0.999807 0.000204165 0 88.9583 1.49932 0.000306167
10.725 1.49964 0.999821 0.00017208 0 89.375 1.49937 0.000258058
10.775 1.49966 0.999829 0.000142669 0 89.7917 1.4994 0.000213954
10.825 1.49968 0.999834 0.000116231 0 90.2083 1.49943 0.00017431
10.875 1.49969 0.999835 9.3078e-05 0 90.625 1.49945 0.000139589
10.925 1.49971 0.999834 7.35882e-05 0 91.0417 1.49946 0.000110361
10.975 1.49972 0.999829 5.77033e-05 0 91.4583 1.49946 8.65386e-05
11.025 1.49972 0.999824 4.53647e-05 0 91.875 1.49946 6.80345e-05
11.075 1.49973 0.999817 3.65327e-05 0 92.2917 1.49946 5.47891e-05
11.125 1.49974 0.99981 3.11138e-05 0 92.7083 1.49945 4.66625e-05
11.175 1.49974 0.999803 2.89716e-05 0 93.125 1.49944 4.34498e-05
11.225 1.49974 0.999797 2.98459e-05 0 93.5417 1.49944 4.47611e-05
11.275 1.49975 0.999793 3.33264e-05 0 93.9583 1.49944 4.99812e-05
11.325 1.49975 0.999791 3.90214e-05 0 94.375 1.49944 5.85225e-05
11.375 1.49976 0.999791 4.64265e-05 0 94.7917 1.49945 6.96287e-05
11.425 1.49977 0.999793 5.49324e-05 0 95.2083 1.49946 8.23858e-05
11.475 1.49978 0.999798 6.41822e-05 0 95.625 1.49947 9.6259e-05
11.525 1.49979 0.999806 7.37058e-05 0 96.0417 1.4995 0.000110543
11.575 1.4998 0.999816 8.30189e-05 0 96.4583 1.49952 0.000124512
11.625 1.49981 0.999829 9.16451e-05 0 96.875 1.49956 0.00013745
11.675 1.49983 0.999844 9.91539e-05 0 97.2917 1.49959 0.000148714
11.725 1.49984 0.999861 0.000105169 0 97.7083 1.49963 0.000157738
11.775 1.49986 0.999879 0.000109372 0 98.125 1.49968 0.000164043
11.825 1.49988 0.999899 0.000111505 0 98.5417 1.49972 0.000167244
11.875 1.49989 0.999919 0.000111418 0 98.9583 1.49977 0.000167115
11.925 1.49991 0.999938 0.000109032 0 99.375 1.49982 0.000163537
11.975 1.49992 0.999958 0.000104319 0 99.7917 1.49986 0.00015647
12.025 1.49994 0.999976 9.73906e-05 0 100.208 1.4999 0.00014608
12.075 1.49995 0.999992 8.84377e-05 0 100.625 1.49994 0.000132652
12.125 1.49997 1.00001 7.77303e-05 0 101.042 1.49998 0.000116593
12.175 1.49998 1.00002 6.56198e-05 0 101.458 1.5 9.84281e-05
12.225 1.49998 1.00003 5.25164e-05 0 101.875 1.50003 7.87737e-05
12.275 1.49999 1.00003 3.88639e-05 0 102.292 1.50004 5.82955e-05
12.325 1.5 1.00004 2.51056e-05 0 102.708 1.50005 3.76583e-05
12.375 1.5 1.00004 1.18036e-05 0 103.125 1.50006 1.77053e-05
12.425 1.5 1.00004 -4.06839e-07 0 103.542 1.50005 -6.10258e-07
12.475 1.5 1.00003 -1.13229e-05 0 103.958 1.50004 -1.69844e-05
12.525 1.5 1.00002 -2.05747e-05 0 104.375 1.50003 -3.0862e-05
12.575 1.49999 1.00001 -2.79378e-05 0 104.792 1.50001 -4.19064e-05
12.625 1.49999 1 -3.32233e-05 0 105.208 1.49999 -4.98345e-05
12.675 1.49998 0.999994 -3.63135e-05 0 105.625 1.49997 -5.44696e-05
12.725 1.49998 0.999983 -3.71763e-05 0 106.042 1.49995 -5.57635e-05
12.775 1.49997 0.999973 -3.5819e-05 0 106.458 1.49993 -5.37274e-05
12.825 1.49997 0.999963 -3.24263e-05 0 106.875 1.49991 -4.86383e-05
12.875 1.49996 0.999955 -2.72272e-05 0 107.292 1.49989 -4.08398e-05
12.925 1.49996 0.999948 -2.05353e-05 0 107.708 1.49988 -3.08021e-05
12.975 1.49996 0.999943 -1.27259e-05 0 108.125 1.49987 -1.90883e-05
13.025 1.49995 0.999941 -4.19556e-06 0 108.542 1.49987 -6.29315e-06
13.075 1.49995 0.99994 4.56488e-06 0 108.958 1.49987 6.84711e-06
13.125 1.49996 0.999942 1.29346e-05 0 109.375 1.49987 1.94013e-05
13.175 1.49996 0.999946 2.06987e-05 0 109.792 1.49988 3.10472e-05
13.225 1.49996 0.999952 2.75451e-05 0 110.208 1.49989 4.13166e-05
13.275 1.49997 0.999959 3.31594e-05 0 110.625 1.49991 4.97379e-05
13.325 1.49997 0.999968 3.72874e-05 0 111.042 1.49992 5.59301e-05
13.375 1.49998 0.999977 3.97637e-05 0 111.458 1.49994 5.96446e-05
13.425 1.49998 0.999987 4.0501e-05 0 111.875 1.49997 6.07509e-05
13.475 1.49999 0.999997 3.94692e-05 0 112.292 1.49999 5.92035e-05
13.525 1.5 1.00001 3.67695e-05 0 112.708 1.5 5.51541e-05
13.575 1.5 1.00001 3.25618e-05 0 113.125 1.50002 4.88428e-05
13.625 1.50001 1.00002 2.70833e-05 0 113.542 1.50004 4.06251e-05
13.675 1.50001 1.00002 2.06384e-05 0 113.958 1.50005 3.09578e-05
13.725 1.50001 1.00003 1.35832e-05 0 114.375 1.50005 2.0375e-05
13.775 1.50001 1.00003 6.28931e-06 0 114.792 1.50006 9.43405e-06
13.825 1.50001 1.00003 -7.89852e-07 0 115.208 1.50006 -1.18479e-06
13.875 1.50001 1.00003 -7.25403e-06 0 115.625 1.50005 -1.08811e-05
13.925 1.50001 1.00002 -1.28852e-05 0 116.042 1.50005 -1.9328e-05
13.975 1.50001 1.00002 -1.74686e-05 0 116.458 1.50004 -2.6203e-05
14.025 1.50001 1.00001 -2.08078e-05 0 116.875 1.50002 -3.12119e-05
14.075 1.5 1.00001 -2.27723e-05 0 117.292 1.50001 -3.41584e-05
14.125 1.5 1 -2.33152e-05 0 117.708 1.5 -3.49727e-05
14.175 1.5 0.999993 -2.24387e-05 0 118.125 1.49999 -3.36579e-05
14.225 1.49999 0.999988 -2.02606e-05 0 118.542 1.49997 -3.03908e-05
14.275 1.49999 0.999983 -1.69429e-05 0 118.958 1.49996 -2.54142e-05
14.325 1.49999 0.999979 -1.27196e-05 0 119.375 1.49996 -1.90792e-05
14.375 1.49999 0.999976 -7.87746e-06 0 119.792 1.49995 -1.18161e-05
14.425 1.49999 0.999975 -2.72032e-06 0 120.208 1.49995 -4.08043e-06
14.475 1.49999 0.999975 2.38659e-06 0 120.625 1.49995 3.57984e-06
14.525 1.49999 0.999977 7.07551e-06 0 121.042 1.49995 1.06132e-05
14.575 1.49999 0.99998 1.11827e-05 0 121.458 1.49996 1.67738e-05
14.625 1.49999 0.999983 1.45124e-05 0 121.875 1.49996 2.17685e-05
14.675 1.49999 0.999988 1.68862e-05 0 122.292 1.49997 2.53291e-05
14.725 1.49999 0.999993 1.81848e-05 0 122.708 1.49998 2.72772e-05
14.775 1.5 0.999998 1.83711e-05 0 123.125 1.49999 2.75566e-05
14.825 1.5 1 1.74574e-05 0 123.542 1.5 2.61861e-05
14.875 1.5 1.00001 1.55342e-05 0 123.958 1.50001 2.33013e-05
14.925 1.5 1.00001 1.27514e-05 0 124.375 1.50002 1.91271e-05
14.975 1.50001 1.00001 9.30751e-06 0 124.792 1.50003 1.39613e-05
15.025 1.50001 1.00002 5.44075e-06 0 125.208 1.50003 8.16116e-06
15.075 1.50001 1.00002 1.43221e-06 0 125.625 1.50003 2.14832e-06
15.125 1.50001 1.00002 -2.40084e-06 0 126.042 1.50003 -3.60127e-06
15.175 1.50001 1.00001 -5.82014e-06 0 126.458 1.50003 -8.73025e-06
15.225 1.50001 1.00001 -8.67302e-06 0 126.875 1.50002 -1.30096e-05
15.275 1.5 1.00001 -1.07964e-05 0 127.292 1.50002 -1.61946e-05
15.325 1.5 1 -1.20744e-05 0 127.708 1.50001 -1.81117e-05
15.375 1.5 1 -1.245e-05 0 128.125 1.5 -1.8675e-05
15.425 1.5 0.999997 -1.19075e-05 0 128.542 1.49999 -1.78612e-05
15.475 1.5 0.999994 -1.05208e-05 0 128.958 1.49999 -1.57812e-05
15.525 1.5 0.999991 -8.41461e-06 0 129.375 1.49998 -1.26219e-05
15.575 1.49999 0.999989 -5.76636e-06 0 129.792 1.49998 -8.64952e-06
15.625 1.49999 0.999988 -2.77803e-06 0 130.208 1.49998 -4.16703e-06
15.675 1.49999 0.999988 2.96353e-07 0 130.625 1.49998 4.44527e-07
15.725 1.49999 0.999989 3.15462e-06 0 131.042 1.49998 4.73191e-06
15.775 1.49999 0.99999 5.64385e-06 0 131.458 1.49998 8.46574e-06
15.825 1.5 0.999992 7.61182e-06 0 131.875 1.49998 1.14177e-05
15.875 1.5 0.999995 8.92902e-06 0 132.292 1.49999 1.33935e-05
15.925 1.5 0.999998 9.50651e-06 0 132.708 1.5 1.42598e-05
15.975 1.5 1 9.31501e-06 0 133.125 1.5 1.39725e-05
16.025 1.5 1 8.39167e-06 0 133.542 1.50001 1.25875e-05
16.075 1.5 1.00001 6.83316e-06 0 133.958 1.50001 1.02498e-05
16.125 1.5 1.00001 4.78489e-06 0 134.375 1.50001 7.17734e-06
16.175 1.5 1.00001 2.42263e-06 0 134.792 1.50002 3.63396e-06
16.225 1.5 1.00001 -2.90658e-08 0 135.208 1.50002 -4.35988e-08
16.275 1.5 1.00001 -2.30759e-06 0 135.625 1.50002 -3.46139e-06
16.325 1.5 1.00001 -4.26893e-06 0 136.042 1.50001 -6.40341e-06
16.375 1.5 1 -5.77495e-06 0 136.458 1.50001 -8.66245e-06
16.425 1.5 1 -6.7131e-06 0 136.875 1.50001 -1.00697e-05
16.475 1.5 1 -7.01685e-06 0 137.292 1.5 -1.05253e-05
16.525 1.5 0.999998 -6.66713e-06 0 137.708 1.5 -1.00007e-05
16.575 1.5 0.999996 -5.71694e-06 0 138.125 1.49999 -8.57541e-06
16.625 1.5 0.999995 -4.26258e-06 0 138.542 1.49999 -6.39386e-06
16.675 1.5 0.999994 -2.45106e-06 0 138.958 1.49999 -3.67659e-06
16.725 1.5 0.999993 -4.69912e-07 0 139.375 1.49999 -7.04866e-07
16.775 1.5 0.999994 1.45548e-06 0 139.792 1.49999 2.18322e-06
16.825 1.5 0.999994 3.14215e-06 0 140.208 1.49999 4.71321e-06
16.875 1.5 0.999996 4.47053e-06 0 140.625 1.49999 6.70579e-06
16.925 1.5 0.999998 5.32477e-06 0 141.042 1.5 7.98715e-06
16.975 1.5 1 5.62833e-06 0 141.458 1.5 8.44249e-06
17.025 1.5 1 5.35509e-06 0 141.875 1.5 8.03263e-06
17.075 1.5 1 4.5473e-06 0 142.292 1.50001 6.82096e-06
17.125 1.5 1 3.29163e-06 0 142.708 1.50001 4.93745e-06
17.175 1.5 1.00001 1.72103e-06 0 143.125 1.50001 2.58154e-06
17.225 1.5 1.00001 1.62209e-08 0 143.542 1.50001 2.43313e-08
17.275 1.5 1.00001 -1.60432e-06 0 143.958 1.50001 -2.40648e-06
17.325 1.5 1 -2.99615e-06 0 144.375 1.50001 -4.49423e-06
17.375 1.5 1 -4.0365e-06 0 144.792 1.50001 -6.05476e-06
17.425 1.5 1 -4.61786e-06 0 145.208 1.5 -6.92679e-06
17.475 1.5 1 -4.68612e-06 0 145.625 1.5 -7.02918e-06
17.525 1.5 0.999998 -4.23442e-06 0 146.042 1.5 -6.35163e-06
17.575 1.5 0.999997 -3.3092e-06 0 146.458 1.49999 -4.96379e-06
17.625 1.5 0.999996 -2.02049e-06 0 146.875 1.49999 -3.03074e-06
17.675 1.5 0.999995 -5.15876e-07 0 147.292 1.49999 -7.73814e-07
17.725 1.5 0.999995 1.01391e-06 0 147.708 1.49999 1.52087e-06
17.775 1.5 0.999996 2.37691e-06 0 148.125 1.49999 3.56536e-06
17.825 1.5 0.999997 3.45602e-06 0 148.542 1.49999 5.18403e-06
17.875 1.5 0.999999 4.13549e-06 0 148.958 1.5 6.20323e-06
17.925 1.5 1 4.33854e-06 0 149.375 1.5 6.50782e-06
17.975 1.5 1 4.03291e-06 0 149.792 1.5 6.04937e-06
18.025 1.5 1 3.25264e-06 0 150.208 1.50001 4.87896e-06
18.075 1.5 1 2.08722e-06 0 150.625 1.50001 3.13084e-06
18.125 1.5 1 6.71786e-07 0 151.042 1.50001 1.00768e-06
18.175 1.5 1 -8.09837e-07 0 151.458 1.50001 -1.21476e-06
18.225 1.5 1 -2.15366e-06 0 151.875 1.50001 -3.2305e-06
18.275 1.5 1 -3.23676e-06 0 152.292 1.50001 -4.85515e-06
18.325 1.5 1 -3.93671e-06 0 152.708 1.5 -5.90507e-06
18.375 1.5 1 -4.1686e-06 0 153.125 1.5 -6.2529e-06
18.425 1.5 0.999998 -3.89262e-06 0 153.542 1.5 -5.83892e-06
18.475 1.5 0.999997 -3.13744e-06 0 153.958 1.49999 -4.70616e-06
18.525 1.5 0.999996 -1.99034e-06 0 154.375 1.49999 -2.9855e-06
18.575 1.5 0.999996 -5.89606e-07 0 154.792 1.49999 -8.84408e-07
18.625 1.5 0.999996 8.74868e-07 0 155.208 1.49999 1.3123e-06
18.675 1.5 0.999996 2.19869e-06 0 155.625 1.49999 3.29803e-06
18.725 1.5 0.999997 3.25353e-06 0 156.042 1.49999 4.88029e-06
18.775 1.5 0.999999 3.91101e-06 0 156.458 1.5 5.86651e-06
18.825 1.5 1 4.08828e-06 0 156.875 1.5 6.13242e-06
18.875 1.5 1 3.75299e-06 0 157.292 1.5 5.62948e-06
18.925 1.5 1 2.93879e-06 0 157.708 1.50001 4.40819e-06
18.975 1.5 1 1.74227e-06 0 158.125 1.50001 2.61341e-06
19.025 1.5 1 3.19314e-07 0 158.542 1.50001 4.78971e-07
19.075 1.5 1 -1.12295e-06 0 158.958 1.50001 -1.68442e-06
19.125 1.5 1 -2.39303e-06 0 159.375 1.50001 -3.58954e-06
19.175 1.5 1 -3.36189e-06 0 159.792 1.5 -5.04283e-06
19.225 1.5 1 -3.90051e-06 0 160.208 1.5 -5.85076e-06
19.275 1.5 0.999999 -3.9361e-06 0 160.625 1.5 -5.90415e-06
19.325 1.5 0.999998 -3.45991e-06 0 161.042 1.5 -5.18986e-06
19.375 1.5 0.999997 -2.52573e-06 0 161.458 1.49999 -3.78859e-06
19.425 1.5 0.999996 -1.25188e-06 0 161.875 1.49999 -1.87782e-06
19.475 1.5 0.999996 1.85122e-07 0 162.292 1.49999 2.77682e-07
19.525 1.5 0.999996 1.5535e-06 0 162.708 1.49999 2.33024e-06
19.575 1.5 0.999997 2.69818e-06 0 163.125 1.49999 4.04727e-06
19.625 1.5 0.999998 3.48425e-06 0 163.542 1.5 5.22637e-06
19.675 1.5 1 3.80515e-06 0 163.958 1.5 5.70772e-06
19.725 1.5 1 3.61061e-06 0 164.375 1.5 5.41592e-06
19.775 1.5 1 2.92419e-06 0 164.792 1.5 4.38629e-06
19.825 1.5 1 1.83779e-06 0 165.208 1.50001 2.75669e-06
19.875 1.5 1 5.02797e-07 0 165.625 1.50001 7.54197e-07
19.925 1.5 1 -8.7431e-07 0 166.042 1.50001 -1.31147e-06
19.975 1.5 1 -2.08277e-06 0 166.458 1.50001 -3.12416e-06
