-19.975 1.49991 0.999885 7.39121e-05 0 -76.8269 1.49973 0.000110861
-19.925 1.49992 0.999897 8.22344e-05 0 -76.6346 1.49976 0.000123345
-19.875 1.49993 0.99991 8.87804e-05 0 -76.4423 1.49979 0.000133164
-19.825 1.49994 0.999925 9.35167e-05 0 -76.25 1.49983 0.00014027
-19.775 1.49996 0.999941 9.64575e-05 0 -76.0577 1.49987 0.000144682
-19.725 1.49997 0.999959 9.76487e-05 0 -75.8654 1.49991 0.000146471
-19.675 1.49999 0.999977 9.71161e-05 0 -75.6731 1.49996 0.000145673
-19.625 1.5 0.999996 9.49172e-05 0 -75.4808 1.5 0.000142376
-19.575 1.50002 1.00002 9.11267e-05 0 -75.2885 1.50004 0.000136692
-19.525 1.50003 1.00003 8.58254e-05 0 -75.0962 1.50008 0.000128741
-19.475 1.50004 1.00005 7.91135e-05 0 -74.9038 1.50012 0.000118674
-19.425 1.50005 1.00007 7.11268e-05 0 -74.7115 1.50016 0.000106694
-19.375 1.50006 1.00008 6.20361e-05 0 -74.5192 1.50019 9.3058e-05
-19.325 1.50007 1.0001 5.20413e-05 0 -74.3269 1.50022 7.80656e-05
-19.275 1.50008 1.00011 4.13589e-05 0 -74.1346 1.50024 6.20416e-05
-19.225 1.50008 1.00012 3.02071e-05 0 -73.9423 1.50026 4.53131e-05
-19.175 1.50009 1.00012 1.87888e-05 0 -73.75 1.50027 2.81849e-05
-19.125 1.50009 1.00013 7.25249e-06 0 -73.5577 1.50028 1.08794e-05
-19.075 1.50009 1.00013 -4.16568e-06 0 -73.3654 1.50028 -6.2489e-06
-19.025 1.50009 1.00013 -1.50609e-05 0 -73.1731 1.50028 -2.25927e-05
-18.975 1.50009 1.00012 -2.54663e-05 0 -72.9808 1.50027 -3.82016e-05
-18.925 1.50008 1.00011 -3.53492e-05 0 -72.7885 1.50025 -5.30267e-05
-18.875 1.50007 1.0001 -4.46264e-05 0 -72.5962 1.50023 -6.69429e-05
-18.825 1.50007 1.00009 -5.3177e-05 0 -72.4038 1.5002 -7.97691e-05
-18.775 1.50006 1.00007 -6.08551e-05 0 -72.2115 1.50017 -9.12861e-05
-18.725 1.50005 1.00006 -6.7475e-05 0 -72.0192 1.50013 -0.000101216
-18.675 1.50004 1.00004 -7.28238e-05 0 -71.8269 1.5001 -0.000109238
-18.625 1.50003 1.00002 -7.67157e-05 0 -71.6346 1.50006 -0.000115076
-18.575 1.50002 1.00001 -7.90281e-05 0 -71.4423 1.50002 -0.000118543
-18.525 1.5 0.999988 -7.9683e-05 0 -71.25 1.49999 -0.000119525
-18.475 1.49999 0.999971 -7.86479e-05 0 -71.0577 1.49995 -0.000117971
-18.425 1.49998 0.999955 -7.59781e-05 0 -70.8654 1.49991 -0.000113966
-18.375 1.49997 0.999941 -7.17163e-05 0 -70.6731 1.49988 -0.000107572
-18.325 1.49996 0.999928 -6.59257e-05 0 -70.4808 1.49985 -9.88858e-05
-18.275 1.49995 0.999918 -5.86922e-05 0 -70.2885 1.49982 -8.80352e-05
-18.225 1.49994 0.999909 -5.01085e-05 0 -70.0962 1.4998 -7.51596e-05
-18.175 1.49993 0.999903 -4.02871e-05 0 -69.9038 1.49979 -6.04279e-05
-18.125 1.49993 0.9999 -2.93898e-05 0 -69.7115 1.49978 -4.40826e-05
-18.075 1.49993 0.999899 -1.7682e-05 0 -69.5192 1.49977 -2.65217e-05
-18.025 1.49992 0.999901 -5.58897e-06 0 -69.3269 1.49978 -8.38303e-06
-17.975 1.49992 0.999904 6.69511e-06 0 -69.1346 1.49978 1.00422e-05
-17.925 1.49993 0.99991 1.88626e-05 0 -68.9423 1.49979 2.82924e-05
-17.875 1.49993 0.999918 3.06234e-05 0 -68.75 1.49981 4.5933e-05
-17.825 1.49994 0.999928 4.16408e-05 0 -68.5577 1.49983 6.24585e-05
-17.775 1.49994 0.999939 5.1571e-05 0 -68.3654 1.49985 7.73535e-05
-17.725 1.49995 0.999952 6.01339e-05 0 -68.1731 1.49988 9.01978e-05
-17.675 1.49996 0.999965 6.71235e-05 0 -67.9808 1.49991 0.000100682
-17.625 1.49997 0.999979 7.23842e-05 0 -67.7885 1.49994 0.000108574
-17.575 1.49998 0.999993 7.57904e-05 0 -67.5962 1.49997 0.000113684
-17.525 1.49999 1.00001 7.7253e-05 0 -67.4038 1.5 0.000115879
-17.475 1.50001 1.00002 7.66849e-05 0 -67.2115 1.50004 0.000115028
-17.425 1.50002 1.00003 7.40626e-05 0 -67.0192 1.50007 0.000111095
-17.375 1.50003 1.00004 6.94007e-05 0 -66.8269 1.50009 0.000104103
-17.325 1.50004 1.00005 6.28015e-05 0 -66.6346 1.50012 9.42046e-05
-17.275 1.50005 1.00006 5.44449e-05 0 -66.4423 1.50014 8.16698e-05
-17.225 1.50005 1.00007 4.45735e-05 0 -66.25 1.50015 6.68626e-05
-17.175 1.50006 1.00007 3.34745e-05 0 -66.0577 1.50017 5.02136e-05
-17.125 1.50006 1.00008 2.14765e-05 0 -65.8654 1.50017 3.22161e-05
-17.075 1.50006 1.00008 8.96335e-06 0 -65.6731 1.50018 1.34456e-05
-17.025 1.50007 1.00008 -3.58785e-06 0 -65.4808 1.50018 -5.382e-06
-16.975 1.50006 1.00007 -1.58174e-05 0 -65.2885 1.50017 -2.37272e-05
-16.925 1.50006 1.00007 -2.74003e-05 0 -65.0962 1.50016 -4.11021e-05
-16.875 1.50006 1.00006 -3.80692e-05 0 -64.9038 1.50015 -5.71059e-05
-16.825 1.50005 1.00005 -4.75574e-05 0 -64.7115 1.50013 -7.13385e-05
-16.775 1.50004 1.00004 -5.55965e-05 0 -64.5192 1.50011 -8.33971e-05
-16.725 1.50003 1.00003 -6.19459e-05 0 -64.3269 1.50008 -9.29209e-05
-16.675 1.50002 1.00002 -6.64106e-05 0 -64.1346 1.50006 -9.96173e-05
-16.625 1.50001 1.00001 -6.88551e-05 0 -63.9423 1.50003 -0.000103283
-16.575 1.5 1 -6.91807e-05 0 -63.75 1.5 -0.000103771
-16.525 1.49999 0.99999 -6.73503e-05 0 -63.5577 1.49998 -0.000101025
-16.475 1.49998 0.999979 -6.34371e-05 0 -63.3654 1.49995 -9.51545e-05
-16.425 1.49997 0.999969 -5.75868e-05 0 -63.1731 1.49993 -8.63786e-05
-16.375 1.49997 0.99996 -5.00253e-05 0 -62.9808 1.49991 -7.50362e-05
-16.325 1.49996 0.999952 -4.10326e-05 0 -62.7885 1.49989 -6.15471e-05
-16.275 1.49995 0.999946 -3.09188e-05 0 -62.5962 1.49987 -4.63768e-05
-16.225 1.49995 0.999941 -2.00157e-05 0 -62.4038 1.49986 -3.00225e-05
-16.175 1.49995 0.999939 -8.68306e-06 0 -62.2115 1.49985 -1.30241e-05
-16.125 1.49995 0.999937 2.69794e-06 0 -62.0192 1.49985 4.04677e-06
-16.075 1.49995 0.999938 1.36395e-05 0 -61.8269 1.49985 2.04585e-05
-16.025 1.49995 0.999941 2.38036e-05 0 -61.6346 1.49986 3.57042e-05
-15.975 1.49995 0.999945 3.30512e-05 0 -61.4423 1.49987 4.95753e-05
-15.925 1.49996 0.99995 4.11616e-05 0 -61.25 1.49989 6.17408e-05
-15.875 1.49997 0.999958 4.78961e-05 0 -61.0577 1.4999 7.18426e-05
-15.825 1.49998 0.999966 5.30462e-05 0 -60.8654 1.49992 7.9568e-05
-15.775 1.49998 0.999975 5.64456e-05 0 -60.6731 1.49995 8.46675e-05
-15.725 1.49999 0.999985 5.79779e-05 0 -60.4808 1.49997 8.69664e-05
-15.675 1.5 0.999995 5.76007e-05 0 -60.2885 1.49999 8.64012e-05
-15.625 1.50001 1.00001 5.53379e-05 0 -60.0962 1.50002 8.30074e-05
-15.575 1.50002 1.00002 5.12479e-05 0 -59.9038 1.50004 7.68728e-05
-15.525 1.50002 1.00002 4.54858e-05 0 -59.7115 1.50006 6.82298e-05
-15.475 1.50003 1.00003 3.82661e-05 0 -59.5192 1.50008 5.74003e-05
-15.425 1.50004 1.00004 2.9859e-05 0 -59.3269 1.5001 4.47895e-05
-15.375 1.50004 1.00005 2.0582e-05 0 -59.1346 1.50011 3.08739e-05
-15.325 1.50004 1.00005 1.07777e-05 0 -58.9423 1.50012 1.61669e-05
-15.275 1.50004 1.00005 7.91735e-07 0 -58.75 1.50012 1.18764e-06
-15.225 1.50004 1.00005 -8.96014e-06 0 -58.5577 1.50012 -1.34406e-05
-15.175 1.50004 1.00005 -1.80001e-05 0 -58.3654 1.50012 -2.70009e-05
-15.125 1.50004 1.00005 -2.61631e-05 0 -58.1731 1.50011 -3.92456e-05
-15.075 1.50003 1.00004 -3.32866e-05 0 -57.9808 1.5001 -4.99309e-05
-15.025 1.50003 1.00004 -3.91585e-05 0 -57.7885 1.50008 -5.87388e-05
-14.975 1.50002 1.00003 -4.35989e-05 0 -57.5962 1.50007 -6.53992e-05
-14.925 1.50001 1.00002 -4.64802e-05 0 -57.4038 1.50005 -6.97209e-05
-14.875 1.50001 1.00002 -4.77303e-05 0 -57.2115 1.50003 -7.15957e-05
-14.825 1.5 1.00001 -4.73413e-05 0 -57.0192 1.50001 -7.1012e-05
-14.775 1.49999 0.999998 -4.53469e-05 0 -56.8269 1.49999 -6.802e-05
-14.725 1.49999 0.999989 -4.17974e-05 0 -56.6346 1.49997 -6.26955e-05
-14.675 1.49998 0.999981 -3.68242e-05 0 -56.4423 1.49995 -5.52356e-05
-14.625 1.49997 0.999974 -3.06053e-05 0 -56.25 1.49994 -4.59071e-05
-14.575 1.49997 0.999967 -2.33669e-05 0 -56.0577 1.49992 -3.50496e-05
-14.525 1.49997 0.999962 -1.53773e-05 0 -55.8654 1.49991 -2.30654e-05
-14.475 1.49997 0.999959 -6.93269e-06 0 -55.6731 1.4999 -1.03988e-05
-14.425 1.49997 0.999956 1.66762e-06 0 -55.4808 1.4999 2.50138e-06
-14.375 1.49997 0.999956 1.00149e-05 0 -55.2885 1.4999 1.5022e-05
-14.325 1.49997 0.999957 1.76881e-05 0 -55.0962 1.4999 2.65315e-05
-14.275 1.49997 0.99996 2.45523e-05 0 -54.9038 1.49991 3.68278e-05
-14.225 1.49998 0.999964 3.04111e-05 0 -54.7115 1.49992 4.56159e-05
-14.175 1.49998 0.99997 3.50441e-05 0 -54.5192 1.49994 5.25655e-05
-14.125 1.49999 0.999976 3.82791e-05 0 -54.3269 1.49995 5.74182e-05
-14.075 1.49999 0.999983 4.00133e-05 0 -54.1346 1.49997 6.00196e-05
-14.025 1.5 0.999991 4.02278e-05 0 -53.9423 1.49999 6.03416e-05
-13.975 1.50001 0.999998 3.89441e-05 0 -53.75 1.5 5.84163e-05
-13.925 1.50001 1.00001 3.6207e-05 0 -53.5577 1.50002 5.43109e-05
-13.875 1.50002 1.00001 3.21399e-05 0 -53.3654 1.50004 4.82104e-05
-13.825 1.50002 1.00002 2.69216e-05 0 -53.1731 1.50005 4.0383e-05
-13.775 1.50002 1.00002 2.07708e-05 0 -52.9808 1.50006 3.11567e-05
-13.725 1.50003 1.00003 1.39323e-05 0 -52.7885 1.50007 2.08988e-05
-13.675 1.50003 1.00003 6.66748e-06 0 -52.5962 1.50008 1.00014e-05
-13.625 1.50003 1.00003 -7.57974e-07 0 -52.4038 1.50008 -1.13698e-06
-13.575 1.50003 1.00003 -7.99682e-06 0 -52.2115 1.50008 -1.19954e-05
-13.525 1.50003 1.00003 -1.4682e-05 0 -52.0192 1.50008 -2.20234e-05
-13.475 1.50002 1.00003 -2.06806e-05 0 -51.8269 1.50007 -3.10214e-05
-13.425 1.50002 1.00003 -2.58278e-05 0 -51.6346 1.50006 -3.87423e-05
-13.375 1.50002 1.00002 -2.99226e-05 0 -51.4423 1.50005 -4.48843e-05
-13.325 1.50001 1.00002 -3.27961e-05 0 -51.25 1.50004 -4.91945e-05
-13.275 1.5 1.00001 -3.43353e-05 0 -51.0577 1.50002 -5.15031e-05
-13.225 1.5 1.00001 -3.4501e-05 0 -50.8654 1.50001 -5.17515e-05
-13.175 1.49999 1 -3.32903e-05 0 -50.6731 1.49999 -4.99352e-05
-13.125 1.49999 0.999993 -3.07236e-05 0 -50.4808 1.49998 -4.60851e-05
-13.075 1.49999 0.999988 -2.69108e-05 0 -50.2885 1.49997 -4.03658e-05
-13.025 1.49998 0.999983 -2.20259e-05 0 -50.0962 1.49996 -3.30385e-05
-12.975 1.49998 0.999978 -1.62885e-05 0 -49.9038 1.49995 -2.44324e-05
-12.925 1.49998 0.999975 -9.94906e-06 0 -49.7115 1.49994 -1.49234e-05
-12.875 1.49998 0.999973 -3.28845e-06 0 -49.5192 1.49994 -4.93259e-06
-12.825 1.49998 0.999973 3.38678e-06 0 -49.3269 1.49994 5.08009e-06
-12.775 1.49998 0.999973 9.68048e-06 0 -49.1346 1.49994 1.45205e-05
-12.725 1.49998 0.999975 1.53883e-05 0 -48.9423 1.49994 2.30821e-05
-12.675 1.49998 0.999978 2.03696e-05 0 -48.75 1.49995 3.05541e-05
-12.625 1.49999 0.999982 2.44407e-05 0 -48.5577 1.49996 3.66607e-05
-12.575 1.49999 0.999986 2.74487e-05 0 -48.3654 1.49997 4.11728e-05
-12.525 1.49999 0.999991 2.92924e-05 0 -48.1731 1.49998 4.39385e-05
-12.475 1.5 0.999996 2.99152e-05 0 -47.9808 1.49999 4.48727e-05
-12.425 1.5 1 2.92971e-05 0 -47.7885 1.5 4.39457e-05
-12.375 1.50001 1.00001 2.74725e-05 0 -47.5962 1.50002 4.12089e-05
-12.325 1.50001 1.00001 2.45225e-05 0 -47.4038 1.50003 3.6784e-05
-12.275 1.50001 1.00001 2.05731e-05 0 -47.2115 1.50004 3.08599e-05
-12.225 1.50002 1.00002 1.57972e-05 0 -47.0192 1.50004 2.36961e-05
-12.175 1.50002 1.00002 1.04085e-05 0 -46.8269 1.50005 1.5613e-05
-12.125 1.50002 1.00002 4.63761e-06 0 -46.6346 1.50005 6.9565e-06
-12.075 1.50002 1.00002 -1.22974e-06 0 -46.4423 1.50005 -1.84464e-06
-12.025 1.50002 1.00002 -6.85671e-06 0 -46.25 1.50005 -1.02852e-05
-11.975 1.50002 1.00002 -1.20635e-05 0 -46.0577 1.50004 -1.80954e-05
-11.925 1.50002 1.00001 -1.66635e-05 0 -45.8654 1.50004 -2.49955e-05
-11.875 1.50001 1.00001 -2.04709e-05 0 -45.6731 1.50003 -3.07067e-05
-11.825 1.50001 1.00001 -2.33199e-05 0 -45.4808 1.50002 -3.49801e-05
-11.775 1.50001 1 -2.50927e-05 0 -45.2885 1.50001 -3.76392e-05
-11.725 1.5 0.999998 -2.57189e-05 0 -45.0962 1.5 -3.85784e-05
-11.675 1.5 0.999994 -2.51727e-05 0 -44.9038 1.49999 -3.77589e-05
-11.625 1.49999 0.99999 -2.35276e-05 0 -44.7115 1.49998 -3.52913e-05
-11.575 1.49999 0.999987 -2.08901e-05 0 -44.5192 1.49997 -3.1335e-05
-11.525 1.49999 0.999985 -1.7408e-05 0 -44.3269 1.49997 -2.61118e-05
-11.475 1.49999 0.999983 -1.32684e-05 0 -44.1346 1.49996 -1.99025e-05
-11.425 1.49998 0.999983 -8.6885e-06 0 -43.9423 1.49996 -1.30326e-05
-11.375 1.49998 0.999983 -3.93084e-06 0 -43.75 1.49996 -5.8962e-06
-11.325 1.49998 0.999984 8.07823e-07 0 -43.5577 1.49996 1.21172e-06
-11.275 1.49998 0.999986 5.34546e-06 0 -43.3654 1.49996 8.01811e-06
-11.225 1.49998 0.999989 9.48811e-06 0 -43.1731 1.49997 1.4232e-05
-11.175 1.49999 0.999993 1.30945e-05 0 -42.9808 1.49998 1.96416e-05
-11.125 1.49999 0.999997 1.60304e-05 0 -42.7885 1.49998 2.40454e-05
-11.075 1.49999 1 1.81753e-05 0 -42.5962 1.49999 2.72628e-05
-11.025 1.49999 1 1.94377e-05 0 -42.4038 1.5 2.91564e-05
-10.975 1.5 1.00001 1.97539e-05 0 -42.2115 1.50001 2.96308e-05
-10.925 1.5 1.00001 1.91313e-05 0 -42.0192 1.50002 2.8697e-05
-10.875 1.5 1.00001 1.76516e-05 0 -41.8269 1.50003 2.64775e-05
-10.825 1.50001 1.00002 1.5417e-05 0 -41.6346 1.50003 2.31256e-05
-10.775 1.50001 1.00002 1.25635e-05 0 -41.4423 1.50003 1.88453e-05
-10.725 1.50001 1.00002 9.28627e-06 0 -41.25 1.50004 1.39295e-05
-10.675 1.50001 1.00002 5.83571e-06 0 -41.0577 1.50004 8.75362e-06
-10.625 1.50001 1.00002 2.32615e-06 0 -40.8654 1.50004 3.48925e-06
-10.575 1.50001 1.00001 -1.07846e-06 0 -40.6731 1.50003 -1.6177e-06
-10.525 1.50001 1.00001 -4.18252e-06 0 -40.4808 1.50003 -6.27383e-06
-10.475 1.50001 1.00001 -6.85689e-06 0 -40.2885 1.50002 -1.02854e-05
-10.425 1.50001 1 -9.00509e-06 0 -40.0962 1.50001 -1.35077e-05
-10.375 1.50001 0.999997 -1.05394e-05 0 -39.9038 1.5 -1.58092e-05
-10.325 1.50001 0.999993 -1.1402e-05 0 -39.7115 1.49999 -1.71031e-05
-10.275 1.5 0.999989 -1.15714e-05 0 -39.5192 1.49999 -1.73571e-05
-10.225 1.5 0.999985 -1.10893e-05 0 -39.3269 1.49998 -1.6634e-05
-10.175 1.5 0.999982 -1.00329e-05 0 -39.1346 1.49997 -1.50494e-05
-10.125 1.5 0.99998 -8.49538e-06 0 -38.9423 1.49997 -1.27431e-05
-10.075 1.5 0.999979 -6.59681e-06 0 -38.75 1.49997 -9.8952e-06
-10.025 1.5 0.999979 -4.49979e-06 0 -38.5577 1.49997 -6.74967e-06
-9.975 1.5 0.99998 -2.41473e-06 0 -38.3654 1.49997 -3.62209e-06
-9.925 1.5 0.999981 -4.20417e-07 0 -38.1731 1.49997 -6.30624e-07
-9.875 1.5 0.999984 1.38635e-06 0 -37.9808 1.49997 2.07952e-06
-9.825 1.5 0.999987 2.87995e-06 0 -37.7885 1.49998 4.31991e-06
-9.775 1.5 0.999991 3.97978e-06 0 -37.5962 1.49998 5.96965e-06
-9.725 1.5 0.999995 4.62773e-06 0 -37.4038 1.49999 6.94159e-06
-9.675 1.5 0.999999 4.7963e-06 0 -37.2115 1.5 7.19445e-06
-9.625 1.5 1 4.47966e-06 0 -37.0192 1.5 6.71949e-06
-9.575 1.5 1.00001 3.69057e-06 0 -36.8269 1.50001 5.53585e-06
-9.525 1.5 1.00001 2.47795e-06 0 -36.6346 1.50002 3.71693e-06
-9.475 1.5 1.00001 9.27002e-07 0 -36.4423 1.50002 1.3905e-06
-9.425 1.5 1.00002 -8.44553e-07 0 -36.25 1.50003 -1.26683e-06
-9.375 1.5 1.00002 -2.70013e-06 0 -36.0577 1.50003 -4.0502e-06
-9.325 1.5 1.00002 -4.50922e-06 0 -35.8654 1.50003 -6.76382e-06
-9.275 1.5 1.00002 -6.10446e-06 0 -35.6731 1.50003 -9.15668e-06
-9.225 1.5 1.00002 -7.30193e-06 0 -35.4808 1.50003 -1.09529e-05
-9.175 1.5 1.00002 -8.04357e-06 0 -35.2885 1.50002 -1.20653e-05
-9.125 1.5 1.00002 -8.26495e-06 0 -35.0962 1.50002 -1.23974e-05
-9.075 1.49999 1.00001 -7.9337e-06 0 -34.9038 1.50001 -1.19005e-05
-9.025 1.49999 1.00001 -7.0546e-06 0 -34.7115 1.50001 -1.05819e-05
-8.975 1.49999 1.00001 -5.65947e-06 0 -34.5192 1.5 -8.48917e-06
-8.925 1.49999 1 -3.80698e-06 0 -34.3269 1.5 -5.71044e-06
-8.875 1.49999 1 -1.57852e-06 0 -34.1346 1.49999 -2.36776e-06
-8.825 1.49999 0.999998 9.11883e-07 0 -33.9423 1.49999 1.36782e-06
-8.775 1.49999 0.999996 3.53008e-06 0 -33.75 1.49999 5.29509e-06
-8.725 1.49999 0.999994 6.13262e-06 0 -33.5577 1.49998 9.19889e-06
-8.675 1.49999 0.999993 8.60183e-06 0 -33.3654 1.49998 1.29027e-05
-8.625 1.49999 0.999992 1.082e-05 0 -33.1731 1.49998 1.62299e-05
-8.575 1.5 0.999992 1.26629e-05 0 -32.9808 1.49998 1.89942e-05
-8.525 1.5 0.999992 1.40131e-05 0 -32.7885 1.49999 2.10197e-05
-8.475 1.5 0.999993 1.47901e-05 0 -32.5962 1.49999 2.21852e-05
-8.425 1.5 0.999993 1.49625e-05 0 -32.4038 1.49999 2.24438e-05
-8.375 1.50001 0.999994 1.45019e-05 0 -32.2115 1.5 2.17529e-05
-8.325 1.50001 0.999995 1.34196e-05 0 -32.0192 1.5 2.01294e-05
-8.275 1.50001 0.999995 1.17549e-05 0 -31.8269 1.5 1.76325e-05
-8.225 1.50001 0.999996 9.59289e-06 0 -31.6346 1.5 1.43894e-05
-8.175 1.50001 0.999996 7.04568e-06 0 -31.4423 1.50001 1.05686e-05
-8.125 1.50001 0.999996 4.24841e-06 0 -31.25 1.50001 6.37267e-06
-8.075 1.50001 0.999996 1.349e-06 0 -31.0577 1.50001 2.02352e-06
-8.025 1.50001 0.999996 -1.53872e-06 0 -30.8654 1.50001 -2.3081e-06
-7.975 1.50001 0.999995 -4.26304e-06 0 -30.6731 1.50001 -6.39462e-06
-7.925 1.50001 0.999994 -6.6996e-06 0 -30.4808 1.5 -1.00495e-05
-7.875 1.50001 0.999993 -8.76175e-06 0 -30.2885 1.5 -1.31427e-05
-7.825 1.50001 0.999992 -1.03813e-05 0 -30.0962 1.5 -1.55721e-05
-7.775 1.50001 0.999991 -1.1506e-05 0 -29.9038 1.49999 -1.72591e-05
-7.725 1.50001 0.99999 -1.21205e-05 0 -29.7115 1.49999 -1.81808e-05
-7.675 1.5 0.99999 -1.22463e-05 0 -29.5192 1.49999 -1.83696e-05
-7.625 1.5 0.99999 -1.19483e-05 0 -29.3269 1.49999 -1.79225e-05
-7.575 1.5 0.99999 -1.13164e-05 0 -29.1346 1.49999 -1.69746e-05
-7.525 1.5 0.999991 -1.03844e-05 0 -28.9423 1.49999 -1.55766e-05
-7.475 1.5 0.999993 -9.22562e-06 0 -28.75 1.49999 -1.38384e-05
-7.425 1.5 0.999994 -7.92478e-06 0 -28.5577 1.49999 -1.18871e-05
-7.375 1.5 0.999997 -6.57016e-06 0 -28.3654 1.49999 -9.85522e-06
-7.325 1.49999 0.999999 -5.24846e-06 0 -28.1731 1.49999 -7.87266e-06
-7.275 1.49999 1 -4.03888e-06 0 -27.9808 1.5 -6.0583e-06
-7.225 1.49999 1 -3.00363e-06 0 -27.7885 1.5 -4.50543e-06
-7.175 1.49999 1.00001 -2.19037e-06 0 -27.5962 1.5 -3.28554e-06
-7.125 1.49999 1.00001 -1.62494e-06 0 -27.4038 1.50001 -2.43739e-06
-7.075 1.49999 1.00001 -1.29474e-06 0 -27.2115 1.50001 -1.9421e-06
-7.025 1.49999 1.00001 -1.16117e-06 0 -27.0192 1.50001 -1.74174e-06
-6.975 1.49999 1.00002 -1.16631e-06 0 -26.8269 1.50002 -1.74945e-06
-6.925 1.49999 1.00002 -1.23819e-06 0 -26.6346 1.50002 -1.85727e-06
-6.875 1.49999 1.00002 -1.3103e-06 0 -26.4423 1.50002 -1.96543e-06
-6.825 1.49999 1.00002 -1.31154e-06 0 -26.25 1.50002 -1.96729e-06
-6.775 1.49999 1.00002 -1.16219e-06 0 -26.0577 1.50002 -1.74327e-06
-6.725 1.49999 1.00002 -8.34843e-07 0 -25.8654 1.50002 -1.25226e-06
-6.675 1.49999 1.00001 -2.90046e-07 0 -25.6731 1.50001 -4.35067e-07
-6.625 1.49999 1.00001 4.91807e-07 0 -25.4808 1.50001 7.37706e-07
-6.575 1.49999 1.00001 1.50516e-06 0 -25.2885 1.50001 2.25772e-06
-6.525 1.49999 1.00001 2.72017e-06 0 -25.0962 1.5 4.08023e-06
-6.475 1.49999 1.00001 4.09157e-06 0 -24.9038 1.5 6.13732e-06
-6.425 1.49999 1 5.56799e-06 0 -24.7115 1.5 8.35195e-06
-6.375 1.49999 1 7.08429e-06 0 -24.5192 1.5 1.06264e-05
-6.325 1.49999 1 8.56389e-06 0 -24.3269 1.49999 1.28458e-05
-6.275 1.5 0.999998 9.92286e-06 0 -24.1346 1.49999 1.48842e-05
-6.225 1.5 0.999997 1.10803e-05 0 -23.9423 1.49999 1.66205e-05
-6.175 1.5 0.999996 1.19648e-05 0 -23.75 1.49999 1.79472e-05
-6.125 1.5 0.999995 1.25157e-05 0 -23.5577 1.49999 1.87736e-05
-6.075 1.5 0.999994 1.26826e-05 0 -23.3654 1.49999 1.90239e-05
-6.025 1.50001 0.999994 1.24403e-05 0 -23.1731 1.5 1.86606e-05
-5.975 1.50001 0.999993 1.17972e-05 0 -22.9808 1.5 1.76959e-05
-5.925 1.50001 0.999993 1.07796e-05 0 -22.7885 1.5 1.61695e-05
-5.875 1.50001 0.999992 9.43447e-06 0 -22.5962 1.5 1.41518e-05
-5.825 1.50001 0.999992 7.82032e-06 0 -22.4038 1.5 1.17306e-05
-5.775 1.50001 0.999991 6.00734e-06 0 -22.2115 1.5 9.01108e-06
-5.725 1.50001 0.99999 4.07505e-06 0 -22.0192 1.5 6.11263e-06
-5.675 1.50001 0.999989 2.10095e-06 0 -21.8269 1.5 3.15145e-06
-5.625 1.50001 0.999989 1.55622e-07 0 -21.6346 1.5 2.33436e-07
-5.575 1.50001 0.999988 -1.67417e-06 0 -21.4423 1.5 -2.51128e-06
-5.525 1.50001 0.999987 -3.31109e-06 0 -21.25 1.49999 -4.96669e-06
-5.475 1.50001 0.999986 -4.70872e-06 0 -21.0577 1.49999 -7.06315e-06
-5.425 1.50001 0.999986 -5.84461e-06 0 -20.8654 1.49999 -8.76699e-06
-5.375 1.50001 0.999985 -6.7181e-06 0 -20.6731 1.49999 -1.00772e-05
-5.325 1.50001 0.999985 -7.35378e-06 0 -20.4808 1.49999 -1.10307e-05
-5.275 1.50001 0.999986 -7.79937e-06 0 -20.2885 1.49999 -1.16991e-05
-5.225 1.50001 0.999987 -8.08995e-06 0 -20.0962 1.49999 -1.2135e-05
-5.175 1.50001 0.999988 -8.26079e-06 0 -19.9038 1.49999 -1.23912e-05
-5.125 1.50001 0.999989 -8.35321e-06 0 -19.7115 1.49999 -1.25299e-05
-5.075 1.5 0.999991 -8.41222e-06 0 -19.5192 1.49999 -1.26184e-05
-5.025 1.5 0.999994 -8.47862e-06 0 -19.3269 1.49999 -1.2718e-05
-4.975 1.5 0.999996 -8.58413e-06 0 -19.1346 1.5 -1.28762e-05
-4.925 1.5 0.999999 -8.75104e-06 0 -18.9423 1.5 -1.31266e-05
-4.875 1.5 1 -8.98821e-06 0 -18.75 1.5 -1.34823e-05
-4.825 1.5 1 -9.28979e-06 0 -18.5577 1.5 -1.39347e-05
-4.775 1.5 1.00001 -9.63396e-06 0 -18.3654 1.50001 -1.44509e-05
-4.725 1.49999 1.00001 -9.98228e-06 0 -18.1731 1.50001 -1.49734e-05
-4.675 1.49999 1.00001 -1.02859e-05 0 -17.9808 1.50001 -1.54287e-05
-4.625 1.49999 1.00001 -1.04926e-05 0 -17.7885 1.50001 -1.57389e-05
-4.575 1.49999 1.00001 -1.05526e-05 0 -17.5962 1.50001 -1.58288e-05
-4.525 1.49999 1.00001 -1.04174e-05 0 -17.4038 1.50001 -1.56259e-05
-4.475 1.49999 1.00002 -1.00447e-05 0 -17.2115 1.50001 -1.50669e-05
-4.425 1.49999 1.00002 -9.40777e-06 0 -17.0192 1.50001 -1.41115e-05
-4.375 1.49998 1.00002 -8.49645e-06 0 -16.8269 1.50001 -1.27445e-05
-4.325 1.49998 1.00002 -7.3175e-06 0 -16.6346 1.50001 -1.09761e-05
-4.275 1.49998 1.00002 -5.8962e-06 0 -16.4423 1.50001 -8.84419e-06
-4.225 1.49998 1.00002 -4.27376e-06 0 -16.25 1.50001 -6.41056e-06
-4.175 1.49998 1.00002 -2.49829e-06 0 -16.0577 1.50001 -3.74738e-06
-4.125 1.49998 1.00002 -6.23153e-07 0 -15.8654 1.50001 -9.34717e-07
-4.075 1.49998 1.00002 1.27666e-06 0 -15.6731 1.50001 1.91496e-06
-4.025 1.49998 1.00002 3.11985e-06 0 -15.4808 1.50001 4.67972e-06
-3.975 1.49998 1.00002 4.84539e-06 0 -15.2885 1.50001 7.26799e-06
-3.925 1.49998 1.00002 6.41596e-06 0 -15.0962 1.50001 9.62383e-06
-3.875 1.49998 1.00002 7.80299e-06 0 -14.9038 1.50001 1.17044e-05
-3.825 1.49998 1.00002 8.98756e-06 0 -14.7115 1.50001 1.34812e-05
-3.775 1.49999 1.00002 9.97216e-06 0 -14.5192 1.50001 1.49581e-05
-3.725 1.49999 1.00002 1.07703e-05 0 -14.3269 1.50001 1.61553e-05
-3.675 1.49999 1.00001 1.14005e-05 0 -14.1346 1.50001 1.71007e-05
-3.625 1.49999 1.00001 1.18881e-05 0 -13.9423 1.50001 1.7832e-05
-3.575 1.49999 1.00001 1.2268e-05 0 -13.75 1.50001 1.8402e-05
-3.525 1.49999 1.00001 1.25827e-05 0 -13.5577 1.50001 1.88739e-05
-3.475 1.5 1.00001 1.28749e-05 0 -13.3654 1.50001 1.93123e-05
-3.425 1.5 1 1.3181e-05 0 -13.1731 1.50001 1.97714e-05
-3.375 1.5 1 1.35242e-05 0 -12.9808 1.5 2.02863e-05
-3.325 1.5 0.999999 1.39134e-05 0 -12.7885 1.5 2.08701e-05
-3.275 1.5 0.999996 1.43446e-05 0 -12.5962 1.5 2.15169e-05
-3.225 1.50001 0.999994 1.4804e-05 0 -12.4038 1.5 2.22061e-05
-3.175 1.50001 0.999991 1.52662e-05 0 -12.2115 1.5 2.28994e-05
-3.125 1.50001 0.999988 1.5696e-05 0 -12.0192 1.49999 2.35441e-05
-3.075 1.50001 0.999986 1.60542e-05 0 -11.8269 1.49999 2.40815e-05
-3.025 1.50002 0.999984 1.6299e-05 0 -11.6346 1.49999 2.44488e-05
-2.975 1.50002 0.999982 1.63858e-05 0 -11.4423 1.49999 2.4579e-05
-2.925 1.50002 0.99998 1.62749e-05 0 -11.25 1.49999 2.44127e-05
-2.875 1.50002 0.999979 1.59459e-05 0 -11.0577 1.49999 2.39192e-05
-2.825 1.50003 0.999977 1.53915e-05 0 -10.8654 1.49999 2.30877e-05
-2.775 1.50003 0.999975 1.46199e-05 0 -10.6731 1.49999 2.19302e-05
-2.725 1.50003 0.999974 1.36528e-05 0 -10.4808 1.49999 2.04795e-05
-2.675 1.50003 0.999973 1.25255e-05 0 -10.2885 1.49999 1.87887e-05
-2.625 1.50003 0.999971 1.12837e-05 0 -10.0962 1.49999 1.69259e-05
-2.575 1.50004 0.99997 9.97558e-06 0 -9.90385 1.49999 1.49637e-05
-2.525 1.50004 0.999968 8.65053e-06 0 -9.71154 1.49999 1.29761e-05
-2.475 1.50004 0.999967 7.35608e-06 0 -9.51923 1.49999 1.10344e-05
-2.425 1.50004 0.999965 6.13377e-06 0 -9.32692 1.49999 9.20089e-06
-2.375 1.50004 0.999964 5.01397e-06 0 -9.13462 1.49999 7.52116e-06
-2.325 1.50004 0.999963 4.01489e-06 0 -8.94231 1.49998 6.0225e-06
-2.275 1.50004 0.999962 3.14023e-06 0 -8.75 1.49998 4.71047e-06
-2.225 1.50004 0.999961 2.38009e-06 0 -8.55769 1.49998 3.57024e-06
-2.175 1.50004 0.99996 1.71698e-06 0 -8.36538 1.49998 2.57555e-06
-2.125 1.50004 0.99996 1.12755e-06 0 -8.17308 1.49998 1.69137e-06
-2.075 1.50004 0.99996 5.63479e-07 0 -7.98077 1.49998 8.45243e-07
-2.025 1.50004 0.99996 -3.99746e-08 0 -7.78846 1.49998 -5.99636e-08
-1.975 1.50004 0.999961 -6.96136e-07 0 -7.59615 1.49998 -1.04423e-06
-1.925 1.50004 0.999961 -1.42622e-06 0 -7.40385 1.49998 -2.13939e-06
-1.875 1.50004 0.999962 -2.24136e-06 0 -7.21154 1.49999 -3.36213e-06
-1.825 1.50004 0.999963 -3.13956e-06 0 -7.01923 1.49999 -4.70947e-06
-1.775 1.50004 0.999964 -4.10938e-06 0 -6.82692 1.49999 -6.16424e-06
-1.725 1.50004 0.999965 -5.1323e-06 0 -6.63462 1.49999 -7.69866e-06
-1.675 1.50004 0.999966 -6.18312e-06 0 -6.44231 1.49999 -9.27492e-06
-1.625 1.50004 0.999967 -7.22817e-06 0 -6.25 1.49999 -1.08425e-05
-1.575 1.50004 0.999968 -8.22452e-06 0 -6.05769 1.49999 -1.23371e-05
-1.525 1.50004 0.999969 -9.12728e-06 0 -5.86538 1.49999 -1.36912e-05
-1.475 1.50003 0.99997 -9.89627e-06 0 -5.67308 1.49999 -1.48447e-05
-1.425 1.50003 0.999971 -1.05032e-05 0 -5.48077 1.49999 -1.57552e-05
-1.375 1.50003 0.999972 -1.09367e-05 0 -5.28846 1.49999 -1.64054e-05
-1.325 1.50003 0.999973 -1.11985e-05 0 -5.09615 1.49999 -1.6798e-05
-1.275 1.50003 0.999974 -1.1303e-05 0 -4.90385 1.49999 -1.69548e-05
-1.225 1.50003 0.999975 -1.12715e-05 0 -4.71154 1.49999 -1.69075e-05
-1.175 1.50003 0.999977 -1.11336e-05 0 -4.51923 1.49999 -1.67007e-05
-1.125 1.50002 0.999978 -1.09253e-05 0 -4.32692 1.49999 -1.63883e-05
-1.075 1.50002 0.99998 -1.06879e-05 0 -4.13462 1.49999 -1.6032e-05
-1.025 1.50002 0.999981 -1.046e-05 0 -3.94231 1.49999 -1.56902e-05
-0.975 1.50002 0.999983 -1.02754e-05 0 -3.75 1.49999 -1.54133e-05
-0.925 1.50002 0.999985 -1.01583e-05 0 -3.55769 1.5 -1.52376e-05
-0.875 1.50002 0.999987 -1.01215e-05 0 -3.36538 1.5 -1.51825e-05
-0.825 1.50001 0.999988 -1.01629e-05 0 -3.17308 1.5 -1.52446e-05
-0.775 1.50001 0.99999 -1.02642e-05 0 -2.98077 1.5 -1.53965e-05
-0.725 1.50001 0.999992 -1.04011e-05 0 -2.78846 1.5 -1.56017e-05
-0.675 1.50001 0.999993 -1.05422e-05 0 -2.59615 1.5 -1.58134e-05
-0.625 1.50001 0.999994 -1.06516e-05 0 -2.40385 1.5 -1.59776e-05
-0.575 1.50001 0.999995 -1.06926e-05 0 -2.21154 1.5 -1.6039e-05
-0.525 1.50001 0.999996 -1.06324e-05 0 -2.01923 1.5 -1.59487e-05
-0.475 1.5 0.999997 -1.04516e-05 0 -1.82692 1.5 -1.56775e-05
-0.425 1.5 0.999997 -1.0141e-05 0 -1.63462 1.5 -1.52116e-05
-0.375 1.5 0.999998 -9.70551e-06 0 -1.44231 1.5 -1.45583e-05
-0.325 1.5 0.999999 -9.16471e-06 0 -1.25 1.5 -1.37471e-05
-0.275 1.5 0.999999 -8.54929e-06 0 -1.05769 1.5 -1.28239e-05
-0.225 1.5 1 -7.89422e-06 0 -0.865385 1.5 -1.18413e-05
-0.175 1.5 1 -7.23807e-06 0 -0.673077 1.5 -1.08571e-05
-0.125 1.5 1 -6.62016e-06 0 -0.480769 1.5 -9.93022e-06
-0.075 1.5 1 -6.07483e-06 0 -0.288462 1.5 -9.11222e-06
-0.025 1.5 1 -5.62981e-06 0 -0.0961538 1.5 -8.44469e-06
0.025 1.49999 1 -5.30478e-06 0 0.0961538 1.5 -7.95715e-06
0.075 1.49999 1 -5.10533e-06 0 0.288462 1.5 -7.65797e-06
0.125 1.49999 1.00001 -5.02483e-06 0 0.480769 1.5 -7.5372e-06
0.175 1.49999 1.00001 -5.04368e-06 0 0.673077 1.5 -7.56548e-06
0.225 1.49999 1.00001 -5.13371e-06 0 0.865385 1.5 -7.70052e-06
0.275 1.49999 1.00001 -5.26622e-06 0 1.05769 1.5 -7.89928e-06
0.325 1.49999 1.00001 -5.40526e-06 0 1.25 1.5 -8.10784e-06
0.375 1.49999 1.00001 -5.51031e-06 0 1.44231 1.5 -8.26541e-06
0.425 1.49999 1.00001 -5.56914e-06 0 1.63462 1.5 -8.35365e-06
0.475 1.49999 1.00001 -5.56676e-06 0 1.82692 1.5 -8.35007e-06
0.525 1.49999 1.00001 -5.50271e-06 0 2.01923 1.5 -8.254e-06
0.575 1.49999 1.00001 -5.38344e-06 0 2.21154 1.5 -8.0751e-06
0.625 1.49999 1 -5.22437e-06 0 2.40385 1.49999 -7.83649e-06
0.675 1.49999 1 -5.05319e-06 0 2.59615 1.49999 -7.57971e-06
0.725 1.49999 1 -4.90564e-06 0 2.78846 1.49999 -7.3584e-06
0.775 1.49999 1 -4.82152e-06 0 2.98077 1.49999 -7.23221e-06
0.825 1.49999 1 -4.83584e-06 0 3.17308 1.49999 -7.2537e-06
0.875 1.49999 1 -4.97381e-06 0 3.36538 1.49999 -7.46065e-06
0.925 1.49999 1 -5.2514e-06 0 3.55769 1.49999 -7.87703e-06
0.975 1.49999 1 -5.67275e-06 0 3.75 1.49999 -8.50905e-06
1.025 1.49999 1 -6.23314e-06 0 3.94231 1.49999 -9.34963e-06
1.075 1.49999 1 -6.9188e-06 0 4.13462 1.49999 -1.03781e-05
1.125 1.49999 1 -7.70843e-06 0 4.32692 1.49999 -1.15625e-05
1.175 1.49999 1 -8.57664e-06 0 4.51923 1.49999 -1.28648e-05
1.225 1.49998 1 -9.49724e-06 0 4.71154 1.49999 -1.42457e-05
1.275 1.49998 1 -1.04459e-05 0 4.90385 1.49999 -1.56686e-05
1.325 1.49998 0.999999 -1.14027e-05 0 5.09615 1.49998 -1.71039e-05
1.375 1.49998 0.999998 -1.23558e-05 0 5.28846 1.49998 -1.85335e-05
1.425 1.49998 0.999997 -1.33024e-05 0 5.48077 1.49998 -1.99534e-05
1.475 1.49998 0.999997 -1.42495e-05 0 5.67308 1.49998 -2.13739e-05
1.525 1.49998 0.999996 -1.52157e-05 0 5.86538 1.49997 -2.28233e-05
1.575 1.49998 0.999995 -1.62293e-05 0 6.05769 1.49997 -2.43437e-05
1.625 1.49998 0.999994 -1.73239e-05 0 6.25 1.49997 -2.59856e-05
1.675 1.49998 0.999993 -1.85354e-05 0 6.44231 1.49997 -2.78027e-05
1.725 1.49998 0.999993 -1.9898e-05 0 6.63462 1.49997 -2.98466e-05
1.775 1.49998 0.999992 -2.14398e-05 0 6.82692 1.49997 -3.21592e-05
1.825 1.49998 0.999991 -2.31782e-05 0 7.01923 1.49996 -3.47668e-05
1.875 1.49998 0.99999 -2.51201e-05 0 7.21154 1.49996 -3.76795e-05
1.925 1.49997 0.99999 -2.72622e-05 0 7.40385 1.49996 -4.08926e-05
1.975 1.49997 0.999989 -2.95916e-05 0 7.59615 1.49996 -4.43866e-05
2.025 1.49997 0.999988 -3.20877e-05 0 7.78846 1.49995 -4.81307e-05
2.075 1.49997 0.999987 -3.4726e-05 0 7.98077 1.49995 -5.2088e-05
2.125 1.49997 0.999985 -3.74814e-05 0 8.17308 1.49995 -5.6221e-05
2.175 1.49997 0.999984 -4.03321e-05 0 8.36538 1.49994 -6.04968e-05
2.225 1.49996 0.999982 -4.32627e-05 0 8.55769 1.49994 -6.48925e-05
2.275 1.49996 0.999981 -4.62674e-05 0 8.75 1.49993 -6.93994e-05
2.325 1.49996 0.999979 -4.93509e-05 0 8.94231 1.49993 -7.40244e-05
2.375 1.49996 0.999978 -5.25286e-05 0 9.13462 1.49992 -7.87907e-05
2.425 1.49996 0.999976 -5.58248e-05 0 9.32692 1.49992 -8.37347e-05
2.475 1.49995 0.999975 -5.92696e-05 0 9.51923 1.49991 -8.89017e-05
2.525 1.49995 0.999973 -6.2896e-05 0 9.71154 1.49991 -9.43409e-05
2.575 1.49995 0.999971 -6.67351e-05 0 9.90385 1.4999 -0.000100099
2.625 1.49994 0.99997 -7.08128e-05 0 10.0962 1.4999 -0.000106215
2.675 1.49994 0.999968 -7.5146e-05 0 10.2885 1.49989 -0.000112715
2.725 1.49994 0.999966 -7.97402e-05 0 10.4808 1.49989 -0.000119605
2.775 1.49994 0.999964 -8.45868e-05 0 10.6731 1.49988 -0.000126875
2.825 1.49993 0.999962 -8.96629e-05 0 10.8654 1.49987 -0.000134488
2.875 1.49993 0.999959 -9.49333e-05 0 11.0577 1.49987 -0.000142393
2.925 1.49993 0.999957 -0.000100354 0 11.25 1.49986 -0.000150524
2.975 1.49992 0.999954 -0.000105879 0 11.4423 1.49985 -0.00015881
3.025 1.49992 0.999951 -0.000111462 0 11.6346 1.49985 -0.000167184
3.075 1.49992 0.999947 -0.000117057 0 11.8269 1.49984 -0.000175576
3.125 1.49991 0.999944 -0.00012262 0 12.0192 1.49983 -0.00018392
3.175 1.49991 0.99994 -0.000128108 0 12.2115 1.49982 -0.00019215
3.225 1.49991 0.999936 -0.000133492 0 12.4038 1.49981 -0.000200225
3.275 1.4999 0.999932 -0.000138758 0 12.5962 1.4998 -0.000208123
3.325 1.4999 0.999928 -0.000143875 0 12.7885 1.49979 -0.000215799
3.375 1.4999 0.999923 -0.000148754 0 12.9808 1.49979 -0.000223117
3.425 1.4999 0.999918 -0.000153268 0 13.1731 1.49978 -0.000229887
3.475 1.4999 0.999913 -0.000157369 0 13.3654 1.49977 -0.000236038
3.525 1.4999 0.999908 -0.000160966 0 13.5577 1.49976 -0.000241434
3.575 1.4999 0.999902 -0.00016394 0 13.75 1.49976 -0.000245894
3.625 1.49991 0.999896 -0.00016615 0 13.9423 1.49975 -0.00024921
3.675 1.49991 0.999889 -0.000167442 0 14.1346 1.49974 -0.000251149
3.725 1.49992 0.999881 -0.000167657 0 14.3269 1.49974 -0.000251471
3.775 1.49992 0.999874 -0.000166631 0 14.5192 1.49973 -0.000249934
3.825 1.49993 0.999865 -0.000164193 0 14.7115 1.49973 -0.000246278
3.875 1.49994 0.999856 -0.00016017 0 14.9038 1.49972 -0.000240245
3.925 1.49994 0.999846 -0.000154383 0 15.0962 1.49971 -0.000231565
3.975 1.49995 0.999836 -0.000146818 0 15.2885 1.4997 -0.00022022
4.025 1.49995 0.999825 -0.000137562 0 15.4808 1.49969 -0.000206336
4.075 1.49996 0.999812 -0.000126746 0 15.6731 1.49968 -0.000190114
4.125 1.49996 0.9998 -0.000114538 0 15.8654 1.49966 -0.000171802
4.175 1.49996 0.999786 -0.000101022 0 16.0577 1.49963 -0.000151529
4.225 1.49995 0.999771 -8.63531e-05 0 16.25 1.49961 -0.000129526
4.275 1.49994 0.999755 -7.09631e-05 0 16.4423 1.49957 -0.00010644
4.325 1.49992 0.999738 -5.54915e-05 0 16.6346 1.49953 -8.32329e-05
4.375 1.49989 0.99972 -4.06844e-05 0 16.8269 1.49947 -6.10223e-05
4.425 1.49986 0.999701 -2.73161e-05 0 17.0192 1.49941 -4.09702e-05
4.475 1.49981 0.99968 -1.61552e-05 0 17.2115 1.49933 -2.42298e-05
4.525 1.49976 0.999658 -7.94797e-06 0 17.4038 1.49924 -1.192e-05
4.575 1.49969 0.999635 -3.3928e-06 0 17.5962 1.49914 -5.08816e-06
4.625 1.49962 0.999609 -3.09246e-06 0 17.7885 1.49904 -4.63752e-06
4.675 1.49954 0.999582 -7.56114e-06 0 17.9808 1.49892 -1.13383e-05
4.725 1.49946 0.999552 -1.72917e-05 0 18.1731 1.49879 -2.59282e-05
4.775 1.49937 0.99952 -3.26025e-05 0 18.3654 1.49865 -4.88831e-05
4.825 1.49928 0.999485 -5.36619e-05 0 18.5577 1.49851 -8.04541e-05
4.875 1.49919 0.999448 -8.03482e-05 0 18.75 1.49836 -0.000120457
4.925 1.4991 0.999409 -0.000112143 0 18.9423 1.49821 -0.000168113
4.975 1.49901 0.999367 -0.000148634 0 19.1346 1.49806 -0.000222805
5.025 1.49892 0.999321 -0.000189514 0 19.3269 1.49791 -0.000284068
5.075 1.49883 0.999272 -0.000234501 0 19.5192 1.49774 -0.000351478
5.125 1.49874 0.99922 -0.000283398 0 19.7115 1.49758 -0.000424741
5.175 1.49865 0.999164 -0.000336192 0 19.9038 1.4974 -0.000503833
5.225 1.49855 0.999104 -0.000393111 0 20.0962 1.4972 -0.000589094
5.275 1.49843 0.999039 -0.000454636 0 20.2885 1.49699 -0.000681241
5.325 1.49831 0.99897 -0.000521459 0 20.4808 1.49676 -0.000781304
5.375 1.49817 0.998896 -0.000594389 0 20.6731 1.49651 -0.000890494
5.425 1.49801 0.998816 -0.000674231 0 20.8654 1.49624 -0.00101001
5.475 1.49785 0.99873 -0.000761648 0 21.0577 1.49595 -0.00114083
5.525 1.49768 0.998638 -0.000857058 0 21.25 1.49564 -0.00128359
5.575 1.4975 0.99854 -0.000960687 0 21.4423 1.49531 -0.00143863
5.625 1.49733 0.998434 -0.00107147 0 21.6346 1.49498 -0.00160434
5.675 1.49717 0.99832 -0.00118778 0 21.8269 1.49465 -0.0017783
5.725 1.49701 0.998198 -0.00130825 0 22.0192 1.49431 -0.00195846
5.775 1.49685 0.998067 -0.0014318 0 22.2115 1.49396 -0.00214318
5.825 1.49669 0.997926 -0.00155749 0 22.4038 1.49359 -0.00233108
5.875 1.49653 0.997776 -0.0016845 0 22.5962 1.4932 -0.00252091
5.925 1.49636 0.997614 -0.00181241 0 22.7885 1.49279 -0.00271202
5.975 1.49617 0.997441 -0.00194141 0 22.9808 1.49234 -0.00290469
6.025 1.49596 0.997255 -0.00207251 0 23.1731 1.49185 -0.00310039
6.075 1.49571 0.997055 -0.00220747 0 23.3654 1.4913 -0.00330173
6.125 1.49542 0.996841 -0.00234865 0 23.5577 1.49069 -0.00351221
6.175 1.49508 0.996611 -0.00249873 0 23.75 1.49002 -0.00373581
6.225 1.49471 0.996364 -0.00266038 0 23.9423 1.48927 -0.00397649
6.275 1.49429 0.996099 -0.00283598 0 24.1346 1.48846 -0.00423779
6.325 1.49384 0.995815 -0.00302741 0 24.3269 1.48759 -0.00452247
6.375 1.49336 0.99551 -0.00323593 0 24.5192 1.48666 -0.00483241
6.425 1.49285 0.995183 -0.00346227 0 24.7115 1.48566 -0.00516867
6.475 1.49232 0.994832 -0.00370675 0 24.9038 1.48461 -0.00553166
6.525 1.49176 0.994455 -0.00396949 0 25.0962 1.48349 -0.00592151
6.575 1.49117 0.994051 -0.00425068 0 25.2885 1.4823 -0.00633847
6.625 1.49054 0.993617 -0.00455081 0 25.4808 1.48102 -0.00678317
6.675 1.48987 0.993152 -0.00487084 0 25.6731 1.47966 -0.0072569
6.725 1.48914 0.992652 -0.00521218 0 25.8654 1.4782 -0.00776169
6.775 1.48837 0.992117 -0.00557672 0 26.0577 1.47663 -0.00830019
6.825 1.48752 0.991543 -0.00596666 0 26.25 1.47494 -0.00887555
6.875 1.48661 0.990927 -0.00638441 0 26.4423 1.47313 -0.00949115
6.925 1.48564 0.990267 -0.00683236 0 26.6346 1.47118 -0.0101504
6.975 1.48459 0.989558 -0.00731286 0 26.8269 1.46909 -0.0108566
7.025 1.48347 0.988799 -0.0078281 0 27.0192 1.46685 -0.0116127
7.075 1.48227 0.987984 -0.00838021 0 27.2115 1.46446 -0.0124217
7.125 1.48098 0.98711 -0.0089713 0 27.4038 1.4619 -0.0132864
7.175 1.47962 0.986173 -0.00960364 0 27.5962 1.45916 -0.0142097
7.225 1.47815 0.985169 -0.0102797 0 27.7885 1.45623 -0.0151949
7.275 1.47659 0.984092 -0.0110021 0 27.9808 1.4531 -0.0162456
7.325 1.47491 0.982937 -0.0117739 0 28.1731 1.44975 -0.0173654
7.375 1.47312 0.981699 -0.0125982 0 28.3654 1.44616 -0.0185587
7.425 1.47121 0.980372 -0.0134786 0 28.5577 1.44233 -0.0198297
7.475 1.46916 0.978951 -0.0144185 0 28.75 1.43823 -0.021183
7.525 1.46697 0.977427 -0.0154216 0 28.9423 1.43385 -0.0226229
7.575 1.46463 0.975795 -0.0164916 0 29.1346 1.42917 -0.024154
7.625 1.46213 0.974046 -0.0176322 0 29.3269 1.42418 -0.0257806
7.675 1.45946 0.972173 -0.0188473 0 29.5192 1.41885 -0.027507
7.725 1.45662 0.970167 -0.020141 0 29.7115 1.41316 -0.0293378
7.775 1.45359 0.968019 -0.0215172 0 29.9038 1.4071 -0.0312772
7.825 1.45036 0.965719 -0.0229803 0 30.0962 1.40064 -0.0333296
7.875 1.44691 0.963258 -0.0245343 0 30.2885 1.39375 -0.035499
7.925 1.44324 0.960624 -0.0261837 0 30.4808 1.38641 -0.0377894
7.975 1.43934 0.957806 -0.0279326 0 30.6731 1.37861 -0.0402045
8.025 1.43518 0.954791 -0.0297855 0 30.8654 1.3703 -0.0427477
8.075 1.43077 0.951568 -0.0317465 0 31.0577 1.36147 -0.0454219
8.125 1.42608 0.948122 -0.0338195 0 31.25 1.3521 -0.0482294
8.175 1.4211 0.944439 -0.0360083 0 31.4423 1.34215 -0.0511715
8.225 1.41582 0.940505 -0.038316 0 31.6346 1.33159 -0.0542487
8.275 1.41023 0.936304 -0.0407459 0 31.8269 1.3204 -0.057461
8.325 1.4043 0.931819 -0.0433002 0 32.0192 1.30856 -0.0608067
8.375 1.39804 0.927035 -0.0459808 0 32.2115 1.29603 -0.064283
8.425 1.39142 0.921934 -0.0487884 0 32.4038 1.2828 -0.067885
8.475 1.38443 0.916497 -0.0517224 0 32.5962 1.26883 -0.0716061
8.525 1.37706 0.910706 -0.0547816 0 32.7885 1.2541 -0.0754378
8.575 1.36931 0.904543 -0.0579634 0 32.9808 1.2386 -0.0793697
8.625 1.36115 0.897987 -0.0612632 0 33.1731 1.2223 -0.0833887
8.675 1.35259 0.891021 -0.0646746 0 33.3654 1.20519 -0.0874785
8.725 1.34362 0.883625 -0.0681888 0 33.5577 1.18726 -0.0916198
8.775 1.33423 0.87578 -0.0717945 0 33.75 1.16849 -0.0957904
8.825 1.32442 0.867467 -0.0754782 0 33.9423 1.14889 -0.099965
8.875 1.3142 0.858668 -0.0792233 0 34.1346 1.12846 -0.104115
8.925 1.30356 0.849369 -0.0830094 0 34.3269 1.1072 -0.108207
8.975 1.29251 0.839554 -0.0868119 0 34.5192 1.08513 -0.112205
9.025 1.28107 0.82921 -0.0906019 0 34.7115 1.06228 -0.116068
9.075 1.26925 0.818326 -0.0943466 0 34.9038 1.03866 -0.11975
9.125 1.25707 0.806895 -0.0980089 0 35.0962 1.01432 -0.123204
9.175 1.24455 0.794916 -0.101547 0 35.2885 0.989312 -0.12638
9.225 1.23172 0.782394 -0.104913 0 35.4808 0.963694 -0.129223
9.275 1.21863 0.769339 -0.108052 0 35.6731 0.93754 -0.131676
9.325 1.20531 0.755768 -0.110907 0 35.8654 0.910934 -0.133677
9.375 1.19181 0.741705 -0.113414 0 36.0577 0.883971 -0.135168
9.425 1.17818 0.727186 -0.115508 0 36.25 0.856759 -0.13609
9.475 1.16451 0.712257 -0.117118 0 36.4423 0.829428 -0.136384
9.525 1.15086 0.696979 -0.118167 0 36.6346 0.802124 -0.135994
9.575 1.1373 0.681429 -0.118577 0 36.8269 0.774992 -0.134858
9.625 1.12392 0.665716 -0.118274 0 37.0192 0.748215 -0.132932
9.675 1.1108 0.649935 -0.117191 0 37.2115 0.721945 -0.130175
9.725 1.09799 0.634177 -0.115254 0 37.4038 0.696323 -0.126548
9.775 1.08561 0.618571 -0.112398 0 37.5962 0.671526 -0.122021
9.825 1.07373 0.603254 -0.108573 0 37.7885 0.647731 -0.116578
9.875 1.06244 0.58838 -0.10374 0 37.9808 0.625118 -0.110217
9.925 1.05183 0.574112 -0.0978801 0 38.1731 0.60387 -0.102954
9.975 1.042 0.560619 -0.0909933 0 38.3654 0.584165 -0.0948152
10.025 1.03303 0.548074 -0.0830982 0 38.5577 0.566175 -0.0858427
10.075 1.02499 0.536649 -0.0742348 0 38.75 0.550059 -0.0760899
10.125 1.01796 0.526506 -0.0644684 0 38.9423 0.535964 -0.0656265
10.175 1.01202 0.517801 -0.0538898 0 39.1346 0.524023 -0.0545374
10.225 1.0072 0.510671 -0.042613 0 39.3269 0.51435 -0.04292
10.275 1.00358 0.505235 -0.0307712 0 39.5192 0.507041 -0.0308812
10.325 1.00116 0.501586 -0.0185156 0 39.7115 0.502167 -0.018537
10.375 1.00003 0.499788 -0.00599868 0 39.9038 0.499804 -0.00599887
10.425 0.999885 0.499869 0.00656303 0 40.0962 0.499812 0.00656227
10.475 1.00075 0.501822 0.0188976 0 40.2885 0.5022 0.0189118
10.525 1.00326 0.505603 0.0309344 0 40.4808 0.50725 0.0310352
10.575 1.00711 0.511144 0.0425644 0 40.6731 0.514781 0.0428672
10.625 1.01208 0.518355 0.0536435 0 40.8654 0.524618 0.0542917
10.675 1.01814 0.527117 0.0640348 0 41.0577 0.536676 0.0651961
10.725 1.02526 0.537293 0.0736292 0 41.25 0.550864 0.0754891
10.775 1.03339 0.54873 0.0823433 0 41.4423 0.567053 0.0850929
10.825 1.04245 0.561267 0.0901153 0 41.6346 0.585092 0.0939406
10.875 1.05235 0.574732 0.0969062 0 41.8269 0.604818 0.101979
10.925 1.06301 0.588955 0.102699 0 42.0192 0.626065 0.10917
10.975 1.07434 0.603771 0.107495 0 42.2115 0.648658 0.115487
11.025 1.08626 0.619024 0.111316 0 42.4038 0.672423 0.120918
11.075 1.09868 0.634565 0.114197 0 42.5962 0.697182 0.125465
11.125 1.1115 0.650255 0.116189 0 42.7885 0.722759 0.129144
11.175 1.12466 0.665969 0.117349 0 42.9808 0.748988 0.131978
11.225 1.13804 0.681587 0.117735 0 43.1731 0.77567 0.133987
11.275 1.15153 0.696992 0.117417 0 43.3654 0.802606 0.135209
11.325 1.16507 0.712116 0.116471 0 43.5577 0.829664 0.135697
11.375 1.1786 0.726908 0.114967 0 43.75 0.856737 0.135501
11.425 1.19207 0.741313 0.112976 0 43.9423 0.8837 0.134676
11.475 1.20543 0.755283 0.110565 0 44.1346 0.910443 0.133279
11.525 1.21863 0.768781 0.107801 0 44.3269 0.936858 0.13137
11.575 1.23161 0.781781 0.104747 0 44.5192 0.962848 0.129007
11.625 1.24434 0.794263 0.10146 0 44.7115 0.98833 0.126251
11.675 1.25677 0.806216 0.0979941 0 44.9038 1.01323 0.123156
11.725 1.26889 0.817635 0.0943956 0 45.0962 1.03749 0.119777
11.775 1.28065 0.82852 0.0907076 0 45.2885 1.06105 0.116165
11.825 1.29205 0.838875 0.0869681 0 45.4808 1.08387 0.112367
11.875 1.30307 0.848708 0.0832104 0 45.6731 1.10592 0.108429
11.925 1.31368 0.858028 0.0794633 0 45.8654 1.12718 0.10439
11.975 1.32389 0.866849 0.0757512 0 46.0577 1.14762 0.100287
12.025 1.33369 0.875187 0.0720948 0 46.25 1.16723 0.0961522
12.075 1.34307 0.883057 0.0685116 0 46.4423 1.18601 0.0920161
12.125 1.35204 0.890479 0.0650159 0 46.6346 1.20397 0.0879044
12.175 1.36061 0.897472 0.0616191 0 46.8269 1.22111 0.0838393
12.225 1.36877 0.904054 0.05833 0 47.0192 1.23744 0.0798401
12.275 1.37653 0.910245 0.0551553 0 47.2115 1.25298 0.075923
12.325 1.38391 0.916064 0.0521 0 47.4038 1.26775 0.0721017
12.375 1.39091 0.921528 0.0491674 0 47.5962 1.28176 0.0683874
12.425 1.39755 0.926658 0.0463591 0 47.7885 1.29505 0.0647891
12.475 1.40383 0.931471 0.0436758 0 47.9808 1.30763 0.0613135
12.525 1.40978 0.935984 0.0411169 0 48.1731 1.31953 0.0579656
12.575 1.41539 0.940213 0.0386811 0 48.3654 1.33077 0.054749
12.625 1.4207 0.944176 0.0363664 0 48.5577 1.34139 0.0516656
12.675 1.4257 0.947887 0.03417 0 48.75 1.3514 0.0487161
12.725 1.43041 0.95136 0.0320888 0 48.9423 1.36084 0.0459002
12.775 1.43485 0.954611 0.0301192 0 49.1346 1.36972 0.0432166
12.825 1.43903 0.957652 0.0282573 0 49.3269 1.37809 0.0406631
12.875 1.44296 0.960495 0.026499 0 49.5192 1.38596 0.038237
12.925 1.44666 0.963154 0.0248402 0 49.7115 1.39335 0.0359352
12.975 1.45013 0.965639 0.0232764 0 49.9038 1.4003 0.0337537
13.025 1.45339 0.967962 0.0218034 0 50.0962 1.40682 0.0316888
13.075 1.45645 0.970132 0.0204168 0 50.2885 1.41295 0.029736
13.125 1.45932 0.972159 0.0191124 0 50.4808 1.41869 0.0278911
13.175 1.46201 0.974053 0.0178861 0 50.6731 1.42408 0.0261497
13.225 1.46453 0.975822 0.0167338 0 50.8654 1.42912 0.0245072
13.275 1.4669 0.977475 0.0156516 0 51.0577 1.43386 0.0229594
13.325 1.46911 0.979018 0.0146359 0 51.25 1.43829 0.0215018
13.375 1.47119 0.980459 0.013683 0 51.4423 1.44244 0.0201302
13.425 1.47313 0.981805 0.0127895 0 51.6346 1.44632 0.0188405
13.475 1.47494 0.983062 0.0119521 0 51.8269 1.44996 0.0176287
13.525 1.47664 0.984236 0.0111677 0 52.0192 1.45337 0.0164907
13.575 1.47823 0.985332 0.0104332 0 52.2115 1.45655 0.0154228
13.625 1.47972 0.986356 0.00974589 0 52.4038 1.45953 0.0144212
13.675 1.48111 0.987311 0.00910283 0 52.5962 1.46232 0.0134823
13.725 1.48241 0.988203 0.0085014 0 52.7885 1.46492 0.0126025
13.775 1.48362 0.989035 0.00793901 0 52.9808 1.46735 0.0117785
13.825 1.48476 0.989811 0.00741322 0 53.1731 1.46963 0.0110068
13.875 1.48582 0.990535 0.00692164 0 53.3654 1.47175 0.0102843
13.925 1.48681 0.99121 0.00646204 0 53.5577 1.47374 0.00960782
13.975 1.48773 0.991839 0.00603226 0 53.75 1.47559 0.0089744
14.025 1.4886 0.992426 0.00563028 0 53.9423 1.47732 0.00838122
14.075 1.48941 0.992973 0.00525419 0 54.1346 1.47894 0.00782563
14.125 1.49016 0.993483 0.00490224 0 54.3269 1.48045 0.00730512
14.175 1.49086 0.993958 0.00457276 0 54.5192 1.48185 0.00681736
14.225 1.49152 0.994401 0.00426425 0 54.7115 1.48317 0.00636021
14.275 1.49213 0.994814 0.00397531 0 54.9038 1.48439 0.00593169
14.325 1.4927 0.995199 0.00370468 0 55.0962 1.48554 0.00552998
14.375 1.49323 0.995558 0.00345119 0 55.2885 1.4866 0.00515343
14.425 1.49373 0.995893 0.0032138 0 55.4808 1.48759 0.00480054
14.475 1.49419 0.996205 0.00299152 0 55.6731 1.48852 0.00446991
14.525 1.49462 0.996495 0.00278348 0 55.8654 1.48938 0.00416024
14.575 1.49502 0.996766 0.00258883 0 56.0577 1.49019 0.00387035
14.625 1.49539 0.997019 0.00240678 0 56.25 1.49093 0.00359908
14.675 1.49574 0.997253 0.00223659 0 56.4423 1.49163 0.00334536
14.725 1.49606 0.997471 0.00207753 0 56.6346 1.49228 0.00310811
14.775 1.49636 0.997673 0.00192889 0 56.8269 1.49288 0.00288631
14.825 1.49664 0.997861 0.00178997 0 57.0192 1.49343 0.00267893
14.875 1.49689 0.998034 0.00166009 0 57.2115 1.49395 0.00248498
14.925 1.49713 0.998194 0.0015386 0 57.4038 1.49443 0.00230348
14.975 1.49735 0.998341 0.00142485 0 57.5962 1.49487 0.0021335
15.025 1.49756 0.998476 0.00131824 0 57.7885 1.49527 0.00197414
15.075 1.49775 0.998601 0.00121821 0 57.9808 1.49565 0.00182456
15.125 1.49792 0.998714 0.00112422 0 58.1731 1.49599 0.00168399
15.175 1.49808 0.998818 0.0010358 0 58.3654 1.49631 0.00155172
15.225 1.49823 0.998913 0.000952544 0 58.5577 1.4966 0.00142713
15.275 1.49837 0.998999 0.000874087 0 58.75 1.49687 0.0013097
15.325 1.49849 0.999077 0.000800143 0 58.9423 1.49711 0.00119901
15.375 1.4986 0.999148 0.000730483 0 59.1346 1.49733 0.0010947
15.425 1.49871 0.999212 0.000664934 0 59.3269 1.49753 0.000996543
15.475 1.4988 0.99927 0.00060337 0 59.5192 1.49771 0.000904333
15.525 1.49889 0.999323 0.0005457 0 59.7115 1.49787 0.000817944
15.575 1.49897 0.99937 0.00049186 0 59.9038 1.49802 0.000737281
15.625 1.49904 0.999412 0.0004418 0 60.0962 1.49815 0.000662273
15.675 1.4991 0.99945 0.000395473 0 60.2885 1.49827 0.000592852
15.725 1.49915 0.999483 0.000352827 0 60.4808 1.49838 0.000528942
15.775 1.4992 0.999513 0.000313792 0 60.6731 1.49847 0.000470438
15.825 1.49925 0.999538 0.000278273 0 60.8654 1.49855 0.0004172
15.875 1.49929 0.999559 0.000246146 0 61.0577 1.49862 0.000369044
15.925 1.49932 0.999577 0.00021726 0 61.25 1.49869 0.000325742
15.975 1.49935 0.999592 0.000191439 0 61.4423 1.49874 0.000287035
16.025 1.49938 0.999603 0.000168492 0 61.6346 1.49878 0.000252633
16.075 1.4994 0.999612 0.000148212 0 61.8269 1.49882 0.000222229
16.125 1.49942 0.999618 0.00013039 0 62.0192 1.49885 0.000195509
16.175 1.49944 0.999622 0.00011483 0 62.2115 1.49887 0.000172181
16.225 1.49946 0.999624 0.000101354 0 62.4038 1.49889 0.000151976
16.275 1.49947 0.999625 8.97265e-05 0 62.5962 1.49891 0.000134542
16.325 1.49948 0.999624 7.98679e-05 0 62.7885 1.49892 0.00011976
16.375 1.49949 0.999623 7.16086e-05 0 62.9808 1.49893 0.000107377
16.425 1.4995 0.999621 6.48113e-05 0 63.1731 1.49893 9.71847e-05
16.475 1.49951 0.999619 5.94005e-05 0 63.3654 1.49894 8.90718e-05
16.525 1.49952 0.999618 5.53591e-05 0 63.5577 1.49895 8.30122e-05
16.575 1.49953 0.999617 5.26907e-05 0 63.75 1.49895 7.90113e-05
16.625 1.49954 0.999617 5.13825e-05 0 63.9423 1.49896 7.70499e-05
16.675 1.49954 0.999618 5.1367e-05 0 64.1346 1.49897 7.70272e-05
16.725 1.49955 0.999621 5.26836e-05 0 64.3269 1.49898 7.90018e-05
16.775 1.49956 0.999625 5.53417e-05 0 64.5192 1.499 8.29883e-05
16.825 1.49957 0.999631 5.93087e-05 0 64.7115 1.49902 8.89375e-05
16.875 1.49958 0.999638 6.45269e-05 0 64.9038 1.49904 9.67632e-05
16.925 1.49959 0.999646 7.09036e-05 0 65.0962 1.49906 0.000106326
16.975 1.4996 0.999656 7.83081e-05 0 65.2885 1.49908 0.000117431
17.025 1.49961 0.999667 8.65717e-05 0 65.4808 1.49911 0.000129824
17.075 1.49963 0.999679 9.54894e-05 0 65.6731 1.49914 0.000143198
17.125 1.49964 0.999692 0.000104828 0 65.8654 1.49918 0.000157204
17.175 1.49966 0.999707 0.000114331 0 66.0577 1.49922 0.000171458
17.225 1.49968 0.999722 0.000123734 0 66.25 1.49926 0.000185561
17.275 1.49969 0.999738 0.000132763 0 66.4423 1.4993 0.000199105
17.325 1.49972 0.999755 0.000141153 0 66.6346 1.49935 0.00021169
17.375 1.49974 0.999773 0.000148648 0 66.8269 1.4994 0.000222934
17.425 1.49976 0.999792 0.000155023 0 67.0192 1.49945 0.000232497
17.475 1.49978 0.999812 0.000160097 0 67.2115 1.4995 0.000240111
17.525 1.49981 0.999832 0.000163747 0 67.4038 1.49956 0.000245589
17.575 1.49983 0.999854 0.000165901 0 67.5962 1.49961 0.000248824
17.625 1.49986 0.999876 0.000166537 0 67.7885 1.49967 0.000249782
17.675 1.49988 0.999899 0.000165623 0 67.9808 1.49973 0.000248415
17.725 1.49991 0.999922 0.00016317 0 68.1731 1.49979 0.000244739
17.775 1.49993 0.999946 0.000159253 0 68.3654 1.49985 0.000238869
17.825 1.49996 0.99997 0.000153998 0 68.5577 1.49991 0.00023099
17.875 1.49998 0.999994 0.000147529 0 68.75 1.49997 0.000221291
17.925 1.5 1.00002 0.000139963 0 68.9423 1.50003 0.000209945
17.975 1.50002 1.00004 0.000131429 0 69.1346 1.50008 0.000197146
18.025 1.50004 1.00006 0.000122046 0 69.3269 1.50013 0.000183074
18.075 1.50006 1.00008 0.000111921 0 69.5192 1.50018 0.000167888
18.125 1.50007 1.0001 0.000101145 0 69.7115 1.50023 0.000151724
18.175 1.50009 1.00012 8.98013e-05 0 69.9038 1.50027 0.00013471
18.225 1.5001 1.00014 7.79755e-05 0 70.0962 1.5003 0.000116971
18.275 1.50011 1.00015 6.57481e-05 0 70.2885 1.50033 9.86293e-05
18.325 1.50012 1.00016 5.31887e-05 0 70.4808 1.50035 7.97893e-05
18.375 1.50012 1.00016 4.03476e-05 0 70.6731 1.50037 6.05264e-05
18.425 1.50013 1.00017 2.7263e-05 0 70.8654 1.50038 4.0898e-05
18.475 1.50013 1.00017 1.39788e-05 0 71.0577 1.50039 2.09701e-05
18.525 1.50013 1.00017 7.58156e-07 0 71.25 1.50039 1.13734e-06
18.575 1.50013 1.00016 -1.23761e-05 0 71.4423 1.50038 -1.85657e-05
18.625 1.50013 1.00016 -2.53467e-05 0 71.6346 1.50037 -3.80234e-05
18.675 1.50013 1.00015 -3.81126e-05 0 71.8269 1.50035 -5.71737e-05
18.725 1.50012 1.00014 -5.05538e-05 0 72.0192 1.50032 -7.58367e-05
18.775 1.50011 1.00012 -6.24824e-05 0 72.2115 1.50029 -9.37305e-05
18.825 1.5001 1.00011 -7.3706e-05 0 72.4038 1.50026 -0.000110566
18.875 1.50009 1.00009 -8.40344e-05 0 72.5962 1.50022 -0.000126059
18.925 1.50007 1.00007 -9.32599e-05 0 72.7885 1.50018 -0.000139897
18.975 1.50006 1.00006 -0.000101154 0 72.9808 1.50014 -0.000151737
19.025 1.50004 1.00004 -0.000107487 0 73.1731 1.5001 -0.000161235
19.075 1.50003 1.00002 -0.000112054 0 73.3654 1.50006 -0.000168085
19.125 1.50001 1 -0.000114692 0 73.5577 1.50001 -0.000172039
19.175 1.49999 0.999982 -0.000115283 0 73.75 1.49997 -0.000172924
19.225 1.49998 0.999965 -0.00011379 0 73.9423 1.49992 -0.000170682
19.275 1.49996 0.999949 -0.000110218 0 74.1346 1.49988 -0.000165322
19.325 1.49994 0.999933 -0.000104585 0 74.3269 1.49984 -0.000156872
19.375 1.49993 0.999919 -9.69563e-05 0 74.5192 1.49981 -0.000145427
19.425 1.49991 0.999906 -8.74511e-05 0 74.7115 1.49977 -0.000131169
19.475 1.4999 0.999894 -7.62478e-05 0 74.9038 1.49974 -0.000114364
19.525 1.49989 0.999884 -6.35796e-05 0 75.0962 1.49972 -9.53625e-05
19.575 1.49988 0.999875 -4.97216e-05 0 75.2885 1.4997 -7.45766e-05
19.625 1.49988 0.999868 -3.49719e-05 0 75.4808 1.49968 -5.24535e-05
19.675 1.49987 0.999863 -1.96433e-05 0 75.6731 1.49967 -2.94625e-05
19.725 1.49987 0.99986 -4.08256e-06 0 75.8654 1.49966 -6.12331e-06
19.775 1.49987 0.999859 1.12956e-05 0 76.0577 1.49966 1.69419e-05
19.825 1.49987 0.99986 2.59587e-05 0 76.25 1.49966 3.89347e-05
19.875 1.49988 0.999863 3.97071e-05 0 76.4423 1.49967 5.95558e-05
19.925 1.49989 0.999868 5.2436e-05 0 76.6346 1.49969 7.86481e-05
19.975 1.4999 0.999876 6.39181e-05 0 76.8269 1.49971 9.58705e-05
