-19.975 1.49966 0.999844 0.000256462 0 -55.4861 1.49942 0.000384605
-19.925 1.49969 0.999864 0.000228018 0 -55.3472 1.49949 0.000341957
-19.875 1.49972 0.999882 0.000201126 0 -55.2083 1.49955 0.000301634
-19.825 1.49975 0.999897 0.000175745 0 -55.0694 1.4996 0.000263574
-19.775 1.49978 0.999909 0.000151837 0 -54.9306 1.49964 0.000227721
-19.725 1.4998 0.999919 0.00012936 0 -54.7917 1.49968 0.000194015
-19.675 1.49982 0.999927 0.00010827 0 -54.6528 1.49971 0.000162385
-19.625 1.49983 0.999933 8.85173e-05 0 -54.5139 1.49973 0.000132761
-19.575 1.49984 0.999937 7.00645e-05 0 -54.375 1.49975 0.000105086
-19.525 1.49985 0.99994 5.28854e-05 0 -54.2361 1.49976 7.93202e-05
-19.475 1.49986 0.999941 3.69609e-05 0 -54.0972 1.49977 5.54361e-05
-19.425 1.49986 0.99994 2.23649e-05 0 -53.9583 1.49977 3.35443e-05
-19.375 1.49986 0.999938 9.07583e-06 0 -53.8194 1.49977 1.36125e-05
-19.325 1.49986 0.999935 -2.96659e-06 0 -53.6806 1.49977 -4.44948e-06
-19.275 1.49986 0.999931 -1.37271e-05 0 -53.5417 1.49976 -2.05888e-05
-19.225 1.49986 0.999925 -2.31685e-05 0 -53.4028 1.49975 -3.47496e-05
-19.175 1.49986 0.999919 -3.137e-05 0 -53.2639 1.49974 -4.70505e-05
-19.125 1.49985 0.999911 -3.84078e-05 0 -53.125 1.49972 -5.76061e-05
-19.075 1.49985 0.999903 -4.43143e-05 0 -52.9861 1.4997 -6.64647e-05
-19.025 1.49984 0.999894 -4.91065e-05 0 -52.8472 1.49968 -7.36518e-05
-18.975 1.49983 0.999885 -5.28167e-05 0 -52.7083 1.49966 -7.92161e-05
-18.925 1.49982 0.999875 -5.54955e-05 0 -52.5694 1.49963 -8.32333e-05
-18.875 1.49981 0.999865 -5.71981e-05 0 -52.4306 1.49961 -8.57864e-05
-18.825 1.4998 0.999854 -5.79506e-05 0 -52.2917 1.49958 -8.69146e-05
-18.775 1.4998 0.999843 -5.77673e-05 0 -52.1528 1.49956 -8.66392e-05
-18.725 1.49979 0.999833 -5.66885e-05 0 -52.0139 1.49954 -8.50207e-05
-18.675 1.49978 0.999822 -5.47519e-05 0 -51.875 1.49951 -8.21157e-05
-18.625 1.49977 0.999812 -5.2018e-05 0 -51.7361 1.49949 -7.80151e-05
-18.575 1.49976 0.999802 -4.85505e-05 0 -51.5972 1.49947 -7.28143e-05
-18.525 1.49976 0.999792 -4.44112e-05 0 -51.4583 1.49945 -6.6606e-05
-18.475 1.49975 0.999783 -3.96604e-05 0 -51.3194 1.49943 -5.94807e-05
-18.425 1.49975 0.999775 -3.43583e-05 0 -51.1806 1.49941 -5.15287e-05
-18.375 1.49974 0.999768 -2.85637e-05 0 -51.0417 1.49939 -4.28381e-05
-18.325 1.49974 0.999761 -2.23323e-05 0 -50.9028 1.49938 -3.34925e-05
-18.275 1.49973 0.999756 -1.57149e-05 0 -50.7639 1.49937 -2.35681e-05
-18.225 1.49973 0.999751 -8.75596e-06 0 -50.625 1.49936 -1.31316e-05
-18.175 1.49973 0.999748 -1.49927e-06 0 -50.4861 1.49935 -2.24849e-06
-18.125 1.49973 0.999746 6.0087e-06 0 -50.3472 1.49935 9.01143e-06
-18.075 1.49973 0.999746 1.36454e-05 0 -50.2083 1.49935 2.04644e-05
-18.025 1.49974 0.999747 2.13547e-05 0 -50.0694 1.49936 3.20264e-05
-17.975 1.49974 0.999749 2.91379e-05 0 -49.9306 1.49936 4.36992e-05
-17.925 1.49974 0.999753 3.69718e-05 0 -49.7917 1.49937 5.54483e-05
-17.875 1.49975 0.999758 4.47988e-05 0 -49.6528 1.49939 6.7187e-05
-17.825 1.49976 0.999765 5.25534e-05 0 -49.5139 1.49941 7.88174e-05
-17.775 1.49977 0.999773 6.01737e-05 0 -49.375 1.49943 9.02464e-05
-17.725 1.49978 0.999783 6.76012e-05 0 -49.2361 1.49945 0.000101387
-17.675 1.49979 0.999794 7.47799e-05 0 -49.0972 1.49948 0.000112154
-17.625 1.4998 0.999806 8.16552e-05 0 -48.9583 1.49951 0.000122466
-17.575 1.49981 0.99982 8.81759e-05 0 -48.8194 1.49954 0.000132247
-17.525 1.49982 0.999834 9.42933e-05 0 -48.6806 1.49958 0.000141423
-17.475 1.49984 0.99985 9.99586e-05 0 -48.5417 1.49961 0.000149922
-17.425 1.49986 0.999866 0.00010512 0 -48.4028 1.49965 0.000157666
-17.375 1.49987 0.999883 0.000109726 0 -48.2639 1.4997 0.000164575
-17.325 1.49989 0.999901 0.000113723 0 -48.125 1.49974 0.000170571
-17.275 1.49991 0.999919 0.000117056 0 -47.9861 1.49979 0.000175573
-17.225 1.49992 0.999938 0.000119667 0 -47.8472 1.49983 0.000179492
-17.175 1.49994 0.999957 0.000121495 0 -47.7083 1.49988 0.000182236
-17.125 1.49996 0.999976 0.000122474 0 -47.5694 1.49992 0.000183706
-17.075 1.49998 0.999995 0.000122532 0 -47.4306 1.49997 0.000183796
-17.025 1.5 1.00001 0.00012163 0 -47.2917 1.50002 0.000182445
-16.975 1.50001 1.00003 0.000119734 0 -47.1528 1.50006 0.000179603
-16.925 1.50003 1.00005 0.000116831 0 -47.0139 1.5001 0.00017525
-16.875 1.50005 1.00007 0.000112923 0 -46.875 1.50015 0.000169389
-16.825 1.50007 1.00008 0.000108026 0 -46.7361 1.50019 0.000162046
-16.775 1.50008 1.0001 0.000102172 0 -46.5972 1.50023 0.000153266
-16.725 1.5001 1.00011 9.54064e-05 0 -46.4583 1.50026 0.000143119
-16.675 1.50011 1.00012 8.77854e-05 0 -46.3194 1.50029 0.000131688
-16.625 1.50012 1.00013 7.93691e-05 0 -46.1806 1.50032 0.000119063
-16.575 1.50013 1.00014 7.02213e-05 0 -46.0417 1.50035 0.000105341
-16.525 1.50014 1.00015 6.04104e-05 0 -45.9028 1.50037 9.06244e-05
-16.475 1.50015 1.00016 5.00092e-05 0 -45.7639 1.50039 7.50215e-05
-16.425 1.50016 1.00017 3.90938e-05 0 -45.625 1.50041 5.86469e-05
-16.375 1.50016 1.00017 2.77445e-05 0 -45.4861 1.50042 4.16213e-05
-16.325 1.50017 1.00017 1.60438e-05 0 -45.3472 1.50042 2.40683e-05
-16.275 1.50017 1.00017 4.14503e-06 0 -45.2083 1.50042 6.21824e-06
-16.225 1.50017 1.00017 -7.70868e-06 0 -45.0694 1.50042 -1.15643e-05
-16.175 1.50017 1.00017 -1.942e-05 0 -44.9306 1.50042 -2.91333e-05
-16.125 1.50016 1.00016 -3.0948e-05 0 -44.7917 1.50041 -4.64269e-05
-16.075 1.50016 1.00016 -4.2195e-05 0 -44.6528 1.50039 -6.3299e-05
-16.025 1.50015 1.00015 -5.29995e-05 0 -44.5139 1.50037 -7.95072e-05
-15.975 1.50014 1.00014 -6.31908e-05 0 -44.375 1.50035 -9.4795e-05
-15.925 1.50013 1.00013 -7.26282e-05 0 -44.2361 1.50033 -0.000108952
-15.875 1.50012 1.00012 -8.12038e-05 0 -44.0972 1.5003 -0.000121815
-15.825 1.50011 1.00011 -8.88316e-05 0 -43.9583 1.50027 -0.000133257
-15.775 1.50009 1.00009 -9.54399e-05 0 -43.8194 1.50023 -0.000143169
-15.725 1.50008 1.00008 -0.000100968 0 -43.6806 1.50019 -0.000151459
-15.675 1.50006 1.00006 -0.000105364 0 -43.5417 1.50015 -0.000158052
-15.625 1.50004 1.00005 -0.000108582 0 -43.4028 1.50011 -0.000162878
-15.575 1.50003 1.00003 -0.000110578 0 -43.2639 1.50007 -0.00016587
-15.525 1.50001 1.00001 -0.00011129 0 -43.125 1.50003 -0.000166936
-15.475 1.49999 0.999996 -0.000110667 0 -42.9861 1.49999 -0.000166
-15.425 1.49998 0.99998 -0.000108692 0 -42.8472 1.49995 -0.000163036
-15.375 1.49996 0.999963 -0.000105372 0 -42.7083 1.49991 -0.000158054
-15.325 1.49995 0.999948 -0.000100739 0 -42.5694 1.49987 -0.000151103
-15.275 1.49993 0.999933 -9.48485e-05 0 -42.4306 1.49983 -0.000142266
-15.225 1.49992 0.999919 -8.77805e-05 0 -42.2917 1.4998 -0.000131664
-15.175 1.49991 0.999905 -7.96313e-05 0 -42.1528 1.49977 -0.000119439
-15.125 1.4999 0.999893 -7.05079e-05 0 -42.0139 1.49974 -0.000105755
-15.075 1.49989 0.999882 -6.0529e-05 0 -41.875 1.49971 -9.07866e-05
-15.025 1.49988 0.999873 -4.98261e-05 0 -41.7361 1.49969 -7.47331e-05
-14.975 1.49987 0.999865 -3.85409e-05 0 -41.5972 1.49967 -5.78064e-05
-14.925 1.49987 0.999859 -2.68182e-05 0 -41.4583 1.49965 -4.02237e-05
-14.875 1.49986 0.999854 -1.48024e-05 0 -41.3194 1.49964 -2.22016e-05
-14.825 1.49986 0.999852 -2.65166e-06 0 -41.1806 1.49964 -3.97713e-06
-14.775 1.49986 0.999851 9.43511e-06 0 -41.0417 1.49964 1.41514e-05
-14.725 1.49986 0.999852 2.11244e-05 0 -40.9028 1.49964 3.16837e-05
-14.675 1.49987 0.999855 3.23538e-05 0 -40.7639 1.49965 4.85265e-05
-14.625 1.49987 0.99986 4.31128e-05 0 -40.625 1.49966 6.46638e-05
-14.575 1.49988 0.999866 5.32807e-05 0 -40.4861 1.49968 7.99147e-05
-14.525 1.49989 0.999875 6.26977e-05 0 -40.3472 1.4997 9.40397e-05
-14.475 1.4999 0.999884 7.122e-05 0 -40.2083 1.49973 0.000106823
-14.425 1.49991 0.999896 7.87287e-05 0 -40.0694 1.49976 0.000118086
-14.375 1.49992 0.999908 8.51235e-05 0 -39.9306 1.49979 0.000127679
-14.325 1.49994 0.999922 9.03189e-05 0 -39.7917 1.49982 0.000135473
-14.275 1.49995 0.999937 9.42422e-05 0 -39.6528 1.49986 0.000141359
-14.225 1.49997 0.999953 9.68348e-05 0 -39.5139 1.4999 0.000145249
-14.175 1.49998 0.999969 9.80566e-05 0 -39.375 1.49994 0.000147083
-14.125 1.5 0.999986 9.78946e-05 0 -39.2361 1.49998 0.000146841
-14.075 1.50001 1 9.63558e-05 0 -39.0972 1.50001 0.000144535
-14.025 1.50002 1.00002 9.34368e-05 0 -38.9583 1.50005 0.000140157
-13.975 1.50004 1.00004 8.91771e-05 0 -38.8194 1.50009 0.000133769
-13.925 1.50005 1.00005 8.36395e-05 0 -38.6806 1.50013 0.000125463
-13.875 1.50006 1.00007 7.69064e-05 0 -38.5417 1.50016 0.000115364
-13.825 1.50007 1.00008 6.90815e-05 0 -38.4028 1.50019 0.000103627
-13.775 1.50008 1.00009 6.02871e-05 0 -38.2639 1.50022 9.04357e-05
-13.725 1.50009 1.0001 5.06572e-05 0 -38.125 1.50025 7.59905e-05
-13.675 1.5001 1.00011 4.03363e-05 0 -37.9861 1.50027 6.05084e-05
-13.625 1.5001 1.00012 2.94828e-05 0 -37.8472 1.50029 4.42272e-05
-13.575 1.50011 1.00013 1.8266e-05 0 -37.7083 1.5003 2.74009e-05
-13.525 1.50011 1.00013 6.86634e-06 0 -37.5694 1.50031 1.03003e-05
-13.475 1.50011 1.00013 -4.57241e-06 0 -37.4306 1.50031 -6.85911e-06
-13.425 1.50011 1.00013 -1.57152e-05 0 -37.2917 1.50031 -2.35745e-05
-13.375 1.50011 1.00013 -2.63486e-05 0 -37.1528 1.5003 -3.95256e-05
-13.325 1.5001 1.00013 -3.64889e-05 0 -37.0139 1.50029 -5.4737e-05
-13.275 1.50009 1.00012 -4.60106e-05 0 -36.875 1.50027 -6.90203e-05
-13.225 1.50009 1.00011 -5.47581e-05 0 -36.7361 1.50025 -8.21419e-05
-13.175 1.50008 1.0001 -6.25862e-05 0 -36.5972 1.50023 -9.3884e-05
-13.125 1.50007 1.00009 -6.93732e-05 0 -36.4583 1.5002 -0.000104064
-13.075 1.50006 1.00008 -7.50141e-05 0 -36.3194 1.50017 -0.000112525
-13.025 1.50004 1.00006 -7.94161e-05 0 -36.1806 1.50014 -0.000119128
-12.975 1.50003 1.00005 -8.25034e-05 0 -36.0417 1.5001 -0.000123758
-12.925 1.50002 1.00003 -8.42268e-05 0 -35.9028 1.50007 -0.000126342
-12.875 1.50001 1.00002 -8.45699e-05 0 -35.7639 1.50003 -0.000126855
-12.825 1.49999 1 -8.35188e-05 0 -35.625 1.49999 -0.000125278
-12.775 1.49998 0.999984 -8.10741e-05 0 -35.4861 1.49996 -0.00012161
-12.725 1.49997 0.999968 -7.72591e-05 0 -35.3472 1.49992 -0.000115886
-12.675 1.49996 0.999953 -7.21414e-05 0 -35.2083 1.49989 -0.000108209
-12.625 1.49995 0.999938 -6.5814e-05 0 -35.0694 1.49986 -9.87175e-05
-12.575 1.49994 0.999925 -5.83854e-05 0 -34.9306 1.49983 -8.75745e-05
-12.525 1.49993 0.999913 -4.99806e-05 0 -34.7917 1.4998 -7.49675e-05
-12.475 1.49992 0.999903 -4.07471e-05 0 -34.6528 1.49978 -6.11176e-05
-12.425 1.49992 0.999894 -3.08531e-05 0 -34.5139 1.49976 -4.62771e-05
-12.375 1.49991 0.999887 -2.04779e-05 0 -34.375 1.49975 -3.07152e-05
-12.325 1.49991 0.999883 -9.80735e-06 0 -34.2361 1.49974 -1.47102e-05
-12.275 1.49991 0.999881 9.98129e-07 0 -34.0972 1.49973 1.49711e-06
-12.225 1.49991 0.99988 1.16295e-05 0 -33.9583 1.49973 1.74433e-05
-12.175 1.49992 0.999882 2.17556e-05 0 -33.8194 1.49974 3.26315e-05
-12.125 1.49992 0.999886 3.13867e-05 0 -33.6806 1.49975 4.70775e-05
-12.075 1.49993 0.999892 4.03897e-05 0 -33.5417 1.49976 6.05815e-05
-12.025 1.49993 0.9999 4.86017e-05 0 -33.4028 1.49978 7.28992e-05
-11.975 1.49994 0.99991 5.58654e-05 0 -33.2639 1.49981 8.37948e-05
-11.925 1.49995 0.999922 6.20451e-05 0 -33.125 1.49983 9.30645e-05
-11.875 1.49996 0.999934 6.70273e-05 0 -32.9861 1.49986 0.000100538
-11.825 1.49997 0.999948 7.07227e-05 0 -32.8472 1.49989 0.000106082
-11.775 1.49998 0.999963 7.30633e-05 0 -32.7083 1.49992 0.000109594
-11.725 1.49999 0.999978 7.40035e-05 0 -32.5694 1.49996 0.000111005
-11.675 1.5 0.999994 7.35294e-05 0 -32.4306 1.49999 0.000110294
-11.625 1.50001 1.00001 7.16478e-05 0 -32.2917 1.50003 0.000107473
-11.575 1.50002 1.00002 6.83704e-05 0 -32.1528 1.50006 0.000102557
-11.525 1.50003 1.00004 6.37584e-05 0 -32.0139 1.50009 9.56398e-05
-11.475 1.50004 1.00005 5.7902e-05 0 -31.875 1.50012 8.68555e-05
-11.425 1.50005 1.00007 5.09198e-05 0 -31.7361 1.50015 7.63823e-05
-11.375 1.50006 1.00008 4.29496e-05 0 -31.5972 1.50017 6.44269e-05
-11.325 1.50006 1.00009 3.41437e-05 0 -31.4583 1.50019 5.12177e-05
-11.275 1.50007 1.00009 2.46765e-05 0 -31.3194 1.50021 3.70164e-05
-11.225 1.50007 1.0001 1.47426e-05 0 -31.1806 1.50022 2.21149e-05
-11.175 1.50007 1.0001 4.55138e-06 0 -31.0417 1.50023 6.8274e-06
-11.125 1.50007 1.00011 -5.69334e-06 0 -30.9028 1.50023 -8.54042e-06
-11.075 1.50007 1.00011 -1.56348e-05 0 -30.7639 1.50023 -2.34532e-05
-11.025 1.50007 1.0001 -2.50474e-05 0 -30.625 1.50022 -3.75727e-05
-10.975 1.50006 1.0001 -3.38762e-05 0 -30.4861 1.50021 -5.08164e-05
-10.925 1.50006 1.00009 -4.19608e-05 0 -30.3472 1.50019 -6.29437e-05
-10.875 1.50005 1.00008 -4.91305e-05 0 -30.2083 1.50017 -7.36983e-05
-10.825 1.50004 1.00007 -5.52213e-05 0 -30.0694 1.50015 -8.28343e-05
-10.775 1.50003 1.00006 -6.00927e-05 0 -29.9306 1.50013 -9.0141e-05
-10.725 1.50002 1.00005 -6.36414e-05 0 -29.7917 1.5001 -9.54636e-05
-10.675 1.50001 1.00004 -6.57988e-05 0 -29.6528 1.50007 -9.86991e-05
-10.625 1.5 1.00002 -6.65179e-05 0 -29.5139 1.50004 -9.97771e-05
-10.575 1.49999 1.00001 -6.57739e-05 0 -29.375 1.5 -9.86605e-05
-10.525 1.49998 0.999993 -6.3581e-05 0 -29.2361 1.49997 -9.53705e-05
-10.475 1.49998 0.999979 -5.99688e-05 0 -29.0972 1.49994 -8.99517e-05
-10.425 1.49997 0.999966 -5.50156e-05 0 -28.9583 1.49992 -8.25215e-05
-10.375 1.49996 0.999954 -4.88309e-05 0 -28.8194 1.49989 -7.32443e-05
-10.325 1.49995 0.999942 -4.15531e-05 0 -28.6806 1.49987 -6.23276e-05
-10.275 1.49995 0.999933 -3.33464e-05 0 -28.5417 1.49985 -5.00179e-05
-10.225 1.49994 0.999924 -2.43985e-05 0 -28.4028 1.49983 -3.65963e-05
-10.175 1.49994 0.999918 -1.49132e-05 0 -28.2639 1.49982 -2.23689e-05
-10.125 1.49994 0.999913 -5.10871e-06 0 -28.125 1.49981 -7.66275e-06
-10.075 1.49994 0.999911 4.82171e-06 0 -27.9861 1.4998 7.23227e-06
-10.025 1.49994 0.99991 1.45205e-05 0 -27.8472 1.4998 2.17798e-05
-9.975 1.49994 0.999911 2.37044e-05 0 -27.7083 1.49981 3.55552e-05
-9.925 1.49995 0.999915 3.22787e-05 0 -27.5694 1.49982 4.84162e-05
-9.875 1.49995 0.99992 4.00984e-05 0 -27.4306 1.49983 6.01457e-05
-9.825 1.49996 0.999927 4.69801e-05 0 -27.2917 1.49985 7.04682e-05
-9.775 1.49997 0.999935 5.27576e-05 0 -27.1528 1.49987 7.91346e-05
-9.725 1.49997 0.999945 5.72915e-05 0 -27.0139 1.49989 8.59358e-05
-9.675 1.49998 0.999956 6.04674e-05 0 -26.875 1.49992 9.07002e-05
-9.625 1.49999 0.999968 6.22011e-05 0 -26.7361 1.49995 9.33012e-05
-9.575 1.5 0.99998 6.24583e-05 0 -26.5972 1.49997 9.36875e-05
-9.525 1.50001 0.999993 6.12257e-05 0 -26.4583 1.5 9.18393e-05
-9.475 1.50002 1.00001 5.85072e-05 0 -26.3194 1.50003 8.7762e-05
-9.425 1.50003 1.00002 5.43436e-05 0 -26.1806 1.50005 8.15169e-05
-9.375 1.50004 1.00003 4.88295e-05 0 -26.0417 1.50008 7.32461e-05
-9.325 1.50004 1.00004 4.20954e-05 0 -25.9028 1.5001 6.3145e-05
-9.275 1.50005 1.00005 3.43048e-05 0 -25.7639 1.50012 5.14589e-05
-9.225 1.50005 1.00006 2.56499e-05 0 -25.625 1.50014 3.84762e-05
-9.175 1.50006 1.00006 1.63434e-05 0 -25.4861 1.50015 2.45161e-05
-9.125 1.50006 1.00007 6.61506e-06 0 -25.3472 1.50016 9.92298e-06
-9.075 1.50006 1.00007 -3.29826e-06 0 -25.2083 1.50016 -4.94758e-06
-9.025 1.50006 1.00007 -1.30613e-05 0 -25.0694 1.50016 -1.95928e-05
-8.975 1.50006 1.00007 -2.23693e-05 0 -24.9306 1.50016 -3.35551e-05
-8.925 1.50005 1.00007 -3.10386e-05 0 -24.7917 1.50015 -4.65595e-05
-8.875 1.50005 1.00006 -3.89413e-05 0 -24.6528 1.50014 -5.84137e-05
-8.825 1.50004 1.00006 -4.58858e-05 0 -24.5139 1.50013 -6.88305e-05
-8.775 1.50003 1.00005 -5.16928e-05 0 -24.375 1.50011 -7.75409e-05
-8.725 1.50002 1.00004 -5.6216e-05 0 -24.2361 1.50009 -8.43253e-05
-8.675 1.50001 1.00003 -5.93423e-05 0 -24.0972 1.50006 -8.90142e-05
-8.625 1.50001 1.00002 -6.09893e-05 0 -23.9583 1.50004 -9.14842e-05
-8.575 1.5 1.00001 -6.11299e-05 0 -23.8194 1.50002 -9.16945e-05
-8.525 1.49999 1 -5.97599e-05 0 -23.6806 1.49999 -8.96391e-05
-8.475 1.49998 0.999993 -5.68759e-05 0 -23.5417 1.49997 -8.53126e-05
-8.425 1.49997 0.999984 -5.25433e-05 0 -23.4028 1.49995 -7.88134e-05
-8.375 1.49996 0.999975 -4.68678e-05 0 -23.2639 1.49992 -7.02999e-05
-8.325 1.49996 0.999967 -3.99936e-05 0 -23.125 1.49991 -5.99886e-05
-8.275 1.49995 0.99996 -3.20983e-05 0 -22.9861 1.49989 -4.81458e-05
-8.225 1.49995 0.999954 -2.33815e-05 0 -22.8472 1.49988 -3.5071e-05
-8.175 1.49994 0.99995 -1.40596e-05 0 -22.7083 1.49987 -2.10886e-05
-8.125 1.49994 0.999948 -4.37943e-06 0 -22.5694 1.49986 -6.5689e-06
-8.075 1.49994 0.999947 5.37634e-06 0 -22.4306 1.49986 8.0642e-06
-8.025 1.49994 0.999948 1.47981e-05 0 -22.2917 1.49987 2.21963e-05
-7.975 1.49995 0.99995 2.37073e-05 0 -22.1528 1.49987 3.55596e-05
-7.925 1.49995 0.999954 3.1988e-05 0 -22.0139 1.49988 4.79804e-05
-7.875 1.49996 0.99996 3.94316e-05 0 -21.875 1.4999 5.91458e-05
-7.825 1.49996 0.999966 4.58216e-05 0 -21.7361 1.49991 6.87308e-05
-7.775 1.49997 0.999973 5.09879e-05 0 -21.5972 1.49993 7.64804e-05
-7.725 1.49998 0.999982 5.48119e-05 0 -21.4583 1.49995 8.22166e-05
-7.675 1.49999 0.99999 5.72061e-05 0 -21.3194 1.49997 8.58084e-05
-7.625 1.5 0.999999 5.81092e-05 0 -21.1806 1.5 8.71635e-05
-7.575 1.50001 1.00001 5.74843e-05 0 -21.0417 1.50002 8.62268e-05
-7.525 1.50001 1.00002 5.53572e-05 0 -20.9028 1.50004 8.30365e-05
-7.475 1.50002 1.00002 5.17909e-05 0 -20.7639 1.50006 7.76875e-05
-7.425 1.50003 1.00003 4.68884e-05 0 -20.625 1.50007 7.03339e-05
-7.375 1.50004 1.00004 4.07905e-05 0 -20.4861 1.50009 6.11871e-05
-7.325 1.50004 1.00004 3.3682e-05 0 -20.3472 1.5001 5.05244e-05
-7.275 1.50004 1.00004 2.57807e-05 0 -20.2083 1.50011 3.86723e-05
-7.225 1.50005 1.00005 1.73102e-05 0 -20.0694 1.50012 2.59661e-05
-7.175 1.50005 1.00005 8.57532e-06 0 -19.9306 1.50012 1.28634e-05
-7.125 1.50005 1.00004 -1.07564e-07 0 -19.7917 1.50012 -1.61351e-07
-7.075 1.50005 1.00004 -8.5712e-06 0 -19.6528 1.50011 -1.28572e-05
-7.025 1.50005 1.00004 -1.65502e-05 0 -19.5139 1.5001 -2.48261e-05
-6.975 1.50005 1.00003 -2.38729e-05 0 -19.375 1.50009 -3.58104e-05
-6.925 1.50004 1.00002 -3.03622e-05 0 -19.2361 1.50008 -4.55446e-05
-6.875 1.50004 1.00002 -3.58413e-05 0 -19.0972 1.50006 -5.37633e-05
-6.825 1.50003 1.00001 -4.01672e-05 0 -18.9583 1.50004 -6.02521e-05
-6.775 1.50002 0.999998 -4.32408e-05 0 -18.8194 1.50002 -6.48622e-05
-6.725 1.50002 0.999988 -4.50006e-05 0 -18.6806 1.5 -6.75016e-05
-6.675 1.50001 0.999979 -4.54153e-05 0 -18.5417 1.49998 -6.81234e-05
-6.625 1.5 0.999971 -4.4481e-05 0 -18.4028 1.49996 -6.67216e-05
-6.575 1.5 0.999963 -4.22782e-05 0 -18.2639 1.49994 -6.34171e-05
-6.525 1.49999 0.999957 -3.88956e-05 0 -18.125 1.49993 -5.8343e-05
-6.475 1.49999 0.999951 -3.44585e-05 0 -17.9861 1.49991 -5.16873e-05
-6.425 1.49998 0.999947 -2.91237e-05 0 -17.8472 1.4999 -4.3685e-05
-6.375 1.49998 0.999945 -2.30812e-05 0 -17.7083 1.49989 -3.46213e-05
-6.325 1.49997 0.999944 -1.65559e-05 0 -17.5694 1.49989 -2.48335e-05
-6.275 1.49997 0.999945 -9.86722e-06 0 -17.4306 1.49989 -1.48006e-05
-6.225 1.49997 0.999947 -3.20546e-06 0 -17.2917 1.49989 -4.80809e-06
-6.175 1.49997 0.999951 3.27567e-06 0 -17.1528 1.4999 4.91341e-06
-6.125 1.49997 0.999957 9.30494e-06 0 -17.0139 1.49991 1.39571e-05
-6.075 1.49997 0.999964 1.47059e-05 0 -16.875 1.49992 2.20584e-05
-6.025 1.49998 0.999972 1.93185e-05 0 -16.7361 1.49993 2.89773e-05
-5.975 1.49998 0.999981 2.29875e-05 0 -16.5972 1.49995 3.44808e-05
-5.925 1.49998 0.99999 2.5584e-05 0 -16.4583 1.49997 3.83756e-05
-5.875 1.49999 1 2.7026e-05 0 -16.3194 1.49999 4.05387e-05
-5.825 1.49999 1.00001 2.7286e-05 0 -16.1806 1.50001 4.09287e-05
-5.775 1.5 1.00002 2.63528e-05 0 -16.0417 1.50003 3.9529e-05
-5.725 1.5 1.00003 2.42864e-05 0 -15.9028 1.50004 3.64296e-05
-5.675 1.5 1.00004 2.1174e-05 0 -15.7639 1.50006 3.17611e-05
-5.625 1.50001 1.00004 1.71479e-05 0 -15.625 1.50007 2.5722e-05
-5.575 1.50001 1.00005 1.23756e-05 0 -15.4861 1.50008 1.85635e-05
-5.525 1.50001 1.00006 7.05241e-06 0 -15.3472 1.50009 1.05787e-05
-5.475 1.50001 1.00006 1.39248e-06 0 -15.2083 1.5001 2.08873e-06
-5.425 1.50001 1.00006 -4.381e-06 0 -15.0694 1.5001 -6.57155e-06
-5.375 1.50001 1.00006 -9.98052e-06 0 -14.9306 1.5001 -1.49709e-05
-5.325 1.50001 1.00006 -1.51291e-05 0 -14.7917 1.5001 -2.26937e-05
-5.275 1.5 1.00006 -1.97346e-05 0 -14.6528 1.50009 -2.9602e-05
-5.225 1.5 1.00005 -2.36363e-05 0 -14.5139 1.50008 -3.54545e-05
-5.175 1.5 1.00005 -2.66923e-05 0 -14.375 1.50007 -4.00384e-05
-5.125 1.49999 1.00004 -2.87808e-05 0 -14.2361 1.50005 -4.31709e-05
-5.075 1.49999 1.00003 -2.98086e-05 0 -14.0972 1.50004 -4.47125e-05
-5.025 1.49998 1.00003 -2.97299e-05 0 -13.9583 1.50002 -4.45944e-05
-4.975 1.49998 1.00002 -2.8541e-05 0 -13.8194 1.5 -4.28109e-05
-4.925 1.49997 1.00001 -2.62453e-05 0 -13.6806 1.49999 -3.93672e-05
-4.875 1.49997 1 -2.28952e-05 0 -13.5417 1.49997 -3.43422e-05
-4.825 1.49997 0.999995 -1.85858e-05 0 -13.4028 1.49996 -2.78781e-05
-4.775 1.49997 0.999989 -1.3447e-05 0 -13.2639 1.49995 -2.017e-05
-4.725 1.49996 0.999984 -7.64347e-06 0 -13.125 1.49994 -1.14649e-05
-4.675 1.49996 0.99998 -1.36503e-06 0 -12.9861 1.49993 -2.0475e-06
-4.625 1.49996 0.999977 5.18387e-06 0 -12.8472 1.49993 7.77561e-06
-4.575 1.49996 0.999975 1.17512e-05 0 -12.7083 1.49993 1.76264e-05
-4.525 1.49997 0.999975 1.81181e-05 0 -12.5694 1.49993 2.71765e-05
-4.475 1.49997 0.999976 2.40256e-05 0 -12.4306 1.49993 3.60377e-05
-4.425 1.49997 0.999978 2.93411e-05 0 -12.2917 1.49994 4.40109e-05
-4.375 1.49998 0.999981 3.39027e-05 0 -12.1528 1.49995 5.08534e-05
-4.325 1.49999 0.999985 3.7554e-05 0 -12.0139 1.49996 5.63305e-05
-4.275 1.49999 0.999989 4.017e-05 0 -11.875 1.49997 6.02547e-05
-4.225 1.5 0.999993 4.16699e-05 0 -11.7361 1.49999 6.25047e-05
-4.175 1.5 0.999998 4.20158e-05 0 -11.5972 1.5 6.30239e-05
-4.125 1.50001 1 4.11829e-05 0 -11.4583 1.50001 6.17747e-05
-4.075 1.50002 1.00001 3.92302e-05 0 -11.3194 1.50002 5.8846e-05
-4.025 1.50002 1.00001 3.62395e-05 0 -11.1806 1.50004 5.436e-05
-3.975 1.50003 1.00001 3.23387e-05 0 -11.0417 1.50004 4.8509e-05
-3.925 1.50003 1.00001 2.76981e-05 0 -10.9028 1.50005 4.1548e-05
-3.875 1.50003 1.00001 2.25105e-05 0 -10.7639 1.50006 3.37665e-05
-3.825 1.50004 1.00001 1.70312e-05 0 -10.625 1.50006 2.55475e-05
-3.775 1.50004 1.00001 1.14767e-05 0 -10.4861 1.50006 1.72155e-05
-3.725 1.50004 1.00001 6.00032e-06 0 -10.3472 1.50006 9.00073e-06
-3.675 1.50004 1.00001 7.99149e-07 0 -10.2083 1.50005 1.19876e-06
-3.625 1.50004 1 -3.9363e-06 0 -10.0694 1.50004 -5.90461e-06
-3.575 1.50004 0.999997 -8.01937e-06 0 -9.93056 1.50004 -1.20294e-05
-3.525 1.50004 0.999991 -1.1347e-05 0 -9.79167 1.50002 -1.70209e-05
-3.475 1.50004 0.999984 -1.3841e-05 0 -9.65278 1.50001 -2.07621e-05
-3.425 1.50003 0.999977 -1.54427e-05 0 -9.51389 1.5 -2.31646e-05
-3.375 1.50003 0.99997 -1.61188e-05 0 -9.375 1.49999 -2.41787e-05
-3.325 1.50003 0.999964 -1.58599e-05 0 -9.23611 1.49998 -2.37903e-05
-3.275 1.50003 0.999957 -1.47276e-05 0 -9.09722 1.49996 -2.20919e-05
-3.225 1.50003 0.999952 -1.28012e-05 0 -8.95833 1.49995 -1.92021e-05
-3.175 1.50002 0.999947 -1.01952e-05 0 -8.81944 1.49994 -1.52931e-05
-3.125 1.50002 0.999944 -7.05179e-06 0 -8.68056 1.49994 -1.05779e-05
-3.075 1.50002 0.999941 -3.53125e-06 0 -8.54167 1.49993 -5.29695e-06
-3.025 1.50002 0.99994 2.20975e-07 0 -8.40278 1.49993 3.31467e-07
-2.975 1.50002 0.99994 3.97587e-06 0 -8.26389 1.49993 5.96389e-06
-2.925 1.50002 0.999941 7.49689e-06 0 -8.125 1.49993 1.12455e-05
-2.875 1.50002 0.999943 1.07146e-05 0 -7.98611 1.49994 1.60721e-05
-2.825 1.50003 0.999946 1.34945e-05 0 -7.84722 1.49995 2.02422e-05
-2.775 1.50003 0.999951 1.57121e-05 0 -7.70833 1.49995 2.35685e-05
-2.725 1.50003 0.999955 1.72533e-05 0 -7.56944 1.49996 2.58804e-05
-2.675 1.50003 0.999961 1.80231e-05 0 -7.43056 1.49997 2.70352e-05
-2.625 1.50004 0.999966 1.79685e-05 0 -7.29167 1.49999 2.69535e-05
-2.575 1.50004 0.999972 1.70742e-05 0 -7.15278 1.5 2.5612e-05
-2.525 1.50004 0.999977 1.53423e-05 0 -7.01389 1.50001 2.30141e-05
-2.475 1.50004 0.999981 1.28283e-05 0 -6.875 1.50002 1.9243e-05
-2.425 1.50004 0.999986 9.61594e-06 0 -6.73611 1.50002 1.44243e-05
-2.375 1.50005 0.999989 5.82047e-06 0 -6.59722 1.50003 8.73097e-06
-2.325 1.50005 0.999992 1.5918e-06 0 -6.45833 1.50003 2.38777e-06
-2.275 1.50005 0.999994 -2.8996e-06 0 -6.31944 1.50004 -4.34954e-06
-2.225 1.50005 0.999995 -7.43941e-06 0 -6.18056 1.50004 -1.11595e-05
-2.175 1.50004 0.999995 -1.18379e-05 0 -6.04167 1.50004 -1.77573e-05
-2.125 1.50004 0.999994 -1.58781e-05 0 -5.90278 1.50003 -2.38178e-05
-2.075 1.50004 0.999992 -1.94434e-05 0 -5.76389 1.50003 -2.91658e-05
-2.025 1.50004 0.99999 -2.23895e-05 0 -5.625 1.50002 -3.35851e-05
-1.975 1.50003 0.999988 -2.45992e-05 0 -5.48611 1.50001 -3.68996e-05
-1.925 1.50003 0.999985 -2.59862e-05 0 -5.34722 1.50001 -3.898e-05
-1.875 1.50002 0.999982 -2.65024e-05 0 -5.20833 1.5 -3.97543e-05
-1.825 1.50002 0.999979 -2.61374e-05 0 -5.06944 1.49999 -3.92067e-05
-1.775 1.50002 0.999976 -2.49205e-05 0 -4.93056 1.49998 -3.73812e-05
-1.725 1.50001 0.999973 -2.29207e-05 0 -4.79167 1.49997 -3.43813e-05
-1.675 1.50001 0.999971 -2.02475e-05 0 -4.65278 1.49997 -3.03715e-05
-1.625 1.50001 0.99997 -1.70437e-05 0 -4.51389 1.49996 -2.55657e-05
-1.575 1.50001 0.999969 -1.34696e-05 0 -4.375 1.49996 -2.02045e-05
-1.525 1.5 0.999969 -9.73228e-06 0 -4.23611 1.49996 -1.45985e-05
-1.475 1.5 0.99997 -6.04079e-06 0 -4.09722 1.49996 -9.0612e-06
-1.425 1.5 0.999972 -2.51307e-06 0 -3.95833 1.49996 -3.76961e-06
-1.375 1.5 0.999974 7.03592e-07 0 -3.81944 1.49996 1.05539e-06
-1.325 1.5 0.999978 3.46395e-06 0 -3.68056 1.49997 5.19593e-06
-1.275 1.5 0.999981 5.6629e-06 0 -3.54167 1.49997 8.49437e-06
-1.225 1.5 0.999986 7.24426e-06 0 -3.40278 1.49998 1.08664e-05
-1.175 1.50001 0.999991 8.17056e-06 0 -3.26389 1.49999 1.22559e-05
-1.125 1.50001 0.999995 8.42652e-06 0 -3.125 1.5 1.26398e-05
-1.075 1.50001 1 8.01347e-06 0 -2.98611 1.50001 1.20203e-05
-1.025 1.50001 1 6.98321e-06 0 -2.84722 1.50002 1.04749e-05
-0.975 1.50001 1.00001 5.40729e-06 0 -2.70833 1.50002 8.11099e-06
-0.925 1.50001 1.00001 3.38786e-06 0 -2.56944 1.50003 5.08182e-06
-0.875 1.50001 1.00001 1.04346e-06 0 -2.43056 1.50003 1.56521e-06
-0.825 1.50001 1.00002 -1.50922e-06 0 -2.29167 1.50004 -2.26385e-06
-0.775 1.50001 1.00002 -4.12651e-06 0 -2.15278 1.50004 -6.18981e-06
-0.725 1.50001 1.00002 -6.67871e-06 0 -2.01389 1.50004 -1.00181e-05
-0.675 1.50001 1.00002 -9.01289e-06 0 -1.875 1.50003 -1.35194e-05
-0.625 1.50001 1.00002 -1.10785e-05 0 -1.73611 1.50003 -1.66178e-05
-0.575 1.5 1.00001 -1.27884e-05 0 -1.59722 1.50002 -1.91827e-05
-0.525 1.5 1.00001 -1.40609e-05 0 -1.45833 1.50002 -2.10914e-05
-0.475 1.5 1.00001 -1.48282e-05 0 -1.31944 1.50001 -2.22424e-05
-0.425 1.5 1 -1.50444e-05 0 -1.18056 1.5 -2.25666e-05
-0.375 1.5 1 -1.46813e-05 0 -1.04167 1.5 -2.20219e-05
-0.325 1.49999 0.999997 -1.37411e-05 0 -0.902778 1.49999 -2.06116e-05
-0.275 1.49999 0.999995 -1.22465e-05 0 -0.763889 1.49998 -1.83696e-05
-0.225 1.49999 0.999993 -1.02498e-05 0 -0.625 1.49998 -1.53746e-05
-0.175 1.49999 0.999991 -7.82518e-06 0 -0.486111 1.49998 -1.17377e-05
-0.125 1.49999 0.999991 -5.06047e-06 0 -0.347222 1.49997 -7.59065e-06
-0.075 1.49999 0.999991 -2.09419e-06 0 -0.208333 1.49997 -3.14126e-06
-0.025 1.49999 0.999991 9.06103e-07 0 -0.0694444 1.49997 1.35914e-06
0.025 1.49999 0.999992 3.82782e-06 0 0.0694444 1.49998 5.74169e-06
0.075 1.49999 0.999994 6.53401e-06 0 0.208333 1.49998 9.80095e-06
0.125 1.49999 0.999996 8.89634e-06 0 0.347222 1.49998 1.33444e-05
0.175 1.49999 0.999999 1.07879e-05 0 0.486111 1.49999 1.61818e-05
0.225 1.49999 1 1.21076e-05 0 0.625 1.5 1.81613e-05
0.275 1.5 1 1.2789e-05 0 0.763889 1.5 1.91835e-05
0.325 1.5 1.00001 1.28061e-05 0 0.902778 1.50001 1.92092e-05
0.375 1.5 1.00001 1.21682e-05 0 1.04167 1.50001 1.82522e-05
0.425 1.5 1.00001 1.09066e-05 0 1.18056 1.50002 1.636e-05
0.475 1.5 1.00001 9.09609e-06 0 1.31944 1.50002 1.36442e-05
0.525 1.5 1.00001 6.8476e-06 0 1.45833 1.50002 1.02714e-05
0.575 1.5 1.00001 4.30131e-06 0 1.59722 1.50002 6.45198e-06
0.625 1.5 1.00001 1.63573e-06 0 1.73611 1.50002 2.45361e-06
0.675 1.5 1.00001 -9.83261e-07 0 1.875 1.50002 -1.4749e-06
0.725 1.5 1.00001 -3.41143e-06 0 2.01389 1.50002 -5.11716e-06
0.775 1.5 1.00001 -5.49805e-06 0 2.15278 1.50002 -8.24709e-06
0.825 1.5 1.00001 -7.13027e-06 0 2.29167 1.50001 -1.06954e-05
0.875 1.5 1.00001 -8.22012e-06 0 2.43056 1.50001 -1.23302e-05
0.925 1.5 1 -8.71442e-06 0 2.56944 1.50001 -1.30716e-05
0.975 1.5 1 -8.58806e-06 0 2.70833 1.5 -1.28821e-05
1.025 1.5 0.999998 -7.84822e-06 0 2.84722 1.5 -1.17723e-05
1.075 1.5 0.999996 -6.54052e-06 0 2.98611 1.49999 -9.81076e-06
1.125 1.5 0.999993 -4.76388e-06 0 3.125 1.49999 -7.14581e-06
1.175 1.5 0.999991 -2.65045e-06 0 3.26389 1.49998 -3.97567e-06
1.225 1.5 0.99999 -3.49635e-07 0 3.40278 1.49998 -5.24451e-07
1.275 1.5 0.999989 1.97862e-06 0 3.54167 1.49998 2.96793e-06
1.325 1.5 0.999988 4.18212e-06 0 3.68056 1.49998 6.27317e-06
1.375 1.5 0.999988 6.13153e-06 0 3.81944 1.49998 9.19728e-06
1.425 1.5 0.999988 7.70946e-06 0 3.95833 1.49998 1.15642e-05
1.475 1.5 0.999989 8.85813e-06 0 4.09722 1.49998 1.32872e-05
1.525 1.5 0.99999 9.55346e-06 0 4.23611 1.49999 1.43302e-05
1.575 1.5 0.999992 9.77352e-06 0 4.375 1.49999 1.46603e-05
1.625 1.50001 0.999993 9.51449e-06 0 4.51389 1.5 1.42718e-05
1.675 1.50001 0.999995 8.81367e-06 0 4.65278 1.5 1.32206e-05
1.725 1.50001 0.999997 7.72625e-06 0 4.79167 1.5 1.15894e-05
1.775 1.50001 0.999999 6.31884e-06 0 4.93056 1.50001 9.47833e-06
1.825 1.50001 1 4.68421e-06 0 5.06944 1.50001 7.02636e-06
1.875 1.50001 1 2.92674e-06 0 5.20833 1.50001 4.39014e-06
1.925 1.50001 1 1.14799e-06 0 5.34722 1.50002 1.722e-06
1.975 1.50001 1 -5.38833e-07 0 5.48611 1.50002 -8.08256e-07
2.025 1.50001 1 -2.01246e-06 0 5.625 1.50001 -3.01871e-06
2.075 1.50001 1 -3.25067e-06 0 5.76389 1.50001 -4.87604e-06
2.125 1.50001 0.999999 -4.24179e-06 0 5.90278 1.50001 -6.36272e-06
2.175 1.50001 0.999997 -4.97097e-06 0 6.04167 1.50001 -7.4565e-06
2.225 1.50001 0.999995 -5.42832e-06 0 6.18056 1.5 -8.14253e-06
2.275 1.50001 0.999992 -5.62846e-06 0 6.31944 1.5 -8.44275e-06
2.325 1.50001 0.99999 -5.59782e-06 0 6.45833 1.49999 -8.39678e-06
2.375 1.50001 0.999987 -5.37615e-06 0 6.59722 1.49999 -8.06426e-06
2.425 1.50001 0.999985 -4.99305e-06 0 6.73611 1.49998 -7.48961e-06
2.475 1.50001 0.999983 -4.48235e-06 0 6.875 1.49998 -6.72356e-06
2.525 1.50001 0.999981 -3.87889e-06 0 7.01389 1.49998 -5.81836e-06
2.575 1.50001 0.999981 -3.21757e-06 0 7.15278 1.49998 -4.82638e-06
2.625 1.50001 0.99998 -2.55328e-06 0 7.29167 1.49998 -3.82994e-06
2.675 1.50001 0.999981 -1.95462e-06 0 7.43056 1.49998 -2.93195e-06
2.725 1.50001 0.999982 -1.44809e-06 0 7.56944 1.49998 -2.17214e-06
2.775 1.50001 0.999983 -1.06339e-06 0 7.70833 1.49998 -1.5951e-06
2.825 1.50001 0.999985 -8.38274e-07 0 7.84722 1.49998 -1.25742e-06
2.875 1.50001 0.999987 -8.02107e-07 0 7.98611 1.49999 -1.20317e-06
2.925 1.50001 0.999989 -9.66598e-07 0 8.125 1.49999 -1.4499e-06
2.975 1.50001 0.999991 -1.35473e-06 0 8.26389 1.5 -2.0321e-06
3.025 1.50001 0.999992 -1.97483e-06 0 8.40278 1.5 -2.96227e-06
3.075 1.50001 0.999994 -2.83131e-06 0 8.54167 1.5 -4.24699e-06
3.125 1.50001 0.999995 -3.92629e-06 0 8.68056 1.5 -5.88947e-06
3.175 1.50001 0.999995 -5.26904e-06 0 8.81944 1.5 -7.90361e-06
3.225 1.50001 0.999995 -6.82431e-06 0 8.95833 1.5 -1.02365e-05
3.275 1.50001 0.999994 -8.56344e-06 0 9.09722 1.5 -1.28453e-05
3.325 1.50001 0.999993 -1.04673e-05 0 9.23611 1.5 -1.57011e-05
3.375 1.50001 0.999991 -1.24871e-05 0 9.375 1.5 -1.87308e-05
3.425 1.50001 0.999989 -1.45621e-05 0 9.51389 1.49999 -2.18433e-05
3.475 1.50001 0.999988 -1.66203e-05 0 9.65278 1.49999 -2.49306e-05
3.525 1.50001 0.999986 -1.85784e-05 0 9.79167 1.49999 -2.78677e-05
3.575 1.50001 0.999984 -2.03518e-05 0 9.93056 1.49998 -3.05279e-05
3.625 1.5 0.999982 -2.1884e-05 0 10.0694 1.49998 -3.2826e-05
3.675 1.5 0.999981 -2.31499e-05 0 10.2083 1.49997 -3.4725e-05
3.725 1.5 0.999981 -2.41548e-05 0 10.3472 1.49997 -3.62323e-05
3.775 1.5 0.99998 -2.49077e-05 0 10.4861 1.49997 -3.73615e-05
3.825 1.5 0.999981 -2.54662e-05 0 10.625 1.49997 -3.81993e-05
3.875 1.5 0.999981 -2.58982e-05 0 10.7639 1.49997 -3.88472e-05
3.925 1.5 0.999982 -2.62488e-05 0 10.9028 1.49997 -3.93731e-05
3.975 1.5 0.999983 -2.65904e-05 0 11.0417 1.49997 -3.98854e-05
4.025 1.49999 0.999984 -2.70072e-05 0 11.1806 1.49997 -4.05107e-05
4.075 1.49999 0.999986 -2.75949e-05 0 11.3194 1.49997 -4.13922e-05
4.125 1.49999 0.999987 -2.84647e-05 0 11.4583 1.49997 -4.26968e-05
4.175 1.49999 0.999988 -2.97167e-05 0 11.5972 1.49997 -4.45749e-05
4.225 1.49999 0.999988 -3.14303e-05 0 11.7361 1.49998 -4.71452e-05
4.275 1.49999 0.999989 -3.3662e-05 0 11.875 1.49998 -5.04928e-05
4.325 1.49999 0.999989 -3.64309e-05 0 12.0139 1.49998 -5.4646e-05
4.375 1.49999 0.999989 -3.97206e-05 0 12.1528 1.49997 -5.95805e-05
4.425 1.49999 0.999988 -4.34841e-05 0 12.2917 1.49997 -6.52258e-05
4.475 1.49999 0.999988 -4.76509e-05 0 12.4306 1.49997 -7.1476e-05
4.525 1.49999 0.999987 -5.2129e-05 0 12.5694 1.49997 -7.8193e-05
4.575 1.49999 0.999986 -5.68159e-05 0 12.7083 1.49997 -8.52231e-05
4.625 1.49999 0.999985 -6.15967e-05 0 12.8472 1.49996 -9.23942e-05
4.675 1.49998 0.999984 -6.63427e-05 0 12.9861 1.49996 -9.95131e-05
4.725 1.49998 0.999984 -7.09185e-05 0 13.125 1.49996 -0.000106377
4.775 1.49998 0.999983 -7.52219e-05 0 13.2639 1.49996 -0.000112831
4.825 1.49998 0.999983 -7.91665e-05 0 13.4028 1.49995 -0.000118748
4.875 1.49998 0.999983 -8.26814e-05 0 13.5417 1.49995 -0.00012402
4.925 1.49998 0.999982 -8.57394e-05 0 13.6806 1.49995 -0.000128607
4.975 1.49998 0.999983 -8.83518e-05 0 13.8194 1.49995 -0.000132526
5.025 1.49998 0.999983 -9.05377e-05 0 13.9583 1.49995 -0.000135804
5.075 1.49998 0.999983 -9.23847e-05 0 14.0972 1.49995 -0.000138575
5.125 1.49998 0.999983 -9.39727e-05 0 14.2361 1.49995 -0.000140957
5.175 1.49998 0.999983 -9.53716e-05 0 14.375 1.49996 -0.000143056
5.225 1.49998 0.999984 -9.66466e-05 0 14.5139 1.49996 -0.000144968
5.275 1.49999 0.999984 -9.78495e-05 0 14.6528 1.49996 -0.000146773
5.325 1.49999 0.999984 -9.89979e-05 0 14.7917 1.49997 -0.000148496
5.375 1.5 0.999983 -0.000100072 0 14.9306 1.49997 -0.000150108
5.425 1.50001 0.999983 -0.000101028 0 15.0694 1.49998 -0.000151542
5.475 1.50001 0.999983 -0.000101768 0 15.2083 1.49999 -0.000152653
5.525 1.50002 0.999982 -0.00010215 0 15.3472 1.5 -0.000153227
5.575 1.50003 0.999982 -0.000101994 0 15.4861 1.5 -0.000152995
5.625 1.50004 0.999981 -0.00010108 0 15.625 1.50001 -0.000151625
5.675 1.50006 0.999981 -9.91383e-05 0 15.7639 1.50003 -0.000148713
5.725 1.50007 0.99998 -9.58765e-05 0 15.9028 1.50004 -0.000143821
5.775 1.50009 0.99998 -9.09861e-05 0 16.0417 1.50006 -0.000136487
5.825 1.5001 0.999979 -8.41467e-05 0 16.1806 1.50007 -0.000126229
5.875 1.50012 0.999979 -7.50326e-05 0 16.3194 1.50009 -0.000112558
5.925 1.50014 0.999979 -6.33242e-05 0 16.4583 1.50011 -9.49955e-05
5.975 1.50017 0.999978 -4.86889e-05 0 16.5972 1.50013 -7.30416e-05
6.025 1.50019 0.999978 -3.12563e-05 0 16.7361 1.50015 -4.68904e-05
6.075 1.5002 0.999977 -1.14313e-05 0 16.875 1.50017 -1.71492e-05
6.125 1.50022 0.999977 1.03046e-05 0 17.0139 1.50018 1.54591e-05
6.175 1.50022 0.999976 3.3442e-05 0 17.1528 1.50019 5.01705e-05
6.225 1.50023 0.999975 5.74958e-05 0 17.2917 1.50019 8.62568e-05
6.275 1.50023 0.999974 8.20356e-05 0 17.4306 1.50019 0.000123072
6.325 1.50023 0.999972 0.0001067 0 17.5694 1.50019 0.000160075
6.375 1.50023 0.999971 0.000131243 0 17.7083 1.50019 0.000196895
6.425 1.50023 0.999969 0.000155416 0 17.8472 1.50018 0.00023316
6.475 1.50022 0.999967 0.000178847 0 17.9861 1.50017 0.00026831
6.525 1.50021 0.999965 0.000201043 0 18.125 1.50016 0.000301607
6.575 1.50019 0.999964 0.000221418 0 18.2639 1.50014 0.00033217
6.625 1.50017 0.999962 0.000239325 0 18.4028 1.50011 0.000359028
6.675 1.50014 0.99996 0.000254097 0 18.5417 1.50008 0.00038118
6.725 1.5001 0.999958 0.000265101 0 18.6806 1.50003 0.000397677
6.775 1.50005 0.999957 0.0002718 0 18.8194 1.49999 0.000407715
6.825 1.50001 0.999955 0.000273976 0 18.9583 1.49994 0.000410967
6.875 1.49997 0.999953 0.000272376 0 19.0972 1.4999 0.000408556
6.925 1.49994 0.999951 0.000267581 0 19.2361 1.49986 0.000401354
6.975 1.49991 0.999949 0.000260041 0 19.375 1.49983 0.000390037
7.025 1.49988 0.999947 0.000250127 0 19.5139 1.4998 0.000375159
7.075 1.49985 0.999945 0.000238085 0 19.6528 1.49976 0.000357092
7.125 1.49982 0.999942 0.000224061 0 19.7917 1.49973 0.00033605
7.175 1.49979 0.999939 0.000208101 0 19.9306 1.4997 0.000312108
7.225 1.49976 0.999936 0.000190181 0 20.0694 1.49967 0.000285226
7.275 1.49973 0.999932 0.000170209 0 20.2083 1.49963 0.000255268
7.325 1.4997 0.999928 0.000147995 0 20.3472 1.4996 0.000221949
7.375 1.49967 0.999924 0.000123194 0 20.4861 1.49956 0.00018475
7.425 1.49963 0.999919 9.51664e-05 0 20.625 1.49951 0.000142715
7.475 1.4996 0.999913 6.3763e-05 0 20.7639 1.49947 9.56191e-05
7.525 1.49958 0.999907 3.00192e-05 0 20.9028 1.49944 4.50162e-05
7.575 1.49957 0.999901 -4.88019e-06 0 21.0417 1.49942 -7.31821e-06
7.625 1.49957 0.999894 -4.00086e-05 0 21.1806 1.49941 -5.99957e-05
7.675 1.49957 0.999887 -7.49954e-05 0 21.3194 1.4994 -0.000112461
7.725 1.49958 0.999879 -0.000109503 0 21.4583 1.4994 -0.000164208
7.775 1.49959 0.999871 -0.000142951 0 21.5972 1.4994 -0.000214367
7.825 1.49961 0.999862 -0.000174602 0 21.7361 1.4994 -0.000261835
7.875 1.49963 0.999853 -0.000203626 0 21.875 1.49941 -0.000305363
7.925 1.49966 0.999844 -0.000229147 0 22.0139 1.49943 -0.000343643
7.975 1.49969 0.999834 -0.000250231 0 22.1528 1.49944 -0.000375271
8.025 1.49972 0.999823 -0.000266887 0 22.2917 1.49946 -0.000400257
8.075 1.49974 0.999812 -0.000279774 0 22.4306 1.49946 -0.000419588
8.125 1.49975 0.999799 -0.000289522 0 22.5694 1.49945 -0.000434211
8.175 1.49976 0.999786 -0.00029669 0 22.7083 1.49944 -0.000444964
8.225 1.49976 0.999772 -0.000301718 0 22.8472 1.49942 -0.000452505
8.275 1.49976 0.999757 -0.000304743 0 22.9861 1.49939 -0.00045704
8.325 1.49975 0.999741 -0.000306147 0 23.125 1.49936 -0.000459143
8.375 1.49973 0.999723 -0.000306816 0 23.2639 1.49931 -0.000460141
8.425 1.49969 0.999704 -0.00030801 0 23.4028 1.49925 -0.00046192
8.475 1.49964 0.999684 -0.000311153 0 23.5417 1.49917 -0.000466619
8.525 1.49958 0.999661 -0.000317619 0 23.6806 1.49907 -0.000476297
8.575 1.49952 0.999637 -0.00032859 0 23.8194 1.49897 -0.000492726
8.625 1.49946 0.999611 -0.000343852 0 23.9583 1.49887 -0.00051559
8.675 1.4994 0.999582 -0.000362342 0 24.0972 1.49878 -0.000543297
8.725 1.49935 0.999552 -0.000383329 0 24.2361 1.49868 -0.000574746
8.775 1.49931 0.999519 -0.000406326 0 24.375 1.49859 -0.000609209
8.825 1.49927 0.999484 -0.000431006 0 24.5139 1.49849 -0.000646192
8.875 1.49922 0.999447 -0.000457101 0 24.6528 1.49839 -0.000685296
8.925 1.49917 0.999407 -0.000484362 0 24.7917 1.49829 -0.000726143
8.975 1.49913 0.999364 -0.000512644 0 24.9306 1.49817 -0.000768517
9.025 1.49907 0.999319 -0.000541991 0 25.0694 1.49805 -0.000812483
9.075 1.49901 0.99927 -0.000572676 0 25.2083 1.49791 -0.000858445
9.125 1.49893 0.999218 -0.000605177 0 25.3472 1.49776 -0.000907119
9.175 1.49885 0.999162 -0.000640107 0 25.4861 1.49759 -0.000959423
9.225 1.49875 0.999103 -0.000678112 0 25.625 1.4974 -0.00101632
9.275 1.49864 0.999039 -0.00071975 0 25.7639 1.4972 -0.00107865
9.325 1.49853 0.99897 -0.00076542 0 25.9028 1.49698 -0.001147
9.375 1.49841 0.998897 -0.000815324 0 26.0417 1.49675 -0.00122169
9.425 1.49828 0.998818 -0.000869504 0 26.1806 1.49651 -0.00130276
9.475 1.49815 0.998734 -0.000927915 0 26.3194 1.49625 -0.00139015
9.525 1.49801 0.998643 -0.000990524 0 26.4583 1.49598 -0.00148381
9.575 1.49786 0.998545 -0.0010574 0 26.5972 1.49568 -0.00158384
9.625 1.49771 0.99844 -0.00112877 0 26.7361 1.49537 -0.00169057
9.675 1.49754 0.998327 -0.00120506 0 26.875 1.49504 -0.00180463
9.725 1.49736 0.998205 -0.00128685 0 27.0139 1.49468 -0.00192688
9.775 1.49717 0.998074 -0.00137484 0 27.1528 1.49429 -0.00205837
9.825 1.49696 0.997933 -0.00146977 0 27.2917 1.49387 -0.00220019
9.875 1.49673 0.997782 -0.00157239 0 27.4306 1.49341 -0.00235344
9.925 1.49649 0.997619 -0.00168336 0 27.5694 1.49293 -0.00251914
9.975 1.49623 0.997444 -0.00180332 0 27.7083 1.4924 -0.00269817
10.025 1.49595 0.997257 -0.00193279 0 27.8472 1.49185 -0.00289136
10.075 1.49565 0.997056 -0.0020723 0 27.9861 1.49125 -0.00309944
10.125 1.49533 0.996841 -0.00222237 0 28.125 1.49061 -0.00332317
10.175 1.49499 0.99661 -0.00238353 0 28.2639 1.48992 -0.00356335
10.225 1.49462 0.996363 -0.0025564 0 28.4028 1.48919 -0.00382086
10.275 1.49423 0.996097 -0.00274169 0 28.5417 1.4884 -0.00409671
10.325 1.49381 0.995813 -0.00294018 0 28.6806 1.48755 -0.00439207
10.375 1.49335 0.995508 -0.00315277 0 28.8194 1.48664 -0.0047082
10.425 1.49287 0.995182 -0.00338043 0 28.9583 1.48567 -0.00504652
10.475 1.49234 0.994832 -0.0036242 0 29.0972 1.48463 -0.00540854
10.525 1.49178 0.994456 -0.00388521 0 29.2361 1.48351 -0.00579588
10.575 1.49118 0.994053 -0.00416466 0 29.375 1.48231 -0.00621027
10.625 1.49054 0.993621 -0.00446387 0 29.5139 1.48103 -0.00665357
10.675 1.48985 0.993157 -0.00478424 0 29.6528 1.47965 -0.00712779
10.725 1.48911 0.99266 -0.00512728 0 29.7917 1.47818 -0.00763509
10.775 1.48832 0.992126 -0.00549462 0 29.9306 1.4766 -0.00817776
10.825 1.48747 0.991552 -0.00588802 0 30.0694 1.47491 -0.00875827
10.875 1.48656 0.990937 -0.00630936 0 30.2083 1.47309 -0.00937928
10.925 1.48559 0.990277 -0.00676064 0 30.3472 1.47115 -0.0100436
10.975 1.48455 0.989568 -0.00724396 0 30.4861 1.46907 -0.010754
11.025 1.48344 0.988808 -0.00776153 0 30.625 1.46683 -0.0115137
11.075 1.48224 0.987992 -0.00831565 0 30.7639 1.46445 -0.0123258
11.125 1.48097 0.987117 -0.00890874 0 30.9028 1.46189 -0.0131935
11.175 1.4796 0.986179 -0.00954334 0 31.0417 1.45915 -0.0141203
11.225 1.47814 0.985173 -0.0102221 0 31.1806 1.45622 -0.0151097
11.275 1.47657 0.984094 -0.0109479 0 31.3194 1.45308 -0.0161653
11.325 1.47489 0.982938 -0.0117234 0 31.4583 1.44973 -0.0172908
11.375 1.4731 0.981699 -0.0125519 0 31.5972 1.44614 -0.0184902
11.425 1.47119 0.980372 -0.0134364 0 31.7361 1.44231 -0.0197675
11.475 1.46914 0.97895 -0.0143804 0 31.875 1.43821 -0.0211268
11.525 1.46695 0.977426 -0.0153873 0 32.0139 1.43383 -0.0225724
11.575 1.46461 0.975794 -0.0164607 0 32.1528 1.42916 -0.0241085
11.625 1.46212 0.974046 -0.0176043 0 32.2917 1.42417 -0.0257395
11.675 1.45945 0.972173 -0.0188221 0 32.4306 1.41884 -0.0274699
11.725 1.45661 0.970169 -0.0201181 0 32.5694 1.41315 -0.0293041
11.775 1.45357 0.968022 -0.0214964 0 32.7083 1.40709 -0.0312467
11.825 1.45034 0.965724 -0.0229614 0 32.8472 1.40063 -0.0333018
11.875 1.4469 0.963264 -0.0245172 0 32.9861 1.39374 -0.0354738
11.925 1.44323 0.960631 -0.0261682 0 33.125 1.38641 -0.0377666
11.975 1.43932 0.957814 -0.0279186 0 33.2639 1.3786 -0.0401839
12.025 1.43517 0.9548 -0.029773 0 33.4028 1.3703 -0.0427292
12.075 1.43075 0.951577 -0.0317354 0 33.5417 1.36147 -0.0454055
12.125 1.42606 0.948131 -0.0338098 0 33.6806 1.35209 -0.0482149
12.175 1.42109 0.944447 -0.0359999 0 33.8194 1.34214 -0.0511589
12.225 1.4158 0.940512 -0.0383091 0 33.9583 1.33158 -0.0542382
12.275 1.41021 0.93631 -0.0407403 0 34.0972 1.32039 -0.0574524
12.325 1.40428 0.931823 -0.0432962 0 34.2361 1.30855 -0.0608003
12.375 1.39802 0.927037 -0.0459785 0 34.375 1.29601 -0.0642788
12.425 1.3914 0.921933 -0.0487878 0 34.5139 1.28277 -0.0678831
12.475 1.38441 0.916493 -0.0517238 0 34.6528 1.2688 -0.0716069
12.525 1.37704 0.910699 -0.0547853 0 34.7917 1.25407 -0.0754416
12.575 1.36928 0.904532 -0.0579696 0 34.9306 1.23856 -0.0793768
12.625 1.36113 0.897974 -0.0612725 0 35.0694 1.22226 -0.0833995
12.675 1.35256 0.891004 -0.0646873 0 35.2083 1.20514 -0.0874936
12.725 1.34359 0.883604 -0.0682053 0 35.3472 1.1872 -0.0916397
12.775 1.33419 0.875756 -0.0718152 0 35.4861 1.16843 -0.0958154
12.825 1.32438 0.867439 -0.0755035 0 35.625 1.14882 -0.0999955
12.875 1.31415 0.858637 -0.0792534 0 35.7639 1.12838 -0.104151
12.925 1.30351 0.849334 -0.0830445 0 35.9028 1.10711 -0.108249
12.975 1.29246 0.839516 -0.0868521 0 36.0417 1.08504 -0.112253
13.025 1.28101 0.829169 -0.0906472 0 36.1806 1.06218 -0.11612
13.075 1.26919 0.818281 -0.0943967 0 36.3194 1.03855 -0.119807
13.125 1.257 0.806846 -0.0980635 0 36.4583 1.0142 -0.123266
13.175 1.24447 0.794863 -0.101605 0 36.5972 0.989184 -0.126445
13.225 1.23164 0.782336 -0.104975 0 36.7361 0.963556 -0.129291
13.275 1.21854 0.769275 -0.108117 0 36.875 0.937392 -0.131745
13.325 1.20521 0.755698 -0.110974 0 37.0139 0.910774 -0.133747
13.375 1.1917 0.741627 -0.113482 0 37.1528 0.883799 -0.135237
13.425 1.17807 0.7271 -0.115577 0 37.2917 0.856575 -0.136158
13.475 1.16438 0.712162 -0.117187 0 37.4306 0.829231 -0.13645
13.525 1.15073 0.696874 -0.118236 0 37.5694 0.801913 -0.136057
13.575 1.13717 0.681313 -0.118645 0 37.7083 0.774769 -0.134919
13.625 1.12378 0.665589 -0.11834 0 37.8472 0.747978 -0.132989
13.675 1.11065 0.649796 -0.117255 0 37.9861 0.721695 -0.130229
13.725 1.09784 0.634026 -0.115315 0 38.125 0.69606 -0.126598
13.775 1.08545 0.618407 -0.112457 0 38.2639 0.671251 -0.122067
13.825 1.07357 0.603079 -0.108628 0 38.4028 0.647445 -0.116619
13.875 1.06227 0.588193 -0.103791 0 38.5417 0.624822 -0.110254
13.925 1.05167 0.573914 -0.0979259 0 38.6806 0.603565 -0.102985
13.975 1.04183 0.560411 -0.0910335 0 38.8194 0.583853 -0.0948414
14.025 1.03285 0.547859 -0.0831318 0 38.9583 0.565857 -0.0858629
14.075 1.02481 0.536427 -0.0742609 0 39.0972 0.549738 -0.0761036
14.125 1.01779 0.52628 -0.0644861 0 39.2361 0.535641 -0.0656331
14.175 1.01184 0.517572 -0.0538983 0 39.375 0.523699 -0.0545364
14.225 1.00703 0.510441 -0.0426116 0 39.5139 0.514028 -0.042911
14.275 1.0034 0.505007 -0.0307591 0 39.6528 0.506723 -0.0308637
14.325 1.00098 0.501361 -0.0184926 0 39.7917 0.501855 -0.0185108
14.375 0.999862 0.499569 -0.00596476 0 39.9306 0.499499 -0.00596393
14.425 0.999717 0.499658 0.00660747 0 40.0694 0.499516 0.0066056
14.475 1.00059 0.50162 0.0189521 0 40.2083 0.501916 0.0189633
14.525 1.0031 0.505411 0.0309985 0 40.3472 0.506979 0.0310946
14.575 1.00696 0.510965 0.0426371 0 40.4861 0.514524 0.0429341
14.625 1.01194 0.518189 0.0537237 0 40.625 0.524376 0.0543652
14.675 1.018 0.526965 0.0641211 0 40.7639 0.53645 0.0652753
14.725 1.02513 0.537155 0.0737203 0 40.9028 0.550655 0.0755731
14.775 1.03327 0.548608 0.0824376 0 41.0417 0.566862 0.0851806
14.825 1.04234 0.561159 0.0902115 0 41.1806 0.584918 0.094031
14.875 1.05225 0.574638 0.097003 0 41.3194 0.604662 0.102071
14.925 1.06292 0.588876 0.102795 0 41.4583 0.625927 0.109263
14.975 1.07426 0.603706 0.10759 0 41.5972 0.648538 0.11558
15.025 1.08619 0.618971 0.111408 0 41.7361 0.672321 0.121011
15.075 1.09861 0.634524 0.114287 0 41.875 0.697097 0.125557
15.125 1.11145 0.650225 0.116276 0 42.0139 0.72269 0.129234
15.175 1.12461 0.665949 0.117432 0 42.1528 0.748936 0.132065
15.225 1.138 0.681576 0.117814 0 42.2917 0.775632 0.134072
15.275 1.1515 0.696989 0.117492 0 42.4306 0.802581 0.135291
15.325 1.16505 0.712119 0.116541 0 42.5694 0.829653 0.135775
15.375 1.17859 0.726918 0.115032 0 42.7083 0.856738 0.135576
15.425 1.19207 0.741327 0.113036 0 42.8472 0.883712 0.134747
15.475 1.20543 0.755301 0.11062 0 42.9861 0.910465 0.133345
15.525 1.21863 0.768803 0.107851 0 43.125 0.936889 0.131431
15.575 1.23162 0.781805 0.104791 0 43.2639 0.962887 0.129062
15.625 1.24435 0.794289 0.101498 0 43.4028 0.988376 0.1263
15.675 1.25679 0.806244 0.0980259 0 43.5417 1.01328 0.123198
15.725 1.26891 0.817664 0.0944214 0 43.6806 1.03755 0.119813
15.775 1.28068 0.828551 0.0907275 0 43.8194 1.06111 0.116193
15.825 1.29209 0.838907 0.0869823 0 43.9583 1.08394 0.112388
15.875 1.3031 0.848741 0.0832192 0 44.0972 1.106 0.108443
15.925 1.31372 0.858062 0.0794672 0 44.2361 1.12725 0.104398
15.975 1.32393 0.866885 0.0757508 0 44.375 1.14769 0.100289
16.025 1.33372 0.875224 0.0720907 0 44.5139 1.16731 0.0961491
16.075 1.34311 0.883096 0.0685046 0 44.6528 1.18609 0.092009
16.125 1.35208 0.89052 0.0650067 0 44.7917 1.20405 0.087894
16.175 1.36064 0.897514 0.0616084 0 44.9306 1.22119 0.0838267
16.225 1.3688 0.904097 0.0583185 0 45.0694 1.23752 0.0798261
16.275 1.37656 0.910288 0.0551436 0 45.2083 1.25306 0.0759084
16.325 1.38393 0.916106 0.0520885 0 45.3472 1.26783 0.0720871
16.375 1.39094 0.92157 0.0491564 0 45.4861 1.28184 0.0683733
16.425 1.39757 0.926698 0.0463487 0 45.625 1.29513 0.0647757
16.475 1.40385 0.931508 0.043666 0 45.7639 1.3077 0.0613007
16.525 1.4098 0.936017 0.0411076 0 45.9028 1.31959 0.0579534
16.575 1.41541 0.940243 0.038672 0 46.0417 1.33083 0.0547368
16.625 1.42071 0.944201 0.0363571 0 46.1806 1.34144 0.051653
16.675 1.42571 0.947907 0.0341602 0 46.3194 1.35144 0.0487026
16.725 1.43043 0.951376 0.0320779 0 46.4583 1.36087 0.0458851
16.775 1.43486 0.954622 0.0301069 0 46.5972 1.36975 0.0431993
16.825 1.43904 0.957658 0.0282432 0 46.7361 1.37811 0.0406431
16.875 1.44297 0.960497 0.0264829 0 46.875 1.38597 0.0382141
16.925 1.44666 0.963152 0.0248219 0 47.0139 1.39336 0.0359089
16.975 1.45013 0.965634 0.023256 0 47.1528 1.4003 0.0337242
17.025 1.45339 0.967953 0.0217809 0 47.2917 1.40681 0.031656
17.075 1.45644 0.97012 0.0203924 0 47.4306 1.41293 0.0297004
17.125 1.45931 0.972145 0.0190864 0 47.5694 1.41866 0.027853
17.175 1.462 0.974037 0.0178588 0 47.7083 1.42404 0.0261096
17.225 1.46452 0.975804 0.0167057 0 47.8472 1.42908 0.0244658
17.275 1.46688 0.977455 0.0156231 0 47.9861 1.43381 0.0229172
17.325 1.46909 0.978996 0.0146073 0 48.125 1.43823 0.0214594
17.375 1.47116 0.980435 0.0136547 0 48.2639 1.44237 0.0200882
17.425 1.4731 0.981779 0.0127617 0 48.4028 1.44625 0.0187992
17.475 1.47491 0.983033 0.0119251 0 48.5417 1.44988 0.0175884
17.525 1.4766 0.984204 0.0111417 0 48.6806 1.45328 0.0164518
17.575 1.47819 0.985296 0.0104082 0 48.8194 1.45645 0.0153853
17.625 1.47967 0.986316 0.00972194 0 48.9583 1.45942 0.0143853
17.675 1.48106 0.987268 0.00907994 0 49.0972 1.4622 0.0134479
17.725 1.48235 0.988156 0.00847956 0 49.2361 1.4648 0.0125697
17.775 1.48356 0.988984 0.00791826 0 49.375 1.46722 0.0117473
17.825 1.4847 0.989757 0.00739361 0 49.5139 1.46949 0.0109773
17.875 1.48575 0.990478 0.0069033 0 49.6528 1.47161 0.0102566
17.925 1.48674 0.99115 0.00644514 0 49.7917 1.47358 0.00958226
17.975 1.48767 0.991777 0.00601705 0 49.9306 1.47543 0.00895135
18.025 1.48853 0.992362 0.00561706 0 50.0694 1.47716 0.00836115
18.075 1.48933 0.992908 0.00524332 0 50.2083 1.47877 0.00780904
18.125 1.49008 0.993416 0.00489408 0 50.3472 1.48027 0.0072926
18.175 1.49079 0.993891 0.00456773 0 50.4861 1.48168 0.00680951
18.225 1.49144 0.994333 0.00426275 0 50.625 1.48299 0.00635764
18.275 1.49205 0.994745 0.00397772 0 50.7639 1.48421 0.00593498
18.325 1.49263 0.99513 0.00371135 0 50.9028 1.48536 0.00553966
18.375 1.49316 0.995488 0.00346239 0 51.0417 1.48642 0.0051699
18.425 1.49366 0.995823 0.00322969 0 51.1806 1.48742 0.00482406
18.475 1.49412 0.996135 0.00301218 0 51.3194 1.48835 0.00450057
18.525 1.49456 0.996426 0.00280885 0 51.4583 1.48921 0.00419798
18.575 1.49496 0.996697 0.00261876 0 51.5972 1.49002 0.00391494
18.625 1.49534 0.99695 0.00244106 0 51.7361 1.49078 0.00365021
18.675 1.49569 0.997186 0.00227495 0 51.875 1.49148 0.00340261
18.725 1.49601 0.997407 0.00211967 0 52.0139 1.49213 0.00317105
18.775 1.49632 0.997612 0.00197452 0 52.1528 1.49275 0.00295452
18.825 1.4966 0.997804 0.00183885 0 52.2917 1.49332 0.00275203
18.875 1.49687 0.997983 0.00171202 0 52.4306 1.49385 0.00256267
18.925 1.49712 0.99815 0.00159346 0 52.5694 1.49435 0.00238559
18.975 1.49734 0.998305 0.0014826 0 52.7083 1.49481 0.00221996
19.025 1.49756 0.99845 0.00137895 0 52.8472 1.49524 0.00206505
19.075 1.49776 0.998585 0.00128202 0 52.9861 1.49564 0.00192016
19.125 1.49794 0.998711 0.00119139 0 53.125 1.49601 0.00178463
19.175 1.49811 0.998827 0.00110663 0 53.2639 1.49636 0.00165786
19.225 1.49827 0.998936 0.00102736 0 53.4028 1.49668 0.00153927
19.275 1.49842 0.999036 0.000953205 0 53.5417 1.49697 0.0014283
19.325 1.49856 0.999129 0.000883803 0 53.6806 1.49725 0.00132443
19.375 1.49868 0.999215 0.00081882 0 53.8194 1.49751 0.00122715
19.425 1.4988 0.999294 0.000757946 0 53.9583 1.49774 0.00113601
19.475 1.49891 0.999367 0.000700888 0 54.0972 1.49796 0.00105057
19.525 1.49901 0.999434 0.000647374 0 54.2361 1.49816 0.00097042
19.575 1.4991 0.999495 0.000597147 0 54.375 1.49835 0.000895184
19.625 1.49919 0.999551 0.000549958 0 54.5139 1.49852 0.00082449
19.675 1.49927 0.999603 0.000505569 0 54.6528 1.49867 0.000757983
19.725 1.49934 0.999649 0.000463751 0 54.7917 1.49881 0.00069532
19.775 1.49941 0.999691 0.000424289 0 54.9306 1.49894 0.000636181
19.825 1.49947 0.999729 0.000386987 0 55.0694 1.49906 0.000580274
19.875 1.49952 0.999763 0.000351676 0 55.2083 1.49917 0.000527345
19.925 1.49957 0.999793 0.000318218 0 55.3472 1.49926 0.000477191
19.975 1.49962 0.99982 0.000286508 0 55.4861 1.49935 0.000429651
