-19.975 1.43907 0.957678 0.0282268 0 -45.3977 1.37816 0.0406203
-19.925 1.44299 0.960516 0.0264664 0 -45.2841 1.38602 0.0381909
-19.875 1.44668 0.963169 0.0248054 0 -45.1705 1.3934 0.0358856
-19.825 1.45015 0.96565 0.0232397 0 -45.0568 1.40034 0.0337011
-19.775 1.45341 0.967968 0.0217649 0 -44.9432 1.40685 0.0316333
-19.725 1.45646 0.970134 0.0203769 0 -44.8295 1.41296 0.0296782
-19.675 1.45932 0.972157 0.0190715 0 -44.7159 1.41869 0.0278315
-19.625 1.46201 0.974048 0.0178445 0 -44.6023 1.42407 0.0260889
-19.575 1.46453 0.975813 0.016692 0 -44.4886 1.42911 0.0244459
-19.525 1.46689 0.977462 0.01561 0 -44.375 1.43383 0.022898
-19.475 1.46909 0.979001 0.0145947 0 -44.2614 1.43825 0.021441
-19.425 1.47116 0.980439 0.0136425 0 -44.1477 1.44238 0.0200703
-19.375 1.4731 0.98178 0.0127498 0 -44.0341 1.44626 0.0187817
-19.325 1.47491 0.983033 0.0119133 0 -43.9205 1.44988 0.0175711
-19.275 1.4766 0.984201 0.0111299 0 -43.8068 1.45327 0.0164344
-19.225 1.47818 0.985292 0.0103963 0 -43.6932 1.45644 0.0153676
-19.175 1.47967 0.98631 0.00970971 0 -43.5795 1.45941 0.0143671
-19.125 1.48105 0.98726 0.00906736 0 -43.4659 1.46218 0.0134292
-19.075 1.48234 0.988146 0.0084666 0 -43.3523 1.46477 0.0125504
-19.025 1.48355 0.988972 0.00790491 0 -43.2386 1.46719 0.0117274
-18.975 1.48468 0.989743 0.00737991 0 -43.125 1.46946 0.0109568
-18.925 1.48574 0.990462 0.00688931 0 -43.0114 1.47157 0.0102357
-18.875 1.48672 0.991133 0.00643096 0 -42.8977 1.47354 0.00956107
-18.825 1.48765 0.991759 0.0060028 0 -42.7841 1.47539 0.00893004
-18.775 1.48851 0.992342 0.00560289 0 -42.6705 1.47711 0.00833993
-18.725 1.48931 0.992887 0.0052294 0 -42.5568 1.47871 0.0077882
-18.675 1.49006 0.993394 0.00488062 0 -42.4432 1.48022 0.0072724
-18.625 1.49076 0.993868 0.00455491 0 -42.3295 1.48162 0.00679028
-18.575 1.49141 0.994309 0.00425078 0 -42.2159 1.48293 0.00633967
-18.525 1.49202 0.994721 0.00396679 0 -42.1023 1.48415 0.00591855
-18.475 1.49259 0.995105 0.00370162 0 -41.9886 1.48529 0.00552502
-18.425 1.49313 0.995463 0.00345402 0 -41.875 1.48635 0.00515728
-18.375 1.49362 0.995797 0.00322281 0 -41.7614 1.48735 0.00481366
-18.325 1.49409 0.996108 0.00300689 0 -41.6477 1.48827 0.00449256
-18.275 1.49452 0.996399 0.00280524 0 -41.5341 1.48914 0.00419249
-18.225 1.49492 0.996669 0.0026169 0 -41.4205 1.48994 0.00391206
-18.175 1.4953 0.996921 0.00244097 0 -41.3068 1.4907 0.00364998
-18.125 1.49565 0.997157 0.00227662 0 -41.1932 1.4914 0.00340503
-18.075 1.49598 0.997376 0.00212309 0 -41.0795 1.49205 0.00317609
-18.025 1.49628 0.99758 0.00197966 0 -40.9659 1.49266 0.00296213
-17.975 1.49657 0.997771 0.00184567 0 -40.8523 1.49323 0.00276217
-17.925 1.49683 0.997949 0.00172051 0 -40.7386 1.49376 0.00257531
-17.875 1.49708 0.998114 0.00160359 0 -40.625 1.49426 0.00240071
-17.825 1.49731 0.998269 0.00149439 0 -40.5114 1.49472 0.00223757
-17.775 1.49753 0.998413 0.00139239 0 -40.3977 1.49515 0.00208514
-17.725 1.49773 0.998548 0.00129709 0 -40.2841 1.49555 0.00194269
-17.675 1.49792 0.998674 0.00120804 0 -40.1705 1.49593 0.00180954
-17.625 1.49809 0.998791 0.00112479 0 -40.0568 1.49628 0.00168503
-17.575 1.49825 0.998901 0.00104694 0 -39.9432 1.49661 0.00156858
-17.525 1.4984 0.999003 0.000974099 0 -39.8295 1.49691 0.00145959
-17.475 1.49854 0.999098 0.000905923 0 -39.7159 1.49719 0.00135757
-17.425 1.49867 0.999187 0.000842086 0 -39.6023 1.49745 0.00126201
-17.375 1.49879 0.99927 0.000782294 0 -39.4886 1.4977 0.0011725
-17.325 1.49891 0.999347 0.000726282 0 -39.375 1.49793 0.00108863
-17.275 1.49901 0.999418 0.000673811 0 -39.2614 1.49814 0.00101005
-17.225 1.49911 0.999485 0.000624662 0 -39.1477 1.49834 0.000936436
-17.175 1.4992 0.999546 0.000578633 0 -39.0341 1.49852 0.000867486
-17.125 1.49928 0.999603 0.000535537 0 -38.9205 1.49869 0.00080292
-17.075 1.49936 0.999656 0.000495192 0 -38.8068 1.49884 0.00074247
-17.025 1.49943 0.999705 0.000457428 0 -38.6932 1.49899 0.000685881
-16.975 1.4995 0.99975 0.000422077 0 -38.5795 1.49912 0.000632902
-16.925 1.49956 0.999791 0.000388974 0 -38.4659 1.49924 0.000583289
-16.875 1.49961 0.999829 0.000357959 0 -38.3523 1.49936 0.000536799
-16.825 1.49966 0.999863 0.00032887 0 -38.2386 1.49946 0.000493194
-16.775 1.49971 0.999894 0.000301553 0 -38.125 1.49955 0.000452243
-16.725 1.49975 0.999923 0.000275864 0 -38.0114 1.49964 0.000413728
-16.675 1.49979 0.999949 0.000251666 0 -37.8977 1.49972 0.000377447
-16.625 1.49983 0.999972 0.000228833 0 -37.7841 1.49979 0.000343211
-16.575 1.49986 0.999992 0.000207251 0 -37.6705 1.49985 0.000310848
-16.525 1.49989 1.00001 0.000186814 0 -37.5568 1.4999 0.000280201
-16.475 1.49992 1.00003 0.000167432 0 -37.4432 1.49996 0.000251134
-16.425 1.49994 1.00004 0.000149024 0 -37.3295 1.5 0.000223527
-16.375 1.49996 1.00005 0.000131521 0 -37.2159 1.50004 0.000197276
-16.325 1.49998 1.00006 0.00011486 0 -37.1023 1.50007 0.000172287
-16.275 1.5 1.00007 9.89841e-05 0 -36.9886 1.5001 0.000148476
-16.225 1.50001 1.00007 8.3848e-05 0 -36.875 1.50012 0.000125773
-16.175 1.50002 1.00008 6.94167e-05 0 -36.7614 1.50014 0.000104127
-16.125 1.50003 1.00008 5.56656e-05 0 -36.6477 1.50015 8.35e-05
-16.075 1.50004 1.00008 4.25686e-05 0 -36.5341 1.50016 6.38545e-05
-16.025 1.50004 1.00008 3.01839e-05 0 -36.4205 1.50016 4.52771e-05
-15.975 1.50005 1.00008 1.8488e-05 0 -36.3068 1.50016 2.77329e-05
-15.925 1.50005 1.00008 7.39861e-06 0 -36.1932 1.50016 1.10983e-05
-15.875 1.50005 1.00007 -3.09234e-06 0 -36.0795 1.50016 -4.63866e-06
-15.825 1.50005 1.00007 -1.29293e-05 0 -35.9659 1.50015 -1.93946e-05
-15.775 1.50005 1.00006 -2.21047e-05 0 -35.8523 1.50014 -3.31581e-05
-15.725 1.50004 1.00005 -3.06904e-05 0 -35.7386 1.50012 -4.60368e-05
-15.675 1.50004 1.00005 -3.87306e-05 0 -35.625 1.50011 -5.80973e-05
-15.625 1.50003 1.00004 -4.62221e-05 0 -35.5114 1.50009 -6.93345e-05
-15.575 1.50002 1.00003 -5.31447e-05 0 -35.3977 1.50007 -7.97182e-05
-15.525 1.50001 1.00002 -5.9486e-05 0 -35.2841 1.50004 -8.92298e-05
-15.475 1.5 1.00001 -6.52422e-05 0 -35.1705 1.50002 -9.78635e-05
-15.425 1.49999 1 -7.0408e-05 0 -35.0568 1.5 -0.000105611
-15.375 1.49998 0.999991 -7.49709e-05 0 -34.9432 1.49997 -0.000112455
-15.325 1.49997 0.99998 -7.89121e-05 0 -34.8295 1.49994 -0.000118366
-15.275 1.49996 0.999969 -8.22101e-05 0 -34.7159 1.49991 -0.000123312
-15.225 1.49995 0.999958 -8.48423e-05 0 -34.6023 1.49988 -0.000127259
-15.175 1.49993 0.999947 -8.67865e-05 0 -34.4886 1.49985 -0.000130174
-15.125 1.49992 0.999936 -8.80235e-05 0 -34.375 1.49982 -0.000132028
-15.075 1.49991 0.999924 -8.85399e-05 0 -34.2614 1.49979 -0.000132802
-15.025 1.49989 0.999913 -8.83217e-05 0 -34.1477 1.49976 -0.000132473
-14.975 1.49988 0.999902 -8.73646e-05 0 -34.0341 1.49973 -0.000131037
-14.925 1.49987 0.999891 -8.56766e-05 0 -33.9205 1.4997 -0.000128503
-14.875 1.49985 0.99988 -8.32825e-05 0 -33.8068 1.49967 -0.000124912
-14.825 1.49984 0.999869 -8.02182e-05 0 -33.6932 1.49965 -0.000120315
-14.775 1.49983 0.999859 -7.6527e-05 0 -33.5795 1.49962 -0.000114777
-14.725 1.49982 0.999849 -7.22554e-05 0 -33.4659 1.49959 -0.00010837
-14.675 1.49981 0.99984 -6.74497e-05 0 -33.3523 1.49957 -0.000101162
-14.625 1.4998 0.999831 -6.21519e-05 0 -33.2386 1.49954 -9.32153e-05
-14.575 1.49979 0.999823 -5.63987e-05 0 -33.125 1.49952 -8.45861e-05
-14.525 1.49978 0.999815 -5.02222e-05 0 -33.0114 1.4995 -7.53223e-05
-14.475 1.49977 0.999808 -4.36515e-05 0 -32.8977 1.49949 -6.54675e-05
-14.425 1.49977 0.999802 -3.6715e-05 0 -32.7841 1.49947 -5.5064e-05
-14.375 1.49976 0.999797 -2.94443e-05 0 -32.6705 1.49946 -4.41595e-05
-14.325 1.49976 0.999792 -2.1878e-05 0 -32.5568 1.49945 -3.28118e-05
-14.275 1.49976 0.999788 -1.40613e-05 0 -32.4432 1.49944 -2.10885e-05
-14.225 1.49976 0.999785 -6.04608e-06 0 -32.3295 1.49944 -9.06766e-06
-14.175 1.49976 0.999783 2.11176e-06 0 -32.2159 1.49943 3.16713e-06
-14.125 1.49976 0.999782 1.03169e-05 0 -32.1023 1.49943 1.54729e-05
-14.075 1.49976 0.999782 1.84739e-05 0 -31.9886 1.49943 2.77064e-05
-14.025 1.49976 0.999783 2.65046e-05 0 -31.875 1.49944 3.97507e-05
-13.975 1.49977 0.999785 3.44138e-05 0 -31.7614 1.49944 5.16126e-05
-13.925 1.49977 0.999788 4.21373e-05 0 -31.6477 1.49945 6.31964e-05
-13.875 1.49978 0.999792 4.96057e-05 0 -31.5341 1.49947 7.43975e-05
-13.825 1.49979 0.999797 5.67656e-05 0 -31.4205 1.49948 8.51363e-05
-13.775 1.4998 0.999803 6.35804e-05 0 -31.3068 1.4995 9.53576e-05
-13.725 1.49981 0.99981 7.00192e-05 0 -31.1932 1.49952 0.000105015
-13.675 1.49982 0.999819 7.60504e-05 0 -31.0795 1.49955 0.000114062
-13.625 1.49983 0.999828 8.1642e-05 0 -30.9659 1.49957 0.000122449
-13.575 1.49984 0.999839 8.6763e-05 0 -30.8523 1.4996 0.000130131
-13.525 1.49986 0.999851 9.1384e-05 0 -30.7386 1.49963 0.000137063
-13.475 1.49987 0.999863 9.54755e-05 0 -30.625 1.49967 0.000143201
-13.425 1.49989 0.999876 9.90064e-05 0 -30.5114 1.4997 0.000148498
-13.375 1.4999 0.99989 0.000101945 0 -30.3977 1.49974 0.000152908
-13.325 1.49992 0.999905 0.000104263 0 -30.2841 1.49977 0.000156386
-13.275 1.49993 0.999921 0.00010594 0 -30.1705 1.49981 0.000158903
-13.225 1.49995 0.999936 0.00010696 0 -30.0568 1.49985 0.000160435
-13.175 1.49996 0.999953 0.000107315 0 -29.9432 1.49989 0.000160969
-13.125 1.49998 0.999969 0.000106995 0 -29.8295 1.49993 0.00016049
-13.075 1.5 0.999986 0.000105999 0 -29.7159 1.49997 0.000158999
-13.025 1.50001 1 0.00010433 0 -29.6023 1.50002 0.000156497
-12.975 1.50003 1.00002 0.000101989 0 -29.4886 1.50006 0.000152986
-12.925 1.50004 1.00004 9.89755e-05 0 -29.375 1.50009 0.000148467
-12.875 1.50006 1.00005 9.53014e-05 0 -29.2614 1.50013 0.000142957
-12.825 1.50007 1.00007 9.09815e-05 0 -29.1477 1.50017 0.000136479
-12.775 1.50008 1.00008 8.60374e-05 0 -29.0341 1.50021 0.000129063
-12.725 1.5001 1.0001 8.04989e-05 0 -28.9205 1.50024 0.000120756
-12.675 1.50011 1.00011 7.44036e-05 0 -28.8068 1.50027 0.000111613
-12.625 1.50012 1.00012 6.77939e-05 0 -28.6932 1.5003 0.000101699
-12.575 1.50013 1.00014 6.07164e-05 0 -28.5795 1.50033 9.10823e-05
-12.525 1.50014 1.00015 5.32217e-05 0 -28.4659 1.50036 7.98398e-05
-12.475 1.50014 1.00016 4.53655e-05 0 -28.3523 1.50038 6.80548e-05
-12.425 1.50015 1.00017 3.72068e-05 0 -28.2386 1.5004 5.58158e-05
-12.375 1.50016 1.00017 2.88058e-05 0 -28.125 1.50041 4.32131e-05
-12.325 1.50016 1.00018 2.02218e-05 0 -28.0114 1.50042 3.0336e-05
-12.275 1.50016 1.00018 1.15121e-05 0 -27.8977 1.50043 1.727e-05
-12.225 1.50016 1.00018 2.73083e-06 0 -27.7841 1.50044 4.0967e-06
-12.175 1.50016 1.00018 -6.01401e-06 0 -27.6705 1.50044 -9.02199e-06
-12.125 1.50016 1.00018 -1.4542e-05 0 -27.5568 1.50043 -2.18153e-05
-12.075 1.50016 1.00018 -2.28744e-05 0 -27.4432 1.50043 -3.43152e-05
-12.025 1.50015 1.00018 -3.10267e-05 0 -27.3295 1.50042 -4.65449e-05
-11.975 1.50015 1.00017 -3.89488e-05 0 -27.2159 1.5004 -5.84289e-05
-11.925 1.50014 1.00016 -4.6568e-05 0 -27.1023 1.50039 -6.98586e-05
-11.875 1.50013 1.00015 -5.38152e-05 0 -26.9886 1.50036 -8.073e-05
-11.825 1.50012 1.00014 -6.06291e-05 0 -26.875 1.50034 -9.09512e-05
-11.775 1.50012 1.00013 -6.6951e-05 0 -26.7614 1.50031 -0.000100434
-11.725 1.5001 1.00012 -7.27226e-05 0 -26.6477 1.50029 -0.000109091
-11.675 1.50009 1.00011 -7.78865e-05 0 -26.5341 1.50025 -0.000116837
-11.625 1.50008 1.00009 -8.23881e-05 0 -26.4205 1.50022 -0.000123589
-11.575 1.50007 1.00008 -8.61763e-05 0 -26.3068 1.50019 -0.00012927
-11.525 1.50006 1.00006 -8.92067e-05 0 -26.1932 1.50015 -0.000133815
-11.475 1.50004 1.00005 -9.14425e-05 0 -26.0795 1.50011 -0.000137168
-11.425 1.50003 1.00003 -9.28543e-05 0 -25.9659 1.50007 -0.000139284
-11.375 1.50001 1.00001 -9.34214e-05 0 -25.8523 1.50003 -0.000140133
-11.325 1.5 0.999994 -9.31348e-05 0 -25.7386 1.49999 -0.000139702
-11.275 1.49999 0.999977 -9.19844e-05 0 -25.625 1.49995 -0.000137975
-11.225 1.49997 0.99996 -8.99701e-05 0 -25.5114 1.49991 -0.000134953
-11.175 1.49996 0.999944 -8.71067e-05 0 -25.3977 1.49988 -0.000130657
-11.125 1.49995 0.999928 -8.34168e-05 0 -25.2841 1.49984 -0.000125121
-11.075 1.49993 0.999913 -7.89328e-05 0 -25.1705 1.4998 -0.000118394
-11.025 1.49992 0.999899 -7.36932e-05 0 -25.0568 1.49977 -0.000110534
-10.975 1.49991 0.999887 -6.7739e-05 0 -24.9432 1.49974 -0.000101603
-10.925 1.4999 0.999875 -6.11154e-05 0 -24.8295 1.49972 -9.16671e-05
-10.875 1.49989 0.999865 -5.38771e-05 0 -24.7159 1.49969 -8.081e-05
-10.825 1.49989 0.999856 -4.60896e-05 0 -24.6023 1.49967 -6.91291e-05
-10.775 1.49988 0.999849 -3.78232e-05 0 -24.4886 1.49965 -5.67303e-05
-10.725 1.49988 0.999844 -2.91506e-05 0 -24.375 1.49964 -4.37223e-05
-10.675 1.49987 0.99984 -2.01494e-05 0 -24.2614 1.49963 -3.02215e-05
-10.625 1.49987 0.999838 -1.08889e-05 0 -24.1477 1.49963 -1.63319e-05
-10.575 1.49987 0.999838 -1.51997e-06 0 -24.0341 1.49963 -2.27975e-06
-10.525 1.49987 0.99984 7.74047e-06 0 -23.9205 1.49963 1.16097e-05
-10.475 1.49987 0.999843 1.68539e-05 0 -23.8068 1.49964 2.52787e-05
-10.425 1.49987 0.999848 2.57796e-05 0 -23.6932 1.49965 3.86661e-05
-10.375 1.49988 0.999855 3.4451e-05 0 -23.5795 1.49966 5.16723e-05
-10.325 1.49988 0.999863 4.27606e-05 0 -23.4659 1.49968 6.4136e-05
-10.275 1.49989 0.999872 5.05956e-05 0 -23.3523 1.4997 7.58879e-05
-10.225 1.4999 0.999883 5.78529e-05 0 -23.2386 1.49972 8.67736e-05
-10.175 1.49991 0.999896 6.44394e-05 0 -23.125 1.49975 9.66533e-05
-10.125 1.49992 0.999909 7.02739e-05 0 -23.0114 1.49978 0.000105405
-10.075 1.49993 0.999923 7.52889e-05 0 -22.8977 1.49982 0.000112928
-10.025 1.49994 0.999939 7.94267e-05 0 -22.7841 1.49985 0.000119135
-9.975 1.49995 0.999955 8.26376e-05 0 -22.6705 1.49989 0.000123953
-9.925 1.49997 0.999971 8.48835e-05 0 -22.5568 1.49992 0.000127322
-9.875 1.49998 0.999988 8.61458e-05 0 -22.4432 1.49996 0.000129217
-9.825 1.49999 1.00001 8.64191e-05 0 -22.3295 1.5 0.000129628
-9.775 1.50001 1.00002 8.56842e-05 0 -22.2159 1.50004 0.000128527
-9.725 1.50002 1.00004 8.39547e-05 0 -22.1023 1.50008 0.000125934
-9.675 1.50003 1.00005 8.12412e-05 0 -21.9886 1.50011 0.000121864
-9.625 1.50004 1.00007 7.75699e-05 0 -21.875 1.50015 0.000116358
-9.575 1.50005 1.00008 7.2977e-05 0 -21.7614 1.50018 0.000109469
-9.525 1.50006 1.0001 6.7506e-05 0 -21.6477 1.50021 0.000101263
-9.475 1.50007 1.00011 6.12091e-05 0 -21.5341 1.50024 9.18182e-05
-9.425 1.50008 1.00012 5.415e-05 0 -21.4205 1.50026 8.12295e-05
-9.375 1.50009 1.00013 4.64049e-05 0 -21.3068 1.50028 6.96116e-05
-9.325 1.5001 1.00013 3.80592e-05 0 -21.1932 1.5003 5.70925e-05
-9.275 1.5001 1.00014 2.92047e-05 0 -21.0795 1.50031 4.38099e-05
-9.225 1.5001 1.00014 1.99455e-05 0 -20.9659 1.50032 2.99204e-05
-9.175 1.50011 1.00014 1.03831e-05 0 -20.8523 1.50032 1.55758e-05
-9.125 1.50011 1.00014 7.19337e-07 0 -20.7386 1.50032 1.07908e-06
-9.075 1.50011 1.00014 -8.8153e-06 0 -20.625 1.50032 -1.32239e-05
-9.025 1.50011 1.00014 -1.81512e-05 0 -20.5114 1.50031 -2.72287e-05
-8.975 1.5001 1.00013 -2.72155e-05 0 -20.3977 1.5003 -4.0826e-05
-8.925 1.5001 1.00013 -3.59051e-05 0 -20.2841 1.50029 -5.38611e-05
-8.875 1.50009 1.00012 -4.40776e-05 0 -20.1705 1.50027 -6.61205e-05
-8.825 1.50008 1.00011 -5.15934e-05 0 -20.0568 1.50024 -7.73944e-05
-8.775 1.50008 1.0001 -5.8333e-05 0 -19.9432 1.50022 -8.7504e-05
-8.725 1.50007 1.00008 -6.41968e-05 0 -19.8295 1.50019 -9.62994e-05
-8.675 1.50006 1.00007 -6.9101e-05 0 -19.7159 1.50016 -0.000103655
-8.625 1.50005 1.00005 -7.29782e-05 0 -19.6023 1.50013 -0.000109471
-8.575 1.50003 1.00004 -7.57816e-05 0 -19.4886 1.50009 -0.000113675
-8.525 1.50002 1.00002 -7.74838e-05 0 -19.375 1.50005 -0.000116227
-8.475 1.50001 1.00001 -7.80714e-05 0 -19.2614 1.50002 -0.000117108
-8.425 1.5 0.999989 -7.75438e-05 0 -19.1477 1.49998 -0.000116316
-8.375 1.49999 0.999972 -7.59181e-05 0 -19.0341 1.49995 -0.000113876
-8.325 1.49998 0.999957 -7.32203e-05 0 -18.9205 1.49991 -0.000109829
-8.275 1.49997 0.999942 -6.94847e-05 0 -18.8068 1.49988 -0.000104225
-8.225 1.49996 0.999927 -6.47592e-05 0 -18.6932 1.49985 -9.71359e-05
-8.175 1.49995 0.999914 -5.91078e-05 0 -18.5795 1.49982 -8.86586e-05
-8.125 1.49994 0.999903 -5.26063e-05 0 -18.4659 1.49979 -7.89063e-05
-8.075 1.49993 0.999892 -4.53391e-05 0 -18.3523 1.49977 -6.80056e-05
-8.025 1.49992 0.999884 -3.73981e-05 0 -18.2386 1.49975 -5.60944e-05
-7.975 1.49992 0.999877 -2.88848e-05 0 -18.125 1.49974 -4.33249e-05
-7.925 1.49992 0.999872 -1.99111e-05 0 -18.0114 1.49972 -2.9865e-05
-7.875 1.49991 0.999869 -1.0601e-05 0 -17.8977 1.49972 -1.59006e-05
-7.825 1.49991 0.999868 -1.08064e-06 0 -17.7841 1.49971 -1.62087e-06
-7.775 1.49991 0.999868 8.39243e-06 0 -17.6705 1.49972 1.25879e-05
-7.725 1.49992 0.999871 1.76032e-05 0 -17.5568 1.49972 2.64033e-05
-7.675 1.49992 0.999875 2.65314e-05 0 -17.4432 1.49973 3.9795e-05
-7.625 1.49992 0.999881 3.50656e-05 0 -17.3295 1.49974 5.25957e-05
-7.575 1.49993 0.999889 4.30498e-05 0 -17.2159 1.49976 6.45716e-05
-7.525 1.49994 0.999898 5.03204e-05 0 -17.1023 1.49978 7.54774e-05
-7.475 1.49994 0.999909 5.67309e-05 0 -16.9886 1.49981 8.50933e-05
-7.425 1.49995 0.999921 6.21541e-05 0 -16.875 1.49983 9.32283e-05
-7.375 1.49996 0.999934 6.64812e-05 0 -16.7614 1.49986 9.97194e-05
-7.325 1.49997 0.999948 6.96285e-05 0 -16.6477 1.4999 0.000104441
-7.275 1.49998 0.999962 7.15388e-05 0 -16.5341 1.49993 0.000107307
-7.225 1.5 0.999977 7.21796e-05 0 -16.4205 1.49996 0.000108269
-7.175 1.50001 0.999993 7.15441e-05 0 -16.3068 1.5 0.000107317
-7.125 1.50002 1.00001 6.9656e-05 0 -16.1932 1.50003 0.000104485
-7.075 1.50003 1.00002 6.65413e-05 0 -16.0795 1.50006 9.98137e-05
-7.025 1.50004 1.00004 6.22613e-05 0 -15.9659 1.50009 9.33943e-05
-6.975 1.50005 1.00005 5.6899e-05 0 -15.8523 1.50012 8.53511e-05
-6.925 1.50005 1.00007 5.05565e-05 0 -15.7386 1.50015 7.58374e-05
-6.875 1.50006 1.00008 4.33469e-05 0 -15.625 1.50018 6.5023e-05
-6.825 1.50007 1.00009 3.53915e-05 0 -15.5114 1.5002 5.30896e-05
-6.775 1.50007 1.0001 2.68224e-05 0 -15.3977 1.50022 4.02355e-05
-6.725 1.50007 1.0001 1.77827e-05 0 -15.2841 1.50023 2.66754e-05
-6.675 1.50008 1.00011 8.41899e-06 0 -15.1705 1.50024 1.26291e-05
-6.625 1.50008 1.00011 -1.12972e-06 0 -15.0568 1.50025 -1.69467e-06
-6.575 1.50008 1.00012 -1.06879e-05 0 -14.9432 1.50025 -1.60326e-05
-6.525 1.50007 1.00012 -2.00375e-05 0 -14.8295 1.50025 -3.00578e-05
-6.475 1.50007 1.00011 -2.90164e-05 0 -14.7159 1.50024 -4.35267e-05
-6.425 1.50007 1.00011 -3.75943e-05 0 -14.6023 1.50023 -5.63938e-05
-6.375 1.50006 1.0001 -4.56369e-05 0 -14.4886 1.50021 -6.84581e-05
-6.325 1.50005 1.0001 -5.3006e-05 0 -14.375 1.5002 -7.95116e-05
-6.275 1.50004 1.00009 -5.95606e-05 0 -14.2614 1.50017 -8.93434e-05
-6.225 1.50003 1.00008 -6.516e-05 0 -14.1477 1.50015 -9.77421e-05
-6.175 1.50002 1.00007 -6.96705e-05 0 -14.0341 1.50012 -0.000104507
-6.125 1.50001 1.00006 -7.29776e-05 0 -13.9205 1.50009 -0.000109467
-6.075 1.5 1.00004 -7.49907e-05 0 -13.8068 1.50006 -0.000112486
-6.025 1.49999 1.00003 -7.56419e-05 0 -13.6932 1.50003 -0.000113462
-5.975 1.49998 1.00002 -7.48801e-05 0 -13.5795 1.5 -0.000112319
-5.925 1.49997 1 -7.26841e-05 0 -13.4659 1.49997 -0.000109024
-5.875 1.49996 0.999992 -6.90679e-05 0 -13.3523 1.49994 -0.000103599
-5.825 1.49995 0.99998 -6.40904e-05 0 -13.2386 1.49992 -9.61322e-05
-5.775 1.49994 0.999969 -5.78451e-05 0 -13.125 1.49989 -8.6764e-05
-5.725 1.49993 0.999958 -5.0454e-05 0 -13.0114 1.49987 -7.56774e-05
-5.675 1.49992 0.999949 -4.20608e-05 0 -12.8977 1.49985 -6.30879e-05
-5.625 1.49992 0.999941 -3.28321e-05 0 -12.7841 1.49983 -4.92454e-05
-5.575 1.49991 0.999934 -2.29583e-05 0 -12.6705 1.49981 -3.44355e-05
-5.525 1.49991 0.999928 -1.26447e-05 0 -12.5568 1.4998 -1.89659e-05
-5.475 1.49991 0.999924 -2.10364e-06 0 -12.4432 1.4998 -3.15526e-06
-5.425 1.49991 0.999922 8.4642e-06 0 -12.3295 1.49979 1.26955e-05
-5.375 1.49991 0.999922 1.87364e-05 0 -12.2159 1.49979 2.8103e-05
-5.325 1.49991 0.999923 2.84924e-05 0 -12.1023 1.4998 4.27361e-05
-5.275 1.49992 0.999926 3.769e-05 0 -11.9886 1.49981 5.65319e-05
-5.225 1.49993 0.999931 4.62234e-05 0 -11.875 1.49982 6.93317e-05
-5.175 1.49993 0.999937 5.39478e-05 0 -11.7614 1.49984 8.09181e-05
-5.125 1.49994 0.999944 6.07352e-05 0 -11.6477 1.49986 9.10993e-05
-5.075 1.49995 0.999953 6.64829e-05 0 -11.5341 1.49988 9.97211e-05
-5.025 1.49996 0.999962 7.11085e-05 0 -11.4205 1.49991 0.00010666
-4.975 1.49997 0.999973 7.45467e-05 0 -11.3068 1.49993 0.000111818
-4.925 1.49999 0.999984 7.67425e-05 0 -11.1932 1.49996 0.000115113
-4.875 1.5 0.999995 7.76517e-05 0 -11.0795 1.49999 0.000116477
-4.825 1.50001 1.00001 7.72443e-05 0 -10.9659 1.50002 0.000115867
-4.775 1.50002 1.00002 7.55198e-05 0 -10.8523 1.50005 0.000113281
-4.725 1.50003 1.00003 7.24938e-05 0 -10.7386 1.50007 0.000108743
-4.675 1.50004 1.00004 6.8208e-05 0 -10.625 1.5001 0.000102315
-4.625 1.50005 1.00004 6.27302e-05 0 -10.5114 1.50012 9.40986e-05
-4.575 1.50006 1.00005 5.61578e-05 0 -10.3977 1.50014 8.42401e-05
-4.525 1.50007 1.00006 4.86092e-05 0 -10.2841 1.50015 7.29171e-05
-4.475 1.50007 1.00006 4.0218e-05 0 -10.1705 1.50017 6.03299e-05
-4.425 1.50008 1.00006 3.11401e-05 0 -10.0568 1.50017 4.67126e-05
-4.375 1.50008 1.00006 2.1588e-05 0 -9.94318 1.50018 3.23838e-05
-4.325 1.50009 1.00006 1.18623e-05 0 -9.82955 1.50018 1.77945e-05
-4.275 1.50009 1.00006 2.08793e-06 0 -9.71591 1.50018 3.13208e-06
-4.225 1.50009 1.00006 -7.56522e-06 0 -9.60227 1.50017 -1.13485e-05
-4.175 1.50009 1.00005 -1.68128e-05 0 -9.48864 1.50016 -2.52206e-05
-4.125 1.50008 1.00004 -2.54871e-05 0 -9.375 1.50015 -3.82328e-05
-4.075 1.50008 1.00003 -3.34267e-05 0 -9.26136 1.50013 -5.01426e-05
-4.025 1.50007 1.00003 -4.04472e-05 0 -9.14773 1.50011 -6.06737e-05
-3.975 1.50007 1.00002 -4.63704e-05 0 -9.03409 1.50009 -6.95586e-05
-3.925 1.50006 1 -5.10473e-05 0 -8.92045 1.50006 -7.65739e-05
-3.875 1.50005 0.999993 -5.43727e-05 0 -8.80682 1.50004 -8.15618e-05
-3.825 1.50004 0.999981 -5.6294e-05 0 -8.69318 1.50001 -8.44434e-05
-3.775 1.50003 0.999969 -5.67983e-05 0 -8.57955 1.49999 -8.51993e-05
-3.725 1.50002 0.999958 -5.58788e-05 0 -8.46591 1.49996 -8.38195e-05
-3.675 1.50002 0.999946 -5.35859e-05 0 -8.35227 1.49994 -8.03797e-05
-3.625 1.50001 0.999936 -4.99888e-05 0 -8.23864 1.49991 -7.49837e-05
-3.575 1.5 0.999926 -4.51966e-05 0 -8.125 1.49989 -6.7795e-05
-3.525 1.49999 0.999917 -3.93596e-05 0 -8.01136 1.49987 -5.90392e-05
-3.475 1.49999 0.999909 -3.2654e-05 0 -7.89773 1.49985 -4.89806e-05
-3.425 1.49999 0.999903 -2.52678e-05 0 -7.78409 1.49984 -3.79013e-05
-3.375 1.49998 0.999899 -1.74006e-05 0 -7.67045 1.49983 -2.61005e-05
-3.325 1.49998 0.999896 -9.26611e-06 0 -7.55682 1.49982 -1.3899e-05
-3.275 1.49998 0.999895 -1.08434e-06 0 -7.44318 1.49982 -1.62649e-06
-3.225 1.49998 0.999896 6.84043e-06 0 -7.32955 1.49982 1.02605e-05
-3.175 1.49998 0.999899 1.43068e-05 0 -7.21591 1.49983 2.14599e-05
-3.125 1.49998 0.999903 2.1273e-05 0 -7.10227 1.49984 3.19091e-05
-3.075 1.49999 0.99991 2.76307e-05 0 -6.98864 1.49985 4.14456e-05
-3.025 1.49999 0.999917 3.32467e-05 0 -6.875 1.49987 4.98698e-05
-2.975 1.5 0.999927 3.80061e-05 0 -6.76136 1.49989 5.70091e-05
-2.925 1.5 0.999937 4.18231e-05 0 -6.64773 1.49991 6.27349e-05
-2.875 1.50001 0.999948 4.4632e-05 0 -6.53409 1.49993 6.69485e-05
-2.825 1.50002 0.99996 4.63785e-05 0 -6.42045 1.49996 6.95686e-05
-2.775 1.50003 0.999972 4.70114e-05 0 -6.30682 1.49998 7.05184e-05
-2.725 1.50003 0.999984 4.6483e-05 0 -6.19318 1.50001 6.9726e-05
-2.675 1.50004 0.999995 4.47922e-05 0 -6.07955 1.50003 6.71901e-05
-2.625 1.50005 1.00001 4.19551e-05 0 -5.96591 1.50005 6.29345e-05
-2.575 1.50005 1.00002 3.80159e-05 0 -5.85227 1.50008 5.70258e-05
-2.525 1.50006 1.00003 3.30452e-05 0 -5.73864 1.50009 4.95696e-05
-2.475 1.50006 1.00003 2.71339e-05 0 -5.625 1.50011 4.07025e-05
-2.425 1.50006 1.00004 2.0396e-05 0 -5.51136 1.50012 3.05952e-05
-2.375 1.50007 1.00004 1.2971e-05 0 -5.39773 1.50013 1.94574e-05
-2.325 1.50007 1.00005 5.02767e-06 0 -5.28409 1.50014 7.54185e-06
-2.275 1.50007 1.00005 -3.26403e-06 0 -5.17045 1.50014 -4.89627e-06
-2.225 1.50007 1.00005 -1.15778e-05 0 -5.05682 1.50014 -1.73675e-05
-2.175 1.50007 1.00005 -1.96641e-05 0 -4.94318 1.50013 -2.94974e-05
-2.125 1.50006 1.00004 -2.7423e-05 0 -4.82955 1.50013 -4.11362e-05
-2.075 1.50006 1.00004 -3.4664e-05 0 -4.71591 1.50011 -5.1998e-05
-2.025 1.50005 1.00003 -4.1179e-05 0 -4.60227 1.5001 -6.17706e-05
-1.975 1.50004 1.00003 -4.67595e-05 0 -4.48864 1.50008 -7.01413e-05
-1.925 1.50004 1.00002 -5.12181e-05 0 -4.375 1.50006 -7.6829e-05
-1.875 1.50003 1.00001 -5.44076e-05 0 -4.26136 1.50004 -8.1613e-05
-1.825 1.50002 1 -5.62317e-05 0 -4.14773 1.50002 -8.43486e-05
-1.775 1.50001 0.999994 -5.66374e-05 0 -4.03409 1.5 -8.49568e-05
-1.725 1.5 0.999985 -5.55956e-05 0 -3.92045 1.49998 -8.33935e-05
-1.675 1.49999 0.999977 -5.3139e-05 0 -3.80682 1.49996 -7.97082e-05
-1.625 1.49999 0.99997 -4.93412e-05 0 -3.69318 1.49994 -7.40112e-05
-1.575 1.49998 0.999963 -4.43202e-05 0 -3.57955 1.49992 -6.64795e-05
-1.525 1.49997 0.999956 -3.82298e-05 0 -3.46591 1.49991 -5.73437e-05
-1.475 1.49997 0.999951 -3.1256e-05 0 -3.35227 1.4999 -4.68831e-05
-1.425 1.49997 0.999947 -2.3614e-05 0 -3.23864 1.49989 -3.54201e-05
-1.375 1.49996 0.999944 -1.55397e-05 0 -3.125 1.49988 -2.33089e-05
-1.325 1.49996 0.999943 -7.26741e-06 0 -3.01136 1.49987 -1.09008e-05
-1.275 1.49996 0.999942 9.09271e-07 0 -2.89773 1.49987 1.36387e-06
-1.225 1.49996 0.999944 8.6541e-06 0 -2.78409 1.49988 1.29808e-05
-1.175 1.49996 0.999947 1.58314e-05 0 -2.67045 1.49988 2.37466e-05
-1.125 1.49997 0.999951 2.2307e-05 0 -2.55682 1.49989 3.34598e-05
-1.075 1.49997 0.999957 2.79484e-05 0 -2.44318 1.4999 4.19217e-05
-1.025 1.49997 0.999963 3.26298e-05 0 -2.32955 1.49992 4.89438e-05
-0.975 1.49998 0.999971 3.62599e-05 0 -2.21591 1.49994 5.43891e-05
-0.925 1.49999 0.99998 3.87861e-05 0 -2.10227 1.49996 5.81786e-05
-0.875 1.49999 0.999989 4.01868e-05 0 -1.98864 1.49998 6.02799e-05
-0.825 1.5 0.999999 4.04543e-05 0 -1.875 1.5 6.06813e-05
-0.775 1.5 1.00001 3.96011e-05 0 -1.76136 1.50002 5.94017e-05
-0.725 1.50001 1.00002 3.76627e-05 0 -1.64773 1.50004 5.64944e-05
-0.675 1.50001 1.00003 3.47132e-05 0 -1.53409 1.50005 5.20702e-05
-0.625 1.50002 1.00004 3.08595e-05 0 -1.42045 1.50007 4.62899e-05
-0.575 1.50002 1.00004 2.6225e-05 0 -1.30682 1.50009 3.93381e-05
-0.525 1.50003 1.00005 2.09463e-05 0 -1.19318 1.5001 3.142e-05
-0.475 1.50003 1.00005 1.51755e-05 0 -1.07955 1.50011 2.27637e-05
-0.425 1.50003 1.00006 9.07207e-06 0 -0.965909 1.50011 1.36084e-05
-0.375 1.50003 1.00006 2.78186e-06 0 -0.852273 1.50012 4.17288e-06
-0.325 1.50003 1.00006 -3.46022e-06 0 -0.738636 1.50012 -5.19045e-06
-0.275 1.50003 1.00005 -9.45619e-06 0 -0.625 1.50011 -1.41846e-05
-0.225 1.50003 1.00005 -1.51555e-05 0 -0.511364 1.5001 -2.27338e-05
-0.175 1.50003 1.00004 -2.0464e-05 0 -0.397727 1.50009 -3.06965e-05
-0.125 1.50002 1.00004 -2.52547e-05 0 -0.284091 1.50008 -3.78827e-05
-0.075 1.50002 1.00003 -2.93887e-05 0 -0.170455 1.50006 -4.40836e-05
-0.025 1.50001 1.00002 -3.27272e-05 0 -0.0568182 1.50005 -4.90912e-05
0.025 1.50001 1.00001 -3.51423e-05 0 0.0568182 1.50003 -5.27138e-05
0.075 1.5 1 -3.65326e-05 0 0.170455 1.50001 -5.47991e-05
0.125 1.5 0.999996 -3.68279e-05 0 0.284091 1.49999 -5.52417e-05
0.175 1.49999 0.999987 -3.59946e-05 0 0.397727 1.49997 -5.39917e-05
0.225 1.49999 0.999979 -3.40508e-05 0 0.511364 1.49996 -5.10757e-05
0.275 1.49998 0.999973 -3.10312e-05 0 0.625 1.49994 -4.65463e-05
0.325 1.49998 0.999967 -2.70052e-05 0 0.738636 1.49993 -4.05071e-05
0.375 1.49997 0.999962 -2.2062e-05 0 0.852273 1.49992 -3.30924e-05
0.425 1.49997 0.999959 -1.63192e-05 0 0.965909 1.49991 -2.44783e-05
0.475 1.49997 0.999956 -9.93809e-06 0 1.07955 1.4999 -1.49068e-05
0.525 1.49997 0.999956 -3.12922e-06 0 1.19318 1.4999 -4.69373e-06
0.575 1.49997 0.999956 3.82921e-06 0 1.30682 1.4999 5.74369e-06
0.625 1.49997 0.999958 1.06791e-05 0 1.42045 1.49991 1.60183e-05
0.675 1.49997 0.999961 1.72761e-05 0 1.53409 1.49991 2.59137e-05
0.725 1.49998 0.999965 2.34081e-05 0 1.64773 1.49992 3.51115e-05
0.775 1.49998 0.99997 2.88321e-05 0 1.76136 1.49993 4.32476e-05
0.825 1.49998 0.999975 3.33327e-05 0 1.875 1.49995 4.99985e-05
0.875 1.49999 0.999981 3.67463e-05 0 1.98864 1.49996 5.5119e-05
0.925 1.49999 0.999988 3.89608e-05 0 2.10227 1.49998 5.8441e-05
0.975 1.5 0.999994 3.99115e-05 0 2.21591 1.49999 5.98673e-05
1.025 1.50001 1 3.95882e-05 0 2.32955 1.50001 5.93825e-05
1.075 1.50001 1.00001 3.79922e-05 0 2.44318 1.50002 5.69888e-05
1.125 1.50002 1.00001 3.51686e-05 0 2.55682 1.50004 5.27535e-05
1.175 1.50002 1.00002 3.12165e-05 0 2.67045 1.50005 4.68255e-05
1.225 1.50003 1.00002 2.62773e-05 0 2.78409 1.50006 3.94166e-05
1.275 1.50003 1.00003 2.05277e-05 0 2.89773 1.50007 3.07922e-05
1.325 1.50003 1.00003 1.41779e-05 0 3.01136 1.50008 2.12673e-05
1.375 1.50003 1.00003 7.47346e-06 0 3.125 1.50008 1.12105e-05
1.425 1.50004 1.00003 6.96302e-07 0 3.23864 1.50008 1.04448e-06
1.475 1.50004 1.00003 -5.83668e-06 0 3.35227 1.50008 -8.75523e-06
1.525 1.50003 1.00003 -1.1863e-05 0 3.46591 1.50008 -1.77949e-05
1.575 1.50003 1.00003 -1.72443e-05 0 3.57955 1.50007 -2.5867e-05
1.625 1.50003 1.00002 -2.18259e-05 0 3.69318 1.50006 -3.27395e-05
1.675 1.50003 1.00002 -2.54728e-05 0 3.80682 1.50005 -3.82099e-05
1.725 1.50002 1.00001 -2.80941e-05 0 3.92045 1.50004 -4.21417e-05
1.775 1.50002 1.00001 -2.9645e-05 0 4.03409 1.50003 -4.4468e-05
1.825 1.50001 0.999999 -3.00836e-05 0 4.14773 1.50001 -4.51257e-05
1.875 1.50001 0.999992 -2.93879e-05 0 4.26136 1.5 -4.40821e-05
1.925 1.5 0.999985 -2.76104e-05 0 4.375 1.49998 -4.14157e-05
1.975 1.5 0.999979 -2.48281e-05 0 4.48864 1.49997 -3.72421e-05
2.025 1.5 0.999972 -2.11667e-05 0 4.60227 1.49995 -3.175e-05
2.075 1.49999 0.999966 -1.67993e-05 0 4.71591 1.49994 -2.51988e-05
2.125 1.49999 0.999961 -1.19295e-05 0 4.82955 1.49993 -1.78941e-05
2.175 1.49999 0.999957 -6.77083e-06 0 4.94318 1.49993 -1.01562e-05
2.225 1.49999 0.999954 -1.53098e-06 0 5.05682 1.49992 -2.29645e-06
2.275 1.49999 0.999953 3.62501e-06 0 5.17045 1.49992 5.43747e-06
2.325 1.49999 0.999953 8.44598e-06 0 5.28409 1.49992 1.26689e-05
2.375 1.49999 0.999954 1.27447e-05 0 5.39773 1.49992 1.91169e-05
2.425 1.49999 0.999956 1.65141e-05 0 5.51136 1.49993 2.47711e-05
2.475 1.5 0.99996 1.9694e-05 0 5.625 1.49994 2.95409e-05
2.525 1.5 0.999964 2.22103e-05 0 5.73864 1.49995 3.33155e-05
2.575 1.50001 0.99997 2.39862e-05 0 5.85227 1.49996 3.59795e-05
2.625 1.50001 0.999976 2.49518e-05 0 5.96591 1.49997 3.74279e-05
2.675 1.50001 0.999983 2.50926e-05 0 6.07955 1.49999 3.76392e-05
2.725 1.50002 0.99999 2.44402e-05 0 6.19318 1.5 3.66606e-05
2.775 1.50002 0.999997 2.30196e-05 0 6.30682 1.50001 3.45299e-05
2.825 1.50002 1 2.08835e-05 0 6.42045 1.50003 3.13258e-05
2.875 1.50003 1.00001 1.81169e-05 0 6.53409 1.50004 2.71758e-05
2.925 1.50003 1.00001 1.48223e-05 0 6.64773 1.50005 2.22339e-05
2.975 1.50003 1.00002 1.11139e-05 0 6.76136 1.50006 1.66712e-05
3.025 1.50003 1.00002 7.10825e-06 0 6.875 1.50006 1.06626e-05
3.075 1.50003 1.00002 2.90478e-06 0 6.98864 1.50007 4.35727e-06
3.125 1.50003 1.00002 -1.33105e-06 0 7.10227 1.50007 -1.99662e-06
3.175 1.50003 1.00002 -5.38875e-06 0 7.21591 1.50006 -8.0833e-06
3.225 1.50003 1.00002 -9.24486e-06 0 7.32955 1.50006 -1.38676e-05
3.275 1.50003 1.00001 -1.28064e-05 0 7.44318 1.50005 -1.92099e-05
3.325 1.50003 1.00001 -1.59552e-05 0 7.55682 1.50004 -2.39332e-05
3.375 1.50003 1 -1.85839e-05 0 7.67045 1.50003 -2.78764e-05
3.425 1.50002 0.999996 -2.06168e-05 0 7.78409 1.50002 -3.09257e-05
3.475 1.50002 0.99999 -2.20029e-05 0 7.89773 1.50001 -3.30048e-05
3.525 1.50002 0.999984 -2.27037e-05 0 8.01136 1.49999 -3.40559e-05
3.575 1.50001 0.999977 -2.27006e-05 0 8.125 1.49998 -3.40512e-05
3.625 1.50001 0.999972 -2.20191e-05 0 8.23864 1.49997 -3.30289e-05
3.675 1.50001 0.999967 -2.06678e-05 0 8.35227 1.49996 -3.10018e-05
3.725 1.5 0.999963 -1.86673e-05 0 8.46591 1.49995 -2.80011e-05
3.775 1.5 0.99996 -1.60488e-05 0 8.57955 1.49994 -2.40732e-05
3.825 1.5 0.999959 -1.28753e-05 0 8.69318 1.49994 -1.9313e-05
3.875 1.5 0.999958 -9.26067e-06 0 8.80682 1.49994 -1.3891e-05
3.925 1.5 0.999959 -5.4138e-06 0 8.92045 1.49994 -8.12069e-06
3.975 1.5 0.99996 -1.4543e-06 0 9.03409 1.49994 -2.18145e-06
4.025 1.5 0.999963 2.48065e-06 0 9.14773 1.49994 3.72098e-06
4.075 1.5 0.999967 6.20631e-06 0 9.26136 1.49995 9.30945e-06
4.125 1.5 0.999971 9.56149e-06 0 9.375 1.49996 1.43422e-05
4.175 1.5 0.999976 1.2392e-05 0 9.48864 1.49997 1.8588e-05
4.225 1.5 0.999981 1.45745e-05 0 9.60227 1.49998 2.18618e-05
4.275 1.50001 0.999986 1.60136e-05 0 9.71591 1.49999 2.40206e-05
4.325 1.50001 0.999991 1.66286e-05 0 9.82955 1.5 2.49431e-05
4.375 1.50001 0.999996 1.63915e-05 0 9.94318 1.50001 2.45874e-05
4.425 1.50002 1 1.52935e-05 0 10.0568 1.50002 2.29405e-05
4.475 1.50002 1 1.33381e-05 0 10.1705 1.50002 2.00075e-05
4.525 1.50002 1.00001 1.05624e-05 0 10.2841 1.50003 1.58438e-05
4.575 1.50002 1.00001 7.04254e-06 0 10.3977 1.50003 1.0564e-05
4.625 1.50003 1.00001 2.88836e-06 0 10.5114 1.50004 4.33261e-06
4.675 1.50003 1.00001 -1.72329e-06 0 10.625 1.50004 -2.58498e-06
4.725 1.50003 1.00001 -6.61622e-06 0 10.7386 1.50004 -9.9245e-06
4.775 1.50003 1.00001 -1.16589e-05 0 10.8523 1.50003 -1.74886e-05
4.825 1.50003 1 -1.66581e-05 0 10.9659 1.50003 -2.49875e-05
4.875 1.50002 1 -2.14448e-05 0 11.0795 1.50002 -3.21677e-05
4.925 1.50002 0.999997 -2.58423e-05 0 11.1932 1.50002 -3.8764e-05
4.975 1.50002 0.999993 -2.96801e-05 0 11.3068 1.50001 -4.45206e-05
5.025 1.50001 0.999989 -3.28202e-05 0 11.4205 1.5 -4.92307e-05
5.075 1.50001 0.999986 -3.51585e-05 0 11.5341 1.49999 -5.27381e-05
5.125 1.50001 0.999982 -3.662e-05 0 11.6477 1.49998 -5.49303e-05
5.175 1.5 0.999979 -3.71577e-05 0 11.7614 1.49997 -5.57367e-05
5.225 1.5 0.999976 -3.67909e-05 0 11.875 1.49996 -5.51864e-05
5.275 1.5 0.999973 -3.56069e-05 0 11.9886 1.49996 -5.34102e-05
5.325 1.49999 0.999972 -3.37277e-05 0 12.1023 1.49995 -5.05913e-05
5.375 1.49999 0.999971 -3.13191e-05 0 12.2159 1.49995 -4.69783e-05
5.425 1.49999 0.99997 -2.85762e-05 0 12.3295 1.49994 -4.28639e-05
5.475 1.49999 0.99997 -2.57243e-05 0 12.4432 1.49994 -3.85861e-05
5.525 1.49999 0.999971 -2.29504e-05 0 12.5568 1.49994 -3.44253e-05
5.575 1.49999 0.999972 -2.04138e-05 0 12.6705 1.49994 -3.06205e-05
5.625 1.49999 0.999974 -1.83118e-05 0 12.7841 1.49995 -2.74674e-05
5.675 1.49999 0.999976 -1.6832e-05 0 12.8977 1.49995 -2.52478e-05
5.725 1.49999 0.999979 -1.60975e-05 0 13.0114 1.49996 -2.4146e-05
5.775 1.49999 0.999981 -1.62021e-05 0 13.125 1.49996 -2.4303e-05
5.825 1.49999 0.999984 -1.72213e-05 0 13.2386 1.49997 -2.58318e-05
5.875 1.49999 0.999987 -1.92412e-05 0 13.3523 1.49997 -2.88617e-05
5.925 1.5 0.999989 -2.23069e-05 0 13.4659 1.49998 -3.34602e-05
5.975 1.5 0.999992 -2.64077e-05 0 13.5795 1.49998 -3.96115e-05
6.025 1.5 0.999994 -3.14758e-05 0 13.6932 1.49999 -4.72137e-05
6.075 1.5 0.999996 -3.73948e-05 0 13.8068 1.49999 -5.60921e-05
6.125 1.5 0.999997 -4.40059e-05 0 13.9205 1.5 -6.60089e-05
6.175 1.5 0.999998 -5.11013e-05 0 14.0341 1.5 -7.66519e-05
6.225 1.5 0.999999 -5.844e-05 0 14.1477 1.5 -8.76599e-05
6.275 1.5 0.999999 -6.57953e-05 0 14.2614 1.5 -9.86927e-05
6.325 1.5 0.999998 -7.29376e-05 0 14.375 1.49999 -0.000109406
6.375 1.49999 0.999997 -7.97068e-05 0 14.4886 1.49999 -0.00011956
6.425 1.49999 0.999996 -8.594e-05 0 14.6023 1.49999 -0.000128909
6.475 1.49999 0.999994 -9.15102e-05 0 14.7159 1.49998 -0.000137264
6.525 1.49999 0.999992 -9.63103e-05 0 14.8295 1.49998 -0.000144464
6.575 1.49998 0.99999 -0.00010023 0 14.9432 1.49997 -0.000150343
6.625 1.49998 0.999988 -0.000103202 0 15.0568 1.49996 -0.000154801
6.675 1.49998 0.999985 -0.000105197 0 15.1705 1.49996 -0.000157794
6.725 1.49998 0.999983 -0.000106229 0 15.2841 1.49996 -0.000159342
6.775 1.49998 0.999981 -0.00010637 0 15.3977 1.49995 -0.000159554
6.825 1.49998 0.999979 -0.000105747 0 15.5114 1.49995 -0.000158619
6.875 1.49999 0.999977 -0.000104452 0 15.625 1.49995 -0.000156676
6.925 1.49999 0.999976 -0.000102548 0 15.7386 1.49995 -0.000153821
6.975 1.49999 0.999975 -0.000100114 0 15.8523 1.49996 -0.00015017
7.025 1.5 0.999974 -9.72456e-05 0 15.9659 1.49996 -0.000145868
7.075 1.50001 0.999974 -9.40347e-05 0 16.0795 1.49997 -0.000141053
7.125 1.50002 0.999975 -9.05364e-05 0 16.1932 1.49998 -0.000135806
7.175 1.50003 0.999976 -8.67315e-05 0 16.3068 1.5 -0.0001301
7.225 1.50005 0.999977 -8.25805e-05 0 16.4205 1.50001 -0.000123875
7.275 1.50006 0.999979 -7.7995e-05 0 16.5341 1.50003 -0.000116997
7.325 1.50008 0.999981 -7.28253e-05 0 16.6477 1.50005 -0.000109244
7.375 1.5001 0.999984 -6.68563e-05 0 16.7614 1.50007 -0.000100291
7.425 1.50012 0.999986 -5.98047e-05 0 16.875 1.5001 -8.9714e-05
7.475 1.50014 0.999988 -5.1318e-05 0 16.9886 1.50012 -7.69842e-05
7.525 1.50017 0.99999 -4.09602e-05 0 17.1023 1.50015 -6.14471e-05
7.575 1.50019 0.999992 -2.84164e-05 0 17.2159 1.50018 -4.263e-05
7.625 1.50021 0.999994 -1.38739e-05 0 17.3295 1.5002 -2.08138e-05
7.675 1.50023 0.999995 2.40226e-06 0 17.4432 1.50022 3.60393e-06
7.725 1.50024 0.999996 2.00871e-05 0 17.5568 1.50023 3.01354e-05
7.775 1.50024 0.999996 3.88623e-05 0 17.6705 1.50024 5.83029e-05
7.825 1.50024 0.999996 5.85235e-05 0 17.7841 1.50024 8.77996e-05
7.875 1.50024 0.999995 7.89499e-05 0 17.8977 1.50024 0.000118444
7.925 1.50024 0.999994 0.000100145 0 18.0114 1.50024 0.000150241
7.975 1.50024 0.999993 0.000122033 0 18.125 1.50023 0.000183078
8.025 1.50024 0.999991 0.000144412 0 18.2386 1.50022 0.000216652
8.075 1.50023 0.999988 0.000167005 0 18.3523 1.50021 0.000250545
8.125 1.50022 0.999986 0.000189455 0 18.4659 1.50019 0.000284224
8.175 1.5002 0.999983 0.00021132 0 18.5795 1.50018 0.000317022
8.225 1.50018 0.999981 0.00023206 0 18.6932 1.50015 0.000348132
8.275 1.50016 0.999979 0.000251039 0 18.8068 1.50012 0.000376598
8.325 1.50013 0.999977 0.000267563 0 18.9205 1.50009 0.000401379
8.375 1.50009 0.999975 0.000280943 0 19.0341 1.50005 0.00042144
8.425 1.50006 0.999974 0.000290524 0 19.1477 1.50002 0.000435802
8.475 1.50002 0.999974 0.000296225 0 19.2614 1.49998 0.000444344
8.525 1.49999 0.999973 0.000298295 0 19.375 1.49995 0.000447439
8.575 1.49996 0.999974 0.000296841 0 19.4886 1.49992 0.00044525
8.625 1.49993 0.999974 0.000291879 0 19.6023 1.4999 0.0004378
8.675 1.49991 0.999975 0.000283374 0 19.7159 1.49987 0.000425035
8.725 1.49988 0.999976 0.000271319 0 19.8295 1.49984 0.000406945
8.775 1.49985 0.999977 0.000255682 0 19.9432 1.49982 0.000383485
8.825 1.49982 0.999978 0.00023634 0 20.0568 1.49979 0.000354468
8.875 1.49979 0.99998 0.00021333 0 20.1705 1.49976 0.00031995
8.925 1.49977 0.999981 0.000187222 0 20.2841 1.49974 0.000280789
8.975 1.49975 0.999983 0.000158744 0 20.3977 1.49972 0.000238077
9.025 1.49974 0.999984 0.000128666 0 20.5114 1.49971 0.000192966
9.075 1.49973 0.999986 9.7727e-05 0 20.625 1.49971 0.000146564
9.125 1.49973 0.999986 6.65824e-05 0 20.7386 1.49971 9.98555e-05
9.175 1.49973 0.999987 3.57561e-05 0 20.8523 1.49971 5.36245e-05
9.225 1.49973 0.999986 5.53148e-06 0 20.9659 1.49971 8.29572e-06
9.275 1.49973 0.999986 -2.37718e-05 0 21.0795 1.49971 -3.56514e-05
9.325 1.49974 0.999985 -5.17532e-05 0 21.1932 1.49972 -7.76165e-05
9.375 1.49976 0.999983 -7.78731e-05 0 21.3068 1.49973 -0.000116791
9.425 1.49978 0.999981 -0.000101473 0 21.4205 1.49975 -0.000152187
9.475 1.4998 0.999978 -0.000121817 0 21.5341 1.49977 -0.000182702
9.525 1.49984 0.999976 -0.000138149 0 21.6477 1.4998 -0.000207202
9.575 1.49988 0.999973 -0.000149759 0 21.7614 1.49984 -0.00022462
9.625 1.49993 0.999969 -0.000156135 0 21.875 1.49988 -0.00023419
9.675 1.49996 0.999966 -0.000158297 0 21.9886 1.49991 -0.000237439
9.725 1.49999 0.999964 -0.000157265 0 22.1023 1.49993 -0.000235896
9.775 1.50001 0.999961 -0.000153942 0 22.2159 1.49995 -0.000230913
9.825 1.50002 0.999958 -0.000149055 0 22.3295 1.49996 -0.000223585
9.875 1.50003 0.999956 -0.000143222 0 22.4432 1.49996 -0.000214837
9.925 1.50003 0.999954 -0.000136969 0 22.5568 1.49997 -0.000205459
9.975 1.50004 0.999952 -0.000130751 0 22.6705 1.49996 -0.000196131
10.025 1.50004 0.999951 -0.000124926 0 22.7841 1.49996 -0.000187393
10.075 1.50004 0.999949 -0.000119626 0 22.8977 1.49996 -0.000179444
10.125 1.50003 0.999948 -0.00011506 0 23.0114 1.49995 -0.000172593
10.175 1.50002 0.999947 -0.000111573 0 23.125 1.49994 -0.000167363
10.225 1.50001 0.999945 -0.000109607 0 23.2386 1.49993 -0.000164411
10.275 1.49999 0.999944 -0.000109605 0 23.3523 1.49991 -0.000164407
10.325 1.49997 0.999942 -0.000111494 0 23.4659 1.49989 -0.000167238
10.375 1.49996 0.99994 -0.000114583 0 23.5795 1.49987 -0.000171871
10.425 1.49996 0.999938 -0.000118253 0 23.6932 1.49986 -0.000177375
10.475 1.49995 0.999935 -0.000122034 0 23.8068 1.49985 -0.000183045
10.525 1.49995 0.999931 -0.000125581 0 23.9205 1.49984 -0.000188366
10.575 1.49994 0.999927 -0.000128657 0 24.0341 1.49984 -0.000192978
10.625 1.49994 0.999923 -0.000131096 0 24.1477 1.49983 -0.000196637
10.675 1.49994 0.999917 -0.000132783 0 24.2614 1.49981 -0.000199166
10.725 1.49993 0.999912 -0.000133665 0 24.375 1.4998 -0.000200488
10.775 1.49993 0.999905 -0.000133769 0 24.4886 1.49979 -0.000200644
10.825 1.49992 0.999898 -0.000133208 0 24.6023 1.49977 -0.000199802
10.875 1.49991 0.99989 -0.000132178 0 24.7159 1.49975 -0.000198256
10.925 1.4999 0.999882 -0.000130967 0 24.8295 1.49972 -0.000196437
10.975 1.49988 0.999874 -0.000129932 0 24.9432 1.49969 -0.000194883
11.025 1.49987 0.999864 -0.00012947 0 25.0568 1.49966 -0.000194187
11.075 1.49984 0.999855 -0.000129962 0 25.1705 1.49963 -0.000194923
11.125 1.49982 0.999844 -0.000131758 0 25.2841 1.49959 -0.000197613
11.175 1.4998 0.999834 -0.000135082 0 25.3977 1.49955 -0.000202595
11.225 1.49978 0.999822 -0.000139763 0 25.5114 1.49951 -0.000209613
11.275 1.49976 0.99981 -0.000145663 0 25.625 1.49947 -0.00021846
11.325 1.49974 0.999798 -0.000152699 0 25.7386 1.49944 -0.000229008
11.375 1.49972 0.999784 -0.00016082 0 25.8523 1.4994 -0.000241185
11.425 1.4997 0.99977 -0.00016998 0 25.9659 1.49936 -0.000254919
11.475 1.49969 0.999755 -0.000180122 0 26.0795 1.49932 -0.000270126
11.525 1.49966 0.999738 -0.000191219 0 26.1932 1.49927 -0.000286765
11.575 1.49964 0.999721 -0.000203305 0 26.3068 1.49922 -0.000304885
11.625 1.49962 0.999702 -0.000216478 0 26.4205 1.49917 -0.000324634
11.675 1.49958 0.999682 -0.000230882 0 26.5341 1.49911 -0.000346228
11.725 1.49955 0.99966 -0.000246673 0 26.6477 1.49904 -0.000369898
11.775 1.49951 0.999636 -0.000263978 0 26.7614 1.49896 -0.000395837
11.825 1.49947 0.99961 -0.000282867 0 26.875 1.49888 -0.00042415
11.875 1.49942 0.999583 -0.000303342 0 26.9886 1.4988 -0.000454838
11.925 1.49938 0.999553 -0.00032534 0 27.1023 1.49871 -0.000487807
11.975 1.49933 0.999521 -0.000348767 0 27.2159 1.49861 -0.000522915
12.025 1.49927 0.999487 -0.000373529 0 27.3295 1.4985 -0.000560021
12.075 1.49922 0.99945 -0.000399574 0 27.4432 1.49839 -0.000599049
12.125 1.49916 0.999411 -0.000426925 0 27.5568 1.49827 -0.000640028
12.175 1.49909 0.999368 -0.00045569 0 27.6705 1.49815 -0.000683122
12.225 1.49903 0.999323 -0.000486061 0 27.7841 1.49801 -0.000728619
12.275 1.49895 0.999274 -0.000518302 0 27.8977 1.49786 -0.00077691
12.325 1.49887 0.999222 -0.000552718 0 28.0114 1.49771 -0.000828454
12.375 1.49879 0.999166 -0.000589636 0 28.125 1.49754 -0.00088374
12.425 1.4987 0.999106 -0.000629388 0 28.2386 1.49736 -0.000943262
12.475 1.4986 0.999041 -0.000672296 0 28.3523 1.49716 -0.0010075
12.525 1.49849 0.998973 -0.000718671 0 28.4659 1.49695 -0.00107692
12.575 1.49838 0.998899 -0.000768821 0 28.5795 1.49673 -0.00115199
12.625 1.49826 0.998819 -0.000823054 0 28.6932 1.4965 -0.00123315
12.675 1.49814 0.998734 -0.000881691 0 28.8068 1.49624 -0.00132089
12.725 1.498 0.998643 -0.000945066 0 28.9205 1.49597 -0.00141571
12.775 1.49785 0.998544 -0.00101353 0 29.0341 1.49567 -0.00151812
12.825 1.4977 0.998439 -0.00108744 0 29.1477 1.49536 -0.00162866
12.875 1.49753 0.998325 -0.00116718 0 29.2614 1.49502 -0.00174788
12.925 1.49735 0.998203 -0.00125311 0 29.375 1.49466 -0.00187635
12.975 1.49715 0.998072 -0.00134564 0 29.4886 1.49427 -0.00201463
13.025 1.49694 0.997931 -0.00144514 0 29.6023 1.49385 -0.0021633
13.075 1.49672 0.99778 -0.00155203 0 29.7159 1.4934 -0.00232296
13.125 1.49648 0.997618 -0.00166673 0 29.8295 1.49291 -0.00249423
13.175 1.49622 0.997444 -0.00178971 0 29.9432 1.4924 -0.0026778
13.225 1.49594 0.997257 -0.00192145 0 30.0568 1.49184 -0.00287438
13.275 1.49564 0.997056 -0.00206251 0 30.1705 1.49124 -0.00308478
13.325 1.49532 0.996841 -0.00221348 0 30.2841 1.4906 -0.00330987
13.375 1.49498 0.99661 -0.00237504 0 30.3977 1.48991 -0.00355063
13.425 1.49461 0.996363 -0.00254791 0 30.5114 1.48918 -0.00380814
13.475 1.49422 0.996098 -0.0027329 0 30.625 1.48839 -0.00408355
13.525 1.49379 0.995814 -0.00293089 0 30.7386 1.48754 -0.00437815
13.575 1.49334 0.995509 -0.00314285 0 30.8523 1.48663 -0.00469335
13.625 1.49285 0.995182 -0.00336982 0 30.9659 1.48566 -0.00503065
13.675 1.49233 0.994832 -0.00361292 0 31.0795 1.48462 -0.00539167
13.725 1.49177 0.994456 -0.00387334 0 31.1932 1.4835 -0.00577814
13.775 1.49117 0.994054 -0.00415238 0 31.3068 1.48231 -0.00619192
13.825 1.49053 0.993621 -0.00445142 0 31.4205 1.48102 -0.00663497
13.875 1.48984 0.993158 -0.00477191 0 31.5341 1.47965 -0.00710939
13.925 1.48911 0.99266 -0.00511539 0 31.6477 1.47818 -0.00761736
13.975 1.48832 0.992126 -0.0054835 0 31.7614 1.4766 -0.00816118
14.025 1.48747 0.991553 -0.00587795 0 31.875 1.4749 -0.00874327
14.075 1.48656 0.990938 -0.00630056 0 31.9886 1.47309 -0.00936617
14.125 1.48559 0.990279 -0.00675326 0 32.1023 1.47115 -0.0100326
14.175 1.48455 0.989571 -0.00723805 0 32.2159 1.46907 -0.0107453
14.225 1.48344 0.988811 -0.00775708 0 32.3295 1.46684 -0.0115071
14.275 1.48224 0.987996 -0.00831257 0 32.4432 1.46445 -0.0123212
14.325 1.48096 0.987121 -0.00890687 0 32.5568 1.46189 -0.0131908
14.375 1.4796 0.986183 -0.0095425 0 32.6705 1.45915 -0.014119
14.425 1.47813 0.985177 -0.0102221 0 32.7841 1.45622 -0.0151096
14.475 1.47657 0.984099 -0.0109484 0 32.8977 1.45309 -0.016166
14.525 1.47489 0.982943 -0.0117243 0 33.0114 1.44973 -0.017292
14.575 1.4731 0.981703 -0.0125529 0 33.125 1.44615 -0.0184916
14.625 1.47118 0.980375 -0.0134373 0 33.2386 1.44231 -0.0197688
14.675 1.46913 0.978952 -0.0143811 0 33.3523 1.43821 -0.0211278
14.725 1.46694 0.977427 -0.0153878 0 33.4659 1.43383 -0.022573
14.775 1.46461 0.975793 -0.0164609 0 33.5795 1.42915 -0.0241088
14.825 1.46211 0.974044 -0.0176044 0 33.6932 1.42416 -0.0257396
14.875 1.45944 0.97217 -0.0188222 0 33.8068 1.41883 -0.02747
14.925 1.4566 0.970164 -0.0201184 0 33.9205 1.41314 -0.0293045
14.975 1.45357 0.968015 -0.0214972 0 34.0341 1.40708 -0.0312476
15.025 1.45033 0.965716 -0.0229629 0 34.1477 1.40061 -0.0333039
15.075 1.44689 0.963254 -0.0245198 0 34.2614 1.39372 -0.0354774
15.125 1.44322 0.960621 -0.0261721 0 34.375 1.38639 -0.0377721
15.175 1.43931 0.957803 -0.0279243 0 34.4886 1.37858 -0.0401918
15.225 1.43516 0.954788 -0.0297805 0 34.6023 1.37027 -0.0427398
15.275 1.43074 0.951565 -0.0317451 0 34.7159 1.36145 -0.0454191
15.325 1.42605 0.948119 -0.0338219 0 34.8295 1.35207 -0.0482318
15.375 1.42107 0.944436 -0.0360145 0 34.9432 1.34211 -0.0511791
15.425 1.41579 0.940502 -0.0383261 0 35.0568 1.33155 -0.0542617
15.475 1.41019 0.936299 -0.0407599 0 35.1705 1.32036 -0.0574793
15.525 1.40426 0.931813 -0.0433182 0 35.2841 1.30851 -0.0608302
15.575 1.39799 0.927027 -0.0460027 0 35.3977 1.29598 -0.0643115
15.625 1.39137 0.921923 -0.048814 0 35.5114 1.28273 -0.0679183
15.675 1.38438 0.916482 -0.0517518 0 35.625 1.26876 -0.071644
15.725 1.377 0.910688 -0.0548148 0 35.7386 1.25402 -0.0754802
15.775 1.36924 0.904519 -0.0580003 0 35.8523 1.23851 -0.0794165
15.825 1.36108 0.897958 -0.061304 0 35.9659 1.2222 -0.0834398
15.875 1.35252 0.890985 -0.0647195 0 36.0795 1.20507 -0.0875341
15.925 1.34354 0.883582 -0.0682379 0 36.1932 1.18712 -0.09168
15.975 1.33414 0.875729 -0.0718482 0 36.3068 1.16834 -0.0958554
16.025 1.32432 0.867407 -0.0755367 0 36.4205 1.14873 -0.100035
16.075 1.31409 0.8586 -0.079287 0 36.5341 1.12828 -0.10419
16.125 1.30344 0.849291 -0.0830786 0 36.6477 1.107 -0.108288
16.175 1.29239 0.839466 -0.0868869 0 36.7614 1.08492 -0.112292
16.225 1.28094 0.829112 -0.090683 0 36.875 1.06204 -0.116159
16.275 1.26911 0.818216 -0.094434 0 36.9886 1.03841 -0.119847
16.325 1.25691 0.806774 -0.0981027 0 37.1023 1.01405 -0.123307
16.375 1.24438 0.794784 -0.101647 0 37.2159 0.989016 -0.126488
16.425 1.23155 0.782249 -0.105019 0 37.3295 0.963377 -0.129336
16.475 1.21844 0.769181 -0.108164 0 37.4432 0.937202 -0.131792
16.525 1.20511 0.755595 -0.111025 0 37.5568 0.910574 -0.133797
16.575 1.1916 0.741517 -0.113536 0 37.6705 0.883588 -0.13529
16.625 1.17796 0.726982 -0.115634 0 37.7841 0.856354 -0.136212
16.675 1.16427 0.712036 -0.117247 0 37.8977 0.829 -0.136507
16.725 1.15061 0.696739 -0.118298 0 38.0114 0.801673 -0.136115
16.775 1.13704 0.681171 -0.118709 0 38.125 0.774519 -0.134976
16.825 1.12365 0.665439 -0.118405 0 38.2386 0.747719 -0.133045
16.875 1.11051 0.649638 -0.117318 0 38.3523 0.721428 -0.130283
16.925 1.0977 0.633861 -0.115377 0 38.4659 0.695787 -0.126649
16.975 1.0853 0.618236 -0.112514 0 38.5795 0.670972 -0.122112
17.025 1.07341 0.602902 -0.10868 0 38.6932 0.647161 -0.116658
17.075 1.06211 0.588012 -0.103836 0 38.8068 0.624536 -0.110285
17.125 1.0515 0.573729 -0.0979624 0 38.9205 0.603278 -0.103008
17.175 1.04167 0.560223 -0.0910601 0 39.0341 0.583566 -0.0948542
17.225 1.03269 0.547669 -0.0831474 0 39.1477 0.565571 -0.0858653
17.275 1.02465 0.536238 -0.0742648 0 39.2614 0.549455 -0.0760953
17.325 1.01762 0.526092 -0.0644776 0 39.375 0.535364 -0.065614
17.375 1.01168 0.517387 -0.0538773 0 39.4886 0.523429 -0.0545064
17.425 1.00687 0.510261 -0.042578 0 39.6023 0.513766 -0.0428705
17.475 1.00325 0.504832 -0.0307135 0 39.7159 0.506471 -0.0308132
17.525 1.00084 0.501193 -0.0184357 0 39.8295 0.501612 -0.0184511
17.575 0.999721 0.499408 -0.00589766 0 39.9432 0.499268 -0.00589601
17.625 0.99958 0.499505 0.00668334 0 40.0568 0.499295 0.00668053
17.675 1.00046 0.501477 0.0190353 0 40.1705 0.501708 0.0190441
17.725 1.00299 0.505278 0.0310879 0 40.2841 0.506786 0.0311807
17.775 1.00686 0.510842 0.0427315 0 40.3977 0.514344 0.0430245
17.825 1.01184 0.518076 0.0538216 0 40.5114 0.52421 0.0544589
17.875 1.01791 0.526863 0.0642211 0 40.625 0.536299 0.0653713
17.925 1.02505 0.537064 0.073821 0 40.7386 0.550519 0.0756703
17.975 1.0332 0.548528 0.0825377 0 40.8523 0.56674 0.0852781
18.025 1.04228 0.561091 0.0903097 0 40.9659 0.584812 0.0941278
18.075 1.0522 0.574582 0.0970982 0 41.0795 0.604573 0.102166
18.125 1.06288 0.58883 0.102886 0 41.1932 0.625854 0.109355
18.175 1.07423 0.603672 0.107677 0 41.3068 0.648482 0.115669
18.225 1.08617 0.618948 0.111489 0 41.4205 0.672281 0.121096
18.275 1.0986 0.634511 0.114361 0 41.5341 0.697073 0.125637
18.325 1.11144 0.650223 0.116344 0 41.6477 0.722683 0.129309
18.375 1.12461 0.665956 0.117493 0 41.7614 0.748944 0.132134
18.425 1.138 0.681592 0.117868 0 41.875 0.775655 0.134135
18.475 1.15151 0.697013 0.117539 0 41.9886 0.802617 0.135348
18.525 1.16506 0.712151 0.116582 0 42.1023 0.829701 0.135826
18.575 1.17861 0.726956 0.115067 0 42.2159 0.856797 0.13562
18.625 1.19209 0.74137 0.113065 0 42.3295 0.883782 0.134784
18.675 1.20546 0.755349 0.110644 0 42.4432 0.910544 0.133377
18.725 1.21866 0.768855 0.10787 0 42.5568 0.936976 0.131458
18.775 1.23165 0.78186 0.104806 0 42.6705 0.962981 0.129085
18.825 1.24439 0.794346 0.10151 0 42.7841 0.988475 0.126318
18.875 1.25683 0.806302 0.0980352 0 42.8977 1.01339 0.123214
18.925 1.26895 0.817723 0.0944284 0 43.0114 1.03765 0.119825
18.975 1.28072 0.828609 0.0907327 0 43.125 1.06122 0.116203
19.025 1.29213 0.838965 0.0869861 0 43.2386 1.08405 0.112397
19.075 1.30314 0.848798 0.0832221 0 43.3523 1.1061 0.10845
19.125 1.31376 0.858118 0.0794692 0 43.4659 1.12736 0.104403
19.175 1.32397 0.866939 0.075752 0 43.5795 1.1478 0.100293
19.225 1.33377 0.875276 0.0720912 0 43.6932 1.16741 0.0961529
19.275 1.34315 0.883146 0.0685043 0 43.8068 1.1862 0.0920115
19.325 1.35212 0.890567 0.0650056 0 43.9205 1.20415 0.0878953
19.375 1.36068 0.897559 0.0616063 0 44.0341 1.22129 0.0838265
19.425 1.36884 0.904139 0.0583153 0 44.1477 1.23762 0.0798242
19.475 1.3766 0.910328 0.0551391 0 44.2614 1.25316 0.0759046
19.525 1.38398 0.916144 0.0520827 0 44.375 1.26792 0.0720813
19.575 1.39098 0.921605 0.0491491 0 44.4886 1.28193 0.0683653
19.625 1.39761 0.926731 0.0463401 0 44.6023 1.29521 0.0647655
19.675 1.40389 0.931539 0.043656 0 44.7159 1.30778 0.0612883
19.725 1.40984 0.936047 0.0410962 0 44.8295 1.31967 0.0579388
19.775 1.41545 0.940271 0.0386593 0 44.9432 1.3309 0.0547203
19.825 1.42075 0.944227 0.0363433 0 45.0568 1.34151 0.0516347
19.875 1.42575 0.947931 0.0341454 0 45.1705 1.35151 0.0486827
19.925 1.43046 0.951399 0.0320624 0 45.2841 1.36093 0.0458639
19.975 1.43489 0.954643 0.0300908 0 45.3977 1.36981 0.0431771
