-19.975 1.48746 0.991538 -0.00590062 0 -33.8559 1.47487 -0.00877692
-19.925 1.48655 0.990921 -0.00632192 0 -33.7712 1.47305 -0.00939783
-19.875 1.48557 0.990259 -0.00677262 0 -33.6864 1.4711 -0.0100612
-19.825 1.48453 0.98955 -0.00725487 0 -33.6017 1.46902 -0.0107701
-19.775 1.48341 0.98879 -0.00777091 0 -33.5169 1.46678 -0.0115275
-19.725 1.48222 0.987975 -0.00832313 0 -33.4322 1.46439 -0.0123367
-19.675 1.48094 0.987102 -0.00891406 0 -33.3475 1.46184 -0.0132012
-19.625 1.47957 0.986166 -0.00954639 0 -33.2627 1.4591 -0.0141245
-19.575 1.47811 0.985163 -0.0102229 0 -33.178 1.45617 -0.0151105
-19.525 1.47654 0.984087 -0.0109465 0 -33.0932 1.45304 -0.016163
-19.475 1.47486 0.982935 -0.0117203 0 -33.0085 1.4497 -0.0172859
-19.425 1.47307 0.981699 -0.0125475 0 -32.9237 1.44611 -0.0184833
-19.375 1.47116 0.980375 -0.0134312 0 -32.839 1.44229 -0.0197595
-19.325 1.46911 0.978955 -0.0143751 0 -32.7542 1.43819 -0.0211186
-19.275 1.46692 0.977433 -0.0153826 0 -32.6695 1.43382 -0.022565
-19.225 1.46458 0.975802 -0.0164573 0 -32.5847 1.42914 -0.0241032
-19.175 1.46209 0.974054 -0.0176032 0 -32.5 1.42415 -0.0257374
-19.125 1.45942 0.972181 -0.0188239 0 -32.4153 1.41882 -0.027472
-19.075 1.45658 0.970174 -0.0201235 0 -32.3305 1.41313 -0.0293115
-19.025 1.45354 0.968024 -0.0215062 0 -32.2458 1.40707 -0.0312602
-18.975 1.45031 0.965721 -0.0229761 0 -32.161 1.40059 -0.0333224
-18.925 1.44686 0.963256 -0.0245373 0 -32.0763 1.3937 -0.0355021
-18.875 1.44319 0.960616 -0.0261941 0 -31.9915 1.38635 -0.037803
-18.825 1.43928 0.957792 -0.0279506 0 -31.9068 1.37853 -0.0402287
-18.775 1.43512 0.95477 -0.0298111 0 -31.822 1.37021 -0.0427825
-18.725 1.4307 0.951539 -0.0317797 0 -31.7373 1.36137 -0.0454672
-18.675 1.426 0.948084 -0.0338603 0 -31.6525 1.35197 -0.0482849
-18.625 1.42102 0.944392 -0.0360564 0 -31.5678 1.342 -0.0512367
-18.575 1.41573 0.940449 -0.0383713 0 -31.4831 1.33142 -0.0543234
-18.525 1.41012 0.936237 -0.0408081 0 -31.3983 1.32021 -0.0575445
-18.475 1.40419 0.931743 -0.0433692 0 -31.3136 1.30834 -0.0608986
-18.425 1.39791 0.926948 -0.0460563 0 -31.2288 1.29579 -0.0643828
-18.375 1.39128 0.921836 -0.0488703 0 -31.1441 1.28253 -0.0679923
-18.325 1.38428 0.916389 -0.0518108 0 -31.0593 1.26854 -0.0717207
-18.275 1.3769 0.910587 -0.0548766 0 -30.9746 1.25379 -0.0755596
-18.225 1.36913 0.904413 -0.0580651 0 -30.8898 1.23826 -0.0794988
-18.175 1.36096 0.897846 -0.0613721 0 -30.8051 1.22193 -0.0835252
-18.125 1.35239 0.890868 -0.0647912 0 -30.7203 1.2048 -0.0876228
-18.075 1.3434 0.88346 -0.0683137 0 -30.6356 1.18684 -0.0917724
-18.025 1.33399 0.875602 -0.0719283 0 -30.5508 1.16805 -0.0959517
-17.975 1.32417 0.867275 -0.0756215 0 -30.4661 1.14842 -0.100135
-17.925 1.31392 0.858462 -0.0793768 0 -30.3814 1.12795 -0.104295
-17.875 1.30326 0.849147 -0.0831738 0 -30.2966 1.10666 -0.108397
-17.825 1.2922 0.839316 -0.0869877 0 -30.2119 1.08456 -0.112405
-17.775 1.28074 0.828953 -0.0907896 0 -30.1271 1.06167 -0.116278
-17.725 1.26889 0.818049 -0.0945463 0 -30.0424 1.03802 -0.119969
-17.675 1.25669 0.806596 -0.0982205 0 -29.9576 1.01364 -0.123433
-17.625 1.24415 0.794593 -0.10177 0 -29.8729 0.988589 -0.126617
-17.575 1.2313 0.782045 -0.105146 0 -29.7881 0.962928 -0.129466
-17.525 1.21818 0.768961 -0.108296 0 -29.7034 0.93673 -0.131923
-17.475 1.20483 0.755359 -0.111159 0 -29.6186 0.910079 -0.133927
-17.425 1.1913 0.741263 -0.113672 0 -29.5339 0.883069 -0.135418
-17.375 1.17765 0.726709 -0.115769 0 -29.4492 0.855811 -0.136336
-17.325 1.16395 0.711743 -0.11738 0 -29.3644 0.828434 -0.136624
-17.275 1.15028 0.696426 -0.118427 0 -29.2797 0.801084 -0.136224
-17.225 1.1367 0.680838 -0.118831 0 -29.1949 0.77391 -0.135076
-17.175 1.1233 0.665087 -0.118519 0 -29.1102 0.747093 -0.133132
-17.125 1.11015 0.649268 -0.117421 0 -29.0254 0.720786 -0.130355
-17.075 1.09733 0.633473 -0.115465 0 -28.9407 0.695132 -0.126704
-17.025 1.08494 0.617832 -0.112587 0 -28.8559 0.670308 -0.122149
-16.975 1.07304 0.602485 -0.108733 0 -28.7712 0.646492 -0.116675
-16.925 1.06175 0.587585 -0.103868 0 -28.6864 0.623866 -0.110281
-16.875 1.05114 0.573295 -0.0979719 0 -28.6017 0.602611 -0.102982
-16.825 1.0413 0.559786 -0.0910451 0 -28.5169 0.582907 -0.0948056
-16.775 1.03233 0.547232 -0.083107 0 -28.4322 0.564925 -0.085794
-16.725 1.0243 0.535804 -0.0741985 0 -28.3475 0.548825 -0.0760016
-16.675 1.01729 0.525668 -0.0643854 0 -28.2627 0.534755 -0.0654984
-16.625 1.01135 0.516976 -0.0537598 0 -28.178 0.522845 -0.0543701
-16.575 1.00656 0.509867 -0.0424365 0 -28.0932 0.513212 -0.0427149
-16.525 1.00295 0.504459 -0.0305498 0 -28.0085 0.505948 -0.03064
-16.475 1.00056 0.500844 -0.0182523 0 -27.9237 0.501125 -0.0182626
-16.425 0.999465 0.499087 -0.005698 0 -27.839 0.49882 -0.00569496
-16.375 0.999334 0.499214 0.00689517 0 -27.7542 0.498882 0.00689058
-16.325 1.00024 0.501217 0.0192559 0 -27.6695 0.501339 0.0192605
-16.275 1.00279 0.505051 0.0313149 0 -27.5847 0.506462 0.0314023
-16.225 1.00669 0.510649 0.042962 0 -27.5 0.514063 0.0432492
-16.175 1.01169 0.517916 0.0540523 0 -27.4153 0.523972 0.0546842
-16.125 1.01778 0.526736 0.064449 0 -27.3305 0.536103 0.0655952
-16.075 1.02495 0.536969 0.0740438 0 -27.2458 0.550365 0.0758911
-16.025 1.03312 0.548463 0.0827531 0 -27.161 0.566628 0.0854939
-15.975 1.04222 0.561054 0.0905157 0 -27.0763 0.58474 0.0943372
-15.925 1.05216 0.574571 0.0972936 0 -26.9915 0.604539 0.102368
-15.875 1.06286 0.588844 0.10307 0 -26.9068 0.625857 0.109549
-15.825 1.07423 0.603707 0.107848 0 -26.822 0.648521 0.115854
-15.775 1.08619 0.619004 0.111649 0 -26.7373 0.672353 0.121271
-15.725 1.09863 0.634585 0.114508 0 -26.6525 0.697177 0.125802
-15.675 1.11149 0.650312 0.116478 0 -26.5678 0.722816 0.129464
-15.625 1.12468 0.66606 0.117615 0 -26.4831 0.749105 0.132279
-15.575 1.13808 0.681708 0.117978 0 -26.3983 0.775841 0.134269
-15.525 1.1516 0.697139 0.117637 0 -26.3136 0.802826 0.135471
-15.475 1.16517 0.712286 0.116668 0 -26.2288 0.829931 0.135937
-15.425 1.17872 0.727098 0.115142 0 -26.1441 0.857047 0.13572
-15.375 1.19221 0.741519 0.113129 0 -26.0593 0.88405 0.134873
-15.325 1.20559 0.755503 0.110696 0 -25.9746 0.910828 0.133455
-15.275 1.2188 0.769012 0.107912 0 -25.8898 0.937274 0.131523
-15.225 1.2318 0.78202 0.104837 0 -25.8051 0.96329 0.129138
-15.175 1.24454 0.794507 0.101531 0 -25.7203 0.988794 0.12636
-15.125 1.25698 0.806464 0.0980466 0 -25.6356 1.01371 0.123243
-15.075 1.26911 0.817884 0.0944306 0 -25.5508 1.03798 0.119842
-15.025 1.28088 0.828768 0.090726 0 -25.4661 1.06155 0.116209
-14.975 1.29228 0.839121 0.0869712 0 -25.3814 1.08438 0.112391
-14.925 1.3033 0.84895 0.0831996 0 -25.2966 1.10643 0.108434
-14.875 1.31391 0.858266 0.0794399 0 -25.2119 1.12769 0.104377
-14.825 1.32412 0.867082 0.0757168 0 -25.1271 1.14812 0.100258
-14.775 1.33391 0.875414 0.072051 0 -25.0424 1.16773 0.0961098
-14.725 1.34329 0.883278 0.0684602 0 -24.9576 1.1865 0.0919619
-14.675 1.35226 0.890693 0.0649586 0 -24.8729 1.20444 0.0878406
-14.625 1.36081 0.897679 0.0615575 0 -24.7881 1.22157 0.0837681
-14.575 1.36896 0.904253 0.0582656 0 -24.7034 1.23789 0.0797634
-14.525 1.37672 0.910436 0.0550896 0 -24.6186 1.25342 0.0758429
-14.475 1.38409 0.916246 0.0520341 0 -24.5339 1.26817 0.0720198
-14.425 1.39108 0.921703 0.0491022 0 -24.4492 1.28217 0.0683053
-14.375 1.39771 0.926824 0.0462955 0 -24.3644 1.29543 0.0647077
-14.325 1.40399 0.931628 0.043614 0 -24.2797 1.308 0.0612336
-14.275 1.40992 0.936132 0.0410572 0 -24.1949 1.31988 0.0578875
-14.225 1.41553 0.940353 0.0386234 0 -24.1102 1.3311 0.0546727
-14.175 1.42083 0.944307 0.0363104 0 -24.0254 1.3417 0.0515909
-14.125 1.42582 0.948009 0.0341154 0 -23.9407 1.35169 0.0486424
-14.075 1.43053 0.951474 0.0320349 0 -23.8559 1.36111 0.0458269
-14.025 1.43496 0.954717 0.0300655 0 -23.7712 1.36998 0.0431428
-13.975 1.43913 0.95775 0.0282033 0 -23.6864 1.37833 0.0405882
-13.925 1.44306 0.960586 0.0264442 0 -23.6017 1.38618 0.0381604
-13.875 1.44674 0.963238 0.0247842 0 -23.5169 1.39356 0.0358563
-13.825 1.45021 0.965716 0.023219 0 -23.4322 1.40049 0.0336723
-13.775 1.45346 0.968032 0.0217445 0 -23.3475 1.40699 0.0316047
-13.725 1.45651 0.970195 0.0203565 0 -23.2627 1.4131 0.0296495
-13.675 1.45937 0.972215 0.0190511 0 -23.178 1.41882 0.0278026
-13.625 1.46205 0.974102 0.017824 0 -23.0932 1.42419 0.0260597
-13.575 1.46457 0.975863 0.0166714 0 -23.0085 1.42922 0.0244165
-13.525 1.46692 0.977507 0.0155895 0 -22.9237 1.43393 0.0228687
-13.475 1.46913 0.979041 0.0145746 0 -22.839 1.43834 0.0214119
-13.425 1.4712 0.980473 0.0136229 0 -22.7542 1.44247 0.0200419
-13.375 1.47313 0.981809 0.012731 0 -22.6695 1.44633 0.0187544
-13.325 1.47494 0.983055 0.0118956 0 -22.5847 1.44994 0.0175453
-13.275 1.47663 0.984218 0.0111134 0 -22.5 1.45332 0.0164103
-13.225 1.47821 0.985303 0.0103812 0 -22.4153 1.45648 0.0153455
-13.175 1.47969 0.986315 0.00969604 0 -22.3305 1.45944 0.0143471
-13.125 1.48107 0.987259 0.0090551 0 -22.2458 1.4622 0.0134112
-13.075 1.48236 0.98814 0.00845562 0 -22.161 1.46478 0.0125343
-13.025 1.48357 0.988962 0.00789501 0 -22.0763 1.46719 0.0117128
-12.975 1.4847 0.989729 0.00737081 0 -21.9915 1.46945 0.0109434
-12.925 1.48575 0.990445 0.00688071 0 -21.9068 1.47155 0.010223
-12.875 1.48674 0.991113 0.0064225 0 -21.822 1.47352 0.00954856
-12.825 1.48766 0.991736 0.00599413 0 -21.7373 1.47536 0.0089172
-12.775 1.48851 0.992318 0.00559367 0 -21.6525 1.47708 0.00832626
-12.725 1.48932 0.992861 0.00521932 0 -21.5678 1.47868 0.00777322
-12.675 1.49007 0.993368 0.0048694 0 -21.4831 1.48018 0.00725573
-12.625 1.49076 0.993841 0.00454234 0 -21.3983 1.48158 0.00677156
-12.575 1.49142 0.994282 0.00423668 0 -21.3136 1.48289 0.00631865
-12.525 1.49202 0.994694 0.00395106 0 -21.2288 1.48411 0.00589508
-12.475 1.49259 0.995078 0.00368423 0 -21.1441 1.48525 0.00549905
-12.425 1.49312 0.995436 0.003435 0 -21.0593 1.48631 0.00512887
-12.375 1.49362 0.99577 0.00320228 0 -20.9746 1.4873 0.00478298
-12.325 1.49408 0.996082 0.00298505 0 -20.8898 1.48822 0.00445989
-12.275 1.4945 0.996372 0.00278235 0 -20.8051 1.48908 0.00415824
-12.225 1.4949 0.996643 0.00259328 0 -20.7203 1.48989 0.00387671
-12.175 1.49528 0.996895 0.002417 0 -20.6356 1.49063 0.00361409
-12.125 1.49563 0.997129 0.00225271 0 -20.5508 1.49133 0.00336921
-12.075 1.49595 0.997348 0.00209964 0 -20.4661 1.49198 0.00314096
-12.025 1.49625 0.997552 0.00195708 0 -20.3814 1.49259 0.00292829
-11.975 1.49653 0.997742 0.00182434 0 -20.2966 1.49315 0.00273019
-11.925 1.4968 0.997919 0.00170077 0 -20.2119 1.49368 0.0025457
-11.875 1.49704 0.998084 0.00158574 0 -20.1271 1.49417 0.00237391
-11.825 1.49727 0.998238 0.00147866 0 -20.0424 1.49463 0.00221395
-11.775 1.49748 0.998381 0.00137898 0 -19.9576 1.49506 0.002065
-11.725 1.49768 0.998516 0.00128618 0 -19.8729 1.49546 0.00192628
-11.675 1.49787 0.998641 0.00119975 0 -19.7881 1.49583 0.00179706
-11.625 1.49804 0.998759 0.00111923 0 -19.7034 1.49618 0.00167665
-11.575 1.4982 0.998869 0.00104419 0 -19.6186 1.49651 0.00156441
-11.525 1.49835 0.998972 0.00097424 0 -19.5339 1.49681 0.00145976
-11.475 1.49849 0.999068 0.000908991 0 -19.4492 1.4971 0.00136212
-11.425 1.49862 0.999159 0.000848101 0 -19.3644 1.49736 0.00127099
-11.375 1.49875 0.999243 0.000791247 0 -19.2797 1.49761 0.00118588
-11.325 1.49886 0.999322 0.000738135 0 -19.1949 1.49785 0.00110636
-11.275 1.49897 0.999396 0.000688491 0 -19.1102 1.49806 0.00103203
-11.225 1.49907 0.999465 0.000642067 0 -19.0254 1.49827 0.000962502
-11.175 1.49916 0.999529 0.000598634 0 -18.9407 1.49845 0.000897448
-11.125 1.49925 0.999588 0.000557983 0 -18.8559 1.49863 0.000836554
-11.075 1.49933 0.999643 0.000519928 0 -18.7712 1.49879 0.000779541
-11.025 1.4994 0.999694 0.000484298 0 -18.6864 1.49894 0.000726157
-10.975 1.49947 0.999741 0.000450946 0 -18.6017 1.49908 0.000676179
-10.925 1.49953 0.999784 0.000419735 0 -18.5169 1.49921 0.000629406
-10.875 1.49959 0.999824 0.000390542 0 -18.4322 1.49933 0.000585655
-10.825 1.49965 0.99986 0.000363252 0 -18.3475 1.49944 0.000544752
-10.775 1.4997 0.999894 0.000337756 0 -18.2627 1.49954 0.000506534
-10.725 1.49975 0.999924 0.000313948 0 -18.178 1.49964 0.000470843
-10.675 1.4998 0.999952 0.000291724 0 -18.0932 1.49973 0.000437526
-10.625 1.49984 0.999978 0.000270983 0 -18.0085 1.49981 0.00040643
-10.575 1.49988 1 0.000251622 0 -17.9237 1.49988 0.000377402
-10.525 1.49992 1.00002 0.000233537 0 -17.839 1.49995 0.000350286
-10.475 1.49995 1.00004 0.000216622 0 -17.7542 1.50001 0.000324922
-10.425 1.49998 1.00006 0.00020077 0 -17.6695 1.50007 0.000301151
-10.375 1.50001 1.00008 0.000185877 0 -17.5847 1.50013 0.000278817
-10.325 1.50004 1.00009 0.000171842 0 -17.5 1.50018 0.00025777
-10.275 1.50006 1.00011 0.000158569 0 -17.4153 1.50023 0.000237863
-10.225 1.50009 1.00012 0.000145958 0 -17.3305 1.50027 0.00021895
-10.175 1.50011 1.00014 0.000133919 0 -17.2458 1.50031 0.000200892
-10.125 1.50013 1.00015 0.00012237 0 -17.161 1.50035 0.00018357
-10.075 1.50014 1.00016 0.000111245 0 -17.0763 1.50038 0.000166884
-10.025 1.50016 1.00017 0.000100495 0 -16.9915 1.50041 0.000150759
-9.975 1.50017 1.00018 9.00798e-05 0 -16.9068 1.50043 0.000135135
-9.925 1.50018 1.00018 7.99687e-05 0 -16.822 1.50046 0.000119968
-9.875 1.50019 1.00019 7.01361e-05 0 -16.7373 1.50048 0.000105218
-9.825 1.5002 1.00019 6.0561e-05 0 -16.6525 1.50049 9.08538e-05
-9.775 1.50021 1.0002 5.12288e-05 0 -16.5678 1.50051 7.6854e-05
-9.725 1.50022 1.0002 4.2136e-05 0 -16.4831 1.50052 6.32132e-05
-9.675 1.50022 1.0002 3.32801e-05 0 -16.3983 1.50052 4.99276e-05
-9.625 1.50023 1.0002 2.47128e-05 0 -16.3136 1.50053 3.70748e-05
-9.575 1.50023 1.0002 1.65205e-05 0 -16.2288 1.50053 2.47846e-05
-9.525 1.50023 1.0002 8.62671e-06 0 -16.1441 1.50053 1.29421e-05
-9.475 1.50023 1.00019 1.03888e-06 0 -16.0593 1.50053 1.55857e-06
-9.425 1.50023 1.00019 -6.23776e-06 0 -15.9746 1.50052 -9.3581e-06
-9.375 1.50023 1.00019 -1.31411e-05 0 -15.8898 1.50051 -1.97147e-05
-9.325 1.50023 1.00018 -1.96805e-05 0 -15.8051 1.5005 -2.95253e-05
-9.275 1.50023 1.00018 -2.59039e-05 0 -15.7203 1.50049 -3.88617e-05
-9.225 1.50022 1.00017 -3.18344e-05 0 -15.6356 1.50048 -4.77588e-05
-9.175 1.50022 1.00017 -3.74707e-05 0 -15.5508 1.50047 -5.62143e-05
-9.125 1.50021 1.00016 -4.28088e-05 0 -15.4661 1.50045 -6.42224e-05
-9.075 1.50021 1.00015 -4.78547e-05 0 -15.3814 1.50044 -7.1792e-05
-9.025 1.5002 1.00015 -5.26222e-05 0 -15.2966 1.50042 -7.89438e-05
-8.975 1.50019 1.00014 -5.71265e-05 0 -15.2119 1.50041 -8.57007e-05
-8.925 1.50018 1.00014 -6.13808e-05 0 -15.1271 1.50039 -9.20823e-05
-8.875 1.50017 1.00013 -6.53955e-05 0 -15.0424 1.50037 -9.81046e-05
-8.825 1.50016 1.00012 -6.91797e-05 0 -14.9576 1.50035 -0.000103781
-8.775 1.50015 1.00012 -7.27409e-05 0 -14.8729 1.50033 -0.000109122
-8.725 1.50014 1.00011 -7.60847e-05 0 -14.7881 1.5003 -0.000114138
-8.675 1.50013 1.0001 -7.92149e-05 0 -14.7034 1.50028 -0.000118832
-8.625 1.50012 1.00009 -8.21328e-05 0 -14.6186 1.50026 -0.000123209
-8.575 1.5001 1.00009 -8.48371e-05 0 -14.5339 1.50023 -0.000127264
-8.525 1.50009 1.00008 -8.73228e-05 0 -14.4492 1.5002 -0.000130992
-8.475 1.50008 1.00007 -8.95789e-05 0 -14.3644 1.50018 -0.000134375
-8.425 1.50006 1.00006 -9.15886e-05 0 -14.2797 1.50015 -0.000137389
-8.375 1.50005 1.00005 -9.33326e-05 0 -14.1949 1.50012 -0.000140003
-8.325 1.50003 1.00004 -9.4791e-05 0 -14.1102 1.50009 -0.00014219
-8.275 1.50002 1.00002 -9.59415e-05 0 -14.0254 1.50006 -0.000143914
-8.225 1.50001 1.00001 -9.6757e-05 0 -13.9407 1.50002 -0.000145136
-8.175 1.49999 1 -9.72099e-05 0 -13.8559 1.49999 -0.000145814
-8.125 1.49998 0.999989 -9.72809e-05 0 -13.7712 1.49996 -0.000145919
-8.075 1.49996 0.999977 -9.69476e-05 0 -13.6864 1.49993 -0.000145418
-8.025 1.49995 0.999966 -9.61966e-05 0 -13.6017 1.4999 -0.00014429
-7.975 1.49993 0.999955 -9.50167e-05 0 -13.5169 1.49987 -0.000142519
-7.925 1.49992 0.999944 -9.34038e-05 0 -13.4322 1.49984 -0.000140098
-7.875 1.49991 0.999934 -9.13608e-05 0 -13.3475 1.49981 -0.000137033
-7.825 1.49989 0.999924 -8.88984e-05 0 -13.2627 1.49978 -0.000133338
-7.775 1.49988 0.999915 -8.60334e-05 0 -13.178 1.49975 -0.00012904
-7.725 1.49987 0.999906 -8.27857e-05 0 -13.0932 1.49973 -0.000124167
-7.675 1.49985 0.999898 -7.91753e-05 0 -13.0085 1.4997 -0.000118751
-7.625 1.49984 0.99989 -7.52223e-05 0 -12.9237 1.49968 -0.000112822
-7.575 1.49983 0.999882 -7.09478e-05 0 -12.839 1.49966 -0.00010641
-7.525 1.49982 0.999875 -6.63764e-05 0 -12.7542 1.49963 -9.95528e-05
-7.475 1.49981 0.999869 -6.15368e-05 0 -12.6695 1.49962 -9.22936e-05
-7.425 1.4998 0.999862 -5.64603e-05 0 -12.5847 1.4996 -8.46793e-05
-7.375 1.4998 0.999856 -5.11774e-05 0 -12.5 1.49958 -7.67556e-05
-7.325 1.49979 0.99985 -4.57147e-05 0 -12.4153 1.49956 -6.85624e-05
-7.275 1.49978 0.999845 -4.00931e-05 0 -12.3305 1.49955 -6.01309e-05
-7.225 1.49978 0.99984 -3.43277e-05 0 -12.2458 1.49954 -5.14839e-05
-7.175 1.49977 0.999835 -2.84289e-05 0 -12.161 1.49952 -4.26368e-05
-7.125 1.49977 0.99983 -2.2404e-05 0 -12.0763 1.49951 -3.36008e-05
-7.075 1.49976 0.999826 -1.62615e-05 0 -11.9915 1.4995 -2.43884e-05
-7.025 1.49976 0.999822 -1.00169e-05 0 -11.9068 1.4995 -1.5023e-05
-6.975 1.49976 0.999819 -3.69554e-06 0 -11.822 1.49949 -5.54243e-06
-6.925 1.49976 0.999817 2.67363e-06 0 -11.7373 1.49949 4.00981e-06
-6.875 1.49976 0.999815 9.03733e-06 0 -11.6525 1.49948 1.35538e-05
-6.825 1.49976 0.999814 1.53523e-05 0 -11.5678 1.49949 2.30249e-05
-6.775 1.49977 0.999815 2.16231e-05 0 -11.4831 1.49949 3.24296e-05
-6.725 1.49977 0.999816 2.78327e-05 0 -11.3983 1.49949 4.17427e-05
-6.675 1.49978 0.999818 3.40011e-05 0 -11.3136 1.4995 5.0994e-05
-6.625 1.49978 0.999821 4.00997e-05 0 -11.2288 1.49951 6.01408e-05
-6.575 1.49979 0.999825 4.60994e-05 0 -11.1441 1.49953 6.91393e-05
-6.525 1.49979 0.99983 5.19727e-05 0 -11.0593 1.49954 7.79484e-05
-6.475 1.4998 0.999837 5.7692e-05 0 -10.9746 1.49956 8.65266e-05
-6.425 1.49981 0.999844 6.32275e-05 0 -10.8898 1.49958 9.48294e-05
-6.375 1.49982 0.999851 6.85475e-05 0 -10.8051 1.4996 0.000102809
-6.325 1.49983 0.99986 7.36189e-05 0 -10.7203 1.49962 0.000110416
-6.275 1.49984 0.999869 7.84076e-05 0 -10.6356 1.49965 0.000117599
-6.225 1.49986 0.999879 8.28801e-05 0 -10.5508 1.49967 0.000124308
-6.175 1.49987 0.999889 8.7005e-05 0 -10.4661 1.4997 0.000130496
-6.125 1.49988 0.999899 9.07527e-05 0 -10.3814 1.49973 0.000136118
-6.075 1.4999 0.99991 9.40954e-05 0 -10.2966 1.49976 0.000141133
-6.025 1.49991 0.99992 9.70048e-05 0 -10.2119 1.49979 0.000145499
-5.975 1.49993 0.999931 9.94514e-05 0 -10.1271 1.49982 0.00014917
-5.925 1.49994 0.999942 0.000101407 0 -10.0424 1.49985 0.000152104
-5.875 1.49996 0.999953 0.000102846 0 -9.95763 1.49989 0.000154265
-5.825 1.49997 0.999964 0.000103754 0 -9.87288 1.49992 0.000155628
-5.775 1.49999 0.999975 0.000104122 0 -9.78814 1.49995 0.000156182
-5.725 1.5 0.999986 0.00010396 0 -9.70339 1.49998 0.00015594
-5.675 1.50002 0.999997 0.000103255 0 -9.61864 1.50001 0.000154885
-5.625 1.50003 1.00001 0.00010199 0 -9.5339 1.50005 0.000152989
-5.575 1.50005 1.00002 0.000100158 0 -9.44915 1.50008 0.000150241
-5.525 1.50006 1.00003 9.77589e-05 0 -9.36441 1.50011 0.000146645
-5.475 1.50008 1.00004 9.48023e-05 0 -9.27966 1.50014 0.000142211
-5.425 1.50009 1.00005 9.13027e-05 0 -9.19492 1.50017 0.000136963
-5.375 1.50011 1.00006 8.7281e-05 0 -9.11017 1.5002 0.000130931
-5.325 1.50012 1.00007 8.27637e-05 0 -9.02542 1.50023 0.000124155
-5.275 1.50013 1.00008 7.77835e-05 0 -8.94068 1.50025 0.000116685
-5.225 1.50014 1.00009 7.23758e-05 0 -8.85593 1.50028 0.000108574
-5.175 1.50015 1.0001 6.65758e-05 0 -8.77119 1.5003 9.98738e-05
-5.125 1.50016 1.00011 6.04158e-05 0 -8.68644 1.50033 9.06335e-05
-5.075 1.50017 1.00012 5.39282e-05 0 -8.60169 1.50035 8.09014e-05
-5.025 1.50018 1.00012 4.71493e-05 0 -8.51695 1.50036 7.07323e-05
-4.975 1.50018 1.00013 4.01225e-05 0 -8.4322 1.50038 6.01912e-05
-4.925 1.50019 1.00014 3.28976e-05 0 -8.34746 1.50039 4.93525e-05
-4.875 1.50019 1.00014 2.55258e-05 0 -8.26271 1.5004 3.82937e-05
-4.825 1.5002 1.00014 1.80539e-05 0 -8.17797 1.50041 2.70844e-05
-4.775 1.5002 1.00014 1.05139e-05 0 -8.09322 1.50041 1.57729e-05
-4.725 1.5002 1.00014 2.97041e-06 0 -8.00847 1.50042 4.45621e-06
-4.675 1.5002 1.00014 -4.45364e-06 0 -7.92373 1.50042 -6.68135e-06
-4.625 1.5002 1.00014 -1.17664e-05 0 -7.83898 1.50041 -1.7652e-05
-4.575 1.5002 1.00014 -1.8971e-05 0 -7.75424 1.5004 -2.84602e-05
-4.525 1.50019 1.00013 -2.60904e-05 0 -7.66949 1.50039 -3.91406e-05
-4.475 1.50019 1.00013 -3.3103e-05 0 -7.58475 1.50038 -4.96608e-05
-4.425 1.50018 1.00012 -3.99632e-05 0 -7.5 1.50036 -5.99521e-05
-4.375 1.50018 1.00011 -4.66309e-05 0 -7.41525 1.50035 -6.99546e-05
-4.325 1.50017 1.00011 -5.30742e-05 0 -7.33051 1.50033 -7.96203e-05
-4.275 1.50016 1.0001 -5.92591e-05 0 -7.24576 1.50031 -8.88982e-05
-4.225 1.50015 1.00009 -6.51451e-05 0 -7.16102 1.50028 -9.77275e-05
-4.175 1.50014 1.00008 -7.06861e-05 0 -7.07627 1.50026 -0.000106039
-4.125 1.50013 1.00007 -7.58331e-05 0 -6.99153 1.50023 -0.000113759
-4.075 1.50012 1.00006 -8.05348e-05 0 -6.90678 1.5002 -0.000120812
-4.025 1.50011 1.00004 -8.47388e-05 0 -6.82203 1.50017 -0.000127117
-3.975 1.50009 1.00003 -8.83916e-05 0 -6.73729 1.50014 -0.000132596
-3.925 1.50008 1.00002 -9.14393e-05 0 -6.65254 1.50011 -0.000137166
-3.875 1.50006 1.00001 -9.38285e-05 0 -6.5678 1.50008 -0.000140749
-3.825 1.50005 0.999998 -9.55091e-05 0 -6.48305 1.50005 -0.000143268
-3.775 1.50004 0.999986 -9.64388e-05 0 -6.39831 1.50001 -0.000144662
-3.725 1.50002 0.999974 -9.65846e-05 0 -6.31356 1.49998 -0.000144879
-3.675 1.50001 0.999962 -9.59061e-05 0 -6.22881 1.49995 -0.00014386
-3.625 1.49999 0.99995 -9.43924e-05 0 -6.14407 1.49992 -0.000141588
-3.575 1.49998 0.999938 -9.20485e-05 0 -6.05932 1.49989 -0.000138071
-3.525 1.49997 0.999926 -8.88966e-05 0 -5.97458 1.49985 -0.000133342
-3.475 1.49995 0.999915 -8.49717e-05 0 -5.88983 1.49982 -0.000127454
-3.425 1.49994 0.999904 -8.03187e-05 0 -5.80508 1.4998 -0.000120473
-3.375 1.49993 0.999893 -7.49923e-05 0 -5.72034 1.49977 -0.000112483
-3.325 1.49992 0.999883 -6.90563e-05 0 -5.63559 1.49974 -0.000103579
-3.275 1.49991 0.999874 -6.25812e-05 0 -5.55085 1.49972 -9.38661e-05
-3.225 1.4999 0.999866 -5.5641e-05 0 -5.4661 1.4997 -8.34559e-05
-3.175 1.49989 0.999859 -4.83131e-05 0 -5.38136 1.49968 -7.24645e-05
-3.125 1.49989 0.999852 -4.06808e-05 0 -5.29661 1.49966 -6.10165e-05
-3.075 1.49988 0.999847 -3.28327e-05 0 -5.21186 1.49965 -4.92451e-05
-3.025 1.49988 0.999843 -2.48571e-05 0 -5.12712 1.49964 -3.72826e-05
-2.975 1.49987 0.999841 -1.68383e-05 0 -5.04237 1.49963 -2.52553e-05
-2.925 1.49987 0.99984 -8.83672e-06 0 -4.95763 1.49963 -1.32539e-05
-2.875 1.49987 0.99984 -9.78885e-07 0 -4.87288 1.49963 -1.4682e-06
-2.825 1.49987 0.999841 6.63311e-06 0 -4.78814 1.49963 9.94881e-06
-2.775 1.49987 0.999844 1.39907e-05 0 -4.70339 1.49964 2.09842e-05
-2.725 1.49987 0.999849 2.11166e-05 0 -4.61864 1.49965 3.16723e-05
-2.675 1.49988 0.999854 2.80243e-05 0 -4.5339 1.49966 4.20331e-05
-2.625 1.49988 0.999861 3.46863e-05 0 -4.44915 1.49967 5.20254e-05
-2.575 1.49989 0.999869 4.10634e-05 0 -4.36441 1.49969 6.15906e-05
-2.525 1.49989 0.999878 4.71259e-05 0 -4.27966 1.49971 7.06838e-05
-2.475 1.4999 0.999888 5.28513e-05 0 -4.19492 1.49973 7.92718e-05
-2.425 1.49991 0.999899 5.8217e-05 0 -4.11017 1.49976 8.73203e-05
-2.375 1.49992 0.99991 6.31961e-05 0 -4.02542 1.49979 9.47891e-05
-2.325 1.49993 0.999923 6.7759e-05 0 -3.94068 1.49981 0.000101634
-2.275 1.49994 0.999935 7.18721e-05 0 -3.85593 1.49984 0.000107804
-2.225 1.49995 0.999949 7.54933e-05 0 -3.77119 1.49987 0.000113236
-2.175 1.49996 0.999962 7.85668e-05 0 -3.68644 1.49991 0.000117847
-2.125 1.49998 0.999976 8.10239e-05 0 -3.60169 1.49994 0.000121534
-2.075 1.49999 0.999989 8.27885e-05 0 -3.51695 1.49997 0.000124182
-2.025 1.5 1 8.3787e-05 0 -3.4322 1.50001 0.000125681
-1.975 1.50001 1.00002 8.39575e-05 0 -3.34746 1.50004 0.000125937
-1.925 1.50003 1.00003 8.32496e-05 0 -3.26271 1.50007 0.000124877
-1.875 1.50004 1.00004 8.16387e-05 0 -3.17797 1.5001 0.000122461
-1.825 1.50005 1.00005 7.91086e-05 0 -3.09322 1.50013 0.000118667
-1.775 1.50006 1.00007 7.56638e-05 0 -3.00847 1.50016 0.0001135
-1.725 1.50007 1.00008 7.13225e-05 0 -2.92373 1.50019 0.000106989
-1.675 1.50008 1.00009 6.6114e-05 0 -2.83898 1.50021 9.91765e-05
-1.625 1.50009 1.0001 6.00824e-05 0 -2.75424 1.50024 9.01292e-05
-1.575 1.5001 1.0001 5.32891e-05 0 -2.66949 1.50026 7.9939e-05
-1.525 1.50011 1.00011 4.58134e-05 0 -2.58475 1.50028 6.8725e-05
-1.475 1.50011 1.00012 3.77527e-05 0 -2.5 1.50029 5.66333e-05
-1.425 1.50012 1.00012 2.92215e-05 0 -2.41525 1.5003 4.38358e-05
-1.375 1.50012 1.00013 2.03458e-05 0 -2.33051 1.50031 3.05212e-05
-1.325 1.50012 1.00013 1.12566e-05 0 -2.24576 1.50032 1.68863e-05
-1.275 1.50013 1.00013 2.07926e-06 0 -2.16102 1.50032 3.11916e-06
-1.225 1.50013 1.00013 -7.00972e-06 0 -2.07627 1.50032 -1.05155e-05
-1.175 1.50012 1.00013 -1.57482e-05 0 -1.99153 1.50032 -2.36243e-05
-1.125 1.50012 1.00013 -2.41508e-05 0 -1.90678 1.50031 -3.62291e-05
-1.075 1.50012 1.00012 -3.21789e-05 0 -1.82203 1.5003 -4.82721e-05
-1.025 1.50011 1.00012 -3.97556e-05 0 -1.73729 1.50029 -5.96378e-05
-0.975 1.5001 1.00011 -4.67888e-05 0 -1.65254 1.50027 -7.01881e-05
-0.925 1.5001 1.00011 -5.32003e-05 0 -1.5678 1.50026 -7.98056e-05
-0.875 1.50009 1.0001 -5.89327e-05 0 -1.48305 1.50024 -8.84042e-05
-0.825 1.50008 1.00009 -6.3944e-05 0 -1.39831 1.50021 -9.5921e-05
-0.775 1.50007 1.00008 -6.82035e-05 0 -1.31356 1.50019 -0.00010231
-0.725 1.50006 1.00007 -7.1692e-05 0 -1.22881 1.50016 -0.000107542
-0.675 1.50005 1.00005 -7.44049e-05 0 -1.14407 1.50013 -0.000111611
-0.625 1.50004 1.00004 -7.63524e-05 0 -1.05932 1.5001 -0.000114531
-0.575 1.50002 1.00003 -7.75477e-05 0 -0.974576 1.50007 -0.000116323
-0.525 1.50001 1.00002 -7.79918e-05 0 -0.889831 1.50004 -0.000116989
-0.475 1.5 1 -7.76727e-05 0 -0.805085 1.5 -0.000116509
-0.425 1.49999 0.999988 -7.6604e-05 0 -0.720339 1.49997 -0.000114905
-0.375 1.49998 0.999974 -7.47862e-05 0 -0.635593 1.49994 -0.000112178
-0.325 1.49997 0.99996 -7.22242e-05 0 -0.550847 1.49991 -0.000108334
-0.275 1.49996 0.999947 -6.89299e-05 0 -0.466102 1.49988 -0.000103392
-0.225 1.49995 0.999935 -6.49212e-05 0 -0.381356 1.49985 -9.73783e-05
-0.175 1.49994 0.999923 -6.02234e-05 0 -0.29661 1.49982 -9.03314e-05
-0.125 1.49993 0.999912 -5.48709e-05 0 -0.211864 1.4998 -8.23025e-05
-0.075 1.49992 0.999902 -4.89069e-05 0 -0.127119 1.49977 -7.33564e-05
-0.025 1.49991 0.999894 -4.23804e-05 0 -0.0423729 1.49975 -6.35669e-05
0.025 1.49991 0.999886 -3.53432e-05 0 0.0423729 1.49974 -5.30116e-05
0.075 1.4999 0.999881 -2.78518e-05 0 0.127119 1.49972 -4.1775e-05
0.125 1.4999 0.999877 -1.99704e-05 0 0.211864 1.49972 -2.99536e-05
0.175 1.4999 0.999874 -1.17743e-05 0 0.29661 1.49971 -1.76602e-05
0.225 1.4999 0.999873 -3.3451e-06 0 0.381356 1.49971 -5.01731e-06
0.275 1.4999 0.999873 5.14063e-06 0 0.466102 1.49971 7.71042e-06
0.325 1.4999 0.999876 1.35174e-05 0 0.550847 1.49971 2.02748e-05
0.375 1.4999 0.999879 2.1779e-05 0 0.635593 1.49972 3.26664e-05
0.425 1.4999 0.999884 2.98792e-05 0 0.720339 1.49973 4.48159e-05
0.475 1.49991 0.99989 3.77238e-05 0 0.805085 1.49975 5.65823e-05
0.525 1.49992 0.999898 4.52022e-05 0 0.889831 1.49976 6.77995e-05
0.575 1.49992 0.999907 5.22141e-05 0 0.974576 1.49978 7.83171e-05
0.625 1.49993 0.999916 5.86688e-05 0 1.05932 1.49981 8.79992e-05
0.675 1.49994 0.999926 6.44759e-05 0 1.14407 1.49983 9.671e-05
0.725 1.49995 0.999937 6.9543e-05 0 1.22881 1.49986 0.000104311
0.775 1.49996 0.999949 7.37821e-05 0 1.31356 1.49989 0.00011067
0.825 1.49997 0.999961 7.71169e-05 0 1.39831 1.49991 0.000115673
0.875 1.49999 0.999973 7.94878e-05 0 1.48305 1.49994 0.000119231
0.925 1.5 0.999985 8.08522e-05 0 1.5678 1.49997 0.000121278
0.975 1.50001 0.999997 8.11771e-05 0 1.65254 1.50001 0.000121766
1.025 1.50002 1.00001 8.04357e-05 0 1.73729 1.50004 0.000120655
1.075 1.50003 1.00002 7.86326e-05 0 1.82203 1.50006 0.000117952
1.125 1.50005 1.00003 7.57769e-05 0 1.90678 1.50009 0.000113669
1.175 1.50006 1.00004 7.18918e-05 0 1.99153 1.50012 0.000107842
1.225 1.50007 1.00005 6.70187e-05 0 2.07627 1.50014 0.000100533
1.275 1.50008 1.00006 6.12175e-05 0 2.16102 1.50017 9.18309e-05
1.325 1.50009 1.00007 5.45636e-05 0 2.24576 1.50019 8.185e-05
1.375 1.50009 1.00008 4.71424e-05 0 2.33051 1.50021 7.0718e-05
1.425 1.5001 1.00008 3.90498e-05 0 2.41525 1.50022 5.85786e-05
1.475 1.5001 1.00009 3.03982e-05 0 2.5 1.50024 4.56005e-05
1.525 1.50011 1.00009 2.13169e-05 0 2.58475 1.50025 3.19776e-05
1.575 1.50011 1.00009 1.19476e-05 0 2.66949 1.50025 1.79228e-05
1.625 1.50011 1.0001 2.43153e-06 0 2.75424 1.50026 3.64757e-06
1.675 1.50011 1.0001 -7.02037e-06 0 2.83898 1.50025 -1.05313e-05
1.725 1.50011 1.00009 -1.61333e-05 0 2.92373 1.50025 -2.42017e-05
1.775 1.50011 1.00009 -2.48957e-05 0 3.00847 1.50024 -3.73462e-05
1.825 1.5001 1.00009 -3.32263e-05 0 3.09322 1.50023 -4.98428e-05
1.875 1.5001 1.00008 -4.09981e-05 0 3.17797 1.50022 -6.15011e-05
1.925 1.50009 1.00008 -4.80736e-05 0 3.26271 1.5002 -7.21148e-05
1.975 1.50008 1.00007 -5.43407e-05 0 3.34746 1.50018 -8.15155e-05
2.025 1.50007 1.00006 -5.97175e-05 0 3.4322 1.50016 -8.95807e-05
2.075 1.50006 1.00005 -6.41438e-05 0 3.51695 1.50014 -9.62198e-05
2.125 1.50005 1.00004 -6.75759e-05 0 3.60169 1.50011 -0.000101368
2.175 1.50004 1.00003 -6.99893e-05 0 3.68644 1.50008 -0.000104987
2.225 1.50003 1.00001 -7.13791e-05 0 3.77119 1.50005 -0.000107071
2.275 1.50002 1 -7.17519e-05 0 3.85593 1.50002 -0.000107629
2.325 1.50001 0.999988 -7.11072e-05 0 3.94068 1.49999 -0.000106662
2.375 1.5 0.999975 -6.94743e-05 0 4.02542 1.49996 -0.000104211
2.425 1.49999 0.999963 -6.68774e-05 0 4.11017 1.49993 -0.000100315
2.475 1.49998 0.99995 -6.33648e-05 0 4.19492 1.49991 -9.50459e-05
2.525 1.49997 0.999939 -5.8998e-05 0 4.27966 1.49988 -8.84953e-05
2.575 1.49996 0.999928 -5.38473e-05 0 4.36441 1.49985 -8.0769e-05
2.625 1.49996 0.999918 -4.79901e-05 0 4.44915 1.49983 -7.1983e-05
2.675 1.49995 0.999909 -4.15131e-05 0 4.5339 1.49981 -6.22675e-05
2.725 1.49994 0.999901 -3.45131e-05 0 4.61864 1.4998 -5.17677e-05
2.775 1.49994 0.999895 -2.70937e-05 0 4.70339 1.49978 -4.06389e-05
2.825 1.49994 0.99989 -1.93597e-05 0 4.78814 1.49977 -2.90383e-05
2.875 1.49993 0.999886 -1.14132e-05 0 4.87288 1.49976 -1.7119e-05
2.925 1.49993 0.999885 -3.33764e-06 0 4.95763 1.49976 -5.00624e-06
2.975 1.49993 0.999885 4.73207e-06 0 5.04237 1.49976 7.09779e-06
3.025 1.49993 0.999886 1.25333e-05 0 5.12712 1.49976 1.8799e-05
3.075 1.49993 0.999889 2.00953e-05 0 5.21186 1.49977 3.01416e-05
3.125 1.49994 0.999894 2.73791e-05 0 5.29661 1.49978 4.1067e-05
3.175 1.49994 0.9999 3.43118e-05 0 5.38136 1.49979 5.14657e-05
3.225 1.49995 0.999907 4.08077e-05 0 5.4661 1.49981 6.12095e-05
3.275 1.49996 0.999916 4.67825e-05 0 5.55085 1.49983 7.01717e-05
3.325 1.49996 0.999926 5.21488e-05 0 5.63559 1.49985 7.82214e-05
3.375 1.49997 0.999937 5.68154e-05 0 5.72034 1.49988 8.52215e-05
3.425 1.49998 0.999948 6.06917e-05 0 5.80508 1.4999 9.10365e-05
3.475 1.49999 0.99996 6.36908e-05 0 5.88983 1.49993 9.55357e-05
3.525 1.5 0.999973 6.57321e-05 0 5.97458 1.49996 9.85982e-05
3.575 1.50001 0.999986 6.67482e-05 0 6.05932 1.49999 0.000100123
3.625 1.50002 0.999998 6.67006e-05 0 6.14407 1.50002 0.000100052
3.675 1.50003 1.00001 6.55847e-05 0 6.22881 1.50005 9.8379e-05
3.725 1.50004 1.00002 6.34097e-05 0 6.31356 1.50007 9.51171e-05
3.775 1.50005 1.00003 6.02135e-05 0 6.39831 1.5001 9.03232e-05
3.825 1.50006 1.00004 5.60468e-05 0 6.48305 1.50012 8.40734e-05
3.875 1.50007 1.00005 5.09727e-05 0 6.5678 1.50014 7.64624e-05
3.925 1.50007 1.00006 4.50698e-05 0 6.65254 1.50016 6.7608e-05
3.975 1.50008 1.00007 3.84296e-05 0 6.73729 1.50018 5.76474e-05
4.025 1.50009 1.00007 3.11489e-05 0 6.82203 1.50019 4.6726e-05
4.075 1.50009 1.00007 2.33278e-05 0 6.90678 1.5002 3.49938e-05
4.125 1.50009 1.00008 1.50739e-05 0 6.99153 1.50021 2.26122e-05
4.175 1.50009 1.00008 6.54052e-06 0 7.07627 1.50021 9.81138e-06
4.225 1.50009 1.00008 -2.04659e-06 0 7.16102 1.50021 -3.07008e-06
4.275 1.50009 1.00007 -1.05682e-05 0 7.24576 1.5002 -1.58532e-05
4.325 1.50009 1.00007 -1.89346e-05 0 7.33051 1.50019 -2.84036e-05
4.375 1.50009 1.00006 -2.7048e-05 0 7.41525 1.50018 -4.05743e-05
4.425 1.50008 1.00006 -3.47523e-05 0 7.5 1.50017 -5.21312e-05
4.475 1.50008 1.00005 -4.1872e-05 0 7.58475 1.50015 -6.28112e-05
4.525 1.50007 1.00004 -4.82525e-05 0 7.66949 1.50013 -7.23821e-05
4.575 1.50006 1.00003 -5.3769e-05 0 7.75424 1.50011 -8.06569e-05
4.625 1.50005 1.00002 -5.83239e-05 0 7.83898 1.50009 -8.74889e-05
4.675 1.50005 1.00001 -6.18433e-05 0 7.92373 1.50006 -9.27677e-05
4.725 1.50004 1 -6.42763e-05 0 8.00847 1.50004 -9.64167e-05
4.775 1.50002 0.999991 -6.5595e-05 0 8.09322 1.50001 -9.83941e-05
4.825 1.50001 0.99998 -6.57935e-05 0 8.17797 1.49998 -9.86912e-05
4.875 1.5 0.99997 -6.48372e-05 0 8.26271 1.49996 -9.72561e-05
4.925 1.49999 0.999959 -6.2721e-05 0 8.34746 1.49993 -9.40811e-05
4.975 1.49999 0.99995 -5.94542e-05 0 8.4322 1.49991 -8.91805e-05
5.025 1.49998 0.999941 -5.50758e-05 0 8.51695 1.49989 -8.26124e-05
5.075 1.49997 0.999932 -4.96511e-05 0 8.60169 1.49987 -7.44752e-05
5.125 1.49996 0.999925 -4.32712e-05 0 8.68644 1.49985 -6.49052e-05
5.175 1.49996 0.999919 -3.60494e-05 0 8.77119 1.49984 -5.40726e-05
5.225 1.49995 0.999914 -2.81225e-05 0 8.85593 1.49982 -4.21824e-05
5.275 1.49995 0.99991 -1.96534e-05 0 8.94068 1.49982 -2.94791e-05
5.325 1.49995 0.999908 -1.08291e-05 0 9.02542 1.49981 -1.62432e-05
5.375 1.49995 0.999907 -1.8444e-06 0 9.11017 1.49981 -2.76651e-06
5.425 1.49995 0.999907 7.0481e-06 0 9.19492 1.49981 1.05718e-05
5.475 1.49995 0.999909 1.55833e-05 0 9.27966 1.49981 2.33742e-05
5.525 1.49995 0.999912 2.36909e-05 0 9.36441 1.49982 3.55352e-05
5.575 1.49995 0.999917 3.12666e-05 0 9.44915 1.49983 4.68984e-05
5.625 1.49996 0.999922 3.81774e-05 0 9.5339 1.49984 5.72646e-05
5.675 1.49997 0.999929 4.42954e-05 0 9.61864 1.49986 6.64416e-05
5.725 1.49997 0.999937 4.95193e-05 0 9.70339 1.49988 7.42777e-05
5.775 1.49998 0.999945 5.37685e-05 0 9.78814 1.4999 8.06519e-05
5.825 1.49999 0.999955 5.69701e-05 0 9.87288 1.49992 8.54547e-05
5.875 1.5 0.999965 5.90595e-05 0 9.95763 1.49995 8.85894e-05
5.925 1.50001 0.999975 5.99795e-05 0 10.0424 1.49997 8.99699e-05
5.975 1.50002 0.999985 5.96993e-05 0 10.1271 1.5 8.955e-05
6.025 1.50003 0.999996 5.82276e-05 0 10.2119 1.50002 8.7343e-05
6.075 1.50004 1.00001 5.55838e-05 0 10.2966 1.50004 8.33777e-05
6.125 1.50004 1.00002 5.18324e-05 0 10.3814 1.50007 7.77509e-05
6.175 1.50005 1.00002 4.70629e-05 0 10.4661 1.50009 7.05968e-05
6.225 1.50006 1.00003 4.1385e-05 0 10.5508 1.50011 6.20798e-05
6.275 1.50006 1.00004 3.49225e-05 0 10.6356 1.50013 5.23861e-05
6.325 1.50007 1.00005 2.78095e-05 0 10.7203 1.50014 4.17162e-05
6.375 1.50007 1.00005 2.01899e-05 0 10.8051 1.50015 3.02863e-05
6.425 1.50008 1.00006 1.22175e-05 0 10.8898 1.50016 1.83272e-05
6.475 1.50008 1.00006 4.05295e-06 0 10.9746 1.50017 6.07974e-06
6.525 1.50008 1.00006 -4.16312e-06 0 11.0593 1.50017 -6.24499e-06
6.575 1.50008 1.00006 -1.21707e-05 0 11.1441 1.50017 -1.8257e-05
6.625 1.50007 1.00006 -1.97802e-05 0 11.2288 1.50016 -2.96717e-05
6.675 1.50007 1.00006 -2.69911e-05 0 11.3136 1.50015 -4.04885e-05
6.725 1.50007 1.00005 -3.37009e-05 0 11.3983 1.50014 -5.05535e-05
6.775 1.50006 1.00005 -3.97777e-05 0 11.4831 1.50013 -5.9669e-05
6.825 1.50005 1.00004 -4.50952e-05 0 11.5678 1.50011 -6.76452e-05
6.875 1.50005 1.00003 -4.95457e-05 0 11.6525 1.50009 -7.43208e-05
6.925 1.50004 1.00002 -5.30386e-05 0 11.7373 1.50007 -7.95599e-05
6.975 1.50003 1.00001 -5.55024e-05 0 11.822 1.50005 -8.32553e-05
7.025 1.50002 1 -5.68957e-05 0 11.9068 1.50003 -8.53448e-05
7.075 1.50001 0.999992 -5.72117e-05 0 11.9915 1.5 -8.58184e-05
7.125 1.50001 0.999981 -5.64541e-05 0 12.0763 1.49998 -8.46816e-05
7.175 1.5 0.999971 -5.46441e-05 0 12.161 1.49995 -8.19661e-05
7.225 1.49999 0.999961 -5.18264e-05 0 12.2458 1.49993 -7.77391e-05
7.275 1.49998 0.999951 -4.80764e-05 0 12.3305 1.49991 -7.21139e-05
7.325 1.49998 0.999943 -4.34946e-05 0 12.4153 1.49989 -6.52409e-05
7.375 1.49997 0.999935 -3.81976e-05 0 12.5 1.49987 -5.72954e-05
7.425 1.49997 0.999928 -3.23124e-05 0 12.5847 1.49986 -4.84675e-05
7.475 1.49996 0.999923 -2.5974e-05 0 12.6695 1.49985 -3.89601e-05
7.525 1.49996 0.999919 -1.93276e-05 0 12.7542 1.49984 -2.89907e-05
7.575 1.49996 0.999917 -1.25277e-05 0 12.839 1.49983 -1.87911e-05
7.625 1.49996 0.999916 -5.72585e-06 0 12.9237 1.49983 -8.58854e-06
7.675 1.49996 0.999916 8.29811e-07 0 13.0085 1.49983 1.24468e-06
7.725 1.49996 0.999918 6.97723e-06 0 13.0932 1.49984 1.04656e-05
7.775 1.49996 0.999922 1.26918e-05 0 13.178 1.49985 1.90372e-05
7.825 1.49997 0.999927 1.78737e-05 0 13.2627 1.49986 2.681e-05
7.875 1.49997 0.999933 2.23957e-05 0 13.3475 1.49987 3.3593e-05
7.925 1.49998 0.999941 2.61445e-05 0 13.4322 1.49989 3.92161e-05
7.975 1.49998 0.999949 2.90324e-05 0 13.5169 1.4999 4.35481e-05
8.025 1.49999 0.999958 3.09884e-05 0 13.6017 1.49992 4.64822e-05
8.075 1.49999 0.999968 3.19539e-05 0 13.6864 1.49995 4.79307e-05
8.125 1.5 0.999978 3.1897e-05 0 13.7712 1.49997 4.78454e-05
8.175 1.50001 0.999988 3.08124e-05 0 13.8559 1.49999 4.62188e-05
8.225 1.50001 0.999998 2.86716e-05 0 13.9407 1.50001 4.30078e-05
8.275 1.50002 1.00001 2.54837e-05 0 14.0254 1.50003 3.82261e-05
8.325 1.50002 1.00002 2.12854e-05 0 14.1102 1.50005 3.19287e-05
8.375 1.50003 1.00003 1.61341e-05 0 14.1949 1.50007 2.42016e-05
8.425 1.50003 1.00003 1.01067e-05 0 14.2797 1.50008 1.51604e-05
8.475 1.50004 1.00004 3.29371e-06 0 14.3644 1.5001 4.94069e-06
8.525 1.50004 1.00005 -4.20179e-06 0 14.4492 1.50011 -6.30286e-06
8.575 1.50004 1.00005 -1.22585e-05 0 14.5339 1.50012 -1.83882e-05
8.625 1.50004 1.00005 -2.07388e-05 0 14.6186 1.50012 -3.11091e-05
8.675 1.50004 1.00005 -2.94757e-05 0 14.7034 1.50012 -4.42149e-05
8.725 1.50004 1.00005 -3.8231e-05 0 14.7881 1.50012 -5.73481e-05
8.775 1.50004 1.00005 -4.68661e-05 0 14.8729 1.50011 -7.0301e-05
8.825 1.50004 1.00005 -5.53191e-05 0 14.9576 1.50011 -8.29806e-05
8.875 1.50003 1.00004 -6.3467e-05 0 15.0424 1.50009 -9.52025e-05
8.925 1.50003 1.00004 -7.11778e-05 0 15.1271 1.50008 -0.000106769
8.975 1.50002 1.00003 -7.83284e-05 0 15.2119 1.50006 -0.000117494
9.025 1.50001 1.00002 -8.48178e-05 0 15.2966 1.50004 -0.000127228
9.075 1.50001 1.00001 -9.05673e-05 0 15.3814 1.50002 -0.000135851
9.125 1.5 1 -9.55128e-05 0 15.4661 1.5 -0.000143269
9.175 1.49999 0.999992 -9.96042e-05 0 15.5508 1.49998 -0.000149405
9.225 1.49998 0.999982 -0.000102798 0 15.6356 1.49996 -0.000154196
9.275 1.49998 0.999973 -0.00010506 0 15.7203 1.49994 -0.000157587
9.325 1.49997 0.999964 -0.000106402 0 15.8051 1.49992 -0.000159599
9.375 1.49996 0.999955 -0.00010685 0 15.8898 1.4999 -0.000160271
9.425 1.49996 0.999948 -0.000106448 0 15.9746 1.49988 -0.000159668
9.475 1.49995 0.999942 -0.000105269 0 16.0593 1.49987 -0.000157898
9.525 1.49995 0.999936 -0.000103381 0 16.1441 1.49985 -0.000155066
9.575 1.49995 0.999932 -0.000100867 0 16.2288 1.49985 -0.000151295
9.625 1.49995 0.99993 -9.78242e-05 0 16.3136 1.49984 -0.000146731
9.675 1.49995 0.999928 -9.43532e-05 0 16.3983 1.49984 -0.000141525
9.725 1.49995 0.999928 -9.06627e-05 0 16.4831 1.49984 -0.000135989
9.775 1.49995 0.99993 -8.68686e-05 0 16.5678 1.49985 -0.000130299
9.825 1.49996 0.999933 -8.29455e-05 0 16.6525 1.49986 -0.000124415
9.875 1.49996 0.999937 -7.89479e-05 0 16.7373 1.49987 -0.000118419
9.925 1.49997 0.999942 -7.49439e-05 0 16.822 1.49988 -0.000112414
9.975 1.49998 0.999949 -7.09947e-05 0 16.9068 1.4999 -0.000106491
10.025 1.49999 0.999956 -6.71394e-05 0 16.9915 1.49993 -0.000100709
10.075 1.5 0.999964 -6.339e-05 0 17.0763 1.49995 -9.50853e-05
10.125 1.50002 0.999973 -5.97244e-05 0 17.161 1.49998 -8.95877e-05
10.175 1.50003 0.999982 -5.60834e-05 0 17.2458 1.50001 -8.4127e-05
10.225 1.50005 0.99999 -5.23746e-05 0 17.3305 1.50004 -7.85646e-05
10.275 1.50007 0.999999 -4.84721e-05 0 17.4153 1.50007 -7.27116e-05
10.325 1.50009 1.00001 -4.4193e-05 0 17.5 1.5001 -6.62935e-05
10.375 1.50011 1.00002 -3.92932e-05 0 17.5847 1.50014 -5.89442e-05
10.425 1.50014 1.00002 -3.34664e-05 0 17.6695 1.50017 -5.02042e-05
10.475 1.50017 1.00003 -2.63297e-05 0 17.7542 1.50021 -3.94989e-05
10.525 1.50019 1.00003 -1.75348e-05 0 17.839 1.50024 -2.63056e-05
10.575 1.50021 1.00004 -7.26859e-06 0 17.9237 1.50027 -1.09044e-05
10.625 1.50023 1.00004 4.21902e-06 0 18.0085 1.50029 6.3295e-06
10.675 1.50024 1.00004 1.66831e-05 0 18.0932 1.5003 2.50286e-05
10.725 1.50025 1.00004 3.00087e-05 0 18.178 1.50031 4.50206e-05
10.775 1.50026 1.00004 4.40864e-05 0 18.2627 1.50031 6.61409e-05
10.825 1.50026 1.00004 5.87813e-05 0 18.3475 1.50031 8.81871e-05
10.875 1.50026 1.00003 7.40642e-05 0 18.4322 1.50031 0.000111115
10.925 1.50026 1.00003 9.00274e-05 0 18.5169 1.5003 0.000135064
10.975 1.50025 1.00002 0.000106647 0 18.6017 1.50028 0.000159997
11.025 1.50025 1.00001 0.000123719 0 18.6864 1.50026 0.000185609
11.075 1.50023 1 0.000141008 0 18.7712 1.50024 0.000211545
11.125 1.50022 0.999997 0.000158313 0 18.8559 1.50021 0.000237505
11.175 1.5002 0.999988 0.000175461 0 18.9407 1.50018 0.000263227
11.225 1.50018 0.99998 0.000192254 0 19.0254 1.50015 0.000288416
11.275 1.50016 0.999972 0.000208436 0 19.1102 1.50011 0.000312686
11.325 1.50013 0.999965 0.000223658 0 19.1949 1.50008 0.000335516
11.375 1.5001 0.999958 0.000237504 0 19.2797 1.50004 0.000356279
11.425 1.50007 0.999952 0.000249513 0 19.3644 1.49999 0.000374286
11.475 1.50003 0.999947 0.000259213 0 19.4492 1.49995 0.000388827
11.525 1.49999 0.999943 0.000266143 0 19.5339 1.49991 0.000399212
11.575 1.49995 0.999941 0.000269862 0 19.6186 1.49986 0.00040478
11.625 1.49991 0.99994 0.000269897 0 19.7034 1.49982 0.000404821
11.675 1.49987 0.999939 0.000266134 0 19.7881 1.49978 0.000399166
11.725 1.49983 0.99994 0.000258631 0 19.8729 1.49974 0.000387904
11.775 1.4998 0.999943 0.000247745 0 19.9576 1.49972 0.000371569
11.825 1.49978 0.999946 0.000233833 0 20.0424 1.4997 0.000350699
11.875 1.49976 0.999951 0.000217324 0 20.1271 1.49969 0.000325935
11.925 1.49975 0.999957 0.000198704 0 20.2119 1.49969 0.000298007
11.975 1.49975 0.999963 0.000178412 0 20.2966 1.49969 0.000267573
12.025 1.49975 0.99997 0.000156742 0 20.3814 1.4997 0.000235073
12.075 1.49975 0.999978 0.000133774 0 20.4661 1.49972 0.000200627
12.125 1.49975 0.999985 0.000109576 0 20.5508 1.49973 0.000164337
12.175 1.49976 0.999993 8.43826e-05 0 20.6356 1.49975 0.000126554
12.225 1.49977 1 5.85052e-05 0 20.7203 1.49977 8.77443e-05
12.275 1.49978 1.00001 3.22952e-05 0 20.8051 1.49979 4.84357e-05
12.325 1.4998 1.00001 6.12406e-06 0 20.8898 1.49982 9.18484e-06
12.375 1.49982 1.00002 -1.95937e-05 0 20.9746 1.49985 -2.9387e-05
12.425 1.49984 1.00002 -4.43696e-05 0 21.0593 1.49988 -6.65472e-05
12.475 1.49987 1.00003 -6.7607e-05 0 21.1441 1.49991 -0.000101401
12.525 1.4999 1.00003 -8.86002e-05 0 21.2288 1.49994 -0.000132891
12.575 1.49994 1.00003 -0.000106572 0 21.3136 1.49998 -0.000159851
12.625 1.49998 1.00003 -0.000120704 0 21.3983 1.50002 -0.000181054
12.675 1.50001 1.00003 -0.000131419 0 21.4831 1.50005 -0.000197129
12.725 1.50003 1.00003 -0.000139276 0 21.5678 1.50007 -0.000208918
12.775 1.50005 1.00002 -0.000144699 0 21.6525 1.50008 -0.000217055
12.825 1.50006 1.00002 -0.00014806 0 21.7373 1.50009 -0.000222099
12.875 1.50007 1.00001 -0.0001497 0 21.822 1.50008 -0.00022456
12.925 1.50007 1.00001 -0.000149898 0 21.9068 1.50008 -0.000224857
12.975 1.50007 0.999999 -0.000148828 0 21.9915 1.50007 -0.000223252
13.025 1.50007 0.999992 -0.0001465 0 22.0763 1.50006 -0.00021976
13.075 1.50007 0.999985 -0.000142963 0 22.161 1.50004 -0.000214454
13.125 1.50006 0.999978 -0.000138373 0 22.2458 1.50003 -0.000207569
13.175 1.50006 0.999972 -0.000132928 0 22.3305 1.50001 -0.000199399
13.225 1.50005 0.999966 -0.000126823 0 22.4153 1.5 -0.000190241
13.275 1.50004 0.99996 -0.000120249 0 22.5 1.49998 -0.000180379
13.325 1.50003 0.999955 -0.000113269 0 22.5847 1.49997 -0.000169907
13.375 1.50003 0.999952 -0.000105934 0 22.6695 1.49996 -0.000158904
13.425 1.50002 0.999949 -9.83101e-05 0 22.7542 1.49995 -0.000147467
13.475 1.50002 0.999947 -9.04665e-05 0 22.839 1.49994 -0.000135702
13.525 1.50002 0.999947 -8.24953e-05 0 22.9237 1.49994 -0.000123745
13.575 1.50002 0.999947 -7.45484e-05 0 23.0085 1.49994 -0.000111824
13.625 1.50002 0.999949 -6.66954e-05 0 23.0932 1.49994 -0.000100044
13.675 1.50002 0.999952 -5.90209e-05 0 23.178 1.49995 -8.85325e-05
13.725 1.50002 0.999956 -5.15528e-05 0 23.2627 1.49996 -7.73303e-05
13.775 1.50003 0.999961 -4.43527e-05 0 23.3475 1.49997 -6.65303e-05
13.825 1.50003 0.999967 -3.75728e-05 0 23.4322 1.49998 -5.63604e-05
13.875 1.50004 0.999973 -3.14044e-05 0 23.5169 1.49999 -4.71077e-05
13.925 1.50004 0.999979 -2.59932e-05 0 23.6017 1.50001 -3.89908e-05
13.975 1.50004 0.999986 -2.14585e-05 0 23.6864 1.50002 -3.21886e-05
14.025 1.50005 0.999992 -1.79056e-05 0 23.7712 1.50003 -2.68591e-05
14.075 1.50005 0.999999 -1.54142e-05 0 23.8559 1.50005 -2.3122e-05
14.125 1.50005 1 -1.40153e-05 0 23.9407 1.50006 -2.10236e-05
14.175 1.50005 1.00001 -1.3706e-05 0 24.0254 1.50006 -2.05597e-05
14.225 1.50005 1.00001 -1.44295e-05 0 24.1102 1.50007 -2.1645e-05
14.275 1.50005 1.00002 -1.60745e-05 0 24.1949 1.50007 -2.41125e-05
14.325 1.50005 1.00002 -1.85567e-05 0 24.2797 1.50008 -2.78359e-05
14.375 1.50005 1.00002 -2.16558e-05 0 24.3644 1.50008 -3.24847e-05
14.425 1.50005 1.00002 -2.50855e-05 0 24.4492 1.50008 -3.76293e-05
14.475 1.50004 1.00002 -2.85865e-05 0 24.5339 1.50007 -4.2881e-05
14.525 1.50004 1.00002 -3.20359e-05 0 24.6186 1.50007 -4.80553e-05
14.575 1.50004 1.00001 -3.527e-05 0 24.7034 1.50006 -5.29065e-05
14.625 1.50004 1.00001 -3.81401e-05 0 24.7881 1.50006 -5.72117e-05
14.675 1.50004 1 -4.05179e-05 0 24.8729 1.50005 -6.07784e-05
14.725 1.50004 0.999999 -4.23054e-05 0 24.9576 1.50003 -6.34597e-05
14.775 1.50003 0.999992 -4.34384e-05 0 25.0424 1.50002 -6.5159e-05
14.825 1.50003 0.999986 -4.38798e-05 0 25.1271 1.50001 -6.58209e-05
14.875 1.50002 0.999979 -4.36234e-05 0 25.2119 1.49999 -6.54361e-05
14.925 1.50002 0.999973 -4.26936e-05 0 25.2966 1.49998 -6.40412e-05
14.975 1.50001 0.999966 -4.11267e-05 0 25.3814 1.49996 -6.16905e-05
15.025 1.50001 0.999961 -3.89925e-05 0 25.4661 1.49995 -5.8489e-05
15.075 1.5 0.999955 -3.63537e-05 0 25.5508 1.49994 -5.45306e-05
15.125 1.5 0.999951 -3.32713e-05 0 25.6356 1.49992 -4.99069e-05
15.175 1.49999 0.999947 -2.9819e-05 0 25.7203 1.49991 -4.47283e-05
15.225 1.49999 0.999944 -2.60819e-05 0 25.8051 1.4999 -3.91225e-05
15.275 1.49999 0.999942 -2.21579e-05 0 25.8898 1.4999 -3.32366e-05
15.325 1.49998 0.999942 -1.81484e-05 0 25.9746 1.4999 -2.72223e-05
15.375 1.49998 0.999942 -1.42168e-05 0 26.0593 1.4999 -2.13249e-05
15.425 1.49998 0.999943 -1.0496e-05 0 26.1441 1.4999 -1.57438e-05
15.475 1.49998 0.999945 -7.06745e-06 0 26.2288 1.4999 -1.06011e-05
15.525 1.49998 0.999948 -4.056e-06 0 26.3136 1.49991 -6.08393e-06
15.575 1.49998 0.999952 -1.5545e-06 0 26.3983 1.49991 -2.33172e-06
15.625 1.49999 0.999956 3.23767e-07 0 26.4831 1.49992 4.85646e-07
15.675 1.49999 0.999961 1.47924e-06 0 26.5678 1.49993 2.21885e-06
15.725 1.49999 0.999965 1.84675e-06 0 26.6525 1.49994 2.7701e-06
15.775 1.49999 0.99997 1.38003e-06 0 26.7373 1.49994 2.07003e-06
15.825 1.49999 0.999974 8.14638e-08 0 26.822 1.49995 1.22195e-07
15.875 1.49999 0.999978 -2.02488e-06 0 26.9068 1.49996 -3.0373e-06
15.925 1.49999 0.999982 -4.88581e-06 0 26.9915 1.49996 -7.32865e-06
15.975 1.49999 0.999984 -8.45364e-06 0 27.0763 1.49996 -1.26803e-05
16.025 1.49998 0.999986 -1.2646e-05 0 27.161 1.49996 -1.89688e-05
16.075 1.49998 0.999986 -1.73205e-05 0 27.2458 1.49996 -2.59804e-05
16.125 1.49998 0.999985 -2.22952e-05 0 27.3305 1.49996 -3.34424e-05
16.175 1.49998 0.999983 -2.74485e-05 0 27.4153 1.49995 -4.11722e-05
16.225 1.49997 0.99998 -3.26976e-05 0 27.5 1.49994 -4.90456e-05
16.275 1.49997 0.999976 -3.79459e-05 0 27.5847 1.49993 -5.69176e-05
16.325 1.49996 0.99997 -4.30919e-05 0 27.6695 1.49992 -6.46363e-05
16.375 1.49996 0.999963 -4.8046e-05 0 27.7542 1.4999 -7.20669e-05
16.425 1.49995 0.999955 -5.27345e-05 0 27.839 1.49988 -7.9099e-05
16.475 1.49994 0.999946 -5.7099e-05 0 27.9237 1.49986 -8.56451e-05
16.525 1.49993 0.999937 -6.10959e-05 0 28.0085 1.49984 -9.16396e-05
16.575 1.49992 0.999927 -6.46979e-05 0 28.0932 1.49981 -9.70418e-05
16.625 1.49991 0.999916 -6.78969e-05 0 28.178 1.49979 -0.000101839
16.675 1.4999 0.999906 -7.07045e-05 0 28.2627 1.49976 -0.00010605
16.725 1.49989 0.999895 -7.31509e-05 0 28.3475 1.49973 -0.000109718
16.775 1.49988 0.999884 -7.52859e-05 0 28.4322 1.49971 -0.00011292
16.825 1.49987 0.999873 -7.7189e-05 0 28.5169 1.49968 -0.000115773
16.875 1.49986 0.999863 -7.89727e-05 0 28.6017 1.49965 -0.000118448
16.925 1.49985 0.999854 -8.07715e-05 0 28.6864 1.49963 -0.000121145
16.975 1.49983 0.999844 -8.27351e-05 0 28.7712 1.4996 -0.000124089
17.025 1.49982 0.999835 -8.50275e-05 0 28.8559 1.49957 -0.000127526
17.075 1.49981 0.999827 -8.7821e-05 0 28.9407 1.49955 -0.000131715
17.125 1.49979 0.999818 -9.12895e-05 0 29.0254 1.49952 -0.000136916
17.175 1.49978 0.99981 -9.56009e-05 0 29.1102 1.4995 -0.00014338
17.225 1.49977 0.999802 -0.000100906 0 29.1949 1.49947 -0.000151335
17.275 1.49975 0.999794 -0.000107329 0 29.2797 1.49944 -0.000160966
17.325 1.49973 0.999786 -0.000114976 0 29.3644 1.49941 -0.000172433
17.375 1.49972 0.999777 -0.000123937 0 29.4492 1.49938 -0.000185871
17.425 1.4997 0.999767 -0.000134282 0 29.5339 1.49935 -0.000201382
17.475 1.49968 0.999756 -0.000146057 0 29.6186 1.49931 -0.000219039
17.525 1.49965 0.999744 -0.00015929 0 29.7034 1.49927 -0.000238879
17.575 1.49963 0.999731 -0.000173985 0 29.7881 1.49922 -0.000260913
17.625 1.4996 0.999716 -0.000190134 0 29.8729 1.49917 -0.000285125
17.675 1.49957 0.999699 -0.000207711 0 29.9576 1.49912 -0.000311478
17.725 1.49954 0.99968 -0.00022668 0 30.0424 1.49906 -0.000339915
17.775 1.4995 0.999659 -0.000246997 0 30.1271 1.49899 -0.000370373
17.825 1.49946 0.999635 -0.000268618 0 30.2119 1.49892 -0.000402782
17.875 1.49942 0.999608 -0.000291499 0 30.2966 1.49883 -0.00043708
17.925 1.49938 0.999578 -0.000315607 0 30.3814 1.49874 -0.000473214
17.975 1.49933 0.999546 -0.000340924 0 30.4661 1.49865 -0.000511157
18.025 1.49927 0.99951 -0.00036745 0 30.5508 1.49854 -0.000550908
18.075 1.49922 0.999471 -0.000395209 0 30.6356 1.49842 -0.000592504
18.125 1.49916 0.999429 -0.000424257 0 30.7203 1.4983 -0.000636027
18.175 1.49909 0.999383 -0.00045468 0 30.8051 1.49816 -0.000681606
18.225 1.49902 0.999333 -0.000486602 0 30.8898 1.49802 -0.000729426
18.275 1.49894 0.99928 -0.000520182 0 30.9746 1.49786 -0.000779723
18.325 1.49886 0.999224 -0.000555615 0 31.0593 1.4977 -0.00083279
18.375 1.49878 0.999164 -0.000593134 0 31.1441 1.49752 -0.000888975
18.425 1.49868 0.9991 -0.000633005 0 31.2288 1.49734 -0.000948675
18.475 1.49859 0.999031 -0.000675527 0 31.3136 1.49714 -0.00101234
18.525 1.49848 0.998959 -0.000721028 0 31.3983 1.49692 -0.00108045
18.575 1.49837 0.998882 -0.000769859 0 31.4831 1.4967 -0.00115353
18.625 1.49825 0.998801 -0.000822398 0 31.5678 1.49645 -0.00123216
18.675 1.49812 0.998714 -0.000879041 0 31.6525 1.4962 -0.00131691
18.725 1.49799 0.998622 -0.000940203 0 31.7373 1.49592 -0.00140841
18.775 1.49784 0.998524 -0.00100632 0 31.822 1.49563 -0.0015073
18.825 1.49768 0.998419 -0.00107783 0 31.9068 1.49532 -0.00161425
18.875 1.49752 0.998307 -0.0011552 0 31.9915 1.49498 -0.00172994
18.925 1.49734 0.998188 -0.00123891 0 32.0763 1.49462 -0.00185507
18.975 1.49715 0.998059 -0.00132944 0 32.161 1.49424 -0.00199036
19.025 1.49694 0.997922 -0.00142729 0 32.2458 1.49383 -0.00213657
19.075 1.49672 0.997775 -0.00153298 0 32.3305 1.49339 -0.00229444
19.125 1.49648 0.997616 -0.00164703 0 32.4153 1.49291 -0.00246475
19.175 1.49622 0.997446 -0.00176998 0 32.5 1.4924 -0.00264829
19.225 1.49595 0.997262 -0.00190238 0 32.5847 1.49185 -0.00284587
19.275 1.49565 0.997065 -0.00204481 0 32.6695 1.49126 -0.00305832
19.325 1.49533 0.996853 -0.00219785 0 32.7542 1.49063 -0.00328652
19.375 1.49499 0.996624 -0.00236212 0 32.839 1.48995 -0.00353136
19.425 1.49463 0.996378 -0.00253828 0 32.9237 1.48921 -0.00379378
19.475 1.49423 0.996114 -0.00272702 0 33.0085 1.48843 -0.0040748
19.525 1.49381 0.995829 -0.00292907 0 33.0932 1.48758 -0.00437547
19.575 1.49335 0.995524 -0.00314525 0 33.178 1.48667 -0.00469697
19.625 1.49287 0.995195 -0.00337643 0 33.2627 1.48569 -0.00504055
19.675 1.49234 0.994842 -0.00362355 0 33.3475 1.48465 -0.00540758
19.725 1.49178 0.994464 -0.00388765 0 33.4322 1.48352 -0.00579953
19.775 1.49118 0.994057 -0.00416988 0 33.5169 1.48232 -0.00621805
19.825 1.49053 0.993621 -0.00447148 0 33.6017 1.48103 -0.0066649
19.875 1.48984 0.993154 -0.00479382 0 33.6864 1.47964 -0.00714203
19.925 1.4891 0.992652 -0.00513836 0 33.7712 1.47816 -0.00765155
19.975 1.48831 0.992115 -0.00550672 0 33.8559 1.47657 -0.0081957
