-19.975 1.49286 0.995208 -0.0033608 0 -33.2917 1.4857 -0.0050172
-19.925 1.49234 0.994858 -0.00360765 0 -33.2083 1.48466 -0.00538383
-19.875 1.49178 0.994483 -0.00387211 0 -33.125 1.48355 -0.00577634
-19.825 1.49118 0.994079 -0.00415531 0 -33.0417 1.48235 -0.00619631
-19.775 1.49054 0.993644 -0.00445841 0 -32.9583 1.48106 -0.00664543
-19.725 1.48985 0.993178 -0.00478271 0 -32.875 1.47968 -0.00712551
-19.675 1.48911 0.992677 -0.00512959 0 -32.7917 1.4782 -0.0076385
-19.625 1.48831 0.992139 -0.00550051 0 -32.7083 1.47661 -0.00818648
-19.575 1.48746 0.991562 -0.00589709 0 -32.625 1.47491 -0.00877171
-19.525 1.48655 0.990942 -0.00632106 0 -32.5417 1.47309 -0.0093966
-19.475 1.48558 0.990277 -0.0067743 0 -32.4583 1.47114 -0.0100638
-19.425 1.48454 0.989565 -0.00725884 0 -32.375 1.46905 -0.010776
-19.375 1.48342 0.988801 -0.00777683 0 -32.2917 1.46681 -0.0115363
-19.325 1.48222 0.987982 -0.00833058 0 -32.2083 1.46441 -0.0123478
-19.275 1.48094 0.987104 -0.00892257 0 -32.125 1.46184 -0.0132138
-19.225 1.47957 0.986163 -0.00955544 0 -32.0417 1.4591 -0.014138
-19.175 1.47811 0.985155 -0.010232 0 -31.9583 1.45616 -0.015124
-19.125 1.47654 0.984075 -0.0109552 0 -31.875 1.45303 -0.0161757
-19.075 1.47486 0.982918 -0.011728 0 -31.7917 1.44967 -0.0172972
-19.025 1.47307 0.981678 -0.0125538 0 -31.7083 1.44608 -0.0184927
-18.975 1.47115 0.980351 -0.0134359 0 -31.625 1.44225 -0.0197663
-18.925 1.46911 0.978928 -0.0143779 0 -31.5417 1.43815 -0.0211227
-18.875 1.46692 0.977405 -0.0153834 0 -31.4583 1.43377 -0.0225662
-18.825 1.46458 0.975772 -0.0164562 0 -31.375 1.4291 -0.0241014
-18.775 1.46208 0.974024 -0.0176001 0 -31.2917 1.42411 -0.0257329
-18.725 1.45942 0.972152 -0.0188192 0 -31.2083 1.41878 -0.0274651
-18.675 1.45658 0.970147 -0.0201175 0 -31.125 1.41309 -0.0293027
-18.625 1.45354 0.967999 -0.0214993 0 -31.0417 1.40703 -0.0312501
-18.575 1.45031 0.9657 -0.0229686 0 -30.9583 1.40056 -0.0333116
-18.525 1.44686 0.963238 -0.0245299 0 -30.875 1.39367 -0.0354913
-18.475 1.44319 0.960603 -0.0261871 0 -30.7917 1.38633 -0.037793
-18.425 1.43928 0.957783 -0.0279446 0 -30.7083 1.37852 -0.0402202
-18.375 1.43512 0.954766 -0.0298066 0 -30.625 1.37021 -0.0427762
-18.325 1.4307 0.951539 -0.0317772 0 -30.5417 1.36137 -0.0454637
-18.275 1.42601 0.948089 -0.0338601 0 -30.4583 1.35198 -0.0482847
-18.225 1.42102 0.944401 -0.0360588 0 -30.375 1.34201 -0.0512403
-18.175 1.41573 0.94046 -0.0383766 0 -30.2917 1.33144 -0.054331
-18.125 1.41013 0.936251 -0.0408164 0 -30.2083 1.32023 -0.0575563
-18.075 1.40419 0.931758 -0.0433806 0 -30.125 1.30837 -0.0609147
-18.025 1.39791 0.926964 -0.0460708 0 -30.0417 1.29581 -0.0644029
-17.975 1.39128 0.921852 -0.0488876 0 -29.9583 1.28255 -0.0680161
-17.925 1.38427 0.916403 -0.0518305 0 -29.875 1.26855 -0.0717476
-17.875 1.37689 0.910599 -0.0548983 0 -29.7917 1.2538 -0.075589
-17.825 1.36912 0.904422 -0.0580882 0 -29.7083 1.23826 -0.0795297
-17.775 1.36095 0.897852 -0.061396 0 -29.625 1.22193 -0.0835568
-17.725 1.35237 0.890871 -0.0648153 0 -29.5417 1.20479 -0.0876542
-17.675 1.34338 0.883459 -0.0683372 0 -29.4583 1.18682 -0.0918026
-17.625 1.33397 0.875597 -0.0719506 0 -29.375 1.16802 -0.0959798
-17.575 1.32414 0.867266 -0.075642 0 -29.2917 1.14838 -0.100161
-17.525 1.31389 0.85845 -0.0793949 0 -29.2083 1.12791 -0.104316
-17.475 1.30323 0.849132 -0.083189 0 -29.125 1.10662 -0.108415
-17.425 1.29217 0.839297 -0.0869996 0 -29.0417 1.08451 -0.112418
-17.375 1.2807 0.828933 -0.0907979 0 -28.9583 1.06162 -0.116285
-17.325 1.26886 0.818027 -0.0945507 0 -28.875 1.03796 -0.119972
-17.275 1.25665 0.806574 -0.0982211 0 -28.7917 1.01358 -0.12343
-17.225 1.24411 0.794571 -0.101767 0 -28.7083 0.988535 -0.126609
-17.175 1.23126 0.782023 -0.10514 0 -28.625 0.962876 -0.129455
-17.125 1.21815 0.76894 -0.108286 0 -28.5417 0.936681 -0.131908
-17.075 1.2048 0.75534 -0.111147 0 -28.4583 0.910033 -0.133909
-17.025 1.19128 0.741245 -0.113658 0 -28.375 0.883028 -0.135398
-16.975 1.17763 0.726692 -0.115754 0 -28.2917 0.855773 -0.136316
-16.925 1.16393 0.711728 -0.117365 0 -28.2083 0.8284 -0.136604
-16.875 1.15026 0.696412 -0.118413 0 -28.125 0.801053 -0.136205
-16.825 1.13668 0.680824 -0.118819 0 -28.0417 0.773881 -0.135059
-16.775 1.12328 0.665073 -0.118508 0 -27.9583 0.747065 -0.133118
-16.725 1.11014 0.649252 -0.117413 0 -27.875 0.720759 -0.130344
-16.675 1.09732 0.633456 -0.11546 0 -27.7917 0.695103 -0.126697
-16.625 1.08492 0.617812 -0.112585 0 -27.7083 0.670277 -0.122146
-16.575 1.07303 0.602462 -0.108734 0 -27.625 0.646458 -0.116675
-16.525 1.06173 0.587557 -0.103872 0 -27.5417 0.623827 -0.110284
-16.475 1.05112 0.573262 -0.0979779 0 -27.4583 0.602568 -0.102987
-16.425 1.04129 0.559749 -0.0910524 0 -27.375 0.582859 -0.0948117
-16.375 1.03231 0.54719 -0.0831147 0 -27.2917 0.564872 -0.0858005
-16.325 1.02428 0.535759 -0.0742057 0 -27.2083 0.548768 -0.0760076
-16.275 1.01727 0.525619 -0.064391 0 -27.125 0.534695 -0.0655029
-16.225 1.01133 0.516924 -0.0537628 0 -27.0417 0.522783 -0.0543721
-16.175 1.00654 0.509813 -0.0424361 0 -26.9583 0.513148 -0.0427136
-16.125 1.00293 0.504405 -0.0305453 0 -26.875 0.505885 -0.0306349
-16.075 1.00054 0.500792 -0.0182433 0 -26.7917 0.501064 -0.0182532
-16.025 0.999449 0.499037 -0.0056844 0 -26.7083 0.498762 -0.00568127
-15.975 0.999319 0.499169 0.00691296 0 -26.625 0.498829 0.00690825
-15.925 1.00023 0.501177 0.0192773 0 -26.5417 0.501293 0.0192818
-15.875 1.00278 0.505017 0.0313394 0 -26.4583 0.506423 0.0314266
-15.825 1.00668 0.510622 0.0429886 0 -26.375 0.514032 0.0432757
-15.775 1.01169 0.517897 0.0540799 0 -26.2917 0.52395 0.0547119
-15.725 1.01778 0.526724 0.0644764 0 -26.2083 0.536091 0.065623
-15.675 1.02495 0.536965 0.0740698 0 -26.125 0.550362 0.0759178
-15.625 1.03313 0.548465 0.0827765 0 -26.0417 0.566633 0.0855185
-15.575 1.04222 0.561062 0.0905357 0 -25.9583 0.584753 0.0943585
-15.525 1.05217 0.574585 0.0973093 0 -25.875 0.604558 0.102386
-15.475 1.06287 0.588862 0.103081 0 -25.7917 0.625882 0.109562
-15.425 1.07424 0.603728 0.107854 0 -25.7083 0.648549 0.115862
-15.375 1.0862 0.619027 0.11165 0 -25.625 0.672384 0.121273
-15.325 1.09864 0.634609 0.114505 0 -25.5417 0.697209 0.1258
-15.275 1.1115 0.650336 0.11647 0 -25.4583 0.722849 0.129457
-15.225 1.12469 0.666084 0.117604 0 -25.375 0.749137 0.132268
-15.175 1.13809 0.68173 0.117964 0 -25.2917 0.775871 0.134254
-15.125 1.15161 0.69716 0.117622 0 -25.2083 0.802854 0.135454
-15.075 1.16517 0.712305 0.116652 0 -25.125 0.829957 0.13592
-15.025 1.17873 0.727116 0.115127 0 -25.0417 0.85707 0.135703
-14.975 1.19222 0.741536 0.113115 0 -24.9583 0.884071 0.134858
-14.925 1.20559 0.755519 0.110685 0 -24.875 0.910847 0.133441
-14.875 1.2188 0.769027 0.107903 0 -24.7917 0.937291 0.131513
-14.825 1.2318 0.782035 0.104832 0 -24.7083 0.963307 0.129132
-14.775 1.24453 0.794522 0.10153 0 -24.625 0.98881 0.126357
-14.725 1.25698 0.806479 0.0980483 0 -24.5417 1.01373 0.123245
-14.675 1.2691 0.8179 0.0944356 0 -24.4583 1.038 0.119848
-14.625 1.28088 0.828786 0.090734 0 -24.375 1.06157 0.116219
-14.575 1.29228 0.83914 0.0869817 0 -24.2917 1.0844 0.112405
-14.525 1.3033 0.84897 0.0832119 0 -24.2083 1.10646 0.10845
-14.475 1.31391 0.858287 0.0794535 0 -24.125 1.12772 0.104395
-14.425 1.32412 0.867104 0.0757308 0 -24.0417 1.14815 0.100277
-14.375 1.33392 0.875437 0.0720649 0 -23.9583 1.16776 0.0961287
-14.325 1.3433 0.883302 0.0684732 0 -23.875 1.18654 0.09198
-14.275 1.35227 0.890717 0.0649702 0 -23.7917 1.20449 0.0878569
-14.225 1.36082 0.897703 0.0615672 0 -23.7083 1.22161 0.083782
-14.175 1.36898 0.904276 0.0582731 0 -23.625 1.23793 0.0797745
-14.125 1.37673 0.910458 0.0550946 0 -23.5417 1.25346 0.0758506
-14.075 1.3841 0.916267 0.0520367 0 -23.4583 1.26821 0.0720242
-14.025 1.3911 0.921721 0.0491024 0 -23.375 1.2822 0.0683063
-13.975 1.39773 0.92684 0.0462935 0 -23.2917 1.29547 0.0647057
-13.925 1.404 0.931641 0.0436102 0 -23.2083 1.30803 0.0612289
-13.875 1.40994 0.936142 0.041052 0 -23.125 1.3199 0.0578807
-13.825 1.41555 0.940359 0.0386173 0 -23.0417 1.33112 0.0546645
-13.775 1.42084 0.94431 0.0363039 0 -22.9583 1.34171 0.051582
-13.725 1.42583 0.948008 0.034109 0 -22.875 1.3517 0.0486338
-13.675 1.43054 0.951471 0.0320293 0 -22.7917 1.36111 0.0458191
-13.625 1.43497 0.95471 0.030061 0 -22.7083 1.36998 0.0431366
-13.575 1.43914 0.957741 0.0282002 0 -22.625 1.37832 0.040584
-13.525 1.44306 0.960575 0.0264428 0 -22.5417 1.38617 0.0381587
-13.475 1.44675 0.963224 0.0247846 0 -22.4583 1.39355 0.0358572
-13.425 1.45022 0.965701 0.0232213 0 -22.375 1.40047 0.0336759
-13.375 1.45347 0.968016 0.0217485 0 -22.2917 1.40698 0.0316107
-13.325 1.45652 0.970179 0.020362 0 -22.2083 1.41309 0.0296576
-13.275 1.45938 0.9722 0.0190575 0 -22.125 1.41881 0.0278122
-13.225 1.46207 0.974087 0.017831 0 -22.0417 1.42418 0.0260701
-13.175 1.46458 0.975849 0.0166784 0 -21.9583 1.42921 0.0244269
-13.125 1.46694 0.977495 0.0155959 0 -21.875 1.43393 0.0228783
-13.075 1.46914 0.979031 0.0145799 0 -21.7917 1.43834 0.0214199
-13.025 1.47121 0.980465 0.0136266 0 -21.7083 1.44247 0.0200476
-12.975 1.47314 0.981803 0.0127327 0 -21.625 1.44634 0.0187571
-12.925 1.47495 0.983052 0.0118949 0 -21.5417 1.44995 0.0175444
-12.875 1.47664 0.984217 0.0111101 0 -21.4583 1.45334 0.0164056
-12.825 1.47822 0.985304 0.0103752 0 -21.375 1.4565 0.0153369
-12.775 1.4797 0.986318 0.00968748 0 -21.2917 1.45945 0.0143346
-12.725 1.48108 0.987264 0.00904413 0 -21.2083 1.46222 0.0133951
-12.675 1.48237 0.988146 0.00844256 0 -21.125 1.4648 0.012515
-12.625 1.48358 0.988968 0.00788026 0 -21.0417 1.46721 0.011691
-12.575 1.4847 0.989735 0.00735485 0 -20.9583 1.46946 0.0109198
-12.525 1.48576 0.990451 0.00686407 0 -20.875 1.47157 0.0101983
-12.475 1.48674 0.991118 0.00640575 0 -20.7917 1.47353 0.00952367
-12.425 1.48766 0.991741 0.00597781 0 -20.7083 1.47537 0.00889292
-12.375 1.48851 0.992322 0.0055783 0 -20.625 1.47708 0.00830337
-12.325 1.48931 0.992864 0.00520536 0 -20.5417 1.47868 0.0077524
-12.275 1.49006 0.993369 0.00485721 0 -20.4583 1.48018 0.00723752
-12.225 1.49076 0.993841 0.00453218 0 -20.375 1.48157 0.00675638
-12.175 1.49141 0.994282 0.00422872 0 -20.2917 1.48288 0.00630674
-12.125 1.49201 0.994693 0.00394536 0 -20.2083 1.4841 0.00588652
-12.075 1.49258 0.995077 0.00368071 0 -20.125 1.48523 0.00549376
-12.025 1.49311 0.995436 0.00343352 0 -20.0417 1.48629 0.00512663
-11.975 1.4936 0.995771 0.00320261 0 -19.9583 1.48729 0.00478343
-11.925 1.49406 0.996083 0.00298688 0 -19.875 1.48821 0.00446259
-11.875 1.49449 0.996375 0.00278535 0 -19.7917 1.48907 0.00416268
-11.825 1.49489 0.996648 0.00259708 0 -19.7083 1.48988 0.00388235
-11.775 1.49527 0.996902 0.00242124 0 -19.625 1.49063 0.00362039
-11.725 1.49561 0.997139 0.00225704 0 -19.5417 1.49133 0.00337567
-11.675 1.49594 0.997359 0.00210378 0 -19.4583 1.49199 0.00314713
-11.625 1.49624 0.997565 0.0019608 0 -19.375 1.4926 0.00293383
-11.575 1.49652 0.997757 0.00182747 0 -19.2917 1.49317 0.00273485
-11.525 1.49679 0.997935 0.00170322 0 -19.2083 1.4937 0.00254936
-11.475 1.49703 0.998101 0.00158752 0 -19.125 1.49419 0.00237657
-11.425 1.49726 0.998256 0.00147985 0 -19.0417 1.49465 0.00221572
-11.375 1.49748 0.998399 0.00137971 0 -18.9583 1.49508 0.00206608
-11.325 1.49767 0.998533 0.00128663 0 -18.875 1.49548 0.00192696
-11.275 1.49786 0.998657 0.00120016 0 -18.7917 1.49585 0.00179767
-11.225 1.49803 0.998772 0.00111985 0 -18.7083 1.49619 0.00167757
-11.175 1.4982 0.99888 0.00104525 0 -18.625 1.49652 0.00156599
-11.125 1.49835 0.99898 0.000975953 0 -18.5417 1.49682 0.00146232
-11.075 1.49849 0.999073 0.000911544 0 -18.4583 1.4971 0.00136594
-11.025 1.49862 0.99916 0.000851626 0 -18.375 1.49736 0.00127626
-10.975 1.49874 0.999241 0.000795822 0 -18.2917 1.4976 0.00119273
-10.925 1.49886 0.999316 0.000743775 0 -18.2083 1.49783 0.00111481
-10.875 1.49896 0.999387 0.000695156 0 -18.125 1.49804 0.00104201
-10.825 1.49906 0.999453 0.000649661 0 -18.0417 1.49824 0.000973883
-10.775 1.49916 0.999515 0.000607019 0 -17.9583 1.49843 0.000910016
-10.725 1.49924 0.999573 0.000566987 0 -17.875 1.4986 0.000850051
-10.675 1.49933 0.999627 0.000529352 0 -17.7917 1.49877 0.00079367
-10.625 1.4994 0.999678 0.00049393 0 -17.7083 1.49892 0.000740599
-10.575 1.49947 0.999725 0.000460565 0 -17.625 1.49906 0.000690604
-10.525 1.49954 0.99977 0.000429126 0 -17.5417 1.49919 0.000643491
-10.475 1.4996 0.999811 0.000399502 0 -17.4583 1.49932 0.000599094
-10.425 1.49966 0.999849 0.0003716 0 -17.375 1.49943 0.000557273
-10.375 1.49971 0.999884 0.000345336 0 -17.2917 1.49954 0.000517905
-10.325 1.49976 0.999916 0.000320635 0 -17.2083 1.49964 0.000480877
-10.275 1.49981 0.999946 0.000297428 0 -17.125 1.49973 0.000446086
-10.225 1.49985 0.999973 0.000275649 0 -17.0417 1.49981 0.000413433
-10.175 1.49989 0.999997 0.00025523 0 -16.9583 1.49989 0.000382818
-10.125 1.49993 1.00002 0.000236096 0 -16.875 1.49996 0.000354128
-10.075 1.49996 1.00004 0.000218167 0 -16.7917 1.50002 0.000327243
-10.025 1.5 1.00006 0.000201358 0 -16.7083 1.50008 0.000302036
-9.975 1.50002 1.00007 0.000185583 0 -16.625 1.50014 0.000278379
-9.925 1.50005 1.00009 0.000170759 0 -16.5417 1.50018 0.000256147
-9.875 1.50008 1.0001 0.000156806 0 -16.4583 1.50023 0.000235221
-9.825 1.5001 1.00011 0.000143644 0 -16.375 1.50027 0.000215481
-9.775 1.50012 1.00013 0.000131195 0 -16.2917 1.50031 0.000196808
-9.725 1.50014 1.00013 0.000119375 0 -16.2083 1.50034 0.000179079
-9.675 1.50015 1.00014 0.000108103 0 -16.125 1.50037 0.000162171
-9.625 1.50017 1.00015 9.73022e-05 0 -16.0417 1.5004 0.00014597
-9.575 1.50018 1.00016 8.69054e-05 0 -15.9583 1.50042 0.000130374
-9.525 1.50019 1.00017 7.68615e-05 0 -15.875 1.50044 0.000115307
-9.475 1.5002 1.00017 6.7133e-05 0 -15.7917 1.50046 0.000100713
-9.425 1.50021 1.00018 5.76909e-05 0 -15.7083 1.50048 8.65486e-05
-9.375 1.50022 1.00018 4.85099e-05 0 -15.625 1.5005 7.27756e-05
-9.325 1.50023 1.00019 3.95691e-05 0 -15.5417 1.50051 5.93626e-05
-9.275 1.50023 1.00019 3.08564e-05 0 -15.4583 1.50052 4.62917e-05
-9.225 1.50024 1.0002 2.23726e-05 0 -15.375 1.50053 3.35641e-05
-9.175 1.50024 1.0002 1.4131e-05 0 -15.2917 1.50054 2.11998e-05
-9.125 1.50024 1.0002 6.15351e-06 0 -15.2083 1.50054 9.23175e-06
-9.075 1.50024 1.0002 -1.53978e-06 0 -15.125 1.50055 -2.31004e-06
-9.025 1.50024 1.0002 -8.88852e-06 0 -15.0417 1.50055 -1.33349e-05
-8.975 1.50024 1.0002 -1.5768e-05 0 -14.9583 1.50055 -2.36558e-05
-8.925 1.50024 1.0002 -2.22641e-05 0 -14.875 1.50054 -3.34015e-05
-8.875 1.50023 1.0002 -2.84356e-05 0 -14.7917 1.50053 -4.26601e-05
-8.825 1.50023 1.00019 -3.43e-05 0 -14.7083 1.50052 -5.14578e-05
-8.775 1.50022 1.00019 -3.98452e-05 0 -14.625 1.50051 -5.97768e-05
-8.725 1.50022 1.00019 -4.50602e-05 0 -14.5417 1.5005 -6.76001e-05
-8.675 1.50021 1.00018 -4.99472e-05 0 -14.4583 1.50048 -7.49312e-05
-8.625 1.5002 1.00017 -5.45185e-05 0 -14.375 1.50046 -8.17888e-05
-8.575 1.50019 1.00017 -5.87894e-05 0 -14.2917 1.50044 -8.81955e-05
-8.525 1.50018 1.00016 -6.27735e-05 0 -14.2083 1.50042 -9.41718e-05
-8.475 1.50017 1.00015 -6.64825e-05 0 -14.125 1.5004 -9.97354e-05
-8.425 1.50016 1.00014 -6.99278e-05 0 -14.0417 1.50038 -0.000104903
-8.375 1.50015 1.00014 -7.31208e-05 0 -13.9583 1.50036 -0.000109692
-8.325 1.50014 1.00013 -7.6073e-05 0 -13.875 1.50033 -0.00011412
-8.275 1.50013 1.00012 -7.87931e-05 0 -13.7917 1.50031 -0.0001182
-8.225 1.50012 1.00011 -8.12867e-05 0 -13.7083 1.50029 -0.00012194
-8.175 1.5001 1.0001 -8.35552e-05 0 -13.625 1.50026 -0.000125342
-8.125 1.50009 1.0001 -8.55971e-05 0 -13.5417 1.50024 -0.000128404
-8.075 1.50008 1.00009 -8.74074e-05 0 -13.4583 1.50021 -0.000131118
-8.025 1.50007 1.00008 -8.89781e-05 0 -13.375 1.50019 -0.000133473
-7.975 1.50005 1.00007 -9.02982e-05 0 -13.2917 1.50016 -0.000135452
-7.925 1.50004 1.00006 -9.13542e-05 0 -13.2083 1.50013 -0.000137035
-7.875 1.50003 1.00005 -9.21313e-05 0 -13.125 1.5001 -0.000138199
-7.825 1.50001 1.00004 -9.26153e-05 0 -13.0417 1.50008 -0.000138924
-7.775 1.5 1.00003 -9.2795e-05 0 -12.9583 1.50005 -0.000139192
-7.725 1.49998 1.00002 -9.26648e-05 0 -12.875 1.50002 -0.000138996
-7.675 1.49997 1.00001 -9.22066e-05 0 -12.7917 1.49999 -0.000138307
-7.625 1.49996 1 -9.14055e-05 0 -12.7083 1.49996 -0.000137104
-7.575 1.49994 0.999989 -9.02559e-05 0 -12.625 1.49993 -0.000135379
-7.525 1.49993 0.999978 -8.87539e-05 0 -12.5417 1.4999 -0.000133125
-7.475 1.49992 0.999965 -8.68973e-05 0 -12.4583 1.49986 -0.000130339
-7.425 1.4999 0.999953 -8.46891e-05 0 -12.375 1.49983 -0.000127025
-7.375 1.49989 0.999941 -8.21331e-05 0 -12.2917 1.4998 -0.000123191
-7.325 1.49988 0.999929 -7.92335e-05 0 -12.2083 1.49977 -0.000118841
-7.275 1.49987 0.999917 -7.60092e-05 0 -12.125 1.49974 -0.000114004
-7.225 1.49986 0.999906 -7.24845e-05 0 -12.0417 1.49971 -0.000108716
-7.175 1.49985 0.999895 -6.86851e-05 0 -11.9583 1.49969 -0.000103017
-7.125 1.49984 0.999885 -6.46343e-05 0 -11.875 1.49966 -9.69409e-05
-7.075 1.49983 0.999875 -6.03505e-05 0 -11.7917 1.49964 -9.05153e-05
-7.025 1.49982 0.999866 -5.58474e-05 0 -11.7083 1.49962 -8.37608e-05
-6.975 1.49981 0.999858 -5.11368e-05 0 -11.625 1.4996 -7.66954e-05
-6.925 1.4998 0.99985 -4.62328e-05 0 -11.5417 1.49958 -6.934e-05
-6.875 1.4998 0.999844 -4.11541e-05 0 -11.4583 1.49956 -6.17227e-05
-6.825 1.49979 0.999838 -3.59229e-05 0 -11.375 1.49955 -5.38768e-05
-6.775 1.49979 0.999832 -3.05608e-05 0 -11.2917 1.49953 -4.58346e-05
-6.725 1.49978 0.999828 -2.50838e-05 0 -11.2083 1.49952 -3.76201e-05
-6.675 1.49978 0.999824 -1.94995e-05 0 -11.125 1.49951 -2.9245e-05
-6.625 1.49977 0.99982 -1.38087e-05 0 -11.0417 1.49951 -2.071e-05
-6.575 1.49977 0.999818 -8.00776e-06 0 -10.9583 1.4995 -1.20098e-05
-6.525 1.49977 0.999815 -2.09907e-06 0 -10.875 1.4995 -3.14812e-06
-6.475 1.49977 0.999813 3.90684e-06 0 -10.7917 1.49949 5.85937e-06
-6.425 1.49977 0.999812 9.94114e-06 0 -10.7083 1.49949 1.49094e-05
-6.375 1.49978 0.999811 1.59954e-05 0 -10.625 1.49949 2.39895e-05
-6.325 1.49978 0.999811 2.20749e-05 0 -10.5417 1.49949 3.31075e-05
-6.275 1.49978 0.999811 2.81501e-05 0 -10.4583 1.4995 4.22191e-05
-6.225 1.49979 0.999811 3.4164e-05 0 -10.375 1.4995 5.12387e-05
-6.175 1.49979 0.999813 4.01041e-05 0 -10.2917 1.49951 6.01478e-05
-6.125 1.4998 0.999815 4.59383e-05 0 -10.2083 1.49952 6.88981e-05
-6.075 1.49981 0.999817 5.16288e-05 0 -10.125 1.49953 7.74332e-05
-6.025 1.49981 0.999821 5.71334e-05 0 -10.0417 1.49955 8.56894e-05
-5.975 1.49982 0.999825 6.241e-05 0 -9.95833 1.49956 9.36039e-05
-5.925 1.49983 0.99983 6.74191e-05 0 -9.875 1.49958 0.000101117
-5.875 1.49984 0.999837 7.21239e-05 0 -9.79167 1.4996 0.000108175
-5.825 1.49986 0.999844 7.64907e-05 0 -9.70833 1.49962 0.000114725
-5.775 1.49987 0.999852 8.04898e-05 0 -9.625 1.49964 0.000120724
-5.725 1.49988 0.999861 8.40952e-05 0 -9.54167 1.49967 0.000126133
-5.675 1.49989 0.999871 8.72867e-05 0 -9.45833 1.4997 0.000130921
-5.625 1.49991 0.999881 9.00527e-05 0 -9.375 1.49973 0.00013507
-5.575 1.49992 0.999893 9.23917e-05 0 -9.29167 1.49976 0.00013858
-5.525 1.49993 0.999905 9.43098e-05 0 -9.20833 1.49979 0.000141458
-5.475 1.49995 0.999917 9.58145e-05 0 -9.125 1.49982 0.000143717
-5.425 1.49996 0.99993 9.6908e-05 0 -9.04167 1.49986 0.000145358
-5.375 1.49998 0.999943 9.75804e-05 0 -8.95833 1.49989 0.000146368
-5.325 1.49999 0.999956 9.7828e-05 0 -8.875 1.49993 0.000146741
-5.275 1.50001 0.999969 9.76573e-05 0 -8.79167 1.49996 0.000146487
-5.225 1.50002 0.999981 9.70794e-05 0 -8.70833 1.49999 0.000145621
-5.175 1.50004 0.999994 9.60997e-05 0 -8.625 1.50003 0.000144153
-5.125 1.50005 1.00001 9.47207e-05 0 -8.54167 1.50006 0.000142086
-5.075 1.50006 1.00002 9.29402e-05 0 -8.45833 1.50009 0.000139416
-5.025 1.50008 1.00003 9.07484e-05 0 -8.375 1.50012 0.00013613
-4.975 1.50009 1.00004 8.81278e-05 0 -8.29167 1.50015 0.0001322
-4.925 1.5001 1.00005 8.50589e-05 0 -8.20833 1.50018 0.000127597
-4.875 1.50012 1.00006 8.15242e-05 0 -8.125 1.50021 0.000122296
-4.825 1.50013 1.00007 7.75115e-05 0 -8.04167 1.50023 0.000116277
-4.775 1.50014 1.00008 7.30158e-05 0 -7.95833 1.50026 0.000109534
-4.725 1.50015 1.00009 6.804e-05 0 -7.875 1.50028 0.00010207
-4.675 1.50016 1.0001 6.25937e-05 0 -7.79167 1.5003 9.39005e-05
-4.625 1.50017 1.0001 5.66904e-05 0 -7.70833 1.50032 8.50452e-05
-4.575 1.50018 1.00011 5.03473e-05 0 -7.625 1.50034 7.55299e-05
-4.525 1.50018 1.00012 4.35872e-05 0 -7.54167 1.50036 6.53888e-05
-4.475 1.50019 1.00012 3.64424e-05 0 -7.45833 1.50037 5.46705e-05
-4.425 1.50019 1.00013 2.89557e-05 0 -7.375 1.50039 4.34392e-05
-4.375 1.5002 1.00013 2.11784e-05 0 -7.29167 1.5004 3.17718e-05
-4.325 1.5002 1.00014 1.3172e-05 0 -7.20833 1.5004 1.97607e-05
-4.275 1.5002 1.00014 5.01558e-06 0 -7.125 1.50041 7.52438e-06
-4.225 1.5002 1.00014 -3.19952e-06 0 -7.04167 1.50041 -4.79993e-06
-4.175 1.5002 1.00014 -1.13295e-05 0 -6.95833 1.50041 -1.69965e-05
-4.125 1.5002 1.00014 -1.92446e-05 0 -6.875 1.50041 -2.88707e-05
-4.075 1.5002 1.00014 -2.69045e-05 0 -6.79167 1.5004 -4.03621e-05
-4.025 1.50019 1.00014 -3.43152e-05 0 -6.70833 1.50039 -5.14794e-05
-3.975 1.50019 1.00013 -4.14183e-05 0 -6.625 1.50038 -6.21351e-05
-3.925 1.50018 1.00013 -4.81448e-05 0 -6.54167 1.50037 -7.22258e-05
-3.875 1.50017 1.00012 -5.44409e-05 0 -6.45833 1.50035 -8.16706e-05
-3.825 1.50016 1.00011 -6.02719e-05 0 -6.375 1.50033 -9.04176e-05
-3.775 1.50015 1.00011 -6.56147e-05 0 -6.29167 1.50031 -9.8432e-05
-3.725 1.50014 1.0001 -7.04533e-05 0 -6.20833 1.50029 -0.00010569
-3.675 1.50013 1.00009 -7.47809e-05 0 -6.125 1.50026 -0.000112181
-3.625 1.50012 1.00008 -7.8599e-05 0 -6.04167 1.50024 -0.000117908
-3.575 1.50011 1.00007 -8.19136e-05 0 -5.95833 1.50021 -0.000122879
-3.525 1.50009 1.00005 -8.47331e-05 0 -5.875 1.50018 -0.000127108
-3.475 1.50008 1.00004 -8.70682e-05 0 -5.79167 1.50014 -0.000130609
-3.425 1.50007 1.00003 -8.89306e-05 0 -5.70833 1.50011 -0.000133402
-3.375 1.50005 1.00002 -9.03277e-05 0 -5.625 1.50008 -0.000135497
-3.325 1.50004 1 -9.12595e-05 0 -5.54167 1.50005 -0.000136893
-3.275 1.50003 0.99999 -9.17199e-05 0 -5.45833 1.50001 -0.000137582
-3.225 1.50001 0.999977 -9.17004e-05 0 -5.375 1.49998 -0.000137552
-3.175 1.5 0.999965 -9.11882e-05 0 -5.29167 1.49995 -0.000136782
-3.125 1.49999 0.999952 -9.01543e-05 0 -5.20833 1.49991 -0.00013523
-3.075 1.49997 0.99994 -8.85675e-05 0 -5.125 1.49988 -0.000132849
-3.025 1.49996 0.999929 -8.63948e-05 0 -5.04167 1.49985 -0.000129589
-2.975 1.49995 0.999918 -8.36059e-05 0 -4.95833 1.49982 -0.000125404
-2.925 1.49994 0.999908 -8.01775e-05 0 -4.875 1.4998 -0.000120261
-2.875 1.49992 0.999898 -7.6093e-05 0 -4.79167 1.49977 -0.000114134
-2.825 1.49991 0.99989 -7.13444e-05 0 -4.70833 1.49975 -0.00010701
-2.775 1.4999 0.999882 -6.59336e-05 0 -4.625 1.49972 -9.8894e-05
-2.725 1.49989 0.999874 -5.9873e-05 0 -4.54167 1.4997 -8.98031e-05
-2.675 1.49988 0.999868 -5.31844e-05 0 -4.45833 1.49969 -7.97704e-05
-2.625 1.49988 0.999863 -4.59025e-05 0 -4.375 1.49967 -6.88481e-05
-2.575 1.49987 0.999858 -3.80809e-05 0 -4.29167 1.49966 -5.71165e-05
-2.525 1.49987 0.999855 -2.9793e-05 0 -4.20833 1.49965 -4.46855e-05
-2.475 1.49986 0.999853 -2.11284e-05 0 -4.125 1.49964 -3.16897e-05
-2.425 1.49986 0.999852 -1.21817e-05 0 -4.04167 1.49964 -1.82708e-05
-2.375 1.49986 0.999852 -3.1077e-06 0 -3.95833 1.49964 -4.66111e-06
-2.325 1.49986 0.999853 5.9113e-06 0 -3.875 1.49964 8.86611e-06
-2.275 1.49986 0.999855 1.47631e-05 0 -3.79167 1.49964 2.21426e-05
-2.225 1.49986 0.999858 2.33564e-05 0 -3.70833 1.49965 3.50313e-05
-2.175 1.49987 0.999862 3.16339e-05 0 -3.625 1.49966 4.74466e-05
-2.125 1.49987 0.999868 3.95094e-05 0 -3.54167 1.49967 5.92591e-05
-2.075 1.49988 0.999874 4.68849e-05 0 -3.45833 1.49969 7.03216e-05
-2.025 1.49989 0.999882 5.36774e-05 0 -3.375 1.49971 8.05099e-05
-1.975 1.4999 0.99989 5.98257e-05 0 -3.29167 1.49973 8.97323e-05
-1.925 1.4999 0.9999 6.5283e-05 0 -3.20833 1.49975 9.79183e-05
-1.875 1.49991 0.99991 7.00118e-05 0 -3.125 1.49978 0.000105012
-1.825 1.49993 0.999921 7.39852e-05 0 -3.04167 1.49981 0.000110972
-1.775 1.49994 0.999933 7.71901e-05 0 -2.95833 1.49984 0.00011578
-1.725 1.49995 0.999945 7.96307e-05 0 -2.875 1.49987 0.000119442
-1.675 1.49996 0.999958 8.13311e-05 0 -2.79167 1.4999 0.000121993
-1.625 1.49997 0.999971 8.23289e-05 0 -2.70833 1.49993 0.000123491
-1.575 1.49999 0.999984 8.26638e-05 0 -2.625 1.49996 0.000123995
-1.525 1.5 0.999998 8.23502e-05 0 -2.54167 1.5 0.000123525
-1.475 1.50001 1.00001 8.14079e-05 0 -2.45833 1.50003 0.000122113
-1.425 1.50002 1.00003 7.98475e-05 0 -2.375 1.50006 0.000119773
-1.375 1.50003 1.00004 7.76853e-05 0 -2.29167 1.50009 0.000116531
-1.325 1.50005 1.00005 7.49378e-05 0 -2.20833 1.50012 0.00011241
-1.275 1.50006 1.00006 7.16202e-05 0 -2.125 1.50015 0.000107434
-1.225 1.50007 1.00008 6.77447e-05 0 -2.04167 1.50018 0.000101622
-1.175 1.50008 1.00009 6.33243e-05 0 -1.95833 1.50021 9.49912e-05
-1.125 1.50009 1.0001 5.83752e-05 0 -1.875 1.50023 8.75677e-05
-1.075 1.50009 1.00011 5.29174e-05 0 -1.79167 1.50025 7.93811e-05
-1.025 1.5001 1.00011 4.69716e-05 0 -1.70833 1.50027 7.04621e-05
-0.975 1.50011 1.00012 4.05587e-05 0 -1.625 1.50029 6.08424e-05
-0.925 1.50011 1.00013 3.37036e-05 0 -1.54167 1.5003 5.05592e-05
-0.875 1.50012 1.00013 2.64381e-05 0 -1.45833 1.50031 3.96602e-05
-0.825 1.50012 1.00013 1.8807e-05 0 -1.375 1.50032 2.82128e-05
-0.775 1.50012 1.00013 1.08566e-05 0 -1.29167 1.50033 1.62862e-05
-0.725 1.50012 1.00013 2.72999e-06 0 -1.20833 1.50033 4.09532e-06
-0.675 1.50012 1.00013 -5.46229e-06 0 -1.125 1.50032 -8.19411e-06
-0.625 1.50012 1.00013 -1.36558e-05 0 -1.04167 1.50032 -2.04854e-05
-0.575 1.50012 1.00013 -2.17929e-05 0 -0.958333 1.50031 -3.26919e-05
-0.525 1.50012 1.00012 -2.98106e-05 0 -0.875 1.5003 -4.47193e-05
-0.475 1.50011 1.00011 -3.7604e-05 0 -0.791667 1.50028 -5.64101e-05
-0.425 1.50011 1.0001 -4.50601e-05 0 -0.708333 1.50026 -6.75948e-05
-0.375 1.5001 1.00009 -5.20774e-05 0 -0.625 1.50024 -7.81211e-05
-0.325 1.50009 1.00008 -5.85618e-05 0 -0.541667 1.50022 -8.78479e-05
-0.275 1.50008 1.00007 -6.44191e-05 0 -0.458333 1.50019 -9.66338e-05
-0.225 1.50007 1.00006 -6.95558e-05 0 -0.375 1.50016 -0.000104339
-0.175 1.50006 1.00005 -7.38872e-05 0 -0.291667 1.50014 -0.000110835
-0.125 1.50005 1.00004 -7.73453e-05 0 -0.208333 1.50011 -0.000116022
-0.075 1.50004 1.00003 -7.98803e-05 0 -0.125 1.50007 -0.000119823
-0.025 1.50002 1.00001 -8.14591e-05 0 -0.0416667 1.50004 -0.000122191
0.025 1.50001 1 -8.2062e-05 0 0.0416667 1.50001 -0.000123094
0.075 1.5 0.999988 -8.16827e-05 0 0.125 1.49998 -0.000122524
0.125 1.49999 0.999975 -8.03265e-05 0 0.208333 1.49995 -0.000120489
0.175 1.49997 0.999963 -7.80082e-05 0 0.291667 1.49992 -0.00011701
0.225 1.49996 0.999951 -7.47564e-05 0 0.375 1.49989 -0.000112132
0.275 1.49995 0.99994 -7.0606e-05 0 0.458333 1.49986 -0.000105906
0.325 1.49994 0.999929 -6.56028e-05 0 0.541667 1.49984 -9.84004e-05
0.375 1.49993 0.999919 -5.98087e-05 0 0.625 1.49981 -8.97091e-05
0.425 1.49992 0.99991 -5.32988e-05 0 0.708333 1.49979 -7.99442e-05
0.475 1.49992 0.999902 -4.61539e-05 0 0.791667 1.49977 -6.92271e-05
0.525 1.49991 0.999894 -3.84595e-05 0 0.875 1.49975 -5.76859e-05
0.575 1.49991 0.999888 -3.031e-05 0 0.958333 1.49974 -4.54621e-05
0.625 1.4999 0.999882 -2.18104e-05 0 1.04167 1.49973 -3.27134e-05
0.675 1.4999 0.999878 -1.30726e-05 0 1.125 1.49972 -1.96076e-05
0.725 1.4999 0.999875 -4.21456e-06 0 1.20833 1.49971 -6.32142e-06
0.775 1.4999 0.999873 4.67309e-06 0 1.29167 1.49971 7.00917e-06
0.825 1.4999 0.999873 1.33693e-05 0 1.375 1.49971 2.00527e-05
0.875 1.4999 0.999874 2.17175e-05 0 1.45833 1.49971 3.25741e-05
0.925 1.49991 0.999877 2.97459e-05 0 1.54167 1.49972 4.4616e-05
0.975 1.49991 0.999881 3.73874e-05 0 1.625 1.49973 5.60778e-05
1.025 1.49992 0.999886 4.45394e-05 0 1.70833 1.49975 6.68054e-05
1.075 1.49992 0.999893 5.11043e-05 0 1.79167 1.49976 7.66527e-05
1.125 1.49993 0.999901 5.70051e-05 0 1.875 1.49978 8.55037e-05
1.175 1.49994 0.99991 6.21827e-05 0 1.95833 1.49981 9.32704e-05
1.225 1.49995 0.999921 6.65933e-05 0 2.04167 1.49983 9.98868e-05
1.275 1.49996 0.999932 7.02041e-05 0 2.125 1.49986 0.000105304
1.325 1.49997 0.999944 7.29882e-05 0 2.20833 1.49989 0.00010948
1.375 1.49998 0.999957 7.49223e-05 0 2.29167 1.49992 0.000112382
1.425 1.5 0.99997 7.59915e-05 0 2.375 1.49995 0.000113987
1.475 1.50001 0.999983 7.61952e-05 0 2.45833 1.49998 0.000114293
1.525 1.50002 0.999996 7.55344e-05 0 2.54167 1.50001 0.000113303
1.575 1.50003 1.00001 7.40098e-05 0 2.625 1.50004 0.000111017
1.625 1.50004 1.00002 7.16353e-05 0 2.70833 1.50007 0.000107456
1.675 1.50005 1.00004 6.84418e-05 0 2.79167 1.5001 0.000102666
1.725 1.50006 1.00005 6.44695e-05 0 2.875 1.50013 9.67082e-05
1.775 1.50007 1.00006 5.97658e-05 0 2.95833 1.50016 8.96529e-05
1.825 1.50008 1.00007 5.43852e-05 0 3.04167 1.50018 8.15821e-05
1.875 1.50009 1.00008 4.83891e-05 0 3.125 1.5002 7.25879e-05
1.925 1.50009 1.00008 4.18437e-05 0 3.20833 1.50022 6.27695e-05
1.975 1.5001 1.00009 3.48163e-05 0 3.29167 1.50023 5.22279e-05
2.025 1.5001 1.00009 2.73748e-05 0 3.375 1.50024 4.1065e-05
2.075 1.50011 1.0001 1.95906e-05 0 3.45833 1.50025 2.9388e-05
2.125 1.50011 1.0001 1.15255e-05 0 3.54167 1.50026 1.72895e-05
2.175 1.50011 1.0001 3.30762e-06 0 3.625 1.50026 4.9618e-06
2.225 1.50011 1.0001 -4.88409e-06 0 3.70833 1.50026 -7.32668e-06
2.275 1.50011 1.00009 -1.3019e-05 0 3.79167 1.50025 -1.953e-05
2.325 1.50011 1.00009 -2.10301e-05 0 3.875 1.50024 -3.15474e-05
2.375 1.5001 1.00008 -2.88709e-05 0 3.95833 1.50023 -4.33093e-05
2.425 1.5001 1.00008 -3.64449e-05 0 4.04167 1.50021 -5.4671e-05
2.475 1.50009 1.00007 -4.3635e-05 0 4.125 1.5002 -6.54565e-05
2.525 1.50008 1.00006 -5.0326e-05 0 4.20833 1.50018 -7.54932e-05
2.575 1.50008 1.00005 -5.64042e-05 0 4.29167 1.50015 -8.46105e-05
2.625 1.50007 1.00004 -6.17559e-05 0 4.375 1.50013 -9.26379e-05
2.675 1.50006 1.00003 -6.62717e-05 0 4.45833 1.5001 -9.94114e-05
2.725 1.50005 1.00002 -6.98528e-05 0 4.54167 1.50007 -0.000104783
2.775 1.50004 1 -7.24174e-05 0 4.625 1.50004 -0.000108629
2.825 1.50003 0.999992 -7.39066e-05 0 4.70833 1.50001 -0.000110862
2.875 1.50001 0.99998 -7.42788e-05 0 4.79167 1.49998 -0.000111419
2.925 1.5 0.999968 -7.3509e-05 0 4.875 1.49995 -0.000110264
2.975 1.49999 0.999956 -7.16097e-05 0 4.95833 1.49993 -0.000107414
3.025 1.49998 0.999945 -6.85979e-05 0 5.04167 1.4999 -0.000102896
3.075 1.49997 0.999935 -6.45122e-05 0 5.125 1.49987 -9.67666e-05
3.125 1.49996 0.999925 -5.94162e-05 0 5.20833 1.49985 -8.91221e-05
3.175 1.49995 0.999917 -5.3393e-05 0 5.29167 1.49983 -8.0087e-05
3.225 1.49995 0.999909 -4.65372e-05 0 5.375 1.49981 -6.98032e-05
3.275 1.49994 0.999903 -3.89512e-05 0 5.45833 1.49979 -5.84244e-05
3.325 1.49994 0.999898 -3.0749e-05 0 5.54167 1.49978 -4.61215e-05
3.375 1.49993 0.999894 -2.20599e-05 0 5.625 1.49977 -3.30884e-05
3.425 1.49993 0.999892 -1.30262e-05 0 5.70833 1.49977 -1.95384e-05
3.475 1.49993 0.99989 -3.79223e-06 0 5.79167 1.49976 -5.68807e-06
3.525 1.49993 0.999891 5.4309e-06 0 5.875 1.49976 8.14596e-06
3.575 1.49993 0.999892 1.43898e-05 0 5.95833 1.49977 2.15836e-05
3.625 1.49993 0.999895 2.3057e-05 0 6.04167 1.49977 3.45839e-05
3.675 1.49994 0.999899 3.13418e-05 0 6.125 1.49979 4.70107e-05
3.725 1.49994 0.999905 3.91028e-05 0 6.20833 1.4998 5.86519e-05
3.775 1.49995 0.999911 4.61865e-05 0 6.29167 1.49981 6.92774e-05
3.825 1.49996 0.999918 5.2468e-05 0 6.375 1.49983 7.86996e-05
3.875 1.49996 0.999927 5.78555e-05 0 6.45833 1.49985 8.67811e-05
3.925 1.49997 0.999936 6.228e-05 0 6.54167 1.49988 9.34182e-05
3.975 1.49998 0.999946 6.56906e-05 0 6.625 1.4999 9.85347e-05
4.025 1.49999 0.999957 6.80559e-05 0 6.70833 1.49993 0.000102083
4.075 1.5 0.999968 6.93651e-05 0 6.79167 1.49996 0.000104048
4.125 1.50001 0.99998 6.96227e-05 0 6.875 1.49998 0.000104435
4.175 1.50003 0.999991 6.88002e-05 0 6.95833 1.50001 0.000103202
4.225 1.50004 1 6.68928e-05 0 7.04167 1.50004 0.000100342
4.275 1.50005 1.00001 6.39103e-05 0 7.125 1.50007 9.58684e-05
4.325 1.50005 1.00002 5.98912e-05 0 7.20833 1.50009 8.98401e-05
4.375 1.50006 1.00004 5.48941e-05 0 7.29167 1.50011 8.23446e-05
4.425 1.50007 1.00004 4.89964e-05 0 7.375 1.50014 7.34981e-05
4.475 1.50008 1.00005 4.22978e-05 0 7.45833 1.50016 6.34499e-05
4.525 1.50008 1.00006 3.4921e-05 0 7.54167 1.50017 5.23844e-05
4.575 1.50009 1.00007 2.70087e-05 0 7.625 1.50019 4.05153e-05
4.625 1.50009 1.00007 1.87142e-05 0 7.70833 1.5002 2.80729e-05
4.675 1.50009 1.00008 1.01914e-05 0 7.79167 1.50021 1.5288e-05
4.725 1.50009 1.00008 1.59536e-06 0 7.875 1.50021 2.39319e-06
4.775 1.50009 1.00008 -6.90043e-06 0 7.95833 1.50021 -1.03513e-05
4.825 1.50009 1.00008 -1.50037e-05 0 8.04167 1.50021 -2.25069e-05
4.875 1.50009 1.00008 -2.26642e-05 0 8.125 1.5002 -3.39983e-05
4.925 1.50009 1.00007 -2.98647e-05 0 8.20833 1.50019 -4.47996e-05
4.975 1.50008 1.00007 -3.65289e-05 0 8.29167 1.50018 -5.47963e-05
5.025 1.50007 1.00006 -4.25694e-05 0 8.375 1.50016 -6.38573e-05
5.075 1.50007 1.00005 -4.79094e-05 0 8.45833 1.50014 -7.18673e-05
5.125 1.50006 1.00004 -5.24764e-05 0 8.54167 1.50012 -7.87176e-05
5.175 1.50005 1.00003 -5.61953e-05 0 8.625 1.5001 -8.42958e-05
5.225 1.50004 1.00002 -5.89924e-05 0 8.70833 1.50007 -8.8491e-05
5.275 1.50003 1.00001 -6.08048e-05 0 8.79167 1.50005 -9.12091e-05
5.325 1.50002 0.999997 -6.15942e-05 0 8.875 1.50002 -9.23927e-05
5.375 1.50001 0.999985 -6.1358e-05 0 8.95833 1.49999 -9.20378e-05
5.425 1.50001 0.999973 -6.01092e-05 0 9.04167 1.49997 -9.01642e-05
5.475 1.5 0.999962 -5.78694e-05 0 9.125 1.49994 -8.68039e-05
5.525 1.49999 0.999951 -5.46927e-05 0 9.20833 1.49991 -8.20384e-05
5.575 1.49998 0.99994 -5.06473e-05 0 9.29167 1.49989 -7.59699e-05
5.625 1.49997 0.999931 -4.58115e-05 0 9.375 1.49987 -6.87161e-05
5.675 1.49997 0.999922 -4.02698e-05 0 9.45833 1.49985 -6.04034e-05
5.725 1.49996 0.999915 -3.41108e-05 0 9.54167 1.49983 -5.11648e-05
5.775 1.49996 0.999909 -2.74293e-05 0 9.625 1.49982 -4.11427e-05
5.825 1.49995 0.999904 -2.03261e-05 0 9.70833 1.49981 -3.04882e-05
5.875 1.49995 0.999902 -1.29071e-05 0 9.79167 1.4998 -1.936e-05
5.925 1.49995 0.9999 -5.27064e-06 0 9.875 1.4998 -7.90569e-06
5.975 1.49995 0.9999 2.40418e-06 0 9.95833 1.4998 3.60615e-06
6.025 1.49995 0.999902 9.88127e-06 0 10.0417 1.4998 1.48214e-05
6.075 1.49995 0.999906 1.71643e-05 0 10.125 1.49981 2.57456e-05
6.125 1.49996 0.99991 2.41711e-05 0 10.2083 1.49982 3.62556e-05
6.175 1.49996 0.999917 3.07707e-05 0 10.2917 1.49984 4.61548e-05
6.225 1.49997 0.999924 3.68178e-05 0 10.375 1.49985 5.52255e-05
6.275 1.49997 0.999933 4.2183e-05 0 10.4583 1.49987 6.32733e-05
6.325 1.49998 0.999942 4.67616e-05 0 10.5417 1.49989 7.01415e-05
6.375 1.49999 0.999953 5.0475e-05 0 10.625 1.49992 7.57118e-05
6.425 1.49999 0.999964 5.32636e-05 0 10.7083 1.49994 7.98952e-05
6.475 1.5 0.999975 5.5078e-05 0 10.7917 1.49997 8.26171e-05
6.525 1.50001 0.999986 5.58775e-05 0 10.875 1.49999 8.38169e-05
6.575 1.50002 0.999997 5.56404e-05 0 10.9583 1.50002 8.34617e-05
6.625 1.50003 1.00001 5.43612e-05 0 11.0417 1.50004 8.15433e-05
6.675 1.50004 1.00002 5.20484e-05 0 11.125 1.50007 7.80746e-05
6.725 1.50004 1.00003 4.87325e-05 0 11.2083 1.50009 7.31009e-05
6.775 1.50005 1.00004 4.4459e-05 0 11.2917 1.50011 6.66909e-05
6.825 1.50006 1.00004 3.92938e-05 0 11.375 1.50013 5.89429e-05
6.875 1.50006 1.00005 3.33209e-05 0 11.4583 1.50014 4.99835e-05
6.925 1.50007 1.00006 2.66393e-05 0 11.5417 1.50015 3.99607e-05
6.975 1.50007 1.00006 1.93638e-05 0 11.625 1.50016 2.9047e-05
7.025 1.50007 1.00006 1.16313e-05 0 11.7083 1.50017 1.74478e-05
7.075 1.50007 1.00006 3.60547e-06 0 11.7917 1.50017 5.40847e-06
7.125 1.50008 1.00006 -4.47119e-06 0 11.875 1.50017 -6.70712e-06
7.175 1.50007 1.00006 -1.24414e-05 0 11.9583 1.50016 -1.8663e-05
7.225 1.50007 1.00006 -2.02055e-05 0 12.0417 1.50016 -3.03097e-05
7.275 1.50007 1.00005 -2.7663e-05 0 12.125 1.50015 -4.14963e-05
7.325 1.50006 1.00005 -3.46765e-05 0 12.2083 1.50013 -5.2017e-05
7.375 1.50006 1.00004 -4.11048e-05 0 12.2917 1.50012 -6.16596e-05
7.425 1.50005 1.00003 -4.68284e-05 0 12.375 1.5001 -7.02451e-05
7.475 1.50005 1.00002 -5.17478e-05 0 12.4583 1.50008 -7.7624e-05
7.525 1.50004 1.00001 -5.57757e-05 0 12.5417 1.50005 -8.36657e-05
7.575 1.50003 1 -5.88379e-05 0 12.625 1.50003 -8.82586e-05
7.625 1.50002 0.999991 -6.08772e-05 0 12.7083 1.50001 -9.1317e-05
7.675 1.50001 0.999981 -6.18544e-05 0 12.7917 1.49998 -9.27824e-05
7.725 1.5 0.999971 -6.17312e-05 0 12.875 1.49996 -9.25971e-05
7.775 1.5 0.999962 -6.05161e-05 0 12.9583 1.49994 -9.07739e-05
7.825 1.49999 0.999953 -5.8225e-05 0 13.0417 1.49992 -8.73368e-05
7.875 1.49998 0.999945 -5.49099e-05 0 13.125 1.4999 -8.23637e-05
7.925 1.49997 0.999938 -5.06478e-05 0 13.2083 1.49988 -7.59703e-05
7.975 1.49997 0.999932 -4.55346e-05 0 13.2917 1.49986 -6.83005e-05
8.025 1.49996 0.999927 -3.96861e-05 0 13.375 1.49985 -5.95277e-05
8.075 1.49996 0.999923 -3.32417e-05 0 13.4583 1.49984 -4.98611e-05
8.125 1.49995 0.999921 -2.63639e-05 0 13.5417 1.49984 -3.95447e-05
8.175 1.49995 0.99992 -1.92244e-05 0 13.625 1.49983 -2.88357e-05
8.225 1.49995 0.99992 -1.20765e-05 0 13.7083 1.49983 -1.81141e-05
8.275 1.49995 0.999922 -5.09686e-06 0 13.7917 1.49983 -7.64503e-06
8.325 1.49995 0.999925 1.54458e-06 0 13.875 1.49984 2.3168e-06
8.375 1.49995 0.99993 7.71567e-06 0 13.9583 1.49985 1.15732e-05
8.425 1.49996 0.999935 1.32864e-05 0 14.0417 1.49986 1.9929e-05
8.475 1.49996 0.999942 1.81035e-05 0 14.125 1.49988 2.71545e-05
8.525 1.49997 0.999949 2.20254e-05 0 14.2083 1.49989 3.30374e-05
8.575 1.49997 0.999957 2.49403e-05 0 14.2917 1.49991 3.74098e-05
8.625 1.49998 0.999966 2.67587e-05 0 14.375 1.49993 4.01375e-05
8.675 1.49999 0.999975 2.74086e-05 0 14.4583 1.49995 4.11126e-05
8.725 1.49999 0.999984 2.68461e-05 0 14.5417 1.49997 4.0269e-05
8.775 1.5 0.999993 2.50363e-05 0 14.625 1.49999 3.75545e-05
8.825 1.50001 1 2.19657e-05 0 14.7083 1.50001 3.29487e-05
8.875 1.50001 1.00001 1.76618e-05 0 14.7917 1.50003 2.6493e-05
8.925 1.50002 1.00002 1.21768e-05 0 14.875 1.50005 1.82655e-05
8.975 1.50003 1.00003 5.58976e-06 0 14.9583 1.50006 8.38479e-06
9.025 1.50003 1.00003 -1.99524e-06 0 15.0417 1.50008 -2.99293e-06
9.075 1.50003 1.00004 -1.04553e-05 0 15.125 1.50009 -1.56834e-05
9.125 1.50004 1.00004 -1.96547e-05 0 15.2083 1.5001 -2.94828e-05
9.175 1.50004 1.00004 -2.94467e-05 0 15.2917 1.5001 -4.41712e-05
9.225 1.50004 1.00005 -3.96773e-05 0 15.375 1.50011 -5.95175e-05
9.275 1.50004 1.00005 -5.01232e-05 0 15.4583 1.50011 -7.51867e-05
9.325 1.50004 1.00005 -6.05202e-05 0 15.5417 1.50011 -9.07826e-05
9.375 1.50003 1.00004 -7.07856e-05 0 15.625 1.5001 -0.000106181
9.425 1.50003 1.00004 -8.08155e-05 0 15.7083 1.50009 -0.000121226
9.475 1.50003 1.00004 -9.04429e-05 0 15.7917 1.50008 -0.000135667
9.525 1.50002 1.00003 -9.9496e-05 0 15.875 1.50007 -0.000149246
9.575 1.50001 1.00002 -0.00010782 0 15.9583 1.50005 -0.000161732
9.625 1.50001 1.00002 -0.000115276 0 16.0417 1.50003 -0.000172915
9.675 1.5 1.00001 -0.00012174 0 16.125 1.50001 -0.00018261
9.725 1.49999 1 -0.000127102 0 16.2083 1.5 -0.000190653
9.775 1.49999 0.999992 -0.000131259 0 16.2917 1.49998 -0.000196887
9.825 1.49998 0.999983 -0.000134133 0 16.375 1.49996 -0.000201197
9.875 1.49998 0.999975 -0.000135663 0 16.4583 1.49994 -0.000203491
9.925 1.49997 0.999967 -0.000135828 0 16.5417 1.49992 -0.000203738
9.975 1.49997 0.999959 -0.000134646 0 16.625 1.49991 -0.000201965
10.025 1.49997 0.999952 -0.000132146 0 16.7083 1.49989 -0.000198215
10.075 1.49997 0.999946 -0.000128382 0 16.7917 1.49988 -0.000192569
10.125 1.49997 0.999941 -0.000123458 0 16.875 1.49988 -0.000185182
10.175 1.49997 0.999938 -0.000117547 0 16.9583 1.49987 -0.000176317
10.225 1.49997 0.999935 -0.000110704 0 17.0417 1.49987 -0.000166053
10.275 1.49998 0.999933 -0.000102948 0 17.125 1.49988 -0.00015442
10.325 1.49999 0.999933 -9.43625e-05 0 17.2083 1.49989 -0.000141543
10.375 1.5 0.999934 -8.50957e-05 0 17.2917 1.4999 -0.000127643
10.425 1.50001 0.999937 -7.51211e-05 0 17.375 1.49992 -0.000112683
10.475 1.50003 0.99994 -6.44291e-05 0 17.4583 1.49994 -9.66454e-05
10.525 1.50005 0.999945 -5.29804e-05 0 17.5417 1.49996 -7.9473e-05
10.575 1.50007 0.99995 -4.06987e-05 0 17.625 1.49999 -6.10509e-05
10.625 1.50009 0.999956 -2.74611e-05 0 17.7083 1.50003 -4.11943e-05
10.675 1.50012 0.999963 -1.30978e-05 0 17.7917 1.50007 -1.96483e-05
10.725 1.50015 0.999971 2.60174e-06 0 17.875 1.50011 3.90301e-06
10.775 1.50017 0.999979 1.92723e-05 0 17.9583 1.50014 2.89118e-05
10.825 1.5002 0.999987 3.64858e-05 0 18.0417 1.50018 5.47358e-05
10.875 1.50021 0.999994 5.38802e-05 0 18.125 1.50021 8.08319e-05
10.925 1.50023 1 7.11665e-05 0 18.2083 1.50023 0.000106766
10.975 1.50024 1.00001 8.81302e-05 0 18.2917 1.50025 0.000132217
11.025 1.50025 1.00002 0.000104614 0 18.375 1.50027 0.000156947
11.075 1.50026 1.00002 0.000120509 0 18.4583 1.50029 0.000180795
11.125 1.50026 1.00003 0.000135746 0 18.5417 1.5003 0.000203654
11.175 1.50026 1.00003 0.000150295 0 18.625 1.50031 0.000225481
11.225 1.50026 1.00003 0.000164205 0 18.7083 1.50031 0.00024635
11.275 1.50026 1.00004 0.000177578 0 18.7917 1.50031 0.000266413
11.325 1.50025 1.00004 0.000190314 0 18.875 1.5003 0.000285518
11.375 1.50024 1.00004 0.000202223 0 18.9583 1.50029 0.000303381
11.425 1.50022 1.00003 0.000213055 0 19.0417 1.50027 0.000319629
11.475 1.5002 1.00003 0.000222615 0 19.125 1.50024 0.000333966
11.525 1.50017 1.00003 0.00023077 0 19.2083 1.50021 0.000346194
11.575 1.50014 1.00002 0.000237362 0 19.2917 1.50017 0.000356077
11.625 1.50011 1.00002 0.000242168 0 19.375 1.50013 0.000363278
11.675 1.50007 1.00001 0.000244909 0 19.4583 1.50008 0.000367381
11.725 1.50003 1 0.000245287 0 19.5417 1.50003 0.000367937
11.775 1.49998 0.999995 0.000242999 0 19.625 1.49997 0.000364495
11.825 1.49994 0.999987 0.000237697 0 19.7083 1.49992 0.00035653
11.875 1.49989 0.99998 0.000229335 0 19.7917 1.49986 0.000343978
11.925 1.49985 0.999972 0.000218288 0 19.875 1.49981 0.000327399
11.975 1.49981 0.999966 0.000204963 0 19.9583 1.49976 0.000307407
12.025 1.49979 0.999959 0.000189834 0 20.0417 1.49973 0.000284711
12.075 1.49976 0.999954 0.000173389 0 20.125 1.4997 0.000260042
12.125 1.49975 0.999949 0.000156056 0 20.2083 1.49967 0.000234045
12.175 1.49974 0.999946 0.000138156 0 20.2917 1.49966 0.000207198
12.225 1.49973 0.999944 0.000119885 0 20.375 1.49965 0.000179796
12.275 1.49973 0.999942 0.000101353 0 20.4583 1.49964 0.000152002
12.325 1.49973 0.999942 8.25489e-05 0 20.5417 1.49964 0.000123801
12.375 1.49973 0.999944 6.33377e-05 0 20.625 1.49964 9.49893e-05
12.425 1.49973 0.999946 4.37748e-05 0 20.7083 1.49965 6.56505e-05
12.475 1.49974 0.999949 2.40978e-05 0 20.7917 1.49967 3.61406e-05
12.525 1.49976 0.999954 4.65288e-06 0 20.875 1.49969 6.97819e-06
12.575 1.49978 0.999959 -1.42069e-05 0 20.9583 1.49972 -2.13072e-05
12.625 1.4998 0.999965 -3.21362e-05 0 21.0417 1.49975 -4.81979e-05
12.675 1.49983 0.999971 -4.87588e-05 0 21.125 1.49979 -7.31302e-05
12.725 1.49987 0.999978 -6.36247e-05 0 21.2083 1.49984 -9.54288e-05
12.775 1.49991 0.999985 -7.62082e-05 0 21.2917 1.49989 -0.000114305
12.825 1.49995 0.999992 -8.5931e-05 0 21.375 1.49994 -0.000128892
12.875 1.49999 0.999999 -9.32628e-05 0 21.4583 1.49999 -0.000139893
12.925 1.50002 1.00001 -9.88177e-05 0 21.5417 1.50003 -0.000148228
12.975 1.50004 1.00001 -0.000103118 0 21.625 1.50006 -0.000154681
13.025 1.50006 1.00002 -0.000106594 0 21.7083 1.50008 -0.000159898
13.075 1.50007 1.00002 -0.00010956 0 21.7917 1.5001 -0.000164348
13.125 1.50008 1.00002 -0.000112202 0 21.875 1.50012 -0.000168313
13.175 1.50009 1.00003 -0.000114595 0 21.9583 1.50013 -0.000171903
13.225 1.50009 1.00003 -0.000116748 0 22.0417 1.50013 -0.000175133
13.275 1.50009 1.00003 -0.000118568 0 22.125 1.50013 -0.000177863
13.325 1.50009 1.00003 -0.000119938 0 22.2083 1.50013 -0.000179918
13.375 1.50009 1.00002 -0.000120776 0 22.2917 1.50012 -0.000181175
13.425 1.50008 1.00002 -0.000121108 0 22.375 1.50012 -0.000181673
13.475 1.50008 1.00002 -0.000121025 0 22.4583 1.5001 -0.000181548
13.525 1.50007 1.00001 -0.000120577 0 22.5417 1.50009 -0.000180874
13.575 1.50006 1.00001 -0.000119679 0 22.625 1.50007 -0.000179526
13.625 1.50005 1 -0.000118117 0 22.7083 1.50005 -0.000177181
13.675 1.50005 0.999994 -0.000115747 0 22.7917 1.50004 -0.000173626
13.725 1.50004 0.999988 -0.000112474 0 22.875 1.50002 -0.000168715
13.775 1.50004 0.999981 -0.00010823 0 22.9583 1.50001 -0.000162348
13.825 1.50003 0.999975 -0.000102979 0 23.0417 1.49999 -0.000154472
13.875 1.50003 0.999969 -9.6745e-05 0 23.125 1.49998 -0.00014512
13.925 1.50003 0.999964 -8.95997e-05 0 23.2083 1.49997 -0.000134402
13.975 1.50002 0.999959 -8.16587e-05 0 23.2917 1.49996 -0.00012249
14.025 1.50002 0.999956 -7.30759e-05 0 23.375 1.49996 -0.000109615
14.075 1.50002 0.999953 -6.40416e-05 0 23.4583 1.49995 -9.60638e-05
14.125 1.50002 0.999951 -5.47785e-05 0 23.5417 1.49995 -8.21688e-05
14.175 1.50002 0.99995 -4.5527e-05 0 23.625 1.49994 -6.82914e-05
14.225 1.50002 0.99995 -3.65821e-05 0 23.7083 1.49994 -5.48738e-05
14.275 1.50002 0.999952 -2.81929e-05 0 23.7917 1.49995 -4.22899e-05
14.325 1.50002 0.999954 -2.05093e-05 0 23.875 1.49995 -3.07644e-05
14.375 1.50002 0.999957 -1.37008e-05 0 23.9583 1.49995 -2.05515e-05
14.425 1.50002 0.999961 -7.92305e-06 0 24.0417 1.49996 -1.18847e-05
14.475 1.50002 0.999966 -3.26474e-06 0 24.125 1.49997 -4.89716e-06
14.525 1.50002 0.999971 2.29951e-07 0 24.2083 1.49998 3.44931e-07
14.575 1.50002 0.999977 2.55891e-06 0 24.2917 1.49999 3.83842e-06
14.625 1.50003 0.999982 3.76363e-06 0 24.375 1.5 5.64554e-06
14.675 1.50003 0.999988 3.92511e-06 0 24.4583 1.50001 5.88779e-06
14.725 1.50003 0.999993 3.14676e-06 0 24.5417 1.50002 4.72025e-06
14.775 1.50004 0.999998 1.5235e-06 0 24.625 1.50004 2.28532e-06
14.825 1.50004 1 -8.78027e-07 0 24.7083 1.50005 -1.31708e-06
14.875 1.50005 1.00001 -3.95567e-06 0 24.7917 1.50006 -5.93368e-06
14.925 1.50005 1.00001 -7.59245e-06 0 24.875 1.50006 -1.13891e-05
14.975 1.50005 1.00001 -1.16652e-05 0 24.9583 1.50007 -1.74983e-05
15.025 1.50005 1.00001 -1.60493e-05 0 25.0417 1.50007 -2.40748e-05
15.075 1.50005 1.00001 -2.05426e-05 0 25.125 1.50007 -3.08149e-05
15.125 1.50005 1.00001 -2.49156e-05 0 25.2083 1.50007 -3.73746e-05
15.175 1.50005 1.00001 -2.91365e-05 0 25.2917 1.50006 -4.37061e-05
15.225 1.50004 1.00001 -3.31314e-05 0 25.375 1.50005 -4.96985e-05
15.275 1.50004 1 -3.67831e-05 0 25.4583 1.50004 -5.5176e-05
15.325 1.50003 1 -3.99601e-05 0 25.5417 1.50003 -5.99414e-05
15.375 1.50002 0.999996 -4.25353e-05 0 25.625 1.50002 -6.3804e-05
15.425 1.50002 0.99999 -4.43735e-05 0 25.7083 1.5 -6.6561e-05
15.475 1.50001 0.999985 -4.53599e-05 0 25.7917 1.49999 -6.80404e-05
15.525 1.50001 0.999979 -4.54316e-05 0 25.875 1.49997 -6.81477e-05
15.575 1.5 0.999974 -4.45668e-05 0 25.9583 1.49996 -6.68502e-05
15.625 1.49999 0.999968 -4.27708e-05 0 26.0417 1.49995 -6.41559e-05
15.675 1.49999 0.999963 -4.01042e-05 0 26.125 1.49994 -6.01559e-05
15.725 1.49999 0.999959 -3.66661e-05 0 26.2083 1.49992 -5.49986e-05
15.775 1.49998 0.999954 -3.25883e-05 0 26.2917 1.49991 -4.88818e-05
15.825 1.49998 0.999951 -2.80308e-05 0 26.375 1.49991 -4.20456e-05
15.875 1.49998 0.999948 -2.31702e-05 0 26.4583 1.4999 -3.47547e-05
15.925 1.49997 0.999946 -1.81856e-05 0 26.5417 1.49989 -2.72779e-05
15.975 1.49997 0.999945 -1.32551e-05 0 26.625 1.49989 -1.98822e-05
16.025 1.49997 0.999945 -8.57019e-06 0 26.7083 1.49989 -1.2855e-05
16.075 1.49997 0.999945 -4.34128e-06 0 26.7917 1.49989 -6.51179e-06
16.125 1.49997 0.999946 -6.79498e-07 0 26.875 1.49989 -1.01923e-06
16.175 1.49997 0.999948 2.31711e-06 0 26.9583 1.49989 3.47559e-06
16.225 1.49997 0.99995 4.52504e-06 0 27.0417 1.49989 6.78742e-06
16.275 1.49997 0.999953 5.88586e-06 0 27.125 1.4999 8.82862e-06
16.325 1.49997 0.999956 6.36162e-06 0 27.2083 1.4999 9.54225e-06
16.375 1.49997 0.999958 5.93e-06 0 27.2917 1.49991 8.89484e-06
16.425 1.49997 0.999961 4.55973e-06 0 27.375 1.49992 6.83947e-06
16.475 1.49998 0.999963 2.24416e-06 0 27.4583 1.49992 3.36618e-06
16.525 1.49998 0.999965 -9.99532e-07 0 27.5417 1.49992 -1.49927e-06
16.575 1.49998 0.999966 -5.13797e-06 0 27.625 1.49992 -7.70682e-06
16.625 1.49997 0.999967 -1.0047e-05 0 27.7083 1.49992 -1.50703e-05
16.675 1.49997 0.999966 -1.56209e-05 0 27.7917 1.49992 -2.3431e-05
16.725 1.49997 0.999965 -2.17921e-05 0 27.875 1.49992 -3.26875e-05
16.775 1.49997 0.999962 -2.84916e-05 0 27.9583 1.49991 -4.27365e-05
16.825 1.49996 0.999958 -3.55991e-05 0 28.0417 1.4999 -5.33972e-05
16.875 1.49996 0.999954 -4.29719e-05 0 28.125 1.49989 -6.44559e-05
16.925 1.49995 0.999948 -5.04651e-05 0 28.2083 1.49987 -7.56951e-05
16.975 1.49994 0.999941 -5.79377e-05 0 28.2917 1.49985 -8.6903e-05
17.025 1.49993 0.999933 -6.52541e-05 0 28.375 1.49983 -9.78766e-05
17.075 1.49992 0.999924 -7.22943e-05 0 28.4583 1.49981 -0.000108436
17.125 1.49991 0.999914 -7.89586e-05 0 28.5417 1.49978 -0.000118431
17.175 1.4999 0.999904 -8.51729e-05 0 28.625 1.49975 -0.000127751
17.225 1.49988 0.999894 -9.08918e-05 0 28.7083 1.49973 -0.000136327
17.275 1.49987 0.999882 -9.61002e-05 0 28.7917 1.49969 -0.000144138
17.325 1.49986 0.999871 -0.000100815 0 28.875 1.49966 -0.000151207
17.375 1.49984 0.99986 -0.000105081 0 28.9583 1.49963 -0.000157604
17.425 1.49982 0.999848 -0.000108972 0 29.0417 1.4996 -0.00016344
17.475 1.49981 0.999837 -0.000112588 0 29.125 1.49956 -0.000168861
17.525 1.49979 0.999825 -0.000116052 0 29.2083 1.49953 -0.000174054
17.575 1.49977 0.999814 -0.000119515 0 29.2917 1.49949 -0.000179245
17.625 1.49975 0.999802 -0.000123143 0 29.375 1.49946 -0.000184684
17.675 1.49974 0.999791 -0.000127121 0 29.4583 1.49942 -0.000190648
17.725 1.49972 0.999779 -0.000131642 0 29.5417 1.49939 -0.000197426
17.775 1.4997 0.999768 -0.000136906 0 29.625 1.49935 -0.000205317
17.825 1.49968 0.999756 -0.000143111 0 29.7083 1.49931 -0.000214621
17.875 1.49965 0.999744 -0.000150452 0 29.7917 1.49927 -0.000225627
17.925 1.49963 0.999731 -0.000159111 0 29.875 1.49923 -0.000238609
17.975 1.49961 0.999717 -0.000169254 0 29.9583 1.49918 -0.000253815
18.025 1.49958 0.999702 -0.000181025 0 30.0417 1.49913 -0.000271461
18.075 1.49955 0.999686 -0.000194542 0 30.125 1.49908 -0.000291725
18.125 1.49952 0.999668 -0.000209899 0 30.2083 1.49902 -0.000314748
18.175 1.49949 0.999648 -0.000227163 0 30.2917 1.49896 -0.000340629
18.225 1.49945 0.999627 -0.000246381 0 30.375 1.49889 -0.000369437
18.275 1.49942 0.999602 -0.000267577 0 30.4583 1.49882 -0.000401209
18.325 1.49937 0.999575 -0.000290762 0 30.5417 1.49874 -0.000435961
18.375 1.49933 0.999546 -0.000315935 0 30.625 1.49865 -0.000473691
18.425 1.49928 0.999513 -0.000343093 0 30.7083 1.49855 -0.000514392
18.475 1.49922 0.999476 -0.000372231 0 30.7917 1.49844 -0.000558058
18.525 1.49917 0.999436 -0.000403353 0 30.875 1.49832 -0.000604694
18.575 1.4991 0.999392 -0.000436474 0 30.9583 1.49819 -0.00065432
18.625 1.49904 0.999345 -0.000471626 0 31.0417 1.49805 -0.000706984
18.675 1.49896 0.999293 -0.00050886 0 31.125 1.4979 -0.000762762
18.725 1.49888 0.999237 -0.000548253 0 31.2083 1.49774 -0.000821767
18.775 1.4988 0.999176 -0.000589909 0 31.2917 1.49756 -0.000884154
18.825 1.49871 0.999111 -0.000633961 0 31.375 1.49737 -0.000950121
18.875 1.49861 0.999042 -0.000680576 0 31.4583 1.49717 -0.00101992
18.925 1.4985 0.998968 -0.000729952 0 31.5417 1.49695 -0.00109383
18.975 1.49839 0.998888 -0.000782323 0 31.625 1.49672 -0.00117222
19.025 1.49827 0.998804 -0.000837958 0 31.7083 1.49647 -0.00125548
19.075 1.49814 0.998714 -0.000897162 0 31.7917 1.49621 -0.00134407
19.125 1.498 0.998619 -0.000960278 0 31.875 1.49593 -0.00143849
19.175 1.49785 0.998517 -0.00102768 0 31.9583 1.49563 -0.00153931
19.225 1.49769 0.99841 -0.0010998 0 32.0417 1.49531 -0.00164715
19.275 1.49752 0.998295 -0.00117707 0 32.125 1.49496 -0.00176268
19.325 1.49734 0.998173 -0.00125998 0 32.2083 1.4946 -0.00188661
19.375 1.49714 0.998043 -0.00134907 0 32.2917 1.49421 -0.00201974
19.425 1.49693 0.997904 -0.00144487 0 32.375 1.49379 -0.00216288
19.475 1.49671 0.997756 -0.001548 0 32.4583 1.49335 -0.0023169
19.525 1.49647 0.997598 -0.00165905 0 32.5417 1.49287 -0.00248272
19.575 1.49621 0.997429 -0.00177868 0 32.625 1.49236 -0.00266128
19.625 1.49593 0.997247 -0.00190756 0 32.7083 1.49181 -0.00285358
19.675 1.49564 0.997052 -0.00204639 0 32.7917 1.49123 -0.00306065
19.725 1.49532 0.996842 -0.00219589 0 32.875 1.4906 -0.00328355
19.775 1.49498 0.996617 -0.0023568 0 32.9583 1.48992 -0.00352336
19.825 1.49461 0.996375 -0.00252991 0 33.0417 1.48919 -0.00378123
19.875 1.49422 0.996114 -0.002716 0 33.125 1.48841 -0.0040583
19.925 1.4938 0.995834 -0.00291592 0 33.2083 1.48757 -0.0043558
19.975 1.49334 0.995532 -0.00313055 0 33.2917 1.48667 -0.00467499
