-19.975 1.50004 1.00002 -5.17698e-05 0 -25.609 1.50007 -7.76566e-05
-19.925 1.50003 1.00001 -5.37015e-05 0 -25.5449 1.50005 -8.05538e-05
-19.875 1.50002 1 -5.47469e-05 0 -25.4808 1.50003 -8.21215e-05
-19.825 1.50001 0.999996 -5.48796e-05 0 -25.4167 1.50001 -8.23202e-05
-19.775 1.50001 0.999987 -5.4081e-05 0 -25.3526 1.49999 -8.11218e-05
-19.725 1.5 0.999979 -5.23444e-05 0 -25.2885 1.49997 -7.85164e-05
-19.675 1.49999 0.999971 -4.96888e-05 0 -25.2244 1.49995 -7.45328e-05
-19.625 1.49998 0.999963 -4.61551e-05 0 -25.1603 1.49993 -6.92318e-05
-19.575 1.49998 0.999956 -4.17985e-05 0 -25.0962 1.49991 -6.26968e-05
-19.525 1.49997 0.99995 -3.66886e-05 0 -25.0321 1.4999 -5.50319e-05
-19.475 1.49997 0.999944 -3.09077e-05 0 -24.9679 1.49988 -4.63605e-05
-19.425 1.49996 0.999939 -2.45482e-05 0 -24.9038 1.49987 -3.68214e-05
-19.375 1.49996 0.999935 -1.77123e-05 0 -24.8397 1.49986 -2.65677e-05
-19.325 1.49996 0.999932 -1.05167e-05 0 -24.7756 1.49986 -1.57746e-05
-19.275 1.49996 0.999931 -3.10021e-06 0 -24.7115 1.49985 -4.65018e-06
-19.225 1.49996 0.99993 4.38757e-06 0 -24.6474 1.49985 6.58116e-06
-19.175 1.49996 0.99993 1.17136e-05 0 -24.5833 1.49985 1.75699e-05
-19.125 1.49996 0.999931 1.87424e-05 0 -24.5192 1.49986 2.81128e-05
-19.075 1.49996 0.999933 2.54283e-05 0 -24.4551 1.49986 3.81416e-05
-19.025 1.49997 0.999937 3.16482e-05 0 -24.391 1.49987 4.74713e-05
-18.975 1.49997 0.999941 3.72572e-05 0 -24.3269 1.49988 5.58848e-05
-18.925 1.49998 0.999946 4.21236e-05 0 -24.2628 1.4999 6.31846e-05
-18.875 1.49999 0.999951 4.61418e-05 0 -24.1987 1.49991 6.92121e-05
-18.825 1.49999 0.999957 4.92278e-05 0 -24.1346 1.49993 7.38414e-05
-18.775 1.5 0.999964 5.13172e-05 0 -24.0705 1.49995 7.6976e-05
-18.725 1.50001 0.999971 5.23683e-05 0 -24.0064 1.49997 7.85529e-05
-18.675 1.50002 0.999979 5.23736e-05 0 -23.9423 1.49999 7.85613e-05
-18.625 1.50003 0.999986 5.13333e-05 0 -23.8782 1.50001 7.70012e-05
-18.575 1.50003 0.999994 4.92463e-05 0 -23.8141 1.50002 7.38711e-05
-18.525 1.50004 1 4.61525e-05 0 -23.75 1.50004 6.92306e-05
-18.475 1.50005 1.00001 4.21165e-05 0 -23.6859 1.50006 6.31767e-05
-18.425 1.50005 1.00001 3.72223e-05 0 -23.6218 1.50008 5.58354e-05
-18.375 1.50006 1.00002 3.15706e-05 0 -23.5577 1.50009 4.73577e-05
-18.325 1.50006 1.00003 2.52765e-05 0 -23.4936 1.5001 3.79163e-05
-18.275 1.50007 1.00003 1.84708e-05 0 -23.4295 1.50011 2.77075e-05
-18.225 1.50007 1.00003 1.13007e-05 0 -23.3654 1.50012 1.69518e-05
-18.175 1.50007 1.00004 3.92516e-06 0 -23.3013 1.50012 5.88801e-06
-18.125 1.50007 1.00004 -3.50893e-06 0 -23.2372 1.50012 -5.26364e-06
-18.075 1.50007 1.00004 -1.07565e-05 0 -23.1731 1.50012 -1.61354e-05
-18.025 1.50007 1.00003 -1.76504e-05 0 -23.109 1.50012 -2.64767e-05
-17.975 1.50006 1.00003 -2.41716e-05 0 -23.0449 1.50011 -3.6259e-05
-17.925 1.50006 1.00003 -3.02308e-05 0 -22.9808 1.5001 -4.5348e-05
-17.875 1.50005 1.00002 -3.5721e-05 0 -22.9167 1.50009 -5.35835e-05
-17.825 1.50005 1.00002 -4.05481e-05 0 -22.8526 1.50008 -6.08241e-05
-17.775 1.50004 1.00001 -4.46453e-05 0 -22.7885 1.50006 -6.69698e-05
-17.725 1.50003 1 -4.79668e-05 0 -22.7244 1.50004 -7.19519e-05
-17.675 1.50003 0.999997 -5.04739e-05 0 -22.6603 1.50002 -7.57122e-05
-17.625 1.50002 0.999989 -5.21301e-05 0 -22.5962 1.5 -7.81962e-05
-17.575 1.50001 0.99998 -5.29102e-05 0 -22.5321 1.49998 -7.93659e-05
-17.525 1.5 0.999972 -5.28044e-05 0 -22.4679 1.49996 -7.92069e-05
-17.475 1.5 0.999964 -5.18306e-05 0 -22.4038 1.49994 -7.77457e-05
-17.425 1.49999 0.999957 -5.00206e-05 0 -22.3397 1.49992 -7.50304e-05
-17.375 1.49998 0.99995 -4.74269e-05 0 -22.2756 1.49991 -7.11395e-05
-17.325 1.49998 0.999943 -4.41144e-05 0 -22.2115 1.49989 -6.61705e-05
-17.275 1.49997 0.999938 -4.01617e-05 0 -22.1474 1.49988 -6.02413e-05
-17.225 1.49996 0.999933 -3.56598e-05 0 -22.0833 1.49986 -5.34884e-05
-17.175 1.49996 0.99993 -3.07051e-05 0 -22.0192 1.49985 -4.60564e-05
-17.125 1.49995 0.999927 -2.53946e-05 0 -21.9551 1.49985 -3.80908e-05
-17.075 1.49995 0.999926 -1.982e-05 0 -21.891 1.49984 -2.97291e-05
-17.025 1.49995 0.999926 -1.41155e-05 0 -21.8269 1.49984 -2.11725e-05
-16.975 1.49995 0.999926 -8.46683e-06 0 -21.7628 1.49984 -1.26998e-05
-16.925 1.49995 0.999928 -2.9002e-06 0 -21.6987 1.49984 -4.35014e-06
-16.875 1.49995 0.999931 2.48481e-06 0 -21.6346 1.49984 3.72708e-06
-16.825 1.49995 0.999935 7.52726e-06 0 -21.5705 1.49985 1.12905e-05
-16.775 1.49995 0.99994 1.21345e-05 0 -21.5064 1.49986 1.82011e-05
-16.725 1.49995 0.999945 1.6211e-05 0 -21.4423 1.49987 2.43158e-05
-16.675 1.49995 0.999951 1.96441e-05 0 -21.3782 1.49988 2.94652e-05
-16.625 1.49996 0.999957 2.23257e-05 0 -21.3141 1.49989 3.34875e-05
-16.575 1.49996 0.999963 2.41681e-05 0 -21.25 1.4999 3.62511e-05
-16.525 1.49996 0.999969 2.50987e-05 0 -21.1859 1.49992 3.76472e-05
-16.475 1.49997 0.999975 2.50621e-05 0 -21.1218 1.49993 3.75924e-05
-16.425 1.49997 0.999981 2.40194e-05 0 -21.0577 1.49994 3.60284e-05
-16.375 1.49997 0.999986 2.19374e-05 0 -20.9936 1.49995 3.29056e-05
-16.325 1.49998 0.99999 1.88139e-05 0 -20.9295 1.49996 2.82204e-05
-16.275 1.49998 0.999993 1.46665e-05 0 -20.8654 1.49997 2.19995e-05
-16.225 1.49998 0.999995 9.53397e-06 0 -20.8013 1.49997 1.43008e-05
-16.175 1.49998 0.999996 3.47009e-06 0 -20.7372 1.49998 5.20507e-06
-16.125 1.49998 0.999996 -3.38946e-06 0 -20.6731 1.49998 -5.08413e-06
-16.075 1.49998 0.999995 -1.08319e-05 0 -20.609 1.49997 -1.62477e-05
-16.025 1.49998 0.999992 -1.88258e-05 0 -20.5449 1.49997 -2.82383e-05
-15.975 1.49998 0.999988 -2.72847e-05 0 -20.4808 1.49996 -4.09264e-05
-15.925 1.49997 0.999983 -3.60857e-05 0 -20.4167 1.49994 -5.41275e-05
-15.875 1.49996 0.999976 -4.50847e-05 0 -20.3526 1.49993 -6.76254e-05
-15.825 1.49996 0.999968 -5.41351e-05 0 -20.2885 1.49991 -8.12003e-05
-15.775 1.49995 0.999958 -6.3097e-05 0 -20.2244 1.49989 -9.46423e-05
-15.725 1.49994 0.999947 -7.18417e-05 0 -20.1603 1.49986 -0.000107758
-15.675 1.49993 0.999936 -8.02561e-05 0 -20.0962 1.49983 -0.000120378
-15.625 1.49991 0.999923 -8.82454e-05 0 -20.0321 1.4998 -0.00013236
-15.575 1.4999 0.999909 -9.57364e-05 0 -19.9679 1.49976 -0.000143595
-15.525 1.49988 0.999895 -0.000102682 0 -19.9038 1.49973 -0.000154011
-15.475 1.49987 0.99988 -0.000109064 0 -19.8397 1.49969 -0.000163582
-15.425 1.49985 0.999864 -0.00011489 0 -19.7756 1.49965 -0.000172319
-15.375 1.49983 0.999848 -0.000120196 0 -19.7115 1.49961 -0.000180274
-15.325 1.49982 0.999832 -0.00012504 0 -19.6474 1.49956 -0.000187538
-15.275 1.4998 0.999816 -0.000129508 0 -19.5833 1.49952 -0.000194236
-15.225 1.49978 0.999799 -0.000133707 0 -19.5192 1.49948 -0.000200531
-15.175 1.49976 0.999782 -0.000137766 0 -19.4551 1.49943 -0.000206615
-15.125 1.49974 0.999766 -0.000141826 0 -19.391 1.49938 -0.000212702
-15.075 1.49971 0.999749 -0.000146048 0 -19.3269 1.49934 -0.00021903
-15.025 1.49969 0.999733 -0.000150605 0 -19.2628 1.49929 -0.000225861
-14.975 1.49967 0.999716 -0.000155686 0 -19.1987 1.49924 -0.000233477
-14.925 1.49964 0.9997 -0.000161482 0 -19.1346 1.49919 -0.000242166
-14.875 1.49962 0.999683 -0.000168185 0 -19.0705 1.49914 -0.000252214
-14.825 1.49959 0.999666 -0.000175985 0 -19.0064 1.49909 -0.000263906
-14.775 1.49957 0.999649 -0.000185067 0 -18.9423 1.49904 -0.000277521
-14.725 1.49954 0.999632 -0.000195614 0 -18.8782 1.49899 -0.000293331
-14.675 1.49951 0.999614 -0.0002078 0 -18.8141 1.49893 -0.000311598
-14.625 1.49948 0.999596 -0.000221791 0 -18.75 1.49887 -0.00033257
-14.575 1.49944 0.999576 -0.000237738 0 -18.6859 1.49881 -0.000356475
-14.525 1.4994 0.999556 -0.000255784 0 -18.6218 1.49874 -0.000383524
-14.475 1.49936 0.999534 -0.000276056 0 -18.5577 1.49867 -0.000413909
-14.425 1.49932 0.99951 -0.000298668 0 -18.4936 1.49859 -0.0004478
-14.375 1.49927 0.999484 -0.000323724 0 -18.4295 1.4985 -0.000485351
-14.325 1.49922 0.999455 -0.000351314 0 -18.3654 1.49841 -0.000526699
-14.275 1.49917 0.999424 -0.000381521 0 -18.3013 1.49831 -0.000571964
-14.225 1.49911 0.999389 -0.000414418 0 -18.2372 1.49819 -0.000621258
-14.175 1.49904 0.999351 -0.000450075 0 -18.1731 1.49807 -0.000674682
-14.125 1.49897 0.999309 -0.000488557 0 -18.109 1.49794 -0.000732335
-14.075 1.4989 0.999262 -0.000529933 0 -18.0449 1.49779 -0.000794315
-14.025 1.49881 0.999211 -0.000574272 0 -17.9808 1.49763 -0.000860728
-13.975 1.49872 0.999154 -0.000621653 0 -17.9167 1.49746 -0.000931687
-13.925 1.49863 0.999092 -0.000672165 0 -17.8526 1.49727 -0.00100733
-13.875 1.49852 0.999024 -0.000725912 0 -17.7885 1.49706 -0.0010878
-13.825 1.49841 0.99895 -0.000783016 0 -17.7244 1.49684 -0.00117328
-13.775 1.49829 0.998869 -0.000843621 0 -17.6603 1.49659 -0.00126399
-13.725 1.49816 0.998781 -0.000907901 0 -17.5962 1.49633 -0.00136018
-13.675 1.49801 0.998686 -0.000976057 0 -17.5321 1.49605 -0.00146215
-13.625 1.49786 0.998583 -0.00104833 0 -17.4679 1.49574 -0.00157025
-13.575 1.4977 0.998472 -0.00112498 0 -17.4038 1.49541 -0.00168489
-13.525 1.49752 0.998352 -0.00120634 0 -17.3397 1.49506 -0.00180653
-13.475 1.49734 0.998224 -0.00129276 0 -17.2756 1.49468 -0.00193569
-13.425 1.49714 0.998086 -0.00138463 0 -17.2115 1.49427 -0.00207298
-13.375 1.49692 0.997938 -0.00148241 0 -17.1474 1.49383 -0.00221905
-13.325 1.49669 0.997781 -0.0015866 0 -17.0833 1.49337 -0.00237465
-13.275 1.49644 0.997612 -0.00169774 0 -17.0192 1.49287 -0.00254057
-13.225 1.49618 0.997432 -0.00181644 0 -16.9551 1.49234 -0.00271772
-13.175 1.4959 0.99724 -0.00194334 0 -16.891 1.49177 -0.00290704
-13.125 1.4956 0.997035 -0.00207917 0 -16.8269 1.49116 -0.0031096
-13.075 1.49528 0.996816 -0.00222468 0 -16.7628 1.49052 -0.00332651
-13.025 1.49493 0.996583 -0.00238071 0 -16.6987 1.48982 -0.003559
-12.975 1.49456 0.996334 -0.00254814 0 -16.6346 1.48908 -0.00380836
-12.925 1.49417 0.996067 -0.00272792 0 -16.5705 1.48829 -0.00407597
-12.875 1.49374 0.995783 -0.00292104 0 -16.5064 1.48745 -0.00436329
-12.825 1.49329 0.995478 -0.00312859 0 -16.4423 1.48654 -0.00467189
-12.775 1.49281 0.995153 -0.00335168 0 -16.3782 1.48557 -0.00500341
-12.725 1.49229 0.994804 -0.00359151 0 -16.3141 1.48453 -0.00535957
-12.675 1.49173 0.994431 -0.00384934 0 -16.25 1.48342 -0.00574218
-12.625 1.49114 0.99403 -0.00412648 0 -16.1859 1.48224 -0.00615314
-12.575 1.4905 0.993601 -0.00442433 0 -16.1218 1.48096 -0.00659445
-12.525 1.48981 0.993141 -0.00474436 0 -16.0577 1.4796 -0.00706822
-12.475 1.48908 0.992647 -0.00508813 0 -15.9936 1.47813 -0.00757663
-12.425 1.48829 0.992116 -0.00545724 0 -15.9295 1.47656 -0.00812198
-12.375 1.48745 0.991547 -0.0058534 0 -15.8654 1.47488 -0.00870666
-12.325 1.48655 0.990935 -0.00627843 0 -15.8013 1.47307 -0.00933319
-12.275 1.48558 0.990278 -0.00673422 0 -15.7372 1.47114 -0.0100042
-12.225 1.48454 0.989573 -0.00722277 0 -15.6731 1.46906 -0.0107225
-12.175 1.48343 0.988815 -0.00774618 0 -15.609 1.46684 -0.0114909
-12.125 1.48224 0.988001 -0.00830664 0 -15.5449 1.46445 -0.0123124
-12.075 1.48096 0.987127 -0.00890647 0 -15.4808 1.4619 -0.0131901
-12.025 1.47959 0.986189 -0.00954811 0 -15.4167 1.45916 -0.0141273
-11.975 1.47813 0.985182 -0.0102341 0 -15.3526 1.45622 -0.0151274
-11.925 1.47656 0.984102 -0.0109673 0 -15.2885 1.45308 -0.0161938
-11.875 1.47488 0.982942 -0.0117503 0 -15.2244 1.44972 -0.0173303
-11.825 1.47308 0.981699 -0.0125862 0 -15.1603 1.44612 -0.0185405
-11.775 1.47116 0.980365 -0.0134781 0 -15.0962 1.44227 -0.0198284
-11.725 1.46911 0.978935 -0.0144293 0 -15.0321 1.43816 -0.0211982
-11.675 1.46691 0.977403 -0.0154432 0 -14.9679 1.43376 -0.0226538
-11.625 1.46456 0.97576 -0.0165235 0 -14.9038 1.42906 -0.0241997
-11.575 1.46205 0.974001 -0.0176738 0 -14.8397 1.42404 -0.0258401
-11.525 1.45938 0.972116 -0.018898 0 -14.7756 1.41869 -0.0275793
-11.475 1.45652 0.970098 -0.0202001 0 -14.7115 1.41297 -0.0294219
-11.425 1.45348 0.967938 -0.0215843 0 -14.6474 1.40688 -0.0313723
-11.375 1.45023 0.965625 -0.0230548 0 -14.5833 1.40038 -0.0334349
-11.325 1.44677 0.963151 -0.024616 0 -14.5192 1.39346 -0.0356138
-11.275 1.44309 0.960504 -0.0262721 0 -14.4551 1.38609 -0.037913
-11.225 1.43917 0.957673 -0.0280275 0 -14.391 1.37825 -0.0403363
-11.175 1.435 0.954645 -0.0298866 0 -14.3269 1.36992 -0.0428873
-11.125 1.43057 0.951409 -0.0318537 0 -14.2628 1.36106 -0.045569
-11.075 1.42586 0.94795 -0.033933 0 -14.1987 1.35165 -0.0483838
-11.025 1.42087 0.944255 -0.0361281 0 -14.1346 1.34166 -0.0513333
-10.975 1.41557 0.940309 -0.0384426 0 -14.0705 1.33107 -0.0544182
-10.925 1.40996 0.936095 -0.0408796 0 -14.0064 1.31985 -0.0576384
-10.875 1.40401 0.931598 -0.0434417 0 -13.9423 1.30798 -0.0609927
-10.825 1.39773 0.926801 -0.0461308 0 -13.8782 1.29541 -0.0644783
-10.775 1.39108 0.921686 -0.0489478 0 -13.8141 1.28214 -0.0680905
-10.725 1.38407 0.916234 -0.0518924 0 -13.75 1.26814 -0.071823
-10.675 1.37668 0.910428 -0.0549634 0 -13.6859 1.25337 -0.0756672
-10.625 1.3689 0.904248 -0.0581582 0 -13.6218 1.23783 -0.0796129
-10.575 1.36072 0.897674 -0.0614725 0 -13.5577 1.22149 -0.083647
-10.525 1.35213 0.890687 -0.0649 0 -13.4936 1.20433 -0.0877535
-10.475 1.34313 0.883269 -0.0684317 0 -13.4295 1.18635 -0.0919128
-10.425 1.33371 0.875398 -0.0720564 0 -13.3654 1.16753 -0.0961023
-10.375 1.32387 0.867057 -0.0757603 0 -13.3013 1.14787 -0.100297
-10.325 1.31361 0.858227 -0.0795265 0 -13.2372 1.12737 -0.104467
-10.275 1.30293 0.848894 -0.0833344 0 -13.1731 1.10605 -0.108579
-10.225 1.29185 0.839042 -0.0871593 0 -13.109 1.08391 -0.112596
-10.175 1.28037 0.828657 -0.0909715 0 -13.0449 1.06099 -0.116477
-10.125 1.2685 0.817728 -0.0947376 0 -12.9808 1.03729 -0.120175
-10.075 1.25628 0.806249 -0.09842 0 -12.9167 1.01287 -0.123643
-10.025 1.24371 0.794219 -0.101976 0 -12.8526 0.987779 -0.126829
-9.975 1.23084 0.781642 -0.105357 0 -12.7885 0.962076 -0.129678
-9.925 1.2177 0.768528 -0.108509 0 -12.7244 0.935837 -0.132132
-9.875 1.20433 0.754896 -0.111372 0 -12.6603 0.909146 -0.134129
-9.825 1.19079 0.740769 -0.113883 0 -12.5962 0.882098 -0.13561
-9.775 1.17712 0.726184 -0.115974 0 -12.5321 0.854805 -0.136515
-9.725 1.1634 0.711188 -0.117575 0 -12.4679 0.827395 -0.136787
-9.675 1.14971 0.695841 -0.118609 0 -12.4038 0.800018 -0.136367
-9.625 1.13612 0.680225 -0.118997 0 -12.3397 0.772821 -0.135195
-9.575 1.12271 0.664449 -0.118663 0 -12.2756 0.745987 -0.133225
-9.525 1.10956 0.648607 -0.117541 0 -12.2115 0.719668 -0.130418
-9.475 1.09674 0.632793 -0.115556 0 -12.1474 0.694007 -0.126735
-9.425 1.08434 0.617137 -0.112646 0 -12.0833 0.669184 -0.122146
-9.375 1.07245 0.601779 -0.108757 0 -12.0192 0.645375 -0.116636
-9.325 1.06115 0.586874 -0.103854 0 -11.9551 0.622764 -0.110205
-9.275 1.05055 0.572585 -0.0979167 0 -11.891 0.601532 -0.102867
-9.225 1.04074 0.559084 -0.0909476 0 -11.8269 0.581858 -0.0946523
-9.175 1.03178 0.546544 -0.0829666 0 -11.7628 0.563914 -0.0856033
-9.125 1.02377 0.535139 -0.0740153 0 -11.6987 0.54786 -0.0757747
-9.075 1.01678 0.525032 -0.0641604 0 -11.6346 0.533842 -0.0652371
-9.025 1.01088 0.516377 -0.0534948 0 -11.5705 0.521992 -0.0540765
-8.975 1.00611 0.509311 -0.0421344 0 -11.5064 0.512424 -0.042392
-8.925 1.00254 0.503952 -0.0302144 0 -11.4423 0.505232 -0.0302912
-8.875 1.00018 0.500392 -0.0178884 0 -11.3782 0.500483 -0.0178917
-8.825 0.999127 0.498693 -0.00531207 0 -11.3141 0.498258 -0.00530743
-8.775 0.999016 0.498884 0.00729522 0 -11.25 0.498393 0.00728804
-8.725 0.999974 0.500951 0.019664 0 -11.1859 0.500938 0.0196635
-8.675 1.00257 0.504849 0.0317274 0 -11.1218 0.506149 0.0318091
-8.625 1.00651 0.510511 0.0433734 0 -11.0577 0.513833 0.0436557
-8.575 1.01155 0.517841 0.0544567 0 -10.9936 0.523823 0.0550858
-8.525 1.01768 0.52672 0.0648413 0 -10.9295 0.536035 0.065988
-8.475 1.02489 0.53701 0.0744194 0 -10.8654 0.550375 0.0762716
-8.425 1.0331 0.548556 0.0831079 0 -10.8013 0.566712 0.0858586
-8.375 1.04223 0.561194 0.0908466 0 -10.7372 0.584893 0.0946831
-8.325 1.0522 0.574753 0.0975983 0 -10.6731 0.604757 0.102693
-8.275 1.06294 0.589062 0.103348 0 -10.609 0.626135 0.109852
-8.225 1.07434 0.603957 0.108098 0 -10.5449 0.648854 0.116134
-8.175 1.08632 0.61928 0.11187 0 -10.4808 0.672735 0.121527
-8.125 1.09879 0.634882 0.114702 0 -10.4167 0.697603 0.126034
-8.075 1.11167 0.650626 0.116646 0 -10.3526 0.723282 0.129672
-8.025 1.12488 0.666386 0.117758 0 -10.2885 0.749605 0.132464
-7.975 1.1383 0.682042 0.118099 0 -10.2244 0.77637 0.134432
-7.925 1.15183 0.697478 0.117737 0 -10.1603 0.803378 0.135614
-7.875 1.16541 0.712628 0.11675 0 -10.0962 0.830505 0.136061
-7.825 1.17898 0.727441 0.115208 0 -10.0321 0.857638 0.135827
-7.775 1.19248 0.741862 0.11318 0 -9.96795 0.884656 0.134965
-7.725 1.20587 0.755843 0.110736 0 -9.90385 0.911446 0.133533
-7.675 1.21908 0.769349 0.10794 0 -9.83974 0.937901 0.131588
-7.625 1.23208 0.782352 0.104857 0 -9.77564 0.963924 0.129193
-7.575 1.24483 0.794834 0.101543 0 -9.71154 0.989432 0.126404
-7.525 1.25728 0.806785 0.0980516 0 -9.64744 1.01435 0.123278
-7.475 1.2694 0.818199 0.0944294 0 -9.58333 1.03862 0.119869
-7.425 1.28118 0.829077 0.0907191 0 -9.51923 1.0622 0.116227
-7.375 1.29258 0.839422 0.0869589 0 -9.45513 1.08502 0.112402
-7.325 1.3036 0.849244 0.083182 0 -9.39103 1.10707 0.108436
-7.275 1.31421 0.858552 0.079417 0 -9.32692 1.12832 0.104371
-7.225 1.32442 0.867359 0.0756883 0 -9.26282 1.14875 0.100243
-7.175 1.33421 0.875681 0.0720169 0 -9.19872 1.16834 0.0960856
-7.125 1.34358 0.883535 0.0684201 0 -9.13462 1.18711 0.0919283
-7.075 1.35255 0.89094 0.0649125 0 -9.07051 1.20504 0.0877972
-7.025 1.3611 0.897914 0.0615053 0 -9.00641 1.22215 0.0837147
-6.975 1.36924 0.904477 0.0582074 0 -8.94231 1.23845 0.0797001
-6.925 1.37699 0.910647 0.0550255 0 -8.87821 1.25396 0.0757698
-6.875 1.38436 0.916444 0.0519646 0 -8.8141 1.26868 0.0719375
-6.825 1.39134 0.921887 0.0490278 0 -8.75 1.28266 0.0682144
-6.775 1.39796 0.926994 0.0462167 0 -8.6859 1.2959 0.0646092
-6.725 1.40423 0.931783 0.0435319 0 -8.62179 1.30844 0.0611287
-6.675 1.41015 0.936273 0.0409726 0 -8.55769 1.32029 0.0577776
-6.625 1.41575 0.940479 0.0385374 0 -8.49359 1.33148 0.0545594
-6.575 1.42103 0.944419 0.0362243 0 -8.42949 1.34205 0.0514759
-6.525 1.42602 0.948108 0.0340302 0 -8.36538 1.35202 0.0485276
-6.475 1.43071 0.95156 0.0319519 0 -8.30128 1.36141 0.0457139
-6.425 1.43513 0.95479 0.0299857 0 -8.23718 1.37025 0.0430335
-6.375 1.43929 0.957812 0.0281278 0 -8.17308 1.37857 0.0404841
-6.325 1.44321 0.960639 0.0263739 0 -8.10897 1.3864 0.038063
-6.275 1.44688 0.963281 0.0247198 0 -8.04487 1.39376 0.0357666
-6.225 1.45034 0.965752 0.023161 0 -7.98077 1.40067 0.0335913
-6.175 1.45358 0.968061 0.0216933 0 -7.91667 1.40716 0.0315329
-6.125 1.45663 0.97022 0.0203121 0 -7.85256 1.41325 0.0295872
-6.075 1.45948 0.972237 0.0190133 0 -7.78846 1.41896 0.0277495
-6.025 1.46216 0.974121 0.0177925 0 -7.72436 1.42432 0.0260154
-5.975 1.46467 0.975881 0.0166456 0 -7.66026 1.42935 0.0243803
-5.925 1.46702 0.977526 0.0155685 0 -7.59615 1.43405 0.0228394
-5.875 1.46923 0.979061 0.0145576 0 -7.53205 1.43846 0.0213883
-5.825 1.47129 0.980495 0.0136089 0 -7.46795 1.44259 0.0200226
-5.775 1.47322 0.981833 0.012719 0 -7.40385 1.44646 0.0187378
-5.725 1.47503 0.983082 0.0118844 0 -7.33974 1.45007 0.0175298
-5.675 1.47672 0.984248 0.011102 0 -7.27564 1.45345 0.0163945
-5.625 1.4783 0.985335 0.0103687 0 -7.21154 1.45662 0.015328
-5.575 1.47977 0.98635 0.00968155 0 -7.14744 1.45957 0.0143265
-5.525 1.48115 0.987296 0.00903794 0 -7.08333 1.46234 0.0133866
-5.475 1.48244 0.988178 0.00843526 0 -7.01923 1.46492 0.0125048
-5.425 1.48365 0.989 0.00787109 0 -6.95513 1.46733 0.0116779
-5.375 1.48477 0.989767 0.00734319 0 -6.89103 1.46958 0.010903
-5.325 1.48582 0.990481 0.00684941 0 -6.82692 1.47168 0.010177
-5.275 1.4868 0.991146 0.00638778 0 -6.76282 1.47364 0.00949736
-5.225 1.48772 0.991766 0.00595639 0 -6.69872 1.47547 0.00886143
-5.175 1.48857 0.992344 0.0055535 0 -6.63462 1.47717 0.00826677
-5.125 1.48937 0.992882 0.00517741 0 -6.57051 1.47876 0.00771106
-5.075 1.49011 0.993383 0.00482653 0 -6.50641 1.48025 0.00719206
-5.025 1.4908 0.993849 0.00449937 0 -6.44231 1.48163 0.00670766
-4.975 1.49145 0.994284 0.00419447 0 -6.37821 1.48292 0.00625582
-4.925 1.49205 0.99469 0.00391047 0 -6.3141 1.48412 0.00583461
-4.875 1.49261 0.995067 0.00364606 0 -6.25 1.48525 0.00544214
-4.825 1.49313 0.995419 0.0034 0 -6.1859 1.48629 0.00507665
-4.775 1.49362 0.995748 0.00317108 0 -6.12179 1.48727 0.00473639
-4.725 1.49408 0.996055 0.00295817 0 -6.05769 1.48818 0.00441973
-4.675 1.4945 0.996341 0.00276017 0 -5.99359 1.48903 0.00412508
-4.625 1.4949 0.996608 0.00257603 0 -5.92949 1.48983 0.0038509
-4.575 1.49527 0.996858 0.00240474 0 -5.86538 1.49057 0.00359574
-4.525 1.49562 0.997091 0.00224536 0 -5.80128 1.49127 0.0033582
-4.475 1.49594 0.99731 0.00209698 0 -5.73718 1.49192 0.00313695
-4.425 1.49624 0.997514 0.00195873 0 -5.67308 1.49252 0.00293073
-4.375 1.49653 0.997705 0.00182981 0 -5.60897 1.49309 0.00273835
-4.325 1.49679 0.997884 0.00170946 0 -5.54487 1.49362 0.00255871
-4.275 1.49704 0.998051 0.001597 0 -5.48077 1.49412 0.00239077
-4.225 1.49727 0.998208 0.00149177 0 -5.41667 1.49458 0.00223358
-4.175 1.49748 0.998355 0.00139318 0 -5.35256 1.49502 0.00208627
-4.125 1.49768 0.998492 0.0013007 0 -5.28846 1.49542 0.00194804
-4.075 1.49787 0.99862 0.00121386 0 -5.22436 1.4958 0.0018182
-4.025 1.49805 0.998739 0.00113222 0 -5.16026 1.49616 0.00169611
-3.975 1.49821 0.998851 0.00105541 0 -5.09615 1.49649 0.00158123
-3.925 1.49836 0.998955 0.000983133 0 -5.03205 1.49679 0.00147309
-3.875 1.4985 0.999051 0.000915103 0 -4.96795 1.49708 0.00137128
-3.825 1.49863 0.999141 0.000851097 0 -4.90385 1.49735 0.00127548
-3.775 1.49876 0.999224 0.000790923 0 -4.83974 1.49759 0.0011854
-3.725 1.49887 0.999301 0.000734421 0 -4.77564 1.49782 0.0011008
-3.675 1.49898 0.999373 0.000681452 0 -4.71154 1.49804 0.00102148
-3.625 1.49907 0.999439 0.000631893 0 -4.64744 1.49823 0.000947255
-3.575 1.49917 0.999499 0.000585635 0 -4.58333 1.49842 0.000877964
-3.525 1.49925 0.999555 0.000542577 0 -4.51923 1.49858 0.000813458
-3.475 1.49933 0.999607 0.00050262 0 -4.45513 1.49874 0.000753593
-3.425 1.4994 0.999655 0.000465668 0 -4.39103 1.49888 0.000698223
-3.375 1.49947 0.999699 0.00043162 0 -4.32692 1.49902 0.0006472
-3.325 1.49953 0.99974 0.000400365 0 -4.26282 1.49914 0.000600359
-3.275 1.49959 0.999778 0.000371784 0 -4.19872 1.49925 0.000557522
-3.225 1.49964 0.999813 0.000345741 0 -4.13462 1.49936 0.000518488
-3.175 1.49969 0.999846 0.000322088 0 -4.07051 1.49946 0.000483032
-3.125 1.49974 0.999877 0.00030066 0 -4.00641 1.49955 0.000450911
-3.075 1.49978 0.999905 0.000281281 0 -3.94231 1.49964 0.000421859
-3.025 1.49982 0.999933 0.000263764 0 -3.87821 1.49972 0.000395599
-2.975 1.49986 0.999958 0.000247916 0 -3.8141 1.4998 0.000371839
-2.925 1.49989 0.999983 0.000233538 0 -3.75 1.49987 0.000350283
-2.875 1.49993 1.00001 0.00022043 0 -3.6859 1.49994 0.000330629
-2.825 1.49996 1.00003 0.000208391 0 -3.62179 1.5 0.000312578
-2.775 1.49999 1.00005 0.000197228 0 -3.55769 1.50007 0.00029584
-2.725 1.50002 1.00007 0.000186754 0 -3.49359 1.50013 0.000280134
-2.675 1.50005 1.00009 0.000176794 0 -3.42949 1.50018 0.0002652
-2.625 1.50007 1.00011 0.000167192 0 -3.36538 1.50024 0.0002508
-2.575 1.5001 1.00013 0.000157808 0 -3.30128 1.50029 0.000236728
-2.525 1.50012 1.00014 0.00014853 0 -3.23718 1.50034 0.000222813
-2.475 1.50014 1.00016 0.00013927 0 -3.17308 1.50038 0.000208924
-2.425 1.50016 1.00017 0.000129964 0 -3.10897 1.50042 0.000194968
-2.375 1.50018 1.00019 0.00012058 0 -3.04487 1.50046 0.000180892
-2.325 1.5002 1.0002 0.00011111 0 -2.98077 1.5005 0.000166687
-2.275 1.50021 1.00021 0.000101574 0 -2.91667 1.50053 0.000152383
-2.225 1.50023 1.00022 9.20205e-05 0 -2.85256 1.50056 0.000138052
-2.175 1.50024 1.00023 8.25143e-05 0 -2.78846 1.50059 0.000123791
-2.125 1.50025 1.00024 7.31368e-05 0 -2.72436 1.50061 0.000109724
-2.075 1.50026 1.00025 6.39788e-05 0 -2.66026 1.50063 9.5985e-05
-2.025 1.50027 1.00025 5.51374e-05 0 -2.59615 1.50065 8.27211e-05
-1.975 1.50028 1.00025 4.67098e-05 0 -2.53205 1.50066 7.00777e-05
-1.925 1.50029 1.00026 3.87854e-05 0 -2.46795 1.50067 5.81893e-05
-1.875 1.50029 1.00026 3.14414e-05 0 -2.40385 1.50068 4.71712e-05
-1.825 1.5003 1.00026 2.47418e-05 0 -2.33974 1.50069 3.712e-05
-1.775 1.5003 1.00026 1.87429e-05 0 -2.27564 1.50069 2.812e-05
-1.725 1.5003 1.00026 1.35089e-05 0 -2.21154 1.50069 2.02675e-05
-1.675 1.5003 1.00026 9.01498e-06 0 -2.14744 1.50069 1.35252e-05
-1.625 1.5003 1.00026 5.22141e-06 0 -2.08333 1.50069 7.83371e-06
-1.575 1.5003 1.00026 2.08689e-06 0 -2.01923 1.50069 3.13097e-06
-1.525 1.5003 1.00026 -4.33852e-07 0 -1.95513 1.50069 -6.50909e-07
-1.475 1.5003 1.00025 -2.38542e-06 0 -1.89103 1.50068 -3.57885e-06
-1.425 1.5003 1.00025 -3.8441e-06 0 -1.82692 1.50068 -5.76732e-06
-1.375 1.5003 1.00025 -4.90734e-06 0 -1.76282 1.50068 -7.3625e-06
-1.325 1.5003 1.00025 -5.67709e-06 0 -1.69872 1.50068 -8.51735e-06
-1.275 1.5003 1.00025 -6.25813e-06 0 -1.63462 1.50068 -9.38908e-06
-1.225 1.5003 1.00025 -6.75913e-06 0 -1.57051 1.50067 -1.01407e-05
-1.175 1.5003 1.00025 -7.29109e-06 0 -1.50641 1.50067 -1.09388e-05
-1.125 1.5003 1.00025 -7.96297e-06 0 -1.44231 1.50067 -1.19468e-05
-1.075 1.5003 1.00025 -8.87421e-06 0 -1.37821 1.50067 -1.3314e-05
-1.025 1.5003 1.00025 -1.01004e-05 0 -1.3141 1.50066 -1.51536e-05
-0.975 1.50029 1.00025 -1.16983e-05 0 -1.25 1.50066 -1.75509e-05
-0.925 1.50029 1.00024 -1.37057e-05 0 -1.1859 1.50066 -2.05626e-05
-0.875 1.50029 1.00024 -1.6146e-05 0 -1.12179 1.50065 -2.42236e-05
-0.825 1.50029 1.00024 -1.90277e-05 0 -1.05769 1.50065 -2.85471e-05
-0.775 1.50028 1.00024 -2.2342e-05 0 -0.99359 1.50064 -3.35194e-05
-0.725 1.50028 1.00024 -2.60604e-05 0 -0.929487 1.50063 -3.90979e-05
-0.675 1.50028 1.00023 -3.01361e-05 0 -0.865385 1.50062 -4.52125e-05
-0.625 1.50027 1.00023 -3.45068e-05 0 -0.801282 1.50061 -5.17696e-05
-0.575 1.50027 1.00022 -3.90967e-05 0 -0.737179 1.5006 -5.86555e-05
-0.525 1.50026 1.00021 -4.38181e-05 0 -0.673077 1.50058 -6.57385e-05
-0.475 1.50025 1.00021 -4.85734e-05 0 -0.608974 1.50056 -7.28723e-05
-0.425 1.50024 1.0002 -5.32588e-05 0 -0.544872 1.50054 -7.99012e-05
-0.375 1.50024 1.00019 -5.77694e-05 0 -0.480769 1.50052 -8.66678e-05
-0.325 1.50023 1.00018 -6.20071e-05 0 -0.416667 1.5005 -9.30248e-05
-0.275 1.50022 1.00017 -6.58853e-05 0 -0.352564 1.50048 -9.88422e-05
-0.225 1.50021 1.00016 -6.93309e-05 0 -0.288462 1.50045 -0.000104011
-0.175 1.5002 1.00015 -7.22853e-05 0 -0.224359 1.50042 -0.000108442
-0.125 1.50019 1.00014 -7.47049e-05 0 -0.160256 1.50039 -0.000112071
-0.075 1.50017 1.00013 -7.65634e-05 0 -0.0961538 1.50037 -0.000114858
-0.025 1.50016 1.00012 -7.7852e-05 0 -0.0320513 1.50034 -0.000116791
0.025 1.50015 1.00011 -7.85773e-05 0 0.0320513 1.50031 -0.000117878
0.075 1.50014 1.00009 -7.87725e-05 0 0.0961538 1.50028 -0.00011817
0.125 1.50013 1.00008 -7.84879e-05 0 0.160256 1.50025 -0.000117742
0.175 1.50012 1.00007 -7.77968e-05 0 0.224359 1.50023 -0.000116704
0.225 1.5001 1.00006 -7.67779e-05 0 0.288462 1.5002 -0.000115175
0.275 1.50009 1.00005 -7.55182e-05 0 0.352564 1.50017 -0.000113284
0.325 1.50008 1.00005 -7.41091e-05 0 0.416667 1.50015 -0.00011117
0.375 1.50007 1.00004 -7.26401e-05 0 0.480769 1.50012 -0.000108965
0.425 1.50006 1.00003 -7.11939e-05 0 0.544872 1.5001 -0.000106795
0.475 1.50005 1.00002 -6.9844e-05 0 0.608974 1.50008 -0.000104769
0.525 1.50004 1.00001 -6.86502e-05 0 0.673077 1.50006 -0.000102978
0.575 1.50003 1 -6.76574e-05 0 0.737179 1.50003 -0.000101488
0.625 1.50002 0.999997 -6.68949e-05 0 0.801282 1.50001 -0.000100344
0.675 1.50001 0.999989 -6.63717e-05 0 0.865385 1.49999 -9.95581e-05
0.725 1.5 0.999981 -6.60777e-05 0 0.929487 1.49997 -9.91165e-05
0.775 1.49999 0.999973 -6.59919e-05 0 0.99359 1.49995 -9.89871e-05
0.825 1.49998 0.999965 -6.60784e-05 0 1.05769 1.49993 -9.91162e-05
0.875 1.49997 0.999956 -6.62862e-05 0 1.12179 1.4999 -9.94273e-05
0.925 1.49996 0.999947 -6.65583e-05 0 1.1859 1.49988 -9.98347e-05
0.975 1.49995 0.999938 -6.68288e-05 0 1.25 1.49986 -0.00010024
1.025 1.49994 0.999929 -6.7027e-05 0 1.3141 1.49983 -0.000100536
1.075 1.49993 0.999919 -6.7083e-05 0 1.37821 1.49981 -0.00010062
1.125 1.49992 0.999909 -6.69276e-05 0 1.44231 1.49978 -0.000100386
1.175 1.49991 0.999899 -6.64928e-05 0 1.50641 1.49976 -9.9733e-05
1.225 1.4999 0.999888 -6.57143e-05 0 1.57051 1.49973 -9.85648e-05
1.275 1.49989 0.999878 -6.45327e-05 0 1.63462 1.49971 -9.67919e-05
1.325 1.49988 0.999868 -6.28895e-05 0 1.69872 1.49968 -9.43267e-05
1.375 1.49987 0.999858 -6.07467e-05 0 1.76282 1.49966 -9.11121e-05
1.425 1.49986 0.999848 -5.80835e-05 0 1.82692 1.49963 -8.71172e-05
1.475 1.49985 0.999839 -5.4899e-05 0 1.89103 1.49961 -8.23404e-05
1.525 1.49984 0.99983 -5.12124e-05 0 1.95513 1.49959 -7.68106e-05
1.575 1.49984 0.999822 -4.70615e-05 0 2.01923 1.49957 -7.05847e-05
1.625 1.49983 0.999815 -4.24973e-05 0 2.08333 1.49955 -6.37388e-05
1.675 1.49982 0.999809 -3.7578e-05 0 2.14744 1.49954 -5.63605e-05
1.725 1.49982 0.999804 -3.23681e-05 0 2.21154 1.49952 -4.85463e-05
1.775 1.49981 0.9998 -2.69385e-05 0 2.27564 1.49951 -4.04028e-05
1.825 1.49981 0.999797 -2.13639e-05 0 2.33974 1.49951 -3.20418e-05
1.875 1.49981 0.999795 -1.57195e-05 0 2.40385 1.4995 -2.35763e-05
1.925 1.49981 0.999794 -1.0071e-05 0 2.46795 1.4995 -1.51045e-05
1.975 1.49981 0.999794 -4.53514e-06 0 2.53205 1.4995 -6.80183e-06
2.025 1.49981 0.999795 8.00294e-07 0 2.59615 1.4995 1.20028e-06
2.075 1.49981 0.999797 5.91777e-06 0 2.66026 1.4995 8.8755e-06
2.125 1.49981 0.9998 1.07631e-05 0 2.72436 1.49951 1.61426e-05
2.175 1.49981 0.999803 1.53328e-05 0 2.78846 1.49951 2.29963e-05
2.225 1.49981 0.999807 1.96145e-05 0 2.85256 1.49952 2.94181e-05
2.275 1.49982 0.999811 2.35923e-05 0 2.91667 1.49953 3.5384e-05
2.325 1.49982 0.999816 2.72665e-05 0 2.98077 1.49954 4.08948e-05
2.375 1.49982 0.999821 3.06568e-05 0 3.04487 1.49955 4.59798e-05
2.425 1.49983 0.999826 3.37938e-05 0 3.10897 1.49957 5.06848e-05
2.475 1.49983 0.999831 3.67135e-05 0 3.17308 1.49958 5.50641e-05
2.525 1.49984 0.999836 3.94579e-05 0 3.23718 1.49959 5.91805e-05
2.575 1.49985 0.999841 4.20754e-05 0 3.30128 1.49961 6.31066e-05
2.625 1.49985 0.999847 4.46181e-05 0 3.36538 1.49962 6.69206e-05
2.675 1.49986 0.999852 4.71375e-05 0 3.42949 1.49964 7.06996e-05
2.725 1.49987 0.999858 4.96794e-05 0 3.49359 1.49965 7.45124e-05
2.775 1.49987 0.999863 5.22807e-05 0 3.55769 1.49967 7.84144e-05
2.825 1.49988 0.999869 5.49677e-05 0 3.62179 1.49969 8.2445e-05
2.875 1.49989 0.999875 5.77533e-05 0 3.6859 1.4997 8.66236e-05
2.925 1.4999 0.999882 6.06347e-05 0 3.75 1.49972 9.0946e-05
2.975 1.49991 0.999889 6.35924e-05 0 3.8141 1.49974 9.53828e-05
3.025 1.49992 0.999896 6.65919e-05 0 3.87821 1.49976 9.98824e-05
3.075 1.49993 0.999904 6.95866e-05 0 3.94231 1.49978 0.000104375
3.125 1.49994 0.999913 7.25187e-05 0 4.00641 1.49981 0.000108774
3.175 1.49995 0.999922 7.53219e-05 0 4.07051 1.49983 0.000112979
3.225 1.49996 0.999931 7.79214e-05 0 4.13462 1.49986 0.000116879
3.275 1.49997 0.999942 8.02383e-05 0 4.19872 1.49989 0.000120355
3.325 1.49999 0.999953 8.21949e-05 0 4.26282 1.49991 0.000123291
3.375 1.5 0.999964 8.37169e-05 0 4.32692 1.49994 0.000125575
3.425 1.50001 0.999976 8.47331e-05 0 4.39103 1.49998 0.000127101
3.475 1.50002 0.999988 8.51806e-05 0 4.45513 1.50001 0.000127773
3.525 1.50004 1 8.50082e-05 0 4.51923 1.50004 0.000127515
3.575 1.50005 1.00001 8.41838e-05 0 4.58333 1.50007 0.00012628
3.625 1.50006 1.00003 8.26835e-05 0 4.64744 1.5001 0.00012403
3.675 1.50007 1.00004 8.05025e-05 0 4.71154 1.50013 0.00012076
3.725 1.50009 1.00005 7.76614e-05 0 4.77564 1.50016 0.000116499
3.775 1.5001 1.00006 7.42e-05 0 4.83974 1.50019 0.000111307
3.825 1.50011 1.00007 7.01758e-05 0 4.90385 1.50022 0.000105271
3.875 1.50012 1.00008 6.56611e-05 0 4.96795 1.50024 9.84994e-05
3.925 1.50013 1.00009 6.0738e-05 0 5.03205 1.50027 9.11147e-05
3.975 1.50014 1.0001 5.54958e-05 0 5.09615 1.50029 8.32513e-05
4.025 1.50014 1.00011 5.00276e-05 0 5.16026 1.50031 7.50486e-05
4.075 1.50015 1.00012 4.44252e-05 0 5.22436 1.50033 6.66445e-05
4.125 1.50016 1.00012 3.87739e-05 0 5.28846 1.50034 5.8167e-05
4.175 1.50016 1.00013 3.31504e-05 0 5.35256 1.50036 4.97311e-05
4.225 1.50017 1.00013 2.76232e-05 0 5.41667 1.50037 4.14395e-05
4.275 1.50017 1.00014 2.22499e-05 0 5.48077 1.50038 3.33786e-05
4.325 1.50017 1.00014 1.70727e-05 0 5.54487 1.50038 2.5612e-05
4.375 1.50018 1.00014 1.21119e-05 0 5.60897 1.50039 1.817e-05
4.425 1.50018 1.00014 7.35806e-06 0 5.67308 1.50039 1.10384e-05
4.475 1.50018 1.00014 2.81957e-06 0 5.73718 1.50039 4.22985e-06
4.525 1.50018 1.00014 -1.47276e-06 0 5.80128 1.50039 -2.2094e-06
4.575 1.50018 1.00014 -5.59021e-06 0 5.86538 1.50039 -8.38631e-06
4.625 1.50018 1.00014 -9.56766e-06 0 5.92949 1.50039 -1.43532e-05
4.675 1.50018 1.00014 -1.34775e-05 0 5.99359 1.50038 -2.02186e-05
4.725 1.50017 1.00013 -1.73744e-05 0 6.05769 1.50037 -2.60646e-05
4.775 1.50017 1.00013 -2.1293e-05 0 6.12179 1.50036 -3.1943e-05
4.825 1.50017 1.00013 -2.52622e-05 0 6.1859 1.50036 -3.78975e-05
4.875 1.50016 1.00012 -2.93104e-05 0 6.25 1.50034 -4.39704e-05
4.925 1.50016 1.00012 -3.34598e-05 0 6.3141 1.50033 -5.0195e-05
4.975 1.50015 1.00011 -3.77201e-05 0 6.37821 1.50032 -5.65859e-05
5.025 1.50015 1.00011 -4.20865e-05 0 6.44231 1.5003 -6.31359e-05
5.075 1.50014 1.0001 -4.65393e-05 0 6.50641 1.50029 -6.98154e-05
5.125 1.50013 1.00009 -5.10437e-05 0 6.57051 1.50027 -7.65723e-05
5.175 1.50012 1.00008 -5.55512e-05 0 6.63462 1.50025 -8.33337e-05
5.225 1.50012 1.00008 -6.00014e-05 0 6.69872 1.50023 -9.0009e-05
5.275 1.50011 1.00007 -6.4326e-05 0 6.76282 1.50021 -9.64958e-05
5.325 1.5001 1.00006 -6.84498e-05 0 6.82692 1.50018 -0.000102681
5.375 1.50009 1.00005 -7.22925e-05 0 6.89103 1.50016 -0.000108445
5.425 1.50007 1.00004 -7.5772e-05 0 6.95513 1.50013 -0.000113664
5.475 1.50006 1.00003 -7.88098e-05 0 7.01923 1.5001 -0.00011822
5.525 1.50005 1.00002 -8.13339e-05 0 7.08333 1.50007 -0.000122005
5.575 1.50004 1 -8.32781e-05 0 7.14744 1.50004 -0.00012492
5.625 1.50003 0.999992 -8.45821e-05 0 7.21154 1.50001 -0.000126875
5.675 1.50001 0.999979 -8.51956e-05 0 7.27564 1.49998 -0.000127794
5.725 1.5 0.999967 -8.50793e-05 0 7.33974 1.49995 -0.000127619
5.775 1.49999 0.999955 -8.42047e-05 0 7.40385 1.49992 -0.000126306
5.825 1.49997 0.999943 -8.25627e-05 0 7.46795 1.49989 -0.000123842
5.875 1.49996 0.999932 -8.01655e-05 0 7.53205 1.49986 -0.000120245
5.925 1.49995 0.99992 -7.70374e-05 0 7.59615 1.49983 -0.000115552
5.975 1.49994 0.99991 -7.32131e-05 0 7.66026 1.4998 -0.000109815
6.025 1.49993 0.9999 -6.87396e-05 0 7.72436 1.49978 -0.000103104
6.075 1.49992 0.999891 -6.36771e-05 0 7.78846 1.49976 -9.55105e-05
6.125 1.49991 0.999883 -5.80973e-05 0 7.85256 1.49973 -8.71407e-05
6.175 1.4999 0.999876 -5.2079e-05 0 7.91667 1.49972 -7.81134e-05
6.225 1.49989 0.99987 -4.57054e-05 0 7.98077 1.4997 -6.85532e-05
6.275 1.49989 0.999864 -3.90613e-05 0 8.04487 1.49968 -5.85876e-05
6.325 1.49988 0.99986 -3.22332e-05 0 8.10897 1.49967 -4.8346e-05
6.375 1.49988 0.999856 -2.53061e-05 0 8.17308 1.49966 -3.79561e-05
6.425 1.49988 0.999854 -1.83596e-05 0 8.23718 1.49966 -2.75371e-05
6.475 1.49987 0.999852 -1.14655e-05 0 8.30128 1.49965 -1.71968e-05
6.525 1.49987 0.999851 -4.68549e-06 0 8.36538 1.49965 -7.02763e-06
6.575 1.49987 0.999851 1.90324e-06 0 8.42949 1.49965 2.85462e-06
6.625 1.49987 0.999851 8.17425e-06 0 8.49359 1.49965 1.22603e-05
6.675 1.49987 0.999853 1.41309e-05 0 8.55769 1.49965 2.11945e-05
6.725 1.49988 0.999854 1.98066e-05 0 8.62179 1.49966 2.97075e-05
6.775 1.49988 0.999857 2.52171e-05 0 8.6859 1.49967 3.78227e-05
6.825 1.49988 0.99986 3.03559e-05 0 8.75 1.49967 4.55304e-05
6.875 1.49989 0.999864 3.52148e-05 0 8.8141 1.49969 5.28184e-05
6.925 1.4999 0.999868 3.97976e-05 0 8.87821 1.4997 5.96922e-05
6.975 1.4999 0.999873 4.41184e-05 0 8.94231 1.49971 6.61733e-05
7.025 1.49991 0.999879 4.81941e-05 0 9.00641 1.49973 7.22868e-05
7.075 1.49992 0.999885 5.20376e-05 0 9.07051 1.49974 7.8052e-05
7.125 1.49992 0.999892 5.56564e-05 0 9.13462 1.49976 8.34803e-05
7.175 1.49993 0.999899 5.90522e-05 0 9.19872 1.49978 8.85742e-05
7.225 1.49994 0.999907 6.22192e-05 0 9.26282 1.4998 9.33252e-05
7.275 1.49995 0.999916 6.51438e-05 0 9.32692 1.49983 9.77126e-05
7.325 1.49996 0.999926 6.78048e-05 0 9.39103 1.49985 0.000101705
7.375 1.49997 0.999936 7.01733e-05 0 9.45513 1.49988 0.000105258
7.425 1.49998 0.999946 7.22109e-05 0 9.51923 1.4999 0.000108315
7.475 1.49999 0.999958 7.38688e-05 0 9.58333 1.49993 0.000110803
7.525 1.50001 0.999969 7.50905e-05 0 9.64744 1.49996 0.000112636
7.575 1.50002 0.999981 7.58195e-05 0 9.71154 1.49999 0.000113731
7.625 1.50003 0.999994 7.60041e-05 0 9.77564 1.50002 0.000114008
7.675 1.50004 1.00001 7.5588e-05 0 9.83974 1.50005 0.000113385
7.725 1.50005 1.00002 7.4525e-05 0 9.90385 1.50008 0.000111791
7.775 1.50006 1.00003 7.27644e-05 0 9.96795 1.50011 0.000109151
7.825 1.50007 1.00004 7.02787e-05 0 10.0321 1.50014 0.000105423
7.875 1.50008 1.00005 6.70604e-05 0 10.0962 1.50016 0.000100596
7.925 1.50009 1.00007 6.31233e-05 0 10.1603 1.50019 9.46908e-05
7.975 1.5001 1.00008 5.85021e-05 0 10.2244 1.50021 8.77591e-05
8.025 1.50011 1.00009 5.32494e-05 0 10.2885 1.50024 7.98799e-05
8.075 1.50012 1.00009 4.74321e-05 0 10.3526 1.50026 7.11537e-05
8.125 1.50012 1.0001 4.11304e-05 0 10.4167 1.50028 6.17006e-05
8.175 1.50013 1.00011 3.44367e-05 0 10.4808 1.50029 5.16595e-05
8.225 1.50013 1.00011 2.74532e-05 0 10.5449 1.5003 4.11835e-05
8.275 1.50014 1.00012 2.02865e-05 0 10.609 1.50031 3.04325e-05
8.325 1.50014 1.00012 1.30423e-05 0 10.6731 1.50032 1.95653e-05
8.375 1.50014 1.00012 5.81282e-06 0 10.7372 1.50032 8.72006e-06
8.425 1.50014 1.00012 -1.27218e-06 0 10.8013 1.50032 -1.90844e-06
8.475 1.50014 1.00012 -8.04009e-06 0 10.8654 1.50032 -1.20613e-05
8.525 1.50014 1.00012 -1.44694e-05 0 10.9295 1.50032 -2.17062e-05
8.575 1.50014 1.00012 -2.05736e-05 0 10.9936 1.50031 -3.08632e-05
8.625 1.50013 1.00011 -2.63553e-05 0 11.0577 1.5003 -3.95364e-05
8.675 1.50013 1.00011 -3.18008e-05 0 11.1218 1.50029 -4.77053e-05
8.725 1.50012 1.0001 -3.69024e-05 0 11.1859 1.50027 -5.53581e-05
8.775 1.50012 1.00009 -4.16641e-05 0 11.25 1.50026 -6.2501e-05
8.825 1.50011 1.00008 -4.60926e-05 0 11.3141 1.50024 -6.9144e-05
8.875 1.5001 1.00008 -5.01919e-05 0 11.3782 1.50022 -7.52931e-05
8.925 1.50009 1.00007 -5.39631e-05 0 11.4423 1.50019 -8.09498e-05
8.975 1.50009 1.00006 -5.74041e-05 0 11.5064 1.50017 -8.61111e-05
9.025 1.50008 1.00005 -6.05091e-05 0 11.5705 1.50015 -9.07683e-05
9.075 1.50007 1.00004 -6.32691e-05 0 11.6346 1.50012 -9.4908e-05
9.125 1.50006 1.00003 -6.56735e-05 0 11.6987 1.5001 -9.85141e-05
9.175 1.50005 1.00001 -6.77106e-05 0 11.7628 1.50007 -0.000101569
9.225 1.50004 1 -6.93662e-05 0 11.8269 1.50005 -0.000104052
9.275 1.50003 0.999992 -7.06201e-05 0 11.891 1.50002 -0.000105932
9.325 1.50002 0.999981 -7.14452e-05 0 11.9551 1.49999 -0.000107169
9.375 1.50001 0.99997 -7.18092e-05 0 12.0192 1.49996 -0.000107714
9.425 1.5 0.99996 -7.16814e-05 0 12.0833 1.49994 -0.000107522
9.475 1.49999 0.999949 -7.10202e-05 0 12.1474 1.49991 -0.000106529
9.525 1.49998 0.999939 -6.9775e-05 0 12.2115 1.49988 -0.000104661
9.575 1.49997 0.999929 -6.79048e-05 0 12.2756 1.49986 -0.000101855
9.625 1.49996 0.999919 -6.53753e-05 0 12.3397 1.49983 -9.806e-05
9.675 1.49995 0.99991 -6.21605e-05 0 12.4038 1.49981 -9.32374e-05
9.725 1.49994 0.999902 -5.82443e-05 0 12.4679 1.49979 -8.73628e-05
9.775 1.49993 0.999895 -5.36231e-05 0 12.5321 1.49977 -8.04308e-05
9.825 1.49992 0.999888 -4.83097e-05 0 12.5962 1.49975 -7.24608e-05
9.875 1.49991 0.999882 -4.23381e-05 0 12.6603 1.49974 -6.35036e-05
9.925 1.49991 0.999877 -3.57634e-05 0 12.7244 1.49972 -5.36419e-05
9.975 1.49991 0.999873 -2.86586e-05 0 12.7885 1.49971 -4.29851e-05
10.025 1.4999 0.99987 -2.11103e-05 0 12.8526 1.49971 -3.16634e-05
10.075 1.4999 0.999868 -1.32207e-05 0 12.9167 1.4997 -1.98297e-05
10.125 1.4999 0.999868 -5.1271e-06 0 12.9808 1.4997 -7.69013e-06
10.175 1.4999 0.999868 2.97158e-06 0 13.0449 1.4997 4.45707e-06
10.225 1.4999 0.999871 1.09585e-05 0 13.109 1.4997 1.64366e-05
10.275 1.4999 0.999874 1.87571e-05 0 13.1731 1.49971 2.81337e-05
10.325 1.4999 0.999878 2.6301e-05 0 13.2372 1.49972 3.94491e-05
10.375 1.49991 0.999884 3.34949e-05 0 13.3013 1.49974 5.02393e-05
10.425 1.49991 0.999891 4.02377e-05 0 13.3654 1.49975 6.03531e-05
10.475 1.49992 0.999898 4.64461e-05 0 13.4295 1.49977 6.96655e-05
10.525 1.49993 0.999907 5.20546e-05 0 13.4936 1.49979 7.80782e-05
10.575 1.49994 0.999916 5.70097e-05 0 13.5577 1.49981 8.55111e-05
10.625 1.49995 0.999926 6.12686e-05 0 13.6218 1.49984 9.18997e-05
10.675 1.49996 0.999936 6.47998e-05 0 13.6859 1.49986 9.7197e-05
10.725 1.49997 0.999947 6.75847e-05 0 13.75 1.49989 0.000101375
10.775 1.49998 0.999958 6.96149e-05 0 13.8141 1.49992 0.000104421
10.825 1.49999 0.999969 7.08872e-05 0 13.8782 1.49994 0.00010633
10.875 1.5 0.999981 7.14024e-05 0 13.9423 1.49997 0.000107104
10.925 1.50001 0.999991 7.1156e-05 0 14.0064 1.5 0.000106735
10.975 1.50002 1 7.01607e-05 0 14.0705 1.50003 0.000105243
11.025 1.50003 1.00001 6.84268e-05 0 14.1346 1.50005 0.000102642
11.075 1.50004 1.00002 6.59728e-05 0 14.1987 1.50008 9.89621e-05
11.125 1.50005 1.00003 6.28196e-05 0 14.2628 1.5001 9.42327e-05
11.175 1.50006 1.00004 5.8991e-05 0 14.3269 1.50012 8.84902e-05
11.225 1.50007 1.00005 5.45163e-05 0 14.391 1.50014 8.17783e-05
11.275 1.50008 1.00006 4.94284e-05 0 14.4551 1.50016 7.41465e-05
11.325 1.50009 1.00006 4.37615e-05 0 14.5192 1.50018 6.56461e-05
11.375 1.50009 1.00007 3.75515e-05 0 14.5833 1.5002 5.63308e-05
11.425 1.5001 1.00007 3.08384e-05 0 14.6474 1.50021 4.62608e-05
11.475 1.50011 1.00008 2.36684e-05 0 14.7115 1.50022 3.55051e-05
11.525 1.50011 1.00008 1.60921e-05 0 14.7756 1.50023 2.41398e-05
11.575 1.50011 1.00009 8.16427e-06 0 14.8397 1.50024 1.22473e-05
11.625 1.50011 1.00009 -5.40695e-08 0 14.9038 1.50024 -8.11104e-08
11.675 1.50011 1.00009 -8.48857e-06 0 14.9679 1.50025 -1.27338e-05
11.725 1.50011 1.00009 -1.70149e-05 0 15.0321 1.50025 -2.55242e-05
11.775 1.50011 1.00009 -2.54701e-05 0 15.0962 1.50025 -3.82079e-05
11.825 1.50011 1.00009 -3.3828e-05 0 15.1603 1.50024 -5.07457e-05
11.875 1.5001 1.00008 -4.20817e-05 0 15.2244 1.50023 -6.3127e-05
11.925 1.5001 1.00008 -5.0158e-05 0 15.2885 1.50022 -7.5242e-05
11.975 1.50009 1.00008 -5.79619e-05 0 15.3526 1.50021 -8.69483e-05
12.025 1.50009 1.00007 -6.54055e-05 0 15.4167 1.50019 -9.81138e-05
12.075 1.50008 1.00006 -7.24092e-05 0 15.4808 1.50017 -0.000108619
12.125 1.50007 1.00006 -7.88972e-05 0 15.5449 1.50015 -0.000118351
12.175 1.50006 1.00005 -8.47984e-05 0 15.609 1.50013 -0.000127202
12.225 1.50005 1.00004 -9.00486e-05 0 15.6731 1.50011 -0.000135077
12.275 1.50004 1.00003 -9.45915e-05 0 15.7372 1.50008 -0.000141891
12.325 1.50002 1.00002 -9.83786e-05 0 15.8013 1.50005 -0.00014757
12.375 1.50001 1.00001 -0.000101374 0 15.8654 1.50002 -0.000152062
12.425 1.5 0.999997 -0.000103558 0 15.9295 1.49999 -0.000155337
12.475 1.49999 0.999985 -0.000104923 0 15.9936 1.49997 -0.000157383
12.525 1.49998 0.999973 -0.000105459 0 16.0577 1.49994 -0.000158186
12.575 1.49996 0.999962 -0.000105173 0 16.1218 1.49991 -0.000157756
12.625 1.49995 0.999951 -0.000104115 0 16.1859 1.49988 -0.000156168
12.675 1.49994 0.999941 -0.000102329 0 16.25 1.49985 -0.000153488
12.725 1.49993 0.999931 -9.98763e-05 0 16.3141 1.49983 -0.000149808
12.775 1.49992 0.999922 -9.68266e-05 0 16.3782 1.49981 -0.000145232
12.825 1.49991 0.999914 -9.32607e-05 0 16.4423 1.49979 -0.000139883
12.875 1.49991 0.999907 -8.92647e-05 0 16.5064 1.49977 -0.000133889
12.925 1.4999 0.999901 -8.49303e-05 0 16.5705 1.49975 -0.000127387
12.975 1.4999 0.999896 -8.03537e-05 0 16.6346 1.49974 -0.000120522
13.025 1.49989 0.999892 -7.56304e-05 0 16.6987 1.49973 -0.000113437
13.075 1.49989 0.99989 -7.08509e-05 0 16.7628 1.49972 -0.000106269
13.125 1.49989 0.999889 -6.60947e-05 0 16.8269 1.49972 -9.91348e-05
13.175 1.49989 0.999888 -6.14759e-05 0 16.891 1.49972 -9.2207e-05
13.225 1.49989 0.999889 -5.72126e-05 0 16.9551 1.49972 -8.58126e-05
13.275 1.49989 0.999891 -5.32578e-05 0 17.0192 1.49973 -7.9881e-05
13.325 1.4999 0.999895 -4.95907e-05 0 17.0833 1.49974 -7.43809e-05
13.375 1.4999 0.999898 -4.62281e-05 0 17.1474 1.49975 -6.93377e-05
13.425 1.49991 0.999903 -4.3212e-05 0 17.2115 1.49977 -6.48141e-05
13.475 1.49992 0.999909 -4.05766e-05 0 17.2756 1.49978 -6.08617e-05
13.525 1.49993 0.999916 -3.83357e-05 0 17.3397 1.4998 -5.75009e-05
13.575 1.49994 0.999923 -3.64838e-05 0 17.4038 1.49982 -5.47236e-05
13.625 1.49995 0.999931 -3.49992e-05 0 17.4679 1.49985 -5.24972e-05
13.675 1.49997 0.999939 -3.38427e-05 0 17.5321 1.49988 -5.0763e-05
13.725 1.49998 0.999948 -3.29555e-05 0 17.5962 1.4999 -4.94326e-05
13.775 1.5 0.999958 -3.22594e-05 0 17.6603 1.49993 -4.8389e-05
13.825 1.50001 0.999968 -3.16615e-05 0 17.7244 1.49997 -4.74927e-05
13.875 1.50003 0.999978 -3.10584e-05 0 17.7885 1.5 -4.65886e-05
13.925 1.50005 0.999988 -3.03389e-05 0 17.8526 1.50003 -4.55099e-05
13.975 1.50007 0.999999 -2.93841e-05 0 17.9167 1.50007 -4.40783e-05
14.025 1.50009 1.00001 -2.80719e-05 0 17.9808 1.50011 -4.21104e-05
14.075 1.50011 1.00002 -2.6275e-05 0 18.0449 1.50014 -3.94155e-05
14.125 1.50014 1.00003 -2.38367e-05 0 18.109 1.50018 -3.57583e-05
14.175 1.50016 1.00004 -2.05578e-05 0 18.1731 1.50022 -3.08399e-05
14.225 1.50018 1.00005 -1.61761e-05 0 18.2372 1.50026 -2.42671e-05
14.275 1.50021 1.00006 -1.04441e-05 0 18.3013 1.5003 -1.56684e-05
14.325 1.50023 1.00007 -3.45193e-06 0 18.3654 1.50033 -5.1787e-06
14.375 1.50025 1.00007 4.65488e-06 0 18.4295 1.50036 6.98348e-06
14.425 1.50026 1.00008 1.37273e-05 0 18.4936 1.50038 2.05946e-05
14.475 1.50028 1.00008 2.36394e-05 0 18.5577 1.5004 3.54657e-05
14.525 1.50028 1.00008 3.42967e-05 0 18.6218 1.50041 5.14547e-05
14.575 1.50029 1.00009 4.56146e-05 0 18.6859 1.50042 6.84351e-05
14.625 1.50029 1.00009 5.75871e-05 0 18.75 1.50042 8.63976e-05
14.675 1.50029 1.00008 7.02237e-05 0 18.8141 1.50042 0.000105356
14.725 1.50029 1.00008 8.34388e-05 0 18.8782 1.50041 0.000125183
14.775 1.50029 1.00008 9.72157e-05 0 18.9423 1.5004 0.000145852
14.825 1.50028 1.00007 0.000111295 0 19.0064 1.50039 0.000166973
14.875 1.50027 1.00006 0.000125333 0 19.0705 1.50036 0.000188033
14.925 1.50025 1.00006 0.000139038 0 19.1346 1.50033 0.000208592
14.975 1.50023 1.00005 0.000152203 0 19.1987 1.5003 0.000228339
15.025 1.5002 1.00004 0.000164671 0 19.2628 1.50026 0.00024704
15.075 1.50018 1.00003 0.000176285 0 19.3269 1.50022 0.000264459
15.125 1.50015 1.00002 0.000186857 0 19.391 1.50017 0.000280312
15.175 1.50011 1.00001 0.000196146 0 19.4551 1.50012 0.000294242
15.225 1.50008 0.999996 0.000203863 0 19.5192 1.50007 0.000305811
15.275 1.50004 0.999985 0.00020967 0 19.5833 1.50002 0.000314513
15.325 1.5 0.999974 0.000213184 0 19.6474 1.49996 0.000319775
15.375 1.49995 0.999963 0.000213989 0 19.7115 1.49989 0.000320973
15.425 1.4999 0.999953 0.000211636 0 19.7756 1.49983 0.000317434
15.475 1.49986 0.999943 0.000206309 0 19.8397 1.49977 0.000309435
15.525 1.49982 0.999934 0.000198415 0 19.9038 1.49972 0.000297588
15.575 1.49979 0.999926 0.0001884 0 19.9679 1.49968 0.00028256
15.625 1.49977 0.999919 0.000176692 0 20.0321 1.49964 0.000264997
15.675 1.49975 0.999913 0.000163666 0 20.0962 1.49961 0.000245457
15.725 1.49973 0.999908 0.000149619 0 20.1603 1.49959 0.000224388
15.775 1.49972 0.999904 0.000134784 0 20.2244 1.49957 0.000202138
15.825 1.49971 0.999901 0.000119341 0 20.2885 1.49956 0.000178977
15.875 1.49971 0.999899 0.000103429 0 20.3526 1.49956 0.000155113
15.925 1.49971 0.999898 8.71458e-05 0 20.4167 1.49955 0.000130693
15.975 1.49971 0.999899 7.04323e-05 0 20.4808 1.49956 0.000105628
16.025 1.49971 0.9999 5.33239e-05 0 20.5449 1.49956 7.99705e-05
16.075 1.49972 0.999903 3.61696e-05 0 20.609 1.49958 5.42444e-05
16.125 1.49974 0.999907 1.94219e-05 0 20.6731 1.4996 2.91278e-05
16.175 1.49976 0.999912 3.50692e-06 0 20.7372 1.49963 5.25954e-06
16.225 1.49979 0.999918 -1.12374e-05 0 20.8013 1.49966 -1.68536e-05
16.275 1.49981 0.999925 -2.45441e-05 0 20.8654 1.4997 -3.68115e-05
16.325 1.49985 0.999933 -3.6164e-05 0 20.9295 1.49975 -5.42405e-05
16.375 1.49988 0.999942 -4.58322e-05 0 20.9936 1.4998 -6.8743e-05
16.425 1.49992 0.999952 -5.32421e-05 0 21.0577 1.49985 -7.98589e-05
16.475 1.49995 0.999962 -5.87255e-05 0 21.1218 1.4999 -8.80855e-05
16.525 1.49998 0.999973 -6.27643e-05 0 21.1859 1.49994 -9.41454e-05
16.575 1.50001 0.999984 -6.57686e-05 0 21.25 1.49998 -9.86534e-05
16.625 1.50003 0.999995 -6.80743e-05 0 21.3141 1.50002 -0.000102113
16.675 1.50005 1.00001 -6.99583e-05 0 21.3782 1.50006 -0.000104941
16.725 1.50007 1.00002 -7.16406e-05 0 21.4423 1.50009 -0.000107466
16.775 1.50008 1.00003 -7.32786e-05 0 21.5064 1.50012 -0.000109924
16.825 1.50009 1.00004 -7.49845e-05 0 21.5705 1.50015 -0.000112484
16.875 1.5001 1.00005 -7.68356e-05 0 21.6346 1.50017 -0.000115261
16.925 1.50011 1.00005 -7.8883e-05 0 21.6987 1.50019 -0.000118333
16.975 1.50012 1.00006 -8.1156e-05 0 21.7628 1.50021 -0.000121744
17.025 1.50012 1.00007 -8.36623e-05 0 21.8269 1.50022 -0.000125504
17.075 1.50012 1.00007 -8.63924e-05 0 21.891 1.50023 -0.000129599
17.125 1.50012 1.00007 -8.93252e-05 0 21.9551 1.50023 -0.000133999
17.175 1.50012 1.00007 -9.23799e-05 0 22.0192 1.50024 -0.000138581
17.225 1.50012 1.00007 -9.54438e-05 0 22.0833 1.50023 -0.000143177
17.275 1.50012 1.00007 -9.8484e-05 0 22.1474 1.50023 -0.000147737
17.325 1.50011 1.00007 -0.000101535 0 22.2115 1.50021 -0.000152314
17.375 1.5001 1.00007 -0.000104451 0 22.2756 1.5002 -0.000156688
17.425 1.5001 1.00006 -0.00010701 0 22.3397 1.50019 -0.000160525
17.475 1.50009 1.00005 -0.000109027 0 22.4038 1.50017 -0.00016355
17.525 1.50009 1.00005 -0.000110366 0 22.4679 1.50016 -0.000165558
17.575 1.50008 1.00004 -0.000110929 0 22.5321 1.50014 -0.000166403
17.625 1.50007 1.00003 -0.000110657 0 22.5962 1.50011 -0.000165994
17.675 1.50006 1.00002 -0.000109516 0 22.6603 1.50009 -0.000164282
17.725 1.50006 1.00001 -0.000107484 0 22.7244 1.50007 -0.000161232
17.775 1.50005 0.999999 -0.000104572 0 22.7885 1.50005 -0.000156863
17.825 1.50004 0.999989 -0.000100815 0 22.8526 1.50002 -0.000151226
17.875 1.50003 0.99998 -9.62563e-05 0 22.9167 1.5 -0.000144387
17.925 1.50002 0.99997 -9.09585e-05 0 22.9808 1.49997 -0.000136439
17.975 1.50001 0.999961 -8.4982e-05 0 23.0449 1.49995 -0.000127474
18.025 1.5 0.999952 -7.84031e-05 0 23.109 1.49993 -0.000117605
18.075 1.49999 0.999944 -7.1303e-05 0 23.1731 1.49991 -0.000106954
18.125 1.49998 0.999936 -6.3763e-05 0 23.2372 1.49989 -9.56435e-05
18.175 1.49998 0.99993 -5.58633e-05 0 23.3013 1.49987 -8.37938e-05
18.225 1.49997 0.999924 -4.76858e-05 0 23.3654 1.49986 -7.15274e-05
18.275 1.49997 0.999919 -3.93156e-05 0 23.4295 1.49985 -5.89721e-05
18.325 1.49997 0.999915 -3.08422e-05 0 23.4936 1.49984 -4.62624e-05
18.375 1.49997 0.999913 -2.23632e-05 0 23.5577 1.49983 -3.3544e-05
18.425 1.49997 0.999911 -1.39634e-05 0 23.6218 1.49983 -2.09446e-05
18.475 1.49997 0.999911 -5.84616e-06 0 23.6859 1.49983 -8.76905e-06
18.525 1.49997 0.999912 1.86737e-06 0 23.75 1.49984 2.801e-06
18.575 1.49997 0.999914 9.19121e-06 0 23.8141 1.49984 1.37866e-05
18.625 1.49998 0.999917 1.60728e-05 0 23.8782 1.49985 2.41089e-05
18.675 1.49998 0.999921 2.23909e-05 0 23.9423 1.49987 3.35859e-05
18.725 1.49999 0.999927 2.80179e-05 0 24.0064 1.49988 4.20266e-05
18.775 1.5 0.999933 3.2851e-05 0 24.0705 1.4999 4.92764e-05
18.825 1.5 0.999941 3.68123e-05 0 24.1346 1.49991 5.52185e-05
18.875 1.50001 0.999949 3.98429e-05 0 24.1987 1.49993 5.97647e-05
18.925 1.50002 0.999958 4.19017e-05 0 24.2628 1.49995 6.28532e-05
18.975 1.50002 0.999968 4.29664e-05 0 24.3269 1.49997 6.44506e-05
19.025 1.50003 0.999978 4.30423e-05 0 24.391 1.5 6.45647e-05
19.075 1.50004 0.999988 4.21556e-05 0 24.4551 1.50002 6.32349e-05
19.125 1.50004 0.999998 4.03249e-05 0 24.5192 1.50004 6.04891e-05
19.175 1.50005 1.00001 3.75908e-05 0 24.5833 1.50006 5.63881e-05
19.225 1.50006 1.00002 3.40188e-05 0 24.6474 1.50008 5.10301e-05
19.275 1.50006 1.00003 2.9689e-05 0 24.7115 1.5001 4.45354e-05
19.325 1.50007 1.00003 2.46968e-05 0 24.7756 1.50012 3.70468e-05
19.375 1.50007 1.00004 1.91489e-05 0 24.8397 1.50013 2.87247e-05
19.425 1.50007 1.00005 1.31574e-05 0 24.9038 1.50015 1.97371e-05
19.475 1.50008 1.00005 6.83419e-06 0 24.9679 1.50015 1.02518e-05
19.525 1.50008 1.00006 2.9336e-07 0 25.0321 1.50016 4.40063e-07
19.575 1.50008 1.00006 -6.35391e-06 0 25.0962 1.50017 -9.53137e-06
19.625 1.50008 1.00006 -1.29357e-05 0 25.1603 1.50017 -1.94045e-05
19.675 1.50008 1.00006 -1.92966e-05 0 25.2244 1.50016 -2.89463e-05
19.725 1.50007 1.00006 -2.53675e-05 0 25.2885 1.50016 -3.80532e-05
19.775 1.50007 1.00005 -3.11121e-05 0 25.3526 1.50015 -4.66703e-05
19.825 1.50006 1.00005 -3.64407e-05 0 25.4167 1.50014 -5.46634e-05
19.875 1.50006 1.00004 -4.12584e-05 0 25.4808 1.50012 -6.18899e-05
19.925 1.50005 1.00004 -4.54743e-05 0 25.5449 1.50011 -6.82137e-05
19.975 1.50004 1.00003 -4.90042e-05 0 25.609 1.50009 -7.35085e-05
