-19.975 1.49999 0.999962 3.39938e-05 0 -26.2829 1.49993 5.09904e-05
-19.925 1.5 0.999972 3.66659e-05 0 -26.2171 1.49995 5.49988e-05
-19.875 1.5 0.999982 3.85334e-05 0 -26.1513 1.49998 5.78002e-05
-19.825 1.50001 0.999991 3.95456e-05 0 -26.0855 1.5 5.93187e-05
-19.775 1.50001 1 3.9672e-05 0 -26.0197 1.50002 5.95086e-05
-19.725 1.50002 1.00001 3.89203e-05 0 -25.9539 1.50004 5.83812e-05
-19.675 1.50003 1.00002 3.7308e-05 0 -25.8882 1.50006 5.59629e-05
-19.625 1.50003 1.00003 3.487e-05 0 -25.8224 1.50007 5.23061e-05
-19.575 1.50004 1.00003 3.16583e-05 0 -25.7566 1.50009 4.74887e-05
-19.525 1.50004 1.00004 2.77361e-05 0 -25.6908 1.5001 4.16054e-05
-19.475 1.50005 1.00004 2.31784e-05 0 -25.625 1.50011 3.47686e-05
-19.425 1.50005 1.00005 1.80744e-05 0 -25.5592 1.50012 2.71125e-05
-19.375 1.50005 1.00005 1.25307e-05 0 -25.4934 1.50013 1.87967e-05
-19.325 1.50005 1.00005 6.65423e-06 0 -25.4276 1.50013 9.9817e-06
-19.275 1.50005 1.00005 6.1531e-07 0 -25.3618 1.50013 9.22999e-07
-19.225 1.50005 1.00005 -5.38948e-06 0 -25.2961 1.50013 -8.0845e-06
-19.175 1.50005 1.00005 -1.12787e-05 0 -25.2303 1.50013 -1.69186e-05
-19.125 1.50005 1.00005 -1.69639e-05 0 -25.1645 1.50012 -2.54467e-05
-19.075 1.50005 1.00004 -2.23384e-05 0 -25.0987 1.50011 -3.35087e-05
-19.025 1.50004 1.00004 -2.7271e-05 0 -25.0329 1.5001 -4.09077e-05
-18.975 1.50004 1.00003 -3.16322e-05 0 -24.9671 1.50008 -4.74495e-05
-18.925 1.50003 1.00002 -3.53081e-05 0 -24.9013 1.50007 -5.29634e-05
-18.875 1.50003 1.00001 -3.82071e-05 0 -24.8355 1.50005 -5.73117e-05
-18.825 1.50002 1 -4.02638e-05 0 -24.7697 1.50003 -6.03966e-05
-18.775 1.50002 0.999996 -4.14433e-05 0 -24.7039 1.50001 -6.21657e-05
-18.725 1.50001 0.999987 -4.17348e-05 0 -24.6382 1.49999 -6.26027e-05
-18.675 1.5 0.999978 -4.11351e-05 0 -24.5724 1.49997 -6.17027e-05
-18.625 1.5 0.999969 -3.96486e-05 0 -24.5066 1.49995 -5.94728e-05
-18.575 1.49999 0.99996 -3.73064e-05 0 -24.4408 1.49993 -5.59592e-05
-18.525 1.49999 0.999951 -3.41646e-05 0 -24.375 1.49991 -5.12464e-05
-18.475 1.49998 0.999944 -3.03021e-05 0 -24.3092 1.4999 -4.54525e-05
-18.425 1.49998 0.999937 -2.58173e-05 0 -24.2434 1.49988 -3.87254e-05
-18.375 1.49997 0.99993 -2.08277e-05 0 -24.1776 1.49987 -3.1241e-05
-18.325 1.49997 0.999925 -1.54682e-05 0 -24.1118 1.49986 -2.32019e-05
-18.275 1.49997 0.999921 -9.88601e-06 0 -24.0461 1.49985 -1.48287e-05
-18.225 1.49997 0.999918 -4.2319e-06 0 -23.9803 1.49985 -6.34772e-06
-18.175 1.49997 0.999917 1.3617e-06 0 -23.9145 1.49984 2.04251e-06
-18.125 1.49997 0.999916 6.67257e-06 0 -23.8487 1.49984 1.00087e-05
-18.075 1.49997 0.999917 1.15199e-05 0 -23.7829 1.49985 1.72795e-05
-18.025 1.49997 0.999919 1.5852e-05 0 -23.7171 1.49985 2.37776e-05
-17.975 1.49998 0.999923 1.95921e-05 0 -23.6513 1.49986 2.93877e-05
-17.925 1.49998 0.999927 2.26517e-05 0 -23.5855 1.49987 3.3977e-05
-17.875 1.49998 0.999932 2.49616e-05 0 -23.5197 1.49988 3.74419e-05
-17.825 1.49999 0.999939 2.64693e-05 0 -23.4539 1.4999 3.97037e-05
-17.775 1.49999 0.999945 2.71349e-05 0 -23.3882 1.49991 4.07022e-05
-17.725 1.5 0.999953 2.69239e-05 0 -23.3224 1.49993 4.03857e-05
-17.675 1.5 0.99996 2.58385e-05 0 -23.2566 1.49994 3.87578e-05
-17.625 1.5 0.999968 2.3888e-05 0 -23.1908 1.49996 3.58321e-05
-17.575 1.50001 0.999975 2.1095e-05 0 -23.125 1.49997 3.16426e-05
-17.525 1.50001 0.999983 1.74983e-05 0 -23.0592 1.49998 2.62476e-05
-17.475 1.50001 0.999989 1.31615e-05 0 -22.9934 1.5 1.97424e-05
-17.425 1.50001 0.999995 8.1655e-06 0 -22.9276 1.50001 1.22484e-05
-17.375 1.50002 1 2.60069e-06 0 -22.8618 1.50002 3.90108e-06
-17.325 1.50002 1 -3.44794e-06 0 -22.7961 1.50002 -5.17196e-06
-17.275 1.50001 1.00001 -9.84418e-06 0 -22.7303 1.50003 -1.47664e-05
-17.225 1.50001 1.00001 -1.65112e-05 0 -22.6645 1.50003 -2.47671e-05
-17.175 1.50001 1.00001 -2.33631e-05 0 -22.5987 1.50002 -3.50449e-05
-17.125 1.50001 1.00001 -3.02413e-05 0 -22.5329 1.50002 -4.53622e-05
-17.075 1.5 1.00001 -3.70904e-05 0 -22.4671 1.50001 -5.56357e-05
-17.025 1.49999 1 -4.3837e-05 0 -22.4013 1.5 -6.57552e-05
-16.975 1.49999 0.999997 -5.04004e-05 0 -22.3355 1.49998 -7.55999e-05
-16.925 1.49998 0.99999 -5.66987e-05 0 -22.2697 1.49996 -8.50468e-05
-16.875 1.49997 0.999983 -6.26522e-05 0 -22.2039 1.49994 -9.39764e-05
-16.825 1.49996 0.999974 -6.81883e-05 0 -22.1382 1.49992 -0.00010228
-16.775 1.49995 0.999964 -7.32426e-05 0 -22.0724 1.4999 -0.00010986
-16.725 1.49994 0.999954 -7.77593e-05 0 -22.0066 1.49987 -0.000116634
-16.675 1.49992 0.999943 -8.16931e-05 0 -21.9408 1.49984 -0.000122534
-16.625 1.49991 0.999931 -8.50129e-05 0 -21.875 1.49981 -0.000127512
-16.575 1.4999 0.999919 -8.77065e-05 0 -21.8092 1.49978 -0.000131551
-16.525 1.49989 0.999907 -8.97842e-05 0 -21.7434 1.49975 -0.000134666
-16.475 1.49987 0.999895 -9.12741e-05 0 -21.6776 1.49972 -0.000136899
-16.425 1.49986 0.999883 -9.22174e-05 0 -21.6118 1.49968 -0.000138313
-16.375 1.49984 0.999872 -9.26863e-05 0 -21.5461 1.49965 -0.000139015
-16.325 1.49983 0.99986 -9.27793e-05 0 -21.4803 1.49962 -0.000139153
-16.275 1.49982 0.999849 -9.26129e-05 0 -21.4145 1.49959 -0.000138902
-16.225 1.4998 0.999839 -9.23284e-05 0 -21.3487 1.49956 -0.000138474
-16.175 1.49979 0.999829 -9.20777e-05 0 -21.2829 1.49953 -0.000138097
-16.125 1.49978 0.999819 -9.20312e-05 0 -21.2171 1.4995 -0.000138026
-16.075 1.49976 0.99981 -9.23683e-05 0 -21.1513 1.49948 -0.00013853
-16.025 1.49975 0.999801 -9.3273e-05 0 -21.0855 1.49945 -0.000139886
-15.975 1.49973 0.999792 -9.49369e-05 0 -21.0197 1.49942 -0.00014238
-15.925 1.49972 0.999783 -9.75484e-05 0 -20.9539 1.49939 -0.000146295
-15.875 1.4997 0.999774 -0.000101286 0 -20.8882 1.49936 -0.000151899
-15.825 1.49969 0.999765 -0.000106323 0 -20.8224 1.49934 -0.000159451
-15.775 1.49967 0.999755 -0.000112824 0 -20.7566 1.4993 -0.000169199
-15.725 1.49965 0.999744 -0.00012094 0 -20.6908 1.49927 -0.000181368
-15.675 1.49964 0.999733 -0.000130806 0 -20.625 1.49924 -0.000196161
-15.625 1.49962 0.999721 -0.000142537 0 -20.5592 1.4992 -0.000213751
-15.575 1.49959 0.999707 -0.000156227 0 -20.4934 1.49915 -0.000234277
-15.525 1.49957 0.999691 -0.000171946 0 -20.4276 1.49911 -0.000257845
-15.475 1.49954 0.999674 -0.00018974 0 -20.3618 1.49905 -0.000284523
-15.425 1.49951 0.999655 -0.000209634 0 -20.2961 1.49899 -0.000314348
-15.375 1.49948 0.999633 -0.000231632 0 -20.2303 1.49893 -0.000347328
-15.325 1.49944 0.999609 -0.000255724 0 -20.1645 1.49885 -0.000383442
-15.275 1.4994 0.999582 -0.000281882 0 -20.0987 1.49877 -0.000422653
-15.225 1.49936 0.999552 -0.000310072 0 -20.0329 1.49868 -0.000464908
-15.175 1.49931 0.999519 -0.000340256 0 -19.9671 1.49859 -0.000510148
-15.125 1.49925 0.999482 -0.000372395 0 -19.9013 1.49848 -0.000558314
-15.075 1.4992 0.999442 -0.000406457 0 -19.8355 1.49836 -0.000609359
-15.025 1.49913 0.999399 -0.000442422 0 -19.7697 1.49823 -0.000663248
-14.975 1.49906 0.999351 -0.000480284 0 -19.7039 1.49809 -0.000719975
-14.925 1.49899 0.999299 -0.000520059 0 -19.6382 1.49794 -0.000779561
-14.875 1.49891 0.999243 -0.000561787 0 -19.5724 1.49777 -0.000842066
-14.825 1.49882 0.999182 -0.000605538 0 -19.5066 1.49759 -0.000907591
-14.775 1.49872 0.999117 -0.000651414 0 -19.4408 1.4974 -0.00097629
-14.725 1.49862 0.999047 -0.000699554 0 -19.375 1.49719 -0.00104837
-14.675 1.49851 0.998972 -0.000750135 0 -19.3092 1.49697 -0.00112409
-14.625 1.4984 0.998891 -0.000803373 0 -19.2434 1.49674 -0.00120377
-14.575 1.49827 0.998805 -0.000859527 0 -19.1776 1.49648 -0.00128781
-14.525 1.49814 0.998714 -0.000918899 0 -19.1118 1.49621 -0.00137664
-14.475 1.498 0.998616 -0.000981834 0 -19.0461 1.49592 -0.00147078
-14.425 1.49784 0.998512 -0.00104872 0 -18.9803 1.49562 -0.00157082
-14.375 1.49768 0.998402 -0.00111998 0 -18.9145 1.49529 -0.00167737
-14.325 1.49751 0.998284 -0.00119608 0 -18.8487 1.49494 -0.00179114
-14.275 1.49732 0.998159 -0.00127753 0 -18.7829 1.49456 -0.00191288
-14.225 1.49712 0.998026 -0.00136488 0 -18.7171 1.49417 -0.00204339
-14.175 1.49691 0.997884 -0.00145869 0 -18.6513 1.49374 -0.00218354
-14.125 1.49669 0.997733 -0.0015596 0 -18.5855 1.49329 -0.00233423
-14.075 1.49644 0.997573 -0.00166823 0 -18.5197 1.49281 -0.00249642
-14.025 1.49618 0.997401 -0.00178529 0 -18.4539 1.4923 -0.00267112
-13.975 1.49591 0.997218 -0.00191146 0 -18.3882 1.49175 -0.00285937
-13.925 1.49561 0.997022 -0.0020475 0 -18.3224 1.49116 -0.00306227
-13.875 1.49529 0.996813 -0.00219419 0 -18.2566 1.49053 -0.00328096
-13.825 1.49495 0.996588 -0.00235232 0 -18.1908 1.48985 -0.00351662
-13.775 1.49459 0.996348 -0.00252274 0 -18.125 1.48913 -0.00377046
-13.725 1.4942 0.99609 -0.00270632 0 -18.0592 1.48835 -0.00404377
-13.675 1.49378 0.995813 -0.00290396 0 -17.9934 1.48752 -0.00433787
-13.625 1.49333 0.995516 -0.00311662 0 -17.9276 1.48663 -0.00465413
-13.575 1.49284 0.995196 -0.00334531 0 -17.8618 1.48567 -0.00499403
-13.525 1.49233 0.994852 -0.00359107 0 -17.7961 1.48464 -0.00535905
-13.475 1.49177 0.994482 -0.00385502 0 -17.7303 1.48354 -0.0057508
-13.425 1.49117 0.994084 -0.00413831 0 -17.6645 1.48235 -0.00617094
-13.375 1.49053 0.993655 -0.00444221 0 -17.5987 1.48107 -0.00662125
-13.325 1.48984 0.993195 -0.00476801 0 -17.5329 1.4797 -0.00710359
-13.275 1.48911 0.992699 -0.00511712 0 -17.4671 1.47823 -0.00761993
-13.225 1.48831 0.992165 -0.00549101 0 -17.4013 1.47665 -0.00817235
-13.175 1.48747 0.991592 -0.00589126 0 -17.3355 1.47496 -0.00876305
-13.125 1.48656 0.990975 -0.00631954 0 -17.2697 1.47314 -0.00939435
-13.075 1.48558 0.990312 -0.00677764 0 -17.2039 1.47119 -0.0100687
-13.025 1.48454 0.9896 -0.0072675 0 -17.1382 1.4691 -0.0107889
-12.975 1.48342 0.988836 -0.00779112 0 -17.0724 1.46686 -0.0115575
-12.925 1.48222 0.988015 -0.00835068 0 -17.0066 1.46446 -0.0123775
-12.875 1.48094 0.987135 -0.00894849 0 -16.9408 1.46188 -0.0132521
-12.825 1.47956 0.98619 -0.00958703 0 -16.875 1.45913 -0.0141846
-12.775 1.47809 0.985177 -0.0102689 0 -16.8092 1.45618 -0.0151784
-12.725 1.47652 0.984091 -0.010997 0 -16.7434 1.45303 -0.0162372
-12.675 1.47484 0.982927 -0.0117741 0 -16.6776 1.44965 -0.0173648
-12.625 1.47304 0.981679 -0.0126034 0 -16.6118 1.44605 -0.0185652
-12.575 1.47111 0.980343 -0.0134881 0 -16.5461 1.44219 -0.0198426
-12.525 1.46906 0.978912 -0.0144318 0 -16.4803 1.43808 -0.0212012
-12.475 1.46686 0.977379 -0.0154381 0 -16.4145 1.43368 -0.0226455
-12.425 1.46451 0.975738 -0.0165106 0 -16.3487 1.42898 -0.02418
-12.375 1.46201 0.97398 -0.0176533 0 -16.2829 1.42397 -0.0258093
-12.325 1.45934 0.972099 -0.0188702 0 -16.2171 1.41862 -0.0275381
-12.275 1.45649 0.970086 -0.0201656 0 -16.1513 1.41292 -0.029371
-12.225 1.45345 0.967931 -0.0215438 0 -16.0855 1.40684 -0.0313128
-12.175 1.45021 0.965625 -0.0230091 0 -16.0197 1.40036 -0.033368
-12.125 1.44676 0.963157 -0.024566 0 -15.9539 1.39345 -0.035541
-12.075 1.44308 0.960518 -0.0262189 0 -15.8882 1.3861 -0.037836
-12.025 1.43917 0.957694 -0.0279723 0 -15.8224 1.37828 -0.0402568
-11.975 1.43501 0.954674 -0.0298306 0 -15.7566 1.36996 -0.0428071
-11.925 1.43058 0.951445 -0.0317981 0 -15.6908 1.36112 -0.0454898
-11.875 1.42588 0.947993 -0.0338789 0 -15.625 1.35173 -0.0483073
-11.825 1.4209 0.944305 -0.0360766 0 -15.5592 1.34176 -0.0512611
-11.775 1.4156 0.940364 -0.0383947 0 -15.4934 1.33118 -0.0543517
-11.725 1.41 0.936155 -0.0408361 0 -15.4276 1.31998 -0.0575788
-11.675 1.40406 0.931661 -0.0434035 0 -15.3618 1.30811 -0.0609411
-11.625 1.39778 0.926866 -0.0460984 0 -15.2961 1.29555 -0.0644353
-11.575 1.39114 0.921752 -0.0489216 0 -15.2303 1.28229 -0.0680567
-11.525 1.38413 0.9163 -0.0518726 0 -15.1645 1.26828 -0.0717985
-11.475 1.37674 0.910492 -0.0549499 0 -15.0987 1.25351 -0.075652
-11.425 1.36896 0.904308 -0.0581509 0 -15.0329 1.23797 -0.0796066
-11.375 1.36078 0.89773 -0.0614711 0 -14.9671 1.22162 -0.0836489
-11.325 1.3522 0.890738 -0.0649037 0 -14.9013 1.20445 -0.0877625
-11.275 1.34319 0.883313 -0.0684398 0 -14.8355 1.18646 -0.0919277
-11.225 1.33377 0.875435 -0.0720678 0 -14.7697 1.16763 -0.0961218
-11.175 1.32392 0.867086 -0.0757739 0 -14.7039 1.14796 -0.100319
-11.125 1.31366 0.858249 -0.079541 0 -14.6382 1.12745 -0.10449
-11.075 1.30298 0.848908 -0.0833486 0 -14.5724 1.10611 -0.108602
-11.025 1.2919 0.839048 -0.0871716 0 -14.5066 1.08396 -0.112617
-10.975 1.28042 0.828656 -0.0909807 0 -14.4408 1.06103 -0.116493
-10.925 1.26855 0.817722 -0.0947424 0 -14.375 1.03732 -0.120186
-10.875 1.25632 0.806238 -0.0984193 0 -14.3092 1.0129 -0.123646
-10.825 1.24376 0.794205 -0.101969 0 -14.2434 0.987799 -0.126825
-10.775 1.23089 0.781626 -0.105343 0 -14.1776 0.962094 -0.129665
-10.725 1.21775 0.768513 -0.108487 0 -14.1118 0.935856 -0.13211
-10.675 1.20438 0.754882 -0.111342 0 -14.0461 0.909168 -0.134099
-10.625 1.19084 0.74076 -0.113845 0 -13.9803 0.882128 -0.135572
-10.575 1.17718 0.726181 -0.115929 0 -13.9145 0.854844 -0.136469
-10.525 1.16346 0.711193 -0.117524 0 -13.8487 0.827446 -0.136735
-10.475 1.14978 0.695856 -0.118554 0 -13.7829 0.800082 -0.136311
-10.425 1.1362 0.680252 -0.118938 0 -13.7171 0.772901 -0.135137
-10.375 1.12279 0.664488 -0.118604 0 -13.6513 0.746083 -0.133167
-10.325 1.10964 0.648659 -0.117482 0 -13.5855 0.71978 -0.130363
-10.275 1.09682 0.632858 -0.115502 0 -13.5197 0.694135 -0.126685
-10.225 1.08443 0.617214 -0.112597 0 -13.4539 0.669325 -0.122104
-10.175 1.07254 0.601868 -0.108717 0 -13.3882 0.645529 -0.116604
-10.125 1.06125 0.586973 -0.103824 0 -13.3224 0.622927 -0.110184
-10.075 1.05066 0.572692 -0.0979004 0 -13.2566 0.601702 -0.10286
-10.025 1.04084 0.559196 -0.0909462 0 -13.1908 0.582032 -0.0946601
-9.975 1.03188 0.546659 -0.0829812 0 -13.125 0.564087 -0.0856267
-9.925 1.02387 0.535253 -0.0740465 0 -13.0592 0.548028 -0.0758138
-9.875 1.01687 0.525141 -0.0642081 0 -12.9934 0.534002 -0.0652916
-9.825 1.01096 0.516478 -0.0535584 0 -12.9276 0.52214 -0.0541455
-9.775 1.00619 0.509401 -0.0422126 0 -12.8618 0.512556 -0.042474
-9.725 1.00261 0.504029 -0.0303052 0 -12.7961 0.505345 -0.0303843
-9.675 1.00024 0.500453 -0.017989 0 -12.7303 0.500575 -0.0179934
-9.625 0.999179 0.498737 -0.00541923 0 -12.6645 0.498327 -0.00541478
-9.575 0.999062 0.498909 0.00718537 0 -12.5987 0.498441 0.00717863
-9.525 1.00001 0.500958 0.0195547 0 -12.5329 0.500961 0.0195549
-9.475 1.00259 0.504838 0.0316212 0 -12.4671 0.506148 0.0317032
-9.425 1.00652 0.510484 0.0432731 0 -12.4013 0.513811 0.0435552
-9.375 1.01155 0.5178 0.054365 0 -12.3355 0.523782 0.0549931
-9.325 1.01768 0.526667 0.0647603 0 -12.2697 0.535977 0.065905
-9.275 1.02487 0.536948 0.0743505 0 -12.2039 0.550303 0.0761998
-9.225 1.03308 0.548488 0.0830521 0 -12.1382 0.566629 0.0857991
-9.175 1.0422 0.561123 0.0908042 0 -12.0724 0.584804 0.0946364
-9.125 1.05217 0.574682 0.0975689 0 -12.0066 0.604664 0.102659
-9.075 1.0629 0.588995 0.10333 0 -11.9408 0.626042 0.10983
-9.025 1.0743 0.603895 0.108092 0 -11.875 0.648764 0.116123
-8.975 1.08628 0.619224 0.111873 0 -11.8092 0.672651 0.121526
-8.925 1.09875 0.634835 0.114713 0 -11.7434 0.697526 0.126041
-8.875 1.11163 0.650588 0.116661 0 -11.6776 0.723215 0.129685
-8.825 1.12484 0.666358 0.117777 0 -11.6118 0.749549 0.132481
-8.775 1.13827 0.682024 0.118119 0 -11.5461 0.776324 0.13445
-8.725 1.1518 0.697468 0.117756 0 -11.4803 0.803343 0.135631
-8.675 1.16538 0.712626 0.116766 0 -11.4145 0.830479 0.136077
-8.625 1.17895 0.727446 0.11522 0 -11.3487 0.857621 0.135839
-8.575 1.19245 0.741872 0.113188 0 -11.2829 0.884645 0.134971
-8.525 1.20584 0.755857 0.110738 0 -11.2171 0.91144 0.133532
-8.475 1.21905 0.769365 0.107937 0 -11.1513 0.937897 0.131581
-8.425 1.23205 0.782368 0.104847 0 -11.0855 0.96392 0.129177
-8.375 1.2448 0.794849 0.101528 0 -11.0197 0.989426 0.126381
-8.325 1.25724 0.806797 0.098031 0 -10.9539 1.01434 0.123249
-8.275 1.26937 0.818208 0.0944044 0 -10.8882 1.03861 0.119834
-8.225 1.28114 0.82908 0.0906908 0 -10.8224 1.06217 0.116188
-8.175 1.29254 0.83942 0.0869284 0 -10.7566 1.08498 0.112358
-8.125 1.30355 0.849236 0.0831506 0 -10.6908 1.10702 0.108391
-8.075 1.31416 0.858537 0.0793858 0 -10.625 1.12826 0.104326
-8.025 1.32436 0.867338 0.0756587 0 -10.5592 1.14867 0.1002
-7.975 1.33415 0.875655 0.0719901 0 -10.4934 1.16825 0.0960455
-7.925 1.34352 0.883504 0.0683972 0 -10.4276 1.18701 0.0918931
-7.875 1.35248 0.890904 0.0648944 0 -10.3618 1.20493 0.0877682
-7.825 1.36103 0.897875 0.0614927 0 -10.2961 1.22203 0.0836932
-7.775 1.36917 0.904436 0.0582009 0 -10.2303 1.23833 0.079687
-7.725 1.37692 0.910605 0.0550256 0 -10.1645 1.25383 0.0757657
-7.675 1.38428 0.916403 0.0519713 0 -10.0987 1.26856 0.0719428
-7.625 1.39127 0.921847 0.0490411 0 -10.0329 1.28253 0.0682291
-7.575 1.39789 0.926958 0.0462363 0 -9.96711 1.29578 0.0646331
-7.525 1.40416 0.931751 0.0435572 0 -9.90132 1.30832 0.0611612
-7.475 1.41008 0.936246 0.0410031 0 -9.83553 1.32019 0.0578179
-7.425 1.41569 0.940459 0.0385724 0 -9.76974 1.3314 0.0546064
-7.375 1.42098 0.944405 0.0362626 0 -9.70395 1.34198 0.0515283
-7.325 1.42596 0.948101 0.034071 0 -9.63816 1.35196 0.048584
-7.275 1.43067 0.95156 0.0319941 0 -9.57237 1.36136 0.0457728
-7.225 1.43509 0.954798 0.0300282 0 -9.50658 1.37022 0.0430933
-7.175 1.43926 0.957827 0.0281694 0 -9.44079 1.37856 0.0405432
-7.125 1.44318 0.960659 0.0264137 0 -9.375 1.3864 0.0381198
-7.075 1.44686 0.963308 0.0247568 0 -9.30921 1.39378 0.0358197
-7.025 1.45032 0.965783 0.0231944 0 -9.24342 1.4007 0.0336393
-6.975 1.45357 0.968096 0.0217222 0 -9.17763 1.4072 0.0315748
-6.925 1.45662 0.970257 0.020336 0 -9.11184 1.4133 0.0296219
-6.875 1.45948 0.972275 0.0190317 0 -9.04605 1.41902 0.0277765
-6.825 1.46216 0.974159 0.0178052 0 -8.98026 1.42438 0.0260341
-6.775 1.46467 0.975918 0.0166526 0 -8.91447 1.4294 0.0243906
-6.725 1.46702 0.97756 0.01557 0 -8.84868 1.4341 0.0228415
-6.675 1.46923 0.979092 0.0145537 0 -8.78289 1.43851 0.0213827
-6.625 1.47129 0.980521 0.0136002 0 -8.71711 1.44263 0.0200098
-6.575 1.47322 0.981854 0.0127062 0 -8.65132 1.44648 0.0187189
-6.525 1.47502 0.983097 0.0118683 0 -8.58553 1.45009 0.0175059
-6.475 1.47671 0.984256 0.0110834 0 -8.51974 1.45346 0.016367
-6.425 1.47828 0.985337 0.0103486 0 -8.45395 1.45661 0.0152982
-6.375 1.47976 0.986345 0.00966112 0 -8.38816 1.45955 0.0142961
-6.325 1.48114 0.987285 0.00901812 0 -8.32237 1.4623 0.0133571
-6.275 1.48242 0.988161 0.00841706 0 -8.25658 1.46487 0.0124776
-6.225 1.48362 0.988978 0.00785548 0 -8.19079 1.46727 0.0116546
-6.175 1.48475 0.98974 0.007331 0 -8.125 1.46951 0.0108847
-6.125 1.4858 0.99045 0.00684137 0 -8.05921 1.47161 0.0101649
-6.075 1.48677 0.991113 0.00638444 0 -7.99342 1.47356 0.00949223
-6.025 1.48769 0.991731 0.00595815 0 -7.92763 1.47539 0.00886388
-5.975 1.48854 0.992309 0.00556053 0 -7.86184 1.47709 0.00827709
-5.925 1.48934 0.992847 0.0051897 0 -7.79605 1.47869 0.00772924
-5.875 1.49009 0.99335 0.00484388 0 -7.73026 1.48018 0.0072178
-5.825 1.49078 0.99382 0.00452137 0 -7.66447 1.48157 0.00674038
-5.775 1.49143 0.994259 0.00422056 0 -7.59868 1.48287 0.00629467
-5.725 1.49204 0.994668 0.00393993 0 -7.53289 1.48408 0.00587851
-5.675 1.4926 0.995051 0.00367803 0 -7.46711 1.48522 0.00548984
-5.625 1.49313 0.995409 0.00343354 0 -7.40132 1.48628 0.00512673
-5.575 1.49363 0.995743 0.00320519 0 -7.33553 1.48727 0.00478736
-5.525 1.49409 0.996055 0.00299182 0 -7.26974 1.48819 0.00447004
-5.475 1.49452 0.996346 0.00279233 0 -7.20395 1.48906 0.00417319
-5.425 1.49492 0.996618 0.00260573 0 -7.13816 1.48986 0.00389535
-5.375 1.49529 0.996872 0.00243108 0 -7.07237 1.49062 0.00363518
-5.325 1.49564 0.997109 0.00226754 0 -7.00658 1.49132 0.00339144
-5.275 1.49597 0.997329 0.00211435 0 -6.94079 1.49198 0.003163
-5.225 1.49627 0.997535 0.0019708 0 -6.875 1.49259 0.00294886
-5.175 1.49656 0.997726 0.00183628 0 -6.80921 1.49316 0.00274811
-5.125 1.49682 0.997904 0.00171024 0 -6.74342 1.49369 0.00255993
-5.075 1.49707 0.99807 0.00159218 0 -6.67763 1.49418 0.0023836
-5.025 1.4973 0.998224 0.00148165 0 -6.61184 1.49464 0.00221847
-4.975 1.49751 0.998366 0.00137826 0 -6.54605 1.49506 0.00206396
-4.925 1.49771 0.998499 0.00128164 0 -6.48026 1.49546 0.00191952
-4.875 1.49789 0.998622 0.00119146 0 -6.41447 1.49583 0.00178468
-4.825 1.49807 0.998736 0.00110741 0 -6.34868 1.49617 0.00165897
-4.775 1.49822 0.998842 0.0010292 0 -6.28289 1.49649 0.00154197
-4.725 1.49837 0.99894 0.000956546 0 -6.21711 1.49678 0.00143326
-4.675 1.49851 0.999031 0.000889186 0 -6.15132 1.49706 0.00133245
-4.625 1.49864 0.999116 0.000826848 0 -6.08553 1.49731 0.00123915
-4.575 1.49876 0.999195 0.000769262 0 -6.01974 1.49755 0.00115294
-4.525 1.49887 0.999269 0.000716155 0 -5.95395 1.49777 0.00107342
-4.475 1.49897 0.999338 0.000667247 0 -5.88816 1.49798 0.00100018
-4.425 1.49907 0.999402 0.000622253 0 -5.82237 1.49817 0.0009328
-4.375 1.49916 0.999463 0.000580884 0 -5.75658 1.49835 0.000870836
-4.325 1.49924 0.999519 0.000542847 0 -5.69079 1.49852 0.000813858
-4.275 1.49932 0.999573 0.000507852 0 -5.625 1.49868 0.000761432
-4.225 1.49939 0.999624 0.000475612 0 -5.55921 1.49883 0.00071313
-4.175 1.49946 0.999671 0.000445847 0 -5.49342 1.49897 0.000668531
-4.125 1.49953 0.999717 0.000418285 0 -5.42763 1.4991 0.00062723
-4.075 1.49959 0.99976 0.000392663 0 -5.36184 1.49923 0.000588833
-4.025 1.49964 0.9998 0.000368733 0 -5.29605 1.49935 0.000552968
-3.975 1.4997 0.999839 0.00034626 0 -5.23026 1.49946 0.000519286
-3.925 1.49975 0.999875 0.000325032 0 -5.16447 1.49956 0.000487466
-3.875 1.4998 0.99991 0.000304859 0 -5.09868 1.49966 0.000457226
-3.825 1.49984 0.999942 0.000285578 0 -5.03289 1.49975 0.000428321
-3.775 1.49988 0.999972 0.000267056 0 -4.96711 1.49984 0.000400553
-3.725 1.49992 1 0.000249193 0 -4.90132 1.49992 0.000373769
-3.675 1.49996 1.00003 0.000231916 0 -4.83553 1.5 0.000347864
-3.625 1.49999 1.00005 0.000215184 0 -4.76974 1.50007 0.000322773
-3.575 1.50002 1.00007 0.000198977 0 -4.70395 1.50013 0.00029847
-3.525 1.50005 1.00009 0.000183301 0 -4.63816 1.50019 0.000274961
-3.475 1.50007 1.00011 0.000168177 0 -4.57237 1.50024 0.000252278
-3.425 1.5001 1.00013 0.000153642 0 -4.50658 1.50029 0.000230479
-3.375 1.50012 1.00014 0.000139748 0 -4.44079 1.50033 0.000209639
-3.325 1.50014 1.00016 0.000126553 0 -4.375 1.50037 0.000189848
-3.275 1.50016 1.00017 0.00011412 0 -4.30921 1.50041 0.000171199
-3.225 1.50017 1.00018 0.000102512 0 -4.24342 1.50044 0.000153785
-3.175 1.50019 1.00019 9.17821e-05 0 -4.17763 1.50047 0.000137691
-3.125 1.5002 1.00019 8.19753e-05 0 -4.11184 1.50049 0.000122979
-3.075 1.50021 1.0002 7.31172e-05 0 -4.04605 1.50051 0.000109691
-3.025 1.50022 1.00021 6.52141e-05 0 -3.98026 1.50053 9.78358e-05
-2.975 1.50023 1.00021 5.82514e-05 0 -3.91447 1.50055 8.73907e-05
-2.925 1.50024 1.00022 5.2194e-05 0 -3.84868 1.50057 7.83035e-05
-2.875 1.50025 1.00022 4.69867e-05 0 -3.78289 1.50058 7.04918e-05
-2.825 1.50026 1.00022 4.25557e-05 0 -3.71711 1.50059 6.38444e-05
-2.775 1.50026 1.00023 3.88092e-05 0 -3.65132 1.5006 5.8224e-05
-2.725 1.50027 1.00023 3.56421e-05 0 -3.58553 1.50062 5.34727e-05
-2.675 1.50027 1.00024 3.29391e-05 0 -3.51974 1.50063 4.94176e-05
-2.625 1.50028 1.00024 3.05791e-05 0 -3.45395 1.50064 4.5877e-05
-2.575 1.50028 1.00024 2.84447e-05 0 -3.38816 1.50065 4.2675e-05
-2.525 1.50028 1.00025 2.64201e-05 0 -3.32237 1.50066 3.96376e-05
-2.475 1.50029 1.00025 2.43923e-05 0 -3.25658 1.50067 3.65954e-05
-2.425 1.50029 1.00026 2.22623e-05 0 -3.19079 1.50067 3.33999e-05
-2.375 1.5003 1.00026 1.99436e-05 0 -3.125 1.50068 2.99213e-05
-2.325 1.5003 1.00026 1.73645e-05 0 -3.05921 1.50069 2.6052e-05
-2.275 1.5003 1.00026 1.4469e-05 0 -2.99342 1.5007 2.17078e-05
-2.225 1.5003 1.00027 1.12168e-05 0 -2.92763 1.5007 1.68286e-05
-2.175 1.5003 1.00027 7.58641e-06 0 -2.86184 1.50071 1.13819e-05
-2.125 1.50031 1.00027 3.57953e-06 0 -2.79605 1.50071 5.37039e-06
-2.075 1.50031 1.00027 -7.73801e-07 0 -2.73026 1.50071 -1.16094e-06
-2.025 1.5003 1.00027 -5.35862e-06 0 -2.66447 1.50071 -8.03957e-06
-1.975 1.5003 1.00027 -1.01306e-05 0 -2.59868 1.50071 -1.5199e-05
-1.925 1.5003 1.00027 -1.50745e-05 0 -2.53289 1.5007 -2.26163e-05
-1.875 1.5003 1.00026 -2.01295e-05 0 -2.46711 1.50069 -3.02003e-05
-1.825 1.5003 1.00026 -2.52079e-05 0 -2.40132 1.50068 -3.78193e-05
-1.775 1.50029 1.00025 -3.02177e-05 0 -2.33553 1.50067 -4.53354e-05
-1.725 1.50029 1.00025 -3.50739e-05 0 -2.26974 1.50066 -5.2621e-05
-1.675 1.50028 1.00024 -3.96981e-05 0 -2.20395 1.50064 -5.95583e-05
-1.625 1.50027 1.00023 -4.40184e-05 0 -2.13816 1.50063 -6.60397e-05
-1.575 1.50027 1.00023 -4.79733e-05 0 -2.07237 1.50061 -7.19728e-05
-1.525 1.50026 1.00022 -5.15144e-05 0 -2.00658 1.50059 -7.72849e-05
-1.475 1.50025 1.00021 -5.46073e-05 0 -1.94079 1.50057 -8.19246e-05
-1.425 1.50024 1.0002 -5.72322e-05 0 -1.875 1.50054 -8.58623e-05
-1.375 1.50023 1.00019 -5.93852e-05 0 -1.80921 1.50052 -8.90917e-05
-1.325 1.50023 1.00018 -6.10758e-05 0 -1.74342 1.5005 -9.16274e-05
-1.275 1.50022 1.00017 -6.2324e-05 0 -1.67763 1.50048 -9.34995e-05
-1.225 1.50021 1.00016 -6.31725e-05 0 -1.61184 1.50045 -9.47718e-05
-1.175 1.5002 1.00016 -6.3679e-05 0 -1.54605 1.50043 -9.5531e-05
-1.125 1.50019 1.00015 -6.39125e-05 0 -1.48026 1.50041 -9.58808e-05
-1.075 1.50018 1.00014 -6.39503e-05 0 -1.41447 1.50039 -9.59368e-05
-1.025 1.50017 1.00013 -6.3867e-05 0 -1.34868 1.50037 -9.58113e-05
-0.975 1.50016 1.00012 -6.3734e-05 0 -1.28289 1.50035 -9.5611e-05
-0.925 1.50015 1.00012 -6.36219e-05 0 -1.21711 1.50032 -9.54423e-05
-0.875 1.50014 1.00011 -6.35966e-05 0 -1.15132 1.5003 -9.54038e-05
-0.825 1.50013 1.0001 -6.37104e-05 0 -1.08553 1.50028 -9.5574e-05
-0.775 1.50012 1.0001 -6.40067e-05 0 -1.01974 1.50026 -9.60177e-05
-0.725 1.50011 1.00009 -6.45175e-05 0 -0.953947 1.50024 -9.67834e-05
-0.675 1.5001 1.00008 -6.52645e-05 0 -0.888158 1.50022 -9.79034e-05
-0.625 1.50009 1.00007 -6.62542e-05 0 -0.822368 1.5002 -9.93873e-05
-0.575 1.50008 1.00006 -6.74756e-05 0 -0.756579 1.50018 -0.000101219
-0.525 1.50007 1.00006 -6.88994e-05 0 -0.690789 1.50016 -0.000103354
-0.475 1.50006 1.00005 -7.04784e-05 0 -0.625 1.50013 -0.000105722
-0.425 1.50005 1.00004 -7.21496e-05 0 -0.559211 1.50011 -0.000108228
-0.375 1.50004 1.00003 -7.38395e-05 0 -0.493421 1.50008 -0.000110762
-0.325 1.50003 1.00002 -7.54688e-05 0 -0.427632 1.50005 -0.000113205
-0.275 1.50002 1.00001 -7.6956e-05 0 -0.361842 1.50003 -0.000115435
-0.225 1.5 0.999994 -7.82205e-05 0 -0.296053 1.5 -0.000117331
-0.175 1.49999 0.999982 -7.91871e-05 0 -0.230263 1.49997 -0.00011878
-0.125 1.49998 0.99997 -7.97911e-05 0 -0.164474 1.49994 -0.000119685
-0.075 1.49997 0.999958 -7.99781e-05 0 -0.0986842 1.4999 -0.000119965
-0.025 1.49996 0.999945 -7.96973e-05 0 -0.0328947 1.49987 -0.000119543
0.025 1.49994 0.999933 -7.89098e-05 0 0.0328947 1.49984 -0.00011836
0.075 1.49993 0.99992 -7.75886e-05 0 0.0986842 1.49981 -0.000116378
0.125 1.49992 0.999908 -7.57294e-05 0 0.164474 1.49978 -0.000113588
0.175 1.49991 0.999897 -7.33465e-05 0 0.230263 1.49976 -0.000110013
0.225 1.4999 0.999886 -7.04696e-05 0 0.296053 1.49973 -0.000105697
0.275 1.49989 0.999875 -6.71431e-05 0 0.361842 1.4997 -0.000100707
0.325 1.49988 0.999866 -6.34248e-05 0 0.427632 1.49968 -9.51296e-05
0.375 1.49987 0.999857 -5.93829e-05 0 0.493421 1.49966 -8.90666e-05
0.425 1.49986 0.999849 -5.50923e-05 0 0.559211 1.49964 -8.26309e-05
0.475 1.49985 0.999842 -5.06318e-05 0 0.625 1.49962 -7.59403e-05
0.525 1.49985 0.999836 -4.60801e-05 0 0.690789 1.4996 -6.91131e-05
0.575 1.49984 0.999831 -4.15125e-05 0 0.756579 1.49959 -6.22621e-05
0.625 1.49983 0.999827 -3.69975e-05 0 0.822368 1.49957 -5.54902e-05
0.675 1.49983 0.999823 -3.25923e-05 0 0.888158 1.49956 -4.88829e-05
0.725 1.49982 0.99982 -2.83392e-05 0 0.953947 1.49956 -4.25038e-05
0.775 1.49982 0.999818 -2.42648e-05 0 1.01974 1.49955 -3.63929e-05
0.825 1.49982 0.999816 -2.03801e-05 0 1.08553 1.49954 -3.05665e-05
0.875 1.49981 0.999815 -1.66807e-05 0 1.15132 1.49954 -2.50179e-05
0.925 1.49981 0.999814 -1.31476e-05 0 1.21711 1.49953 -1.9719e-05
0.975 1.49981 0.999814 -9.74917e-06 0 1.28289 1.49953 -1.46219e-05
1.025 1.49981 0.999813 -6.44279e-06 0 1.34868 1.49953 -9.66297e-06
1.075 1.49981 0.999813 -3.17913e-06 0 1.41447 1.49953 -4.76809e-06
1.125 1.49981 0.999813 9.14533e-08 0 1.48026 1.49953 1.37162e-07
1.175 1.49981 0.999813 3.39432e-06 0 1.54605 1.49953 5.09084e-06
1.225 1.49981 0.999813 6.74388e-06 0 1.61184 1.49953 1.01145e-05
1.275 1.49981 0.999813 1.01882e-05 0 1.67763 1.49953 1.52803e-05
1.325 1.49981 0.999814 1.37792e-05 0 1.74342 1.49953 2.06662e-05
1.375 1.49982 0.999815 1.75574e-05 0 1.80921 1.49954 2.63329e-05
1.425 1.49982 0.999816 2.15411e-05 0 1.875 1.49954 3.23077e-05
1.475 1.49982 0.999817 2.57283e-05 0 1.94079 1.49955 3.85878e-05
1.525 1.49983 0.999819 3.01046e-05 0 2.00658 1.49955 4.51517e-05
1.575 1.49983 0.999822 3.46473e-05 0 2.07237 1.49956 5.19651e-05
1.625 1.49984 0.999825 3.93249e-05 0 2.13816 1.49957 5.89809e-05
1.675 1.49984 0.999829 4.40958e-05 0 2.20395 1.49959 6.61367e-05
1.725 1.49985 0.999834 4.89084e-05 0 2.26974 1.4996 7.33552e-05
1.775 1.49986 0.99984 5.37024e-05 0 2.33553 1.49962 8.0546e-05
1.825 1.49987 0.999847 5.84089e-05 0 2.40132 1.49964 8.76056e-05
1.875 1.49988 0.999854 6.29527e-05 0 2.46711 1.49966 9.44212e-05
1.925 1.49989 0.999863 6.7254e-05 0 2.53289 1.49968 0.000100873
1.975 1.4999 0.999872 7.1233e-05 0 2.59868 1.4997 0.000106842
2.025 1.49991 0.999882 7.48149e-05 0 2.66447 1.49973 0.000112215
2.075 1.49992 0.999893 7.79331e-05 0 2.73026 1.49976 0.000116893
2.125 1.49993 0.999904 8.05311e-05 0 2.79605 1.49979 0.000120791
2.175 1.49994 0.999917 8.25657e-05 0 2.86184 1.49982 0.000123844
2.225 1.49995 0.999929 8.40115e-05 0 2.92763 1.49985 0.000126013
2.275 1.49997 0.999942 8.48618e-05 0 2.99342 1.49988 0.00012729
2.325 1.49998 0.999955 8.51246e-05 0 3.05921 1.49991 0.000127685
2.375 1.49999 0.999967 8.48135e-05 0 3.125 1.49994 0.00012722
2.425 1.50001 0.99998 8.39577e-05 0 3.19079 1.49998 0.000125937
2.475 1.50002 0.999993 8.2598e-05 0 3.25658 1.50001 0.000123899
2.525 1.50003 1 8.07874e-05 0 3.32237 1.50004 0.000121184
2.575 1.50004 1.00002 7.85891e-05 0 3.38816 1.50007 0.000117887
2.625 1.50005 1.00003 7.60713e-05 0 3.45395 1.5001 0.000114111
2.675 1.50007 1.00004 7.33023e-05 0 3.51974 1.50012 0.000109958
2.725 1.50008 1.00005 7.03487e-05 0 3.58553 1.50015 0.000105528
2.775 1.50009 1.00006 6.72722e-05 0 3.65132 1.50017 0.000100914
2.825 1.5001 1.00007 6.4126e-05 0 3.71711 1.5002 9.61951e-05
2.875 1.50011 1.00008 6.09514e-05 0 3.78289 1.50022 9.14335e-05
2.925 1.50011 1.00008 5.77772e-05 0 3.84868 1.50024 8.66724e-05
2.975 1.50012 1.00009 5.46191e-05 0 3.91447 1.50026 8.19354e-05
3.025 1.50013 1.0001 5.14781e-05 0 3.98026 1.50028 7.72238e-05
3.075 1.50014 1.0001 4.83392e-05 0 4.04605 1.50029 7.25155e-05
3.125 1.50014 1.00011 4.51728e-05 0 4.11184 1.50031 6.77658e-05
3.175 1.50015 1.00012 4.19375e-05 0 4.17763 1.50033 6.29126e-05
3.225 1.50016 1.00012 3.85849e-05 0 4.24342 1.50034 5.78834e-05
3.275 1.50016 1.00013 3.50642e-05 0 4.30921 1.50035 5.26019e-05
3.325 1.50017 1.00013 3.13249e-05 0 4.375 1.50036 4.69926e-05
3.375 1.50017 1.00013 2.73187e-05 0 4.44079 1.50037 4.09827e-05
3.425 1.50018 1.00014 2.30029e-05 0 4.50658 1.50038 3.45084e-05
3.475 1.50018 1.00014 1.8346e-05 0 4.57237 1.50039 2.75223e-05
3.525 1.50018 1.00014 1.33312e-05 0 4.63816 1.50039 1.99991e-05
3.575 1.50018 1.00014 7.95629e-06 0 4.70395 1.50039 1.19359e-05
3.625 1.50018 1.00014 2.22909e-06 0 4.76974 1.5004 3.34405e-06
3.675 1.50018 1.00014 -3.79036e-06 0 4.83553 1.5004 -5.68623e-06
3.725 1.50018 1.00014 -9.99795e-06 0 4.90132 1.50039 -1.49988e-05
3.775 1.50018 1.00014 -1.63828e-05 0 4.96711 1.50039 -2.45772e-05
3.825 1.50018 1.00014 -2.29236e-05 0 5.03289 1.50038 -3.43894e-05
3.875 1.50017 1.00013 -2.956e-05 0 5.09868 1.50037 -4.43451e-05
3.925 1.50017 1.00013 -3.61996e-05 0 5.16447 1.50036 -5.43055e-05
3.975 1.50016 1.00012 -4.27405e-05 0 5.23026 1.50035 -6.41178e-05
4.025 1.50016 1.00012 -4.90856e-05 0 5.29605 1.50033 -7.36361e-05
4.075 1.50015 1.00011 -5.51396e-05 0 5.36184 1.50031 -8.27175e-05
4.125 1.50014 1.0001 -6.08087e-05 0 5.42763 1.50029 -9.12215e-05
4.175 1.50013 1.00009 -6.6004e-05 0 5.49342 1.50027 -9.90145e-05
4.225 1.50012 1.00008 -7.06456e-05 0 5.55921 1.50024 -0.000105977
4.275 1.50011 1.00007 -7.46678e-05 0 5.625 1.50022 -0.00011201
4.325 1.5001 1.00006 -7.8022e-05 0 5.69079 1.50019 -0.000117041
4.375 1.50008 1.00005 -8.0678e-05 0 5.75658 1.50016 -0.000121024
4.425 1.50007 1.00004 -8.26217e-05 0 5.82237 1.50013 -0.000123939
4.475 1.50006 1.00003 -8.38531e-05 0 5.88816 1.5001 -0.000125785
4.525 1.50005 1.00001 -8.43862e-05 0 5.95395 1.50007 -0.000126583
4.575 1.50003 1 -8.42422e-05 0 6.01974 1.50004 -0.000126366
4.625 1.50002 0.999991 -8.34517e-05 0 6.08553 1.50001 -0.000125179
4.675 1.50001 0.999979 -8.20559e-05 0 6.15132 1.49998 -0.000123085
4.725 1.5 0.999968 -8.01085e-05 0 6.21711 1.49995 -0.000120163
4.775 1.49999 0.999957 -7.76672e-05 0 6.28289 1.49992 -0.0001165
4.825 1.49997 0.999946 -7.47908e-05 0 6.34868 1.49989 -0.000112184
4.875 1.49996 0.999936 -7.1538e-05 0 6.41447 1.49987 -0.000107304
4.925 1.49995 0.999926 -6.79653e-05 0 6.48026 1.49984 -0.000101945
4.975 1.49994 0.999917 -6.41244e-05 0 6.54605 1.49982 -9.61829e-05
5.025 1.49993 0.999908 -6.00616e-05 0 6.61184 1.4998 -9.00884e-05
5.075 1.49992 0.9999 -5.58165e-05 0 6.67763 1.49977 -8.37205e-05
5.125 1.49992 0.999892 -5.14213e-05 0 6.74342 1.49976 -7.71277e-05
5.175 1.49991 0.999885 -4.69e-05 0 6.80921 1.49974 -7.03458e-05
5.225 1.4999 0.999878 -4.22689e-05 0 6.875 1.49972 -6.33993e-05
5.275 1.4999 0.999872 -3.75377e-05 0 6.94079 1.4997 -5.63027e-05
5.325 1.49989 0.999866 -3.27101e-05 0 7.00658 1.49969 -4.90616e-05
5.375 1.49989 0.999861 -2.77821e-05 0 7.07237 1.49968 -4.167e-05
5.425 1.49988 0.999856 -2.27425e-05 0 7.13816 1.49967 -3.41111e-05
5.475 1.49988 0.999852 -1.7578e-05 0 7.20395 1.49966 -2.63649e-05
5.525 1.49988 0.999849 -1.22788e-05 0 7.26974 1.49965 -1.84168e-05
5.575 1.49988 0.999846 -6.83872e-06 0 7.33553 1.49965 -1.02572e-05
5.625 1.49988 0.999845 -1.25798e-06 0 7.40132 1.49964 -1.88682e-06
5.675 1.49988 0.999844 4.46017e-06 0 7.46711 1.49964 6.68971e-06
5.725 1.49988 0.999844 1.02397e-05 0 7.53289 1.49964 1.53583e-05
5.775 1.49988 0.999846 1.60585e-05 0 7.59868 1.49965 2.40859e-05
5.825 1.49988 0.999848 2.19517e-05 0 7.66447 1.49965 3.2925e-05
5.875 1.49989 0.999851 2.78931e-05 0 7.73026 1.49966 4.18364e-05
5.925 1.49989 0.999856 3.38345e-05 0 7.79605 1.49967 5.0748e-05
5.975 1.4999 0.999862 3.97154e-05 0 7.86184 1.49969 5.95689e-05
6.025 1.4999 0.999868 4.54693e-05 0 7.92763 1.49971 6.81996e-05
6.075 1.49991 0.999876 5.10245e-05 0 7.99342 1.49972 7.65321e-05
6.125 1.49992 0.999885 5.63052e-05 0 8.05921 1.49975 8.44532e-05
6.175 1.49993 0.999895 6.12338e-05 0 8.125 1.49977 9.18463e-05
6.225 1.49994 0.999906 6.5731e-05 0 8.19079 1.4998 9.85924e-05
6.275 1.49995 0.999918 6.97189e-05 0 8.25658 1.49982 0.000104575
6.325 1.49996 0.99993 7.31267e-05 0 8.32237 1.49985 0.000109687
6.375 1.49997 0.999942 7.58962e-05 0 8.38816 1.49988 0.000113842
6.425 1.49998 0.999955 7.79816e-05 0 8.45395 1.49991 0.000116971
6.475 1.49999 0.999968 7.93492e-05 0 8.51974 1.49995 0.000119023
6.525 1.50001 0.999981 7.99775e-05 0 8.58553 1.49998 0.000119967
6.575 1.50002 0.999994 7.98497e-05 0 8.65132 1.50001 0.000119776
6.625 1.50003 1.00001 7.89824e-05 0 8.71711 1.50004 0.000118476
6.675 1.50004 1.00002 7.73963e-05 0 8.78289 1.50007 0.000116098
6.725 1.50005 1.00003 7.51304e-05 0 8.84868 1.5001 0.000112699
6.775 1.50006 1.00004 7.22335e-05 0 8.91447 1.50012 0.000108355
6.825 1.50007 1.00005 6.87641e-05 0 8.98026 1.50015 0.000103151
6.875 1.50008 1.00006 6.47887e-05 0 9.04605 1.50018 9.71884e-05
6.925 1.50009 1.00007 6.03778e-05 0 9.11184 1.5002 9.05723e-05
6.975 1.5001 1.00008 5.55991e-05 0 9.17763 1.50022 8.34043e-05
7.025 1.50011 1.00009 5.05125e-05 0 9.24342 1.50024 7.57743e-05
7.075 1.50012 1.00009 4.51703e-05 0 9.30921 1.50025 6.77607e-05
7.125 1.50012 1.0001 3.9618e-05 0 9.375 1.50027 5.94318e-05
7.175 1.50013 1.0001 3.38947e-05 0 9.44079 1.50028 5.08464e-05
7.225 1.50013 1.00011 2.80315e-05 0 9.50658 1.50029 4.20509e-05
7.275 1.50014 1.00011 2.20496e-05 0 9.57237 1.5003 3.30775e-05
7.325 1.50014 1.00011 1.59613e-05 0 9.63816 1.5003 2.39441e-05
7.375 1.50014 1.00011 9.76318e-06 0 9.70395 1.50031 1.46461e-05
7.425 1.50014 1.00011 3.48296e-06 0 9.76974 1.50031 5.22494e-06
7.475 1.50014 1.00011 -2.81812e-06 0 9.83553 1.50031 -4.22759e-06
7.525 1.50014 1.00011 -9.15397e-06 0 9.90132 1.5003 -1.37322e-05
7.575 1.50014 1.00011 -1.55287e-05 0 9.96711 1.5003 -2.32952e-05
7.625 1.50014 1.0001 -2.19693e-05 0 10.0329 1.50029 -3.2957e-05
7.675 1.50013 1.0001 -2.84571e-05 0 10.0987 1.50028 -4.26894e-05
7.725 1.50013 1.00009 -3.49318e-05 0 10.1645 1.50027 -5.24021e-05
7.775 1.50012 1.00009 -4.13178e-05 0 10.2303 1.50025 -6.19817e-05
7.825 1.50012 1.00008 -4.7535e-05 0 10.2961 1.50024 -7.1308e-05
7.875 1.50011 1.00007 -5.34956e-05 0 10.3618 1.50022 -8.02492e-05
7.925 1.5001 1.00007 -5.91049e-05 0 10.4276 1.5002 -8.86632e-05
7.975 1.50009 1.00006 -6.42666e-05 0 10.4934 1.50018 -9.64057e-05
8.025 1.50008 1.00005 -6.88898e-05 0 10.5592 1.50015 -0.00010334
8.075 1.50007 1.00004 -7.28914e-05 0 10.625 1.50013 -0.000109342
8.125 1.50006 1.00003 -7.61978e-05 0 10.6908 1.5001 -0.000114301
8.175 1.50005 1.00002 -7.87474e-05 0 10.7566 1.50007 -0.000118125
8.225 1.50004 1.00001 -8.04924e-05 0 10.8224 1.50004 -0.000120741
8.275 1.50002 0.999994 -8.13983e-05 0 10.8882 1.50001 -0.000122099
8.325 1.50001 0.999982 -8.14499e-05 0 10.9539 1.49998 -0.000122176
8.375 1.5 0.999971 -8.06144e-05 0 11.0197 1.49995 -0.000120921
8.425 1.49999 0.999959 -7.88688e-05 0 11.0855 1.49992 -0.000118302
8.475 1.49997 0.999948 -7.62258e-05 0 11.1513 1.4999 -0.000114337
8.525 1.49996 0.999937 -7.27175e-05 0 11.2171 1.49987 -0.000109074
8.575 1.49995 0.999926 -6.83911e-05 0 11.2829 1.49984 -0.000102583
8.625 1.49994 0.999917 -6.3306e-05 0 11.3487 1.49982 -9.49554e-05
8.675 1.49993 0.999907 -5.75349e-05 0 11.4145 1.4998 -8.62985e-05
8.725 1.49993 0.999899 -5.11648e-05 0 11.4803 1.49978 -7.67434e-05
8.775 1.49992 0.999892 -4.42953e-05 0 11.5461 1.49976 -6.64394e-05
8.825 1.49991 0.999885 -3.70331e-05 0 11.6118 1.49974 -5.55465e-05
8.875 1.49991 0.99988 -2.94864e-05 0 11.6776 1.49973 -4.42269e-05
8.925 1.49991 0.999876 -2.17636e-05 0 11.7434 1.49972 -3.26433e-05
8.975 1.4999 0.999873 -1.39726e-05 0 11.8092 1.49971 -2.09576e-05
9.025 1.4999 0.999871 -6.21616e-06 0 11.875 1.49971 -9.32363e-06
9.075 1.4999 0.99987 1.41746e-06 0 11.9408 1.49971 2.12605e-06
9.125 1.4999 0.99987 8.78033e-06 0 12.0066 1.49971 1.31696e-05
9.175 1.4999 0.999872 1.57654e-05 0 12.0724 1.49971 2.36465e-05
9.225 1.49991 0.999874 2.24194e-05 0 12.1382 1.49972 3.3627e-05
9.275 1.49991 0.999878 2.87499e-05 0 12.2039 1.49973 4.31222e-05
9.325 1.49991 0.999882 3.4731e-05 0 12.2697 1.49974 5.20935e-05
9.375 1.49992 0.999887 4.03273e-05 0 12.3355 1.49975 6.04878e-05
9.425 1.49993 0.999894 4.5513e-05 0 12.4013 1.49977 6.82662e-05
9.475 1.49993 0.999901 5.02696e-05 0 12.4671 1.49979 7.54012e-05
9.525 1.49994 0.999908 5.45766e-05 0 12.5329 1.49981 8.18618e-05
9.575 1.49995 0.999916 5.84069e-05 0 12.5987 1.49983 8.76075e-05
9.625 1.49996 0.999925 6.17281e-05 0 12.6645 1.49985 9.25897e-05
9.675 1.49997 0.999935 6.45048e-05 0 12.7303 1.49987 9.67553e-05
9.725 1.49998 0.999945 6.67001e-05 0 12.7961 1.4999 0.000100049
9.775 1.49999 0.999955 6.82792e-05 0 12.8618 1.49992 0.000102418
9.825 1.5 0.999966 6.92108e-05 0 12.9276 1.49995 0.000103816
9.875 1.50001 0.999977 6.94689e-05 0 12.9934 1.49998 0.000104204
9.925 1.50002 0.999988 6.90274e-05 0 13.0592 1.5 0.000103543
9.975 1.50003 0.999999 6.78707e-05 0 13.125 1.50003 0.000101808
10.025 1.50004 1.00001 6.59915e-05 0 13.1908 1.50006 9.89901e-05
10.075 1.50005 1.00002 6.33844e-05 0 13.2566 1.50009 9.508e-05
10.125 1.50006 1.00003 6.00578e-05 0 13.3224 1.50011 9.00905e-05
10.175 1.50007 1.00004 5.60359e-05 0 13.3882 1.50014 8.40578e-05
10.225 1.50008 1.00005 5.13512e-05 0 13.4539 1.50016 7.70309e-05
10.275 1.50009 1.00006 4.60425e-05 0 13.5197 1.50018 6.90678e-05
10.325 1.50009 1.00007 4.01565e-05 0 13.5855 1.5002 6.02386e-05
10.375 1.5001 1.00008 3.37518e-05 0 13.6513 1.50022 5.06311e-05
10.425 1.5001 1.00009 2.68995e-05 0 13.7171 1.50024 4.0352e-05
10.475 1.50011 1.00009 1.96802e-05 0 13.7829 1.50025 2.95225e-05
10.525 1.50011 1.0001 1.2178e-05 0 13.8487 1.50026 1.82683e-05
10.575 1.50011 1.0001 4.47601e-06 0 13.9145 1.50026 6.71453e-06
10.625 1.50011 1.0001 -3.35135e-06 0 13.9803 1.50027 -5.0274e-06
10.675 1.50011 1.0001 -1.11449e-05 0 14.0461 1.50027 -1.67186e-05
10.725 1.50011 1.0001 -1.8721e-05 0 14.1118 1.50026 -2.80836e-05
10.775 1.50011 1.0001 -2.60968e-05 0 14.1776 1.50026 -3.9148e-05
10.825 1.5001 1.0001 -3.32421e-05 0 14.2434 1.50025 -4.98666e-05
10.875 1.5001 1.00009 -4.00767e-05 0 14.3092 1.50023 -6.0119e-05
10.925 1.50009 1.00008 -4.65175e-05 0 14.375 1.50022 -6.97806e-05
10.975 1.50009 1.00008 -5.24956e-05 0 14.4408 1.5002 -7.8748e-05
11.025 1.50008 1.00007 -5.79532e-05 0 14.5066 1.50018 -8.69343e-05
11.075 1.50007 1.00006 -6.28398e-05 0 14.5724 1.50016 -9.42641e-05
11.125 1.50006 1.00005 -6.71142e-05 0 14.6382 1.50013 -0.000100675
11.175 1.50005 1.00004 -7.07452e-05 0 14.7039 1.50011 -0.000106121
11.225 1.50004 1.00002 -7.37114e-05 0 14.7697 1.50008 -0.00011057
11.275 1.50003 1.00001 -7.59994e-05 0 14.8355 1.50005 -0.000114002
11.325 1.50002 1 -7.76078e-05 0 14.9013 1.50002 -0.000116413
11.375 1.50001 0.999989 -7.85459e-05 0 14.9671 1.49999 -0.00011782
11.425 1.5 0.999977 -7.88142e-05 0 15.0329 1.49997 -0.000118221
11.475 1.49999 0.999966 -7.84258e-05 0 15.0987 1.49994 -0.000117638
11.525 1.49998 0.999955 -7.7416e-05 0 15.1645 1.49991 -0.000116122
11.575 1.49997 0.999944 -7.58139e-05 0 15.2303 1.49989 -0.000113719
11.625 1.49996 0.999934 -7.36579e-05 0 15.2961 1.49986 -0.000110484
11.675 1.49995 0.999925 -7.09938e-05 0 15.3618 1.49984 -0.000106487
11.725 1.49994 0.999916 -6.78682e-05 0 15.4276 1.49982 -0.000101798
11.775 1.49994 0.999908 -6.43252e-05 0 15.4934 1.4998 -9.64837e-05
11.825 1.49993 0.999901 -6.04105e-05 0 15.5592 1.49978 -9.06115e-05
11.875 1.49992 0.999895 -5.61761e-05 0 15.625 1.49977 -8.42599e-05
11.925 1.49992 0.99989 -5.16814e-05 0 15.6908 1.49975 -7.75178e-05
11.975 1.49991 0.999886 -4.69897e-05 0 15.7566 1.49974 -7.04805e-05
12.025 1.49991 0.999884 -4.21647e-05 0 15.8224 1.49974 -6.32434e-05
12.075 1.49991 0.999882 -3.72641e-05 0 15.8882 1.49973 -5.58928e-05
12.125 1.49991 0.999882 -3.23903e-05 0 15.9539 1.49973 -4.85825e-05
12.175 1.49991 0.999883 -2.77131e-05 0 16.0197 1.49973 -4.15671e-05
12.225 1.49991 0.999885 -2.32363e-05 0 16.0855 1.49974 -3.48523e-05
12.275 1.49991 0.999889 -1.90356e-05 0 16.1513 1.49974 -2.85516e-05
12.325 1.49991 0.999894 -1.51472e-05 0 16.2171 1.49975 -2.27195e-05
12.375 1.49992 0.9999 -1.1633e-05 0 16.2829 1.49977 -1.74485e-05
12.425 1.49992 0.999907 -8.57332e-06 0 16.3487 1.49978 -1.28593e-05
12.475 1.49992 0.999916 -6.04163e-06 0 16.4145 1.4998 -9.062e-06
12.525 1.49993 0.999925 -4.09995e-06 0 16.4803 1.49982 -6.14964e-06
12.575 1.49994 0.999935 -2.80713e-06 0 16.5461 1.49984 -4.21052e-06
12.625 1.49995 0.999946 -2.22053e-06 0 16.6118 1.49986 -3.33067e-06
12.675 1.49995 0.999958 -2.38517e-06 0 16.6776 1.49989 -3.57764e-06
12.725 1.49996 0.99997 -3.3295e-06 0 16.7434 1.49992 -4.99412e-06
12.775 1.49997 0.999982 -5.08567e-06 0 16.8092 1.49994 -7.62836e-06
12.825 1.49998 0.999994 -7.6628e-06 0 16.875 1.49997 -1.1494e-05
12.875 1.49999 1.00001 -1.10683e-05 0 16.9408 1.5 -1.66023e-05
12.925 1.5 1.00002 -1.52907e-05 0 17.0066 1.50003 -2.2936e-05
12.975 1.50001 1.00003 -2.02983e-05 0 17.0724 1.50006 -3.04477e-05
13.025 1.50002 1.00004 -2.60375e-05 0 17.1382 1.50008 -3.90568e-05
13.075 1.50003 1.00005 -3.2443e-05 0 17.2039 1.50011 -4.86655e-05
13.125 1.50004 1.00006 -3.94249e-05 0 17.2697 1.50013 -5.91391e-05
13.175 1.50005 1.00007 -4.68678e-05 0 17.3355 1.50015 -7.03041e-05
13.225 1.50006 1.00007 -5.46328e-05 0 17.4013 1.50017 -8.19526e-05
13.275 1.50007 1.00008 -6.25567e-05 0 17.4671 1.50019 -9.38396e-05
13.325 1.50008 1.00008 -7.04538e-05 0 17.5329 1.5002 -0.000105687
13.375 1.50009 1.00008 -7.81198e-05 0 17.5987 1.50022 -0.000117187
13.425 1.5001 1.00008 -8.53484e-05 0 17.6645 1.50023 -0.000128031
13.475 1.50011 1.00008 -9.18683e-05 0 17.7303 1.50024 -0.000137813
13.525 1.50012 1.00008 -9.74388e-05 0 17.7961 1.50024 -0.00014617
13.575 1.50013 1.00008 -0.000101945 0 17.8618 1.50025 -0.000152931
13.625 1.50014 1.00008 -0.000105193 0 17.9276 1.50025 -0.000157804
13.675 1.50015 1.00007 -0.000106981 0 17.9934 1.50025 -0.000160487
13.725 1.50016 1.00006 -0.000107119 0 18.0592 1.50025 -0.000160695
13.775 1.50017 1.00006 -0.000105399 0 18.125 1.50025 -0.000158116
13.825 1.50018 1.00005 -0.00010155 0 18.1908 1.50025 -0.000152343
13.875 1.50019 1.00004 -9.52685e-05 0 18.2566 1.50025 -0.000142921
13.925 1.5002 1.00003 -8.63343e-05 0 18.3224 1.50025 -0.000129519
13.975 1.50021 1.00002 -7.49423e-05 0 18.3882 1.50024 -0.000112429
14.025 1.50022 1.00001 -6.13978e-05 0 18.4539 1.50023 -9.21099e-05
14.075 1.50022 1 -4.59847e-05 0 18.5197 1.50022 -6.89871e-05
14.125 1.50022 0.999991 -2.88702e-05 0 18.5855 1.5002 -4.33116e-05
14.175 1.50021 0.99998 -1.01166e-05 0 18.6513 1.50018 -1.51771e-05
14.225 1.50021 0.999969 1.00989e-05 0 18.7171 1.50016 1.51505e-05
14.275 1.5002 0.999959 3.15171e-05 0 18.7829 1.50014 4.72821e-05
14.325 1.5002 0.999949 5.3841e-05 0 18.8487 1.50012 8.0772e-05
14.375 1.50018 0.999939 7.67699e-05 0 18.9145 1.50009 0.000115169
14.425 1.50017 0.99993 0.000100014 0 18.9803 1.50007 0.000150038
14.475 1.50016 0.999922 0.000123296 0 19.0461 1.50004 0.000184963
14.525 1.50014 0.999915 0.000146349 0 19.1118 1.50001 0.000219544
14.575 1.50012 0.999909 0.000168913 0 19.1776 1.49998 0.000253389
14.625 1.5001 0.999904 0.000190716 0 19.2434 1.49996 0.000286093
14.675 1.50008 0.9999 0.000211458 0 19.3092 1.49993 0.000317204
14.725 1.50006 0.999898 0.000230792 0 19.375 1.4999 0.000346202
14.775 1.50003 0.999897 0.000248313 0 19.4408 1.49988 0.000372478
14.825 1.50001 0.999898 0.000263546 0 19.5066 1.49985 0.00039532
14.875 1.49998 0.9999 0.000276008 0 19.5724 1.49982 0.000414005
14.925 1.49994 0.999903 0.000285278 0 19.6382 1.4998 0.000427901
14.975 1.49991 0.999908 0.000290891 0 19.7039 1.49977 0.00043631
15.025 1.49987 0.999914 0.000292375 0 19.7697 1.49974 0.000438525
15.075 1.49984 0.999921 0.000289835 0 19.8355 1.49972 0.000434707
15.125 1.49982 0.999929 0.000283445 0 19.9013 1.49971 0.000425115
15.175 1.49979 0.999937 0.000273497 0 19.9671 1.4997 0.000410189
15.225 1.49978 0.999947 0.00026042 0 20.0329 1.4997 0.000390572
15.275 1.49977 0.999957 0.000244721 0 20.0987 1.49971 0.000367026
15.325 1.49977 0.999967 0.000226857 0 20.1645 1.49972 0.000340233
15.375 1.49977 0.999978 0.000207133 0 20.2303 1.49973 0.000310651
15.425 1.49977 0.999989 0.00018558 0 20.2961 1.49975 0.000278327
15.475 1.49977 0.999999 0.000162372 0 20.3618 1.49977 0.000243521
15.525 1.49978 1.00001 0.000137816 0 20.4276 1.49979 0.000206694
15.575 1.49979 1.00002 0.000112274 0 20.4934 1.49982 0.000168387
15.625 1.49981 1.00003 8.6125e-05 0 20.5592 1.49985 0.000129171
15.675 1.49982 1.00004 5.97446e-05 0 20.625 1.49988 8.96063e-05
15.725 1.49984 1.00004 3.35027e-05 0 20.6908 1.49991 5.02487e-05
15.775 1.49986 1.00005 7.77049e-06 0 20.7566 1.49994 1.16547e-05
15.825 1.49989 1.00006 -1.70708e-05 0 20.8224 1.49997 -2.56043e-05
15.875 1.49991 1.00006 -4.06058e-05 0 20.8882 1.5 -6.09052e-05
15.925 1.49994 1.00006 -6.23615e-05 0 20.9539 1.50004 -9.35386e-05
15.975 1.49997 1.00007 -8.18079e-05 0 21.0197 1.50007 -0.00012271
16.025 1.50001 1.00007 -9.83903e-05 0 21.0855 1.50011 -0.000147586
16.075 1.50003 1.00007 -0.000112254 0 21.1513 1.50013 -0.000168384
16.125 1.50005 1.00006 -0.000123688 0 21.2171 1.50015 -0.000185538
16.175 1.50007 1.00006 -0.000133077 0 21.2829 1.50016 -0.000199624
16.225 1.50008 1.00006 -0.000140719 0 21.3487 1.50017 -0.00021109
16.275 1.50009 1.00005 -0.000146854 0 21.4145 1.50017 -0.000220293
16.325 1.50009 1.00005 -0.00015164 0 21.4803 1.50016 -0.000227475
16.375 1.5001 1.00004 -0.000155166 0 21.5461 1.50016 -0.000232764
16.425 1.5001 1.00003 -0.000157473 0 21.6118 1.50015 -0.000236225
16.475 1.50009 1.00002 -0.000158514 0 21.6776 1.50013 -0.000237786
16.525 1.50009 1.00002 -0.000158323 0 21.7434 1.50012 -0.000237499
16.575 1.50009 1.00001 -0.000157065 0 21.8092 1.5001 -0.000235612
16.625 1.50008 0.999996 -0.000154897 0 21.875 1.50007 -0.000232357
16.675 1.50007 0.999986 -0.000151953 0 21.9408 1.50005 -0.00022794
16.725 1.50006 0.999976 -0.000148317 0 22.0066 1.50002 -0.000222484
16.775 1.50005 0.999966 -0.000144031 0 22.0724 1.5 -0.000216053
16.825 1.50004 0.999957 -0.00013906 0 22.1382 1.49997 -0.000208595
16.875 1.50003 0.999947 -0.000133388 0 22.2039 1.49995 -0.000200086
16.925 1.50002 0.999939 -0.000127015 0 22.2697 1.49993 -0.000190525
16.975 1.50001 0.999931 -0.000119947 0 22.3355 1.49991 -0.000179922
17.025 1.5 0.999925 -0.000112199 0 22.4013 1.49989 -0.0001683
17.075 1.5 0.999919 -0.000103802 0 22.4671 1.49988 -0.000155703
17.125 1.49999 0.999915 -9.48025e-05 0 22.5329 1.49987 -0.000142203
17.175 1.49999 0.999912 -8.52703e-05 0 22.5987 1.49986 -0.000127905
17.225 1.49999 0.99991 -7.52861e-05 0 22.6645 1.49985 -0.000112928
17.275 1.49999 0.99991 -6.50076e-05 0 22.7303 1.49985 -9.75105e-05
17.325 1.49998 0.999911 -5.46653e-05 0 22.7961 1.49985 -8.1997e-05
17.375 1.49998 0.999914 -4.42952e-05 0 22.8618 1.49985 -6.64421e-05
17.425 1.49998 0.999918 -3.40676e-05 0 22.9276 1.49986 -5.11009e-05
17.475 1.49999 0.999923 -2.41681e-05 0 22.9934 1.49987 -3.62518e-05
17.525 1.49999 0.999929 -1.47427e-05 0 23.0592 1.49988 -2.21139e-05
17.575 1.49999 0.999937 -5.94052e-06 0 23.125 1.49989 -8.91071e-06
17.625 1.49999 0.999945 2.10318e-06 0 23.1908 1.49991 3.15476e-06
17.675 1.5 0.999954 9.27421e-06 0 23.2566 1.49993 1.39113e-05
17.725 1.5 0.999963 1.54758e-05 0 23.3224 1.49994 2.32137e-05
17.775 1.50001 0.999973 2.06318e-05 0 23.3882 1.49996 3.09478e-05
17.825 1.50001 0.999982 2.46941e-05 0 23.4539 1.49999 3.70414e-05
17.875 1.50002 0.999992 2.76403e-05 0 23.5197 1.50001 4.14609e-05
17.925 1.50003 1 2.94676e-05 0 23.5855 1.50003 4.42021e-05
17.975 1.50003 1.00001 3.02087e-05 0 23.6513 1.50005 4.53141e-05
18.025 1.50004 1.00002 2.99321e-05 0 23.7171 1.50007 4.48994e-05
18.075 1.50005 1.00003 2.87013e-05 0 23.7829 1.50009 4.30533e-05
18.125 1.50006 1.00003 2.65655e-05 0 23.8487 1.50011 3.98497e-05
18.175 1.50006 1.00004 2.35944e-05 0 23.9145 1.50012 3.5393e-05
18.225 1.50007 1.00005 1.98634e-05 0 23.9803 1.50014 2.97964e-05
18.275 1.50007 1.00005 1.54574e-05 0 24.0461 1.50015 2.31872e-05
18.325 1.50008 1.00005 1.0474e-05 0 24.1118 1.50016 1.57118e-05
18.375 1.50008 1.00006 5.0213e-06 0 24.1776 1.50016 7.53235e-06
18.425 1.50008 1.00006 -7.93147e-07 0 24.2434 1.50017 -1.18978e-06
18.475 1.50008 1.00006 -6.79711e-06 0 24.3092 1.50017 -1.01962e-05
18.525 1.50008 1.00006 -1.28052e-05 0 24.375 1.50016 -1.92087e-05
18.575 1.50008 1.00005 -1.87426e-05 0 24.4408 1.50016 -2.81154e-05
18.625 1.50008 1.00005 -2.45349e-05 0 24.5066 1.50015 -3.68041e-05
18.675 1.50007 1.00004 -3.00713e-05 0 24.5724 1.50014 -4.51091e-05
18.725 1.50007 1.00004 -3.52118e-05 0 24.6382 1.50013 -5.28201e-05
18.775 1.50006 1.00003 -3.98255e-05 0 24.7039 1.50011 -5.97407e-05
18.825 1.50006 1.00002 -4.38097e-05 0 24.7697 1.50009 -6.57171e-05
18.875 1.50005 1.00002 -4.70875e-05 0 24.8355 1.50008 -7.06336e-05
18.925 1.50004 1.00001 -4.95993e-05 0 24.9013 1.50006 -7.44012e-05
18.975 1.50004 0.999998 -5.13012e-05 0 24.9671 1.50003 -7.69537e-05
19.025 1.50003 0.999988 -5.21642e-05 0 25.0329 1.50001 -7.82479e-05
19.075 1.50002 0.999978 -5.21781e-05 0 25.0987 1.49999 -7.82684e-05
19.125 1.50002 0.999968 -5.134e-05 0 25.1645 1.49997 -7.70109e-05
19.175 1.50001 0.999959 -4.96571e-05 0 25.2303 1.49995 -7.44862e-05
19.225 1.5 0.99995 -4.71718e-05 0 25.2961 1.49993 -7.07578e-05
19.275 1.5 0.999942 -4.39386e-05 0 25.3618 1.49991 -6.59078e-05
19.325 1.49999 0.999934 -4.00192e-05 0 25.4276 1.49989 -6.00285e-05
19.375 1.49999 0.999928 -3.54857e-05 0 25.4934 1.49988 -5.3228e-05
19.425 1.49998 0.999923 -3.04224e-05 0 25.5592 1.49986 -4.5633e-05
19.475 1.49998 0.999918 -2.49204e-05 0 25.625 1.49985 -3.738e-05
19.525 1.49997 0.999916 -1.90756e-05 0 25.6908 1.49985 -2.86129e-05
19.575 1.49997 0.999914 -1.29737e-05 0 25.7566 1.49984 -1.94601e-05
19.625 1.49997 0.999915 -6.78087e-06 0 25.8224 1.49984 -1.01711e-05
19.675 1.49997 0.999916 -6.53717e-07 0 25.8882 1.49984 -9.80555e-07
19.725 1.49997 0.999919 5.36783e-06 0 25.9539 1.49985 8.05159e-06
19.775 1.49997 0.999924 1.11751e-05 0 26.0197 1.49986 1.67624e-05
19.825 1.49997 0.99993 1.67006e-05 0 26.0855 1.49987 2.50505e-05
19.875 1.49998 0.999936 2.18469e-05 0 26.1513 1.49988 3.27699e-05
19.925 1.49998 0.999944 2.65058e-05 0 26.2171 1.4999 3.97582e-05
19.975 1.49999 0.999953 3.05821e-05 0 26.2829 1.49992 4.58727e-05
