-19.975 1.50011 1.00005 9.12192e-06 0 -22.4438 1.50018 1.36839e-05
-19.925 1.50011 1.00006 6.55886e-06 0 -22.3876 1.5002 9.83904e-06
-19.875 1.50012 1.00006 3.22487e-06 0 -22.3315 1.50021 4.83769e-06
-19.825 1.50012 1.00007 -8.15754e-07 0 -22.2753 1.50023 -1.22373e-06
-19.775 1.50013 1.00007 -5.48723e-06 0 -22.2191 1.50024 -8.23155e-06
-19.725 1.50013 1.00008 -1.07031e-05 0 -22.1629 1.50024 -1.6056e-05
-19.675 1.50013 1.00008 -1.63706e-05 0 -22.1067 1.50025 -2.4558e-05
-19.625 1.50013 1.00008 -2.23491e-05 0 -22.0506 1.50025 -3.35266e-05
-19.575 1.50013 1.00008 -2.8392e-05 0 -21.9944 1.50024 -4.25917e-05
-19.525 1.50013 1.00007 -3.44821e-05 0 -21.9382 1.50024 -5.17276e-05
-19.475 1.50012 1.00007 -4.0555e-05 0 -21.882 1.50023 -6.08376e-05
-19.425 1.50012 1.00007 -4.64905e-05 0 -21.8258 1.50022 -6.97414e-05
-19.375 1.50012 1.00006 -5.21594e-05 0 -21.7697 1.50021 -7.82451e-05
-19.325 1.50011 1.00006 -5.74521e-05 0 -21.7135 1.50019 -8.61844e-05
-19.275 1.5001 1.00005 -6.22796e-05 0 -21.6573 1.50018 -9.34259e-05
-19.225 1.5001 1.00004 -6.65655e-05 0 -21.6011 1.50016 -9.98547e-05
-19.175 1.50009 1.00003 -7.02441e-05 0 -21.5449 1.50014 -0.000105372
-19.125 1.50008 1.00003 -7.3263e-05 0 -21.4888 1.50012 -0.0001099
-19.075 1.50007 1.00002 -7.55856e-05 0 -21.4326 1.5001 -0.000113384
-19.025 1.50006 1.00001 -7.71937e-05 0 -21.3764 1.50007 -0.000115795
-18.975 1.50005 1 -7.8088e-05 0 -21.3202 1.50005 -0.000117136
-18.925 1.50004 0.999991 -7.82778e-05 0 -21.264 1.50003 -0.00011742
-18.875 1.50003 0.999983 -7.77771e-05 0 -21.2079 1.5 -0.000116668
-18.825 1.50002 0.999975 -7.66049e-05 0 -21.1517 1.49998 -0.000114909
-18.775 1.50001 0.999967 -7.47597e-05 0 -21.0955 1.49996 -0.00011214
-18.725 1.5 0.999959 -7.22525e-05 0 -21.0393 1.49994 -0.000108378
-18.675 1.49999 0.999952 -6.9101e-05 0 -20.9831 1.49991 -0.000103651
-18.625 1.49998 0.999944 -6.53253e-05 0 -20.927 1.49989 -9.79865e-05
-18.575 1.49997 0.999938 -6.09469e-05 0 -20.8708 1.49988 -9.14185e-05
-18.525 1.49996 0.999932 -5.59921e-05 0 -20.8146 1.49986 -8.39861e-05
-18.475 1.49995 0.999926 -5.04942e-05 0 -20.7584 1.49984 -7.57391e-05
-18.425 1.49995 0.999922 -4.44926e-05 0 -20.7022 1.49983 -6.67366e-05
-18.375 1.49994 0.999917 -3.80327e-05 0 -20.6461 1.49982 -5.70468e-05
-18.325 1.49994 0.999914 -3.1169e-05 0 -20.5899 1.49981 -4.67515e-05
-18.275 1.49994 0.999911 -2.39685e-05 0 -20.5337 1.4998 -3.59512e-05
-18.225 1.49993 0.999909 -1.65114e-05 0 -20.4775 1.4998 -2.4766e-05
-18.175 1.49993 0.999909 -8.88045e-06 0 -20.4213 1.49979 -1.33201e-05
-18.125 1.49993 0.999909 -1.21288e-06 0 -20.3652 1.49979 -1.81924e-06
-18.075 1.49993 0.99991 6.33981e-06 0 -20.309 1.4998 9.50928e-06
-18.025 1.49993 0.999912 1.37165e-05 0 -20.2528 1.4998 2.05739e-05
-17.975 1.49994 0.999915 2.08674e-05 0 -20.1966 1.49981 3.12998e-05
-17.925 1.49994 0.99992 2.77194e-05 0 -20.1404 1.49982 4.15774e-05
-17.875 1.49995 0.999925 3.41728e-05 0 -20.0843 1.49983 5.12573e-05
-17.825 1.49995 0.999931 4.01303e-05 0 -20.0281 1.49985 6.01935e-05
-17.775 1.49996 0.999938 4.55104e-05 0 -19.9719 1.49987 6.82636e-05
-17.725 1.49997 0.999946 5.02431e-05 0 -19.9157 1.49988 7.53629e-05
-17.675 1.49997 0.999955 5.42676e-05 0 -19.8596 1.49991 8.13999e-05
-17.625 1.49998 0.999965 5.75328e-05 0 -19.8034 1.49993 8.62982e-05
-17.575 1.49999 0.999975 5.99936e-05 0 -19.7472 1.49995 8.999e-05
-17.525 1.5 0.999985 6.16068e-05 0 -19.691 1.49998 9.24103e-05
-17.475 1.50001 0.999995 6.23371e-05 0 -19.6348 1.5 9.35064e-05
-17.425 1.50002 1.00001 6.216e-05 0 -19.5787 1.50003 9.32413e-05
-17.375 1.50003 1.00002 6.10786e-05 0 -19.5225 1.50005 9.16198e-05
-17.325 1.50004 1.00003 5.91084e-05 0 -19.4663 1.50008 8.8665e-05
-17.275 1.50005 1.00003 5.62842e-05 0 -19.4101 1.5001 8.4429e-05
-17.225 1.50006 1.00004 5.2652e-05 0 -19.3539 1.50012 7.8981e-05
-17.175 1.50006 1.00005 4.82728e-05 0 -19.2978 1.50014 7.24122e-05
-17.125 1.50007 1.00006 4.32246e-05 0 -19.2416 1.50015 6.48399e-05
-17.075 1.50008 1.00006 3.75984e-05 0 -19.1854 1.50017 5.64004e-05
-17.025 1.50008 1.00007 3.14927e-05 0 -19.1292 1.50018 4.72416e-05
-16.975 1.50009 1.00007 2.50111e-05 0 -19.073 1.50019 3.75188e-05
-16.925 1.50009 1.00007 1.82495e-05 0 -19.0169 1.50019 2.73759e-05
-16.875 1.50009 1.00007 1.13485e-05 0 -18.9607 1.5002 1.70238e-05
-16.825 1.50009 1.00007 4.50422e-06 0 -18.9045 1.5002 6.75674e-06
-16.775 1.50009 1.00007 -2.29341e-06 0 -18.8483 1.50019 -3.44033e-06
-16.725 1.50009 1.00006 -8.93729e-06 0 -18.7921 1.50019 -1.34068e-05
-16.675 1.50009 1.00006 -1.53261e-05 0 -18.736 1.50018 -2.29905e-05
-16.625 1.50009 1.00005 -2.14261e-05 0 -18.6798 1.50017 -3.21411e-05
-16.575 1.50008 1.00005 -2.71911e-05 0 -18.6236 1.50015 -4.07889e-05
-16.525 1.50008 1.00004 -3.256e-05 0 -18.5674 1.50014 -4.88425e-05
-16.475 1.50007 1.00003 -3.74754e-05 0 -18.5112 1.50012 -5.62159e-05
-16.425 1.50007 1.00002 -4.18868e-05 0 -18.4551 1.5001 -6.2833e-05
-16.375 1.50006 1.00001 -4.57458e-05 0 -18.3989 1.50008 -6.86215e-05
-16.325 1.50005 1 -4.90071e-05 0 -18.3427 1.50006 -7.35133e-05
-16.275 1.50005 0.999995 -5.16319e-05 0 -18.2865 1.50004 -7.74504e-05
-16.225 1.50004 0.999985 -5.35876e-05 0 -18.2303 1.50002 -8.03835e-05
-16.175 1.50003 0.999976 -5.48438e-05 0 -18.1742 1.5 -8.22674e-05
-16.125 1.50002 0.999967 -5.53794e-05 0 -18.118 1.49997 -8.30704e-05
-16.075 1.50001 0.999958 -5.51887e-05 0 -18.0618 1.49995 -8.27839e-05
-16.025 1.50001 0.99995 -5.42716e-05 0 -18.0056 1.49993 -8.14077e-05
-15.975 1.5 0.999942 -5.26286e-05 0 -17.9494 1.49991 -7.89429e-05
-15.925 1.49999 0.999934 -5.0273e-05 0 -17.8933 1.49989 -7.54091e-05
-15.875 1.49998 0.999928 -4.7224e-05 0 -17.8371 1.49988 -7.08353e-05
-15.825 1.49998 0.999922 -4.35088e-05 0 -17.7809 1.49986 -6.52622e-05
-15.775 1.49997 0.999917 -3.91662e-05 0 -17.7247 1.49985 -5.87482e-05
-15.725 1.49997 0.999913 -3.42472e-05 0 -17.6685 1.49983 -5.13696e-05
-15.675 1.49996 0.99991 -2.88102e-05 0 -17.6124 1.49983 -4.32142e-05
-15.625 1.49996 0.999907 -2.2921e-05 0 -17.5562 1.49982 -3.43806e-05
-15.575 1.49995 0.999906 -1.66451e-05 0 -17.5 1.49981 -2.49669e-05
-15.525 1.49995 0.999906 -1.01041e-05 0 -17.4438 1.49981 -1.51557e-05
-15.475 1.49995 0.999907 -3.46035e-06 0 -17.3876 1.49981 -5.19036e-06
-15.425 1.49995 0.999909 3.26484e-06 0 -17.3315 1.49982 4.89711e-06
-15.375 1.49995 0.999913 9.91397e-06 0 -17.2753 1.49982 1.48705e-05
-15.325 1.49996 0.999917 1.63983e-05 0 -17.2191 1.49983 2.45967e-05
-15.275 1.49996 0.999922 2.26223e-05 0 -17.1629 1.49984 3.39326e-05
-15.225 1.49996 0.999929 2.84627e-05 0 -17.1067 1.49986 4.2693e-05
-15.175 1.49997 0.999936 3.37933e-05 0 -17.0506 1.49987 5.06888e-05
-15.125 1.49997 0.999944 3.85031e-05 0 -16.9944 1.49989 5.77536e-05
-15.075 1.49998 0.999953 4.24991e-05 0 -16.9382 1.49991 6.37477e-05
-15.025 1.49999 0.999962 4.5707e-05 0 -16.882 1.49993 6.85599e-05
-14.975 1.49999 0.999972 4.80711e-05 0 -16.8258 1.49995 7.21064e-05
-14.925 1.5 0.999982 4.95499e-05 0 -16.7697 1.49997 7.43248e-05
-14.875 1.50001 0.999992 5.01175e-05 0 -16.7135 1.5 7.51766e-05
-14.825 1.50002 1 4.97544e-05 0 -16.6573 1.50002 7.46324e-05
-14.775 1.50002 1.00001 4.84592e-05 0 -16.6011 1.50004 7.269e-05
-14.725 1.50003 1.00002 4.62531e-05 0 -16.5449 1.50006 6.9381e-05
-14.675 1.50004 1.00003 4.31793e-05 0 -16.4888 1.50009 6.47706e-05
-14.625 1.50004 1.00004 3.93014e-05 0 -16.4326 1.5001 5.89537e-05
-14.575 1.50005 1.00005 3.4703e-05 0 -16.3764 1.50012 5.20561e-05
-14.525 1.50005 1.00006 2.9483e-05 0 -16.3202 1.50014 4.42261e-05
-14.475 1.50006 1.00006 2.37505e-05 0 -16.264 1.50015 3.56271e-05
-14.425 1.50006 1.00007 1.76261e-05 0 -16.2079 1.50016 2.64401e-05
-14.375 1.50006 1.00007 1.12417e-05 0 -16.1517 1.50017 1.68633e-05
-14.325 1.50006 1.00007 4.73721e-06 0 -16.0955 1.50017 7.10612e-06
-14.275 1.50006 1.00007 -1.76817e-06 0 -16.0393 1.50017 -2.65237e-06
-14.225 1.50006 1.00007 -8.04846e-06 0 -15.9831 1.50017 -1.20732e-05
-14.175 1.50006 1.00007 -1.39755e-05 0 -15.927 1.50017 -2.09642e-05
-14.125 1.50006 1.00007 -1.9536e-05 0 -15.8708 1.50016 -2.93052e-05
-14.075 1.50006 1.00006 -2.46588e-05 0 -15.8146 1.50015 -3.69896e-05
-14.025 1.50005 1.00006 -2.92721e-05 0 -15.7584 1.50014 -4.39096e-05
-13.975 1.50005 1.00005 -3.33197e-05 0 -15.7022 1.50013 -4.99811e-05
-13.925 1.50004 1.00005 -3.67661e-05 0 -15.6461 1.50011 -5.51507e-05
-13.875 1.50003 1.00004 -3.95892e-05 0 -15.5899 1.50009 -5.93852e-05
-13.825 1.50003 1.00003 -4.17704e-05 0 -15.5337 1.50007 -6.26568e-05
-13.775 1.50002 1.00002 -4.32902e-05 0 -15.4775 1.50005 -6.49362e-05
-13.725 1.50001 1.00001 -4.41295e-05 0 -15.4213 1.50003 -6.6195e-05
-13.675 1.50001 0.999999 -4.42785e-05 0 -15.3652 1.50001 -6.64181e-05
-13.625 1.5 0.999989 -4.37469e-05 0 -15.309 1.49998 -6.56204e-05
-13.575 1.5 0.999979 -4.25462e-05 0 -15.2528 1.49996 -6.3819e-05
-13.525 1.49999 0.999969 -4.06937e-05 0 -15.1966 1.49994 -6.10401e-05
-13.475 1.49998 0.999959 -3.82261e-05 0 -15.1404 1.49992 -5.73386e-05
-13.425 1.49998 0.99995 -3.51874e-05 0 -15.0843 1.4999 -5.27803e-05
-13.375 1.49997 0.999941 -3.16276e-05 0 -15.0281 1.49988 -4.74406e-05
-13.325 1.49997 0.999933 -2.76041e-05 0 -14.9719 1.49987 -4.14053e-05
-13.275 1.49996 0.999926 -2.31792e-05 0 -14.9157 1.49985 -3.4768e-05
-13.225 1.49996 0.99992 -1.84163e-05 0 -14.8596 1.49984 -2.76238e-05
-13.175 1.49996 0.999915 -1.33776e-05 0 -14.8034 1.49983 -2.00658e-05
-13.125 1.49996 0.99991 -8.12707e-06 0 -14.7472 1.49982 -1.21903e-05
-13.075 1.49996 0.999907 -2.73967e-06 0 -14.691 1.49982 -4.10939e-06
-13.025 1.49996 0.999906 2.71608e-06 0 -14.6348 1.49981 4.07401e-06
-12.975 1.49996 0.999905 8.10333e-06 0 -14.5787 1.49981 1.21547e-05
-12.925 1.49996 0.999905 1.33317e-05 0 -14.5225 1.49982 1.9997e-05
-12.875 1.49996 0.999907 1.83194e-05 0 -14.4663 1.49982 2.74784e-05
-12.825 1.49996 0.99991 2.30143e-05 0 -14.4101 1.49983 3.45206e-05
-12.775 1.49997 0.999913 2.73306e-05 0 -14.3539 1.49984 4.0995e-05
-12.725 1.49997 0.999918 3.11766e-05 0 -14.2978 1.49985 4.6764e-05
-12.675 1.49998 0.999924 3.44541e-05 0 -14.2416 1.49986 5.16803e-05
-12.625 1.49998 0.99993 3.70693e-05 0 -14.1854 1.49988 5.56033e-05
-12.575 1.49999 0.999937 3.89415e-05 0 -14.1292 1.49989 5.84118e-05
-12.525 1.5 0.999945 4.00067e-05 0 -14.073 1.49991 6.00098e-05
-12.475 1.5 0.999952 4.02191e-05 0 -14.0169 1.49993 6.03287e-05
-12.425 1.50001 0.99996 3.95377e-05 0 -13.9607 1.49995 5.93069e-05
-12.375 1.50001 0.999967 3.79255e-05 0 -13.9045 1.49996 5.68887e-05
-12.325 1.50002 0.999975 3.53702e-05 0 -13.8483 1.49998 5.3056e-05
-12.275 1.50002 0.999982 3.18851e-05 0 -13.7921 1.5 4.78284e-05
-12.225 1.50003 0.999988 2.74956e-05 0 -13.736 1.50001 4.12442e-05
-12.175 1.50003 0.999993 2.22389e-05 0 -13.6798 1.50002 3.3359e-05
-12.125 1.50003 0.999998 1.61715e-05 0 -13.6236 1.50003 2.42579e-05
-12.075 1.50004 1 9.36909e-06 0 -13.5674 1.50004 1.4054e-05
-12.025 1.50004 1 1.92464e-06 0 -13.5112 1.50004 2.88703e-06
-11.975 1.50004 1.00001 -6.05821e-06 0 -13.4551 1.50004 -9.08753e-06
-11.925 1.50004 1 -1.43785e-05 0 -13.3989 1.50004 -2.15682e-05
-11.875 1.50003 1 -2.28998e-05 0 -13.3427 1.50004 -3.43505e-05
-11.825 1.50003 1 -3.16037e-05 0 -13.2865 1.50003 -4.74065e-05
-11.775 1.50002 0.999997 -4.0391e-05 0 -13.2303 1.50002 -6.05875e-05
-11.725 1.50002 0.999992 -4.91423e-05 0 -13.1742 1.5 -7.37143e-05
-11.675 1.50001 0.999985 -5.77364e-05 0 -13.118 1.49999 -8.66051e-05
-11.625 1.5 0.999978 -6.6062e-05 0 -13.0618 1.49997 -9.9093e-05
-11.575 1.49999 0.999969 -7.40189e-05 0 -13.0056 1.49994 -0.000111027
-11.525 1.49998 0.999959 -8.15191e-05 0 -12.9494 1.49992 -0.000122277
-11.475 1.49996 0.999949 -8.84887e-05 0 -12.8933 1.49989 -0.00013273
-11.425 1.49995 0.999938 -9.48698e-05 0 -12.8371 1.49986 -0.0001423
-11.375 1.49993 0.999926 -0.000100624 0 -12.7809 1.49982 -0.000150929
-11.325 1.49992 0.999914 -0.000105732 0 -12.7247 1.49979 -0.000158589
-11.275 1.4999 0.999902 -0.000110196 0 -12.6685 1.49976 -0.000165283
-11.225 1.49989 0.999889 -0.000114035 0 -12.6124 1.49972 -0.000171039
-11.175 1.49987 0.999876 -0.000117284 0 -12.5562 1.49968 -0.00017591
-11.125 1.49985 0.999864 -0.000119995 0 -12.5 1.49965 -0.000179975
-11.075 1.49983 0.999851 -0.000122235 0 -12.4438 1.49961 -0.000183332
-11.025 1.49981 0.999838 -0.000124083 0 -12.3876 1.49957 -0.000186101
-10.975 1.49979 0.999825 -0.000125635 0 -12.3315 1.49953 -0.000188427
-10.925 1.49978 0.999813 -0.000127005 0 -12.2753 1.4995 -0.000190478
-10.875 1.49976 0.9998 -0.000128313 0 -12.2191 1.49946 -0.000192439
-10.825 1.49974 0.999788 -0.000129695 0 -12.1629 1.49942 -0.000194509
-10.775 1.49972 0.999776 -0.000131294 0 -12.1067 1.49938 -0.000196904
-10.725 1.4997 0.999765 -0.000133261 0 -12.0506 1.49935 -0.000199851
-10.675 1.49968 0.999753 -0.000135757 0 -11.9944 1.49931 -0.000203592
-10.625 1.49966 0.999741 -0.000138947 0 -11.9382 1.49927 -0.000208373
-10.575 1.49964 0.99973 -0.000142996 0 -11.882 1.49923 -0.000214442
-10.525 1.49961 0.999718 -0.000148067 0 -11.8258 1.49919 -0.000222044
-10.475 1.49959 0.999706 -0.000154324 0 -11.7697 1.49915 -0.000231424
-10.425 1.49957 0.999693 -0.00016193 0 -11.7135 1.49911 -0.000242825
-10.375 1.49954 0.99968 -0.000171043 0 -11.6573 1.49906 -0.000256487
-10.325 1.49952 0.999666 -0.000181818 0 -11.6011 1.49902 -0.000272639
-10.275 1.49949 0.999651 -0.0001944 0 -11.5449 1.49896 -0.0002915
-10.225 1.49946 0.999635 -0.000208925 0 -11.4888 1.49891 -0.000313274
-10.175 1.49943 0.999617 -0.000225519 0 -11.4326 1.49885 -0.000338148
-10.125 1.49939 0.999597 -0.000244299 0 -11.3764 1.49879 -0.000366299
-10.075 1.49935 0.999576 -0.000265372 0 -11.3202 1.49872 -0.000397886
-10.025 1.49931 0.999552 -0.000288835 0 -11.264 1.49864 -0.000433053
-9.975 1.49927 0.999525 -0.000314776 0 -11.2079 1.49855 -0.000471932
-9.925 1.49922 0.999496 -0.000343274 0 -11.1517 1.49846 -0.000514642
-9.875 1.49916 0.999463 -0.000374403 0 -11.0955 1.49836 -0.000561291
-9.825 1.4991 0.999427 -0.000408229 0 -11.0393 1.49824 -0.000611977
-9.775 1.49904 0.999386 -0.000444814 0 -10.9831 1.49812 -0.000666794
-9.725 1.49897 0.999342 -0.000484219 0 -10.927 1.49798 -0.00072583
-9.675 1.49889 0.999293 -0.000526504 0 -10.8708 1.49783 -0.000789173
-9.625 1.49881 0.999238 -0.000571731 0 -10.8146 1.49767 -0.000856917
-9.575 1.49872 0.999179 -0.00061997 0 -10.7584 1.49749 -0.000929162
-9.525 1.49862 0.999114 -0.000671298 0 -10.7022 1.4973 -0.00100602
-9.475 1.49852 0.999043 -0.000725808 0 -10.6461 1.49709 -0.00108764
-9.425 1.49841 0.998966 -0.000783612 0 -10.5899 1.49686 -0.00117417
-9.375 1.49828 0.998883 -0.00084484 0 -10.5337 1.49661 -0.00126581
-9.325 1.49815 0.998792 -0.000909656 0 -10.4775 1.49634 -0.0013628
-9.275 1.49801 0.998694 -0.000978253 0 -10.4213 1.49605 -0.00146543
-9.225 1.49786 0.998589 -0.00105086 0 -10.3652 1.49574 -0.00157404
-9.175 1.49769 0.998476 -0.00112776 0 -10.309 1.49541 -0.00168903
-9.125 1.49752 0.998354 -0.00120925 0 -10.2528 1.49505 -0.00181087
-9.075 1.49733 0.998224 -0.0012957 0 -10.1966 1.49467 -0.00194009
-9.025 1.49713 0.998084 -0.00138752 0 -10.1404 1.49426 -0.0020773
-8.975 1.49691 0.997935 -0.00148517 0 -10.0843 1.49382 -0.00222318
-8.925 1.49668 0.997775 -0.00158917 0 -10.0281 1.49335 -0.00237848
-8.875 1.49644 0.997605 -0.00170007 0 -9.97191 1.49285 -0.00254405
-8.825 1.49617 0.997423 -0.0018185 0 -9.91573 1.49232 -0.0027208
-8.775 1.49589 0.997229 -0.00194513 0 -9.85955 1.49175 -0.00290971
-8.725 1.49559 0.997022 -0.00208069 0 -9.80337 1.49114 -0.00311187
-8.675 1.49527 0.996801 -0.00222596 0 -9.74719 1.49049 -0.00332842
-8.625 1.49492 0.996566 -0.00238179 0 -9.69101 1.48979 -0.00356059
-8.575 1.49456 0.996314 -0.00254905 0 -9.63483 1.48905 -0.0038097
-8.525 1.49416 0.996046 -0.0027287 0 -9.57865 1.48825 -0.00407712
-8.475 1.49374 0.995759 -0.00292175 0 -9.52247 1.4874 -0.00436432
-8.425 1.49329 0.995453 -0.00312925 0 -9.46629 1.4865 -0.00467286
-8.375 1.4928 0.995125 -0.00335233 0 -9.41011 1.48552 -0.00500436
-8.325 1.49228 0.994775 -0.00359217 0 -9.35393 1.48448 -0.00536053
-8.275 1.49173 0.9944 -0.00385003 0 -9.29775 1.48337 -0.00574318
-8.225 1.49113 0.993998 -0.0041272 0 -9.24157 1.48218 -0.00615419
-8.175 1.49049 0.993567 -0.00442509 0 -9.18539 1.4809 -0.00659555
-8.125 1.48981 0.993106 -0.00474516 0 -9.12921 1.47954 -0.00706937
-8.075 1.48907 0.992611 -0.00508896 0 -9.07303 1.47807 -0.00757783
-8.025 1.48829 0.992081 -0.00545812 0 -9.01685 1.4765 -0.00812325
-7.975 1.48744 0.991512 -0.00585436 0 -8.96067 1.47482 -0.00870802
-7.925 1.48654 0.990901 -0.00627947 0 -8.90449 1.47301 -0.00933467
-7.875 1.48557 0.990245 -0.00673538 0 -8.84831 1.47108 -0.0100059
-7.825 1.48453 0.989541 -0.0072241 0 -8.79213 1.469 -0.0107244
-7.775 1.48342 0.988785 -0.00774775 0 -8.73596 1.46678 -0.0114932
-7.725 1.48223 0.987974 -0.00830853 0 -8.67978 1.4644 -0.0123151
-7.675 1.48095 0.987102 -0.00890879 0 -8.6236 1.46185 -0.0131935
-7.625 1.47958 0.986167 -0.00955099 0 -8.56742 1.45911 -0.0141315
-7.575 1.47812 0.985163 -0.0102378 0 -8.51124 1.45618 -0.0151326
-7.525 1.47655 0.984085 -0.0109718 0 -8.45506 1.45305 -0.0162004
-7.475 1.47487 0.982929 -0.011756 0 -8.39888 1.44969 -0.0173386
-7.425 1.47307 0.981688 -0.0125934 0 -8.3427 1.44609 -0.0185509
-7.375 1.47115 0.980356 -0.0134871 0 -8.28652 1.44225 -0.0198414
-7.325 1.46909 0.978928 -0.0144404 0 -8.23034 1.43813 -0.0212142
-7.275 1.46689 0.977396 -0.0154568 0 -8.17416 1.43374 -0.0226735
-7.225 1.46454 0.975754 -0.0165399 0 -8.11798 1.42903 -0.0242235
-7.175 1.46203 0.973994 -0.0176935 0 -8.0618 1.42401 -0.0258685
-7.125 1.45936 0.972108 -0.0189213 0 -8.00562 1.41865 -0.027613
-7.075 1.4565 0.970088 -0.0202275 0 -7.94944 1.41293 -0.0294613
-7.025 1.45345 0.967924 -0.0216161 0 -7.89326 1.40682 -0.0314178
-6.975 1.45019 0.965606 -0.0230914 0 -7.83708 1.40032 -0.0334869
-6.925 1.44673 0.963126 -0.0246575 0 -7.7809 1.39338 -0.0356727
-6.875 1.44304 0.960472 -0.0263188 0 -7.72472 1.386 -0.0379791
-6.825 1.43911 0.957633 -0.0280796 0 -7.66854 1.37814 -0.0404096
-6.775 1.43494 0.954597 -0.0299441 0 -7.61236 1.36978 -0.0429678
-6.725 1.4305 0.95135 -0.0319166 0 -7.55618 1.3609 -0.0456566
-6.675 1.42578 0.947881 -0.0340012 0 -7.5 1.35147 -0.0484782
-6.625 1.42077 0.944174 -0.0362014 0 -7.44382 1.34146 -0.051434
-6.575 1.41547 0.940216 -0.0385205 0 -7.38764 1.33084 -0.0545245
-6.525 1.40984 0.93599 -0.0409618 0 -7.33146 1.3196 -0.0577496
-6.475 1.40389 0.93148 -0.0435277 0 -7.27528 1.30769 -0.061108
-6.425 1.39759 0.92667 -0.0462202 0 -7.2191 1.2951 -0.0645968
-6.375 1.39094 0.921541 -0.0490399 0 -7.16292 1.2818 -0.0682113
-6.325 1.38391 0.916077 -0.0519867 0 -7.10674 1.26777 -0.071945
-6.275 1.37651 0.910258 -0.0550592 0 -7.05056 1.25298 -0.0757895
-6.225 1.36872 0.904065 -0.0582549 0 -6.99438 1.23741 -0.0797346
-6.175 1.36053 0.897479 -0.0615697 0 -6.9382 1.22104 -0.0837672
-6.125 1.35193 0.89048 -0.0649972 0 -6.88202 1.20386 -0.0878713
-6.075 1.34291 0.88305 -0.0685285 0 -6.82584 1.18586 -0.0920276
-6.025 1.33348 0.875168 -0.0721524 0 -6.76966 1.16702 -0.0962135
-5.975 1.32362 0.866816 -0.0758551 0 -6.71348 1.14734 -0.100404
-5.925 1.31335 0.857976 -0.07962 0 -6.6573 1.12682 -0.104569
-5.875 1.30267 0.848632 -0.0834266 0 -6.60112 1.10548 -0.108677
-5.825 1.29157 0.838769 -0.0872499 0 -6.54494 1.08333 -0.11269
-5.775 1.28008 0.828374 -0.0910607 0 -6.48876 1.06039 -0.116565
-5.725 1.26821 0.817436 -0.0948253 0 -6.43258 1.03668 -0.120259
-5.675 1.25598 0.805947 -0.0985063 0 -6.3764 1.01225 -0.123722
-5.625 1.24341 0.793906 -0.102061 0 -6.32022 0.987147 -0.126903
-5.575 1.23053 0.781318 -0.105441 0 -6.26404 0.961433 -0.129748
-5.525 1.21738 0.768193 -0.108592 0 -6.20787 0.935184 -0.132198
-5.475 1.20401 0.754549 -0.111454 0 -6.15169 0.908482 -0.134191
-5.425 1.19046 0.74041 -0.113963 0 -6.09551 0.881425 -0.135668
-5.375 1.17678 0.725812 -0.116052 0 -6.03933 0.854122 -0.136568
-5.325 1.16306 0.710803 -0.117651 0 -5.98315 0.826704 -0.136835
-5.275 1.14937 0.695442 -0.118682 0 -5.92697 0.799318 -0.136409
-5.225 1.13577 0.679812 -0.119065 0 -5.87079 0.772113 -0.135231
-5.175 1.12236 0.664023 -0.118725 0 -5.81461 0.745273 -0.133253
-5.125 1.1092 0.648166 -0.117595 0 -5.75843 0.718947 -0.130436
-5.075 1.09638 0.632338 -0.115601 0 -5.70225 0.693282 -0.126742
-5.025 1.08398 0.616669 -0.112677 0 -5.64607 0.668456 -0.12214
-4.975 1.07209 0.6013 -0.108774 0 -5.58989 0.644647 -0.116615
-4.925 1.0608 0.586385 -0.103852 0 -5.53371 0.622038 -0.110166
-4.875 1.05021 0.57209 -0.0978937 0 -5.47753 0.600812 -0.102809
-4.825 1.04039 0.558585 -0.0909005 0 -5.42135 0.581148 -0.0945723
-4.775 1.03145 0.546046 -0.082893 0 -5.36517 0.563218 -0.0854997
-4.725 1.02345 0.534646 -0.0739131 0 -5.30899 0.547183 -0.0756463
-4.675 1.01647 0.524551 -0.0640279 0 -5.25281 0.533191 -0.0650826
-4.625 1.01058 0.515912 -0.0533307 0 -5.19663 0.521373 -0.0538952
-4.575 1.00584 0.508869 -0.0419387 0 -5.14045 0.511842 -0.0421837
-4.525 1.00229 0.50354 -0.0299878 0 -5.08427 0.504693 -0.0300565
-4.475 0.999958 0.500015 -0.0176327 0 -5.02809 0.499994 -0.0176319
-4.425 0.998932 0.498357 -0.00503088 0 -4.97191 0.497825 -0.00502551
-4.375 0.998834 0.498594 0.00759651 0 -4.91573 0.498013 0.00758766
-4.325 0.999832 0.500712 0.0199811 0 -4.85955 0.500628 0.0199777
-4.275 1.00247 0.504664 0.0320568 0 -4.80337 0.505911 0.0321361
-4.225 1.00644 0.510381 0.04371 0 -4.74719 0.513667 0.0439914
-4.175 1.01152 0.517768 0.0547945 0 -4.69101 0.52373 0.0554255
-4.125 1.01768 0.526703 0.0651747 0 -4.63483 0.536017 0.0663271
-4.075 1.02492 0.537048 0.0747427 0 -4.57865 0.550431 0.0766053
-4.025 1.03316 0.548646 0.0834158 0 -4.52247 0.566841 0.0861821
-3.975 1.04233 0.561332 0.0911341 0 -4.46629 0.585092 0.0949916
-3.925 1.05233 0.574935 0.0978615 0 -4.41011 0.605022 0.102983
-3.875 1.06309 0.589283 0.103583 0 -4.35393 0.626462 0.110119
-3.825 1.07452 0.604211 0.108304 0 -4.29775 0.649236 0.116375
-3.775 1.08652 0.619561 0.112046 0 -4.24157 0.673166 0.12174
-3.725 1.09901 0.635183 0.114846 0 -4.18539 0.698076 0.126218
-3.675 1.11191 0.650942 0.116758 0 -4.12921 0.72379 0.129824
-3.625 1.12513 0.666712 0.117839 0 -4.07303 0.750141 0.132585
-3.575 1.13856 0.682372 0.11815 0 -4.01685 0.776924 0.134522
-3.525 1.1521 0.697805 0.117761 0 -3.96067 0.803941 0.135673
-3.475 1.16568 0.71295 0.116749 0 -3.90449 0.831073 0.136092
-3.425 1.17925 0.727755 0.115185 0 -3.84831 0.858206 0.135832
-3.375 1.19275 0.742165 0.113138 0 -3.79213 0.885218 0.134946
-3.325 1.20613 0.756133 0.110677 0 -3.73596 0.911998 0.133492
-3.275 1.21935 0.769623 0.107869 0 -3.67978 0.938437 0.13153
-3.225 1.23234 0.78261 0.104776 0 -3.6236 0.964443 0.12912
-3.175 1.24508 0.795076 0.101456 0 -3.56742 0.989932 0.12632
-3.125 1.25752 0.80701 0.0979602 0 -3.51124 1.01483 0.123187
-3.075 1.26964 0.818408 0.0943365 0 -3.45506 1.03908 0.119773
-3.025 1.2814 0.829271 0.0906272 0 -3.39888 1.06263 0.11613
-2.975 1.2928 0.839603 0.0868701 0 -3.3427 1.08544 0.112305
-2.925 1.3038 0.849413 0.0830979 0 -3.28652 1.10747 0.108343
-2.875 1.31441 0.85871 0.0793388 0 -3.23034 1.1287 0.104284
-2.825 1.32461 0.867509 0.075617 0 -3.17416 1.14911 0.100163
-2.775 1.33439 0.875824 0.071953 0 -3.11798 1.16869 0.0960134
-2.725 1.34376 0.883674 0.0683641 0 -3.0618 1.18744 0.0918648
-2.675 1.35271 0.891076 0.0648641 0 -3.00562 1.20537 0.0877426
-2.625 1.36126 0.898049 0.0614642 0 -2.94944 1.22248 0.0836688
-2.575 1.3694 0.904611 0.058173 0 -2.89326 1.23878 0.0796621
-2.525 1.37715 0.910783 0.0549969 0 -2.83708 1.25428 0.0757389
-2.475 1.38451 0.916582 0.0519408 0 -2.7809 1.26901 0.0719123
-2.425 1.39149 0.922028 0.0490076 0 -2.72472 1.28299 0.0681935
-2.375 1.39811 0.927138 0.0461988 0 -2.66854 1.29624 0.0645909
-2.325 1.40437 0.931931 0.043515 0 -2.61236 1.30878 0.0611112
-2.275 1.41029 0.936424 0.0409554 0 -2.55618 1.32063 0.0577592
-2.225 1.41589 0.940633 0.0385188 0 -2.5 1.33183 0.0545383
-2.175 1.42117 0.944574 0.0362029 0 -2.44382 1.3424 0.0514505
-2.125 1.42615 0.948264 0.0340051 0 -2.38764 1.35237 0.0484964
-2.075 1.43084 0.951716 0.0319223 0 -2.33146 1.36176 0.0456758
-2.025 1.43526 0.954945 0.029951 0 -2.27528 1.37059 0.0429875
-1.975 1.43942 0.957964 0.0280875 0 -2.2191 1.37891 0.0404296
-1.925 1.44332 0.960786 0.0263279 0 -2.16292 1.38672 0.0379997
-1.875 1.44699 0.963423 0.0246681 0 -2.10674 1.39407 0.0356947
-1.825 1.45044 0.965886 0.0231041 0 -2.05056 1.40096 0.0335111
-1.775 1.45368 0.968187 0.0216315 0 -1.99438 1.40743 0.0314452
-1.725 1.45671 0.970336 0.0202464 0 -1.9382 1.4135 0.0294931
-1.675 1.45956 0.972342 0.0189444 0 -1.88202 1.41919 0.0276505
-1.625 1.46223 0.974215 0.0177216 0 -1.82584 1.42452 0.025913
-1.575 1.46473 0.975963 0.0165739 0 -1.76966 1.42952 0.0242763
-1.525 1.46707 0.977595 0.0154974 0 -1.71348 1.4342 0.0227358
-1.475 1.46926 0.979119 0.0144883 0 -1.6573 1.43858 0.0212871
-1.425 1.47131 0.98054 0.0135427 0 -1.60112 1.44268 0.0199256
-1.375 1.47324 0.981867 0.0126572 0 -1.54494 1.44652 0.0186471
-1.325 1.47503 0.983106 0.0118282 0 -1.48876 1.45011 0.0174471
-1.275 1.47672 0.984262 0.0110525 0 -1.43258 1.45347 0.0163213
-1.225 1.47829 0.985341 0.0103266 0 -1.3764 1.45662 0.0152657
-1.175 1.47976 0.986349 0.00964768 0 -1.32022 1.45956 0.0142763
-1.125 1.48114 0.987289 0.00901269 0 -1.26404 1.46231 0.013349
-1.075 1.48242 0.988168 0.00841886 0 -1.20787 1.46488 0.0124803
-1.025 1.48363 0.988988 0.00786354 0 -1.15169 1.46729 0.0116665
-0.975 1.48475 0.989754 0.00734424 0 -1.09551 1.46954 0.0109043
-0.925 1.4858 0.99047 0.00685858 0 -1.03933 1.47164 0.0101905
-0.875 1.48678 0.991138 0.00640436 0 -0.983146 1.47361 0.00952188
-0.825 1.4877 0.991762 0.00597949 0 -0.926966 1.47544 0.00889568
-0.775 1.48856 0.992345 0.00558203 0 -0.870787 1.47716 0.00830916
-0.725 1.48936 0.992889 0.00521016 0 -0.814607 1.47877 0.00775979
-0.675 1.4901 0.993397 0.0048622 0 -0.758427 1.48026 0.00724519
-0.625 1.4908 0.993871 0.00453659 0 -0.702247 1.48166 0.00676315
-0.575 1.49145 0.994313 0.00423186 0 -0.646067 1.48297 0.00631162
-0.525 1.49206 0.994725 0.00394666 0 -0.589888 1.48419 0.00588866
-0.475 1.49263 0.99511 0.00367977 0 -0.533708 1.48533 0.00549252
-0.425 1.49316 0.995468 0.00343001 0 -0.477528 1.48639 0.00512154
-0.375 1.49365 0.995801 0.00319633 0 -0.421348 1.48738 0.0047742
-0.325 1.49411 0.996112 0.00297775 0 -0.365169 1.4883 0.00444909
-0.275 1.49454 0.996401 0.00277337 0 -0.308989 1.48916 0.0041449
-0.225 1.49493 0.996669 0.00258233 0 -0.252809 1.48996 0.00386042
-0.175 1.49531 0.996919 0.00240388 0 -0.196629 1.4907 0.00359454
-0.125 1.49565 0.99715 0.0022373 0 -0.140449 1.49139 0.00334623
-0.075 1.49597 0.997365 0.00208192 0 -0.0842697 1.49203 0.0031145
-0.025 1.49627 0.997565 0.00193712 0 -0.0280899 1.49263 0.00289845
0.025 1.49655 0.99775 0.0018023 0 0.0280899 1.49318 0.00269723
0.075 1.49681 0.997921 0.00167691 0 0.0842697 1.4937 0.00251001
0.125 1.49705 0.998081 0.00156041 0 0.140449 1.49418 0.00233602
0.175 1.49728 0.998228 0.0014523 0 0.196629 1.49462 0.0021745
0.225 1.49749 0.998365 0.00135209 0 0.252809 1.49504 0.00202473
0.275 1.49768 0.998493 0.0012593 0 0.308989 1.49542 0.00188602
0.325 1.49786 0.998611 0.00117347 0 0.365169 1.49578 0.00175769
0.375 1.49803 0.998721 0.00109416 0 0.421348 1.49612 0.00163908
0.425 1.49819 0.998824 0.00102093 0 0.477528 1.49643 0.00152954
0.475 1.49834 0.99892 0.000953353 0 0.533708 1.49672 0.00142844
0.525 1.49847 0.99901 0.00089102 0 0.589888 1.49699 0.00133517
0.575 1.4986 0.999094 0.000833516 0 0.646067 1.49724 0.00124911
0.625 1.49872 0.999172 0.00078044 0 0.702247 1.49748 0.00116966
0.675 1.49884 0.999247 0.0007314 0 0.758427 1.49771 0.00109625
0.725 1.49894 0.999317 0.000686014 0 0.814607 1.49792 0.00102829
0.775 1.49904 0.999383 0.000643912 0 0.870787 1.49812 0.000965251
0.825 1.49913 0.999445 0.000604744 0 0.926966 1.4983 0.000906593
0.875 1.49922 0.999504 0.000568176 0 0.983146 1.49848 0.000851822
0.925 1.4993 0.99956 0.000533897 0 1.03933 1.49865 0.000800475
0.975 1.49938 0.999613 0.000501624 0 1.09551 1.4988 0.000752125
1.025 1.49945 0.999664 0.000471098 0 1.15169 1.49895 0.00070639
1.075 1.49952 0.999711 0.000442094 0 1.20787 1.49909 0.000662929
1.125 1.49959 0.999756 0.000414416 0 1.26404 1.49922 0.000621453
1.175 1.49965 0.999798 0.000387905 0 1.32022 1.49934 0.000581721
1.225 1.4997 0.999838 0.000362432 0 1.3764 1.49946 0.00054354
1.275 1.49976 0.999875 0.000337902 0 1.43258 1.49957 0.00050677
1.325 1.4998 0.99991 0.000314252 0 1.48876 1.49967 0.000471316
1.375 1.49985 0.999943 0.000291449 0 1.54494 1.49976 0.000437129
1.425 1.49989 0.999973 0.000269486 0 1.60112 1.49985 0.000404199
1.475 1.49993 1 0.00024838 0 1.6573 1.49993 0.000372552
1.525 1.49997 1.00003 0.000228166 0 1.71348 1.5 0.000342241
1.575 1.5 1.00005 0.000208894 0 1.76966 1.50007 0.000313341
1.625 1.50003 1.00007 0.000190623 0 1.82584 1.50013 0.000285939
1.675 1.50006 1.00009 0.000173415 0 1.88202 1.50019 0.000260132
1.725 1.50008 1.0001 0.000157334 0 1.9382 1.50024 0.000236013
1.775 1.5001 1.00012 0.000142438 0 1.99438 1.50028 0.000213672
1.825 1.50012 1.00013 0.000128776 0 2.05056 1.50032 0.000193181
1.875 1.50014 1.00014 0.000116385 0 2.10674 1.50036 0.000174595
1.925 1.50016 1.00015 0.000105283 0 2.16292 1.50039 0.000157942
1.975 1.50017 1.00016 9.54691e-05 0 2.2191 1.50041 0.00014322
2.025 1.50019 1.00017 8.69215e-05 0 2.27528 1.50044 0.000130398
2.075 1.5002 1.00017 7.95991e-05 0 2.33146 1.50046 0.000119414
2.125 1.50021 1.00018 7.34417e-05 0 2.38764 1.50048 0.000110178
2.175 1.50022 1.00018 6.83707e-05 0 2.44382 1.5005 0.000102571
2.225 1.50023 1.00019 6.42921e-05 0 2.5 1.50051 9.6453e-05
2.275 1.50024 1.00019 6.10977e-05 0 2.55618 1.50053 9.16611e-05
2.325 1.50025 1.0002 5.86681e-05 0 2.61236 1.50054 8.80166e-05
2.375 1.50026 1.0002 5.68687e-05 0 2.66854 1.50056 8.53176e-05
2.425 1.50027 1.00021 5.55555e-05 0 2.72472 1.50057 8.3348e-05
2.475 1.50027 1.00021 5.45903e-05 0 2.7809 1.50059 8.19004e-05
2.525 1.50028 1.00021 5.38363e-05 0 2.83708 1.5006 8.07696e-05
2.575 1.50029 1.00022 5.31605e-05 0 2.89326 1.50062 7.97562e-05
2.625 1.5003 1.00022 5.24373e-05 0 2.94944 1.50063 7.86716e-05
2.675 1.50031 1.00023 5.15516e-05 0 3.00562 1.50065 7.73432e-05
2.725 1.50031 1.00024 5.04005e-05 0 3.0618 1.50067 7.56165e-05
2.775 1.50032 1.00024 4.8896e-05 0 3.11798 1.50068 7.33597e-05
2.825 1.50033 1.00025 4.69672e-05 0 3.17416 1.5007 7.04661e-05
2.875 1.50033 1.00025 4.45551e-05 0 3.23034 1.50072 6.68475e-05
2.925 1.50034 1.00026 4.16123e-05 0 3.28652 1.50073 6.24326e-05
2.975 1.50035 1.00027 3.81207e-05 0 3.3427 1.50075 5.71942e-05
3.025 1.50035 1.00027 3.40846e-05 0 3.39888 1.50076 5.11389e-05
3.075 1.50036 1.00028 2.95281e-05 0 3.45506 1.50077 4.43027e-05
3.125 1.50036 1.00028 2.44926e-05 0 3.51124 1.50078 3.67478e-05
3.175 1.50036 1.00028 1.90385e-05 0 3.56742 1.50079 2.85647e-05
3.225 1.50037 1.00029 1.3245e-05 0 3.6236 1.5008 1.98724e-05
3.275 1.50037 1.00029 7.20557e-06 0 3.67978 1.5008 1.0811e-05
3.325 1.50037 1.00029 1.01681e-06 0 3.73596 1.5008 1.52559e-06
3.375 1.50037 1.00029 -5.16753e-06 0 3.79213 1.5008 -7.75321e-06
3.425 1.50037 1.00029 -1.11681e-05 0 3.84831 1.5008 -1.67563e-05
3.475 1.50037 1.00029 -1.69685e-05 0 3.90449 1.5008 -2.54589e-05
3.525 1.50036 1.00028 -2.25027e-05 0 3.96067 1.50079 -3.37622e-05
3.575 1.50036 1.00028 -2.76739e-05 0 4.01685 1.50078 -4.15207e-05
3.625 1.50035 1.00027 -3.23815e-05 0 4.07303 1.50077 -4.85836e-05
3.675 1.50035 1.00027 -3.65437e-05 0 4.12921 1.50075 -5.48283e-05
3.725 1.50034 1.00026 -4.00992e-05 0 4.18539 1.50074 -6.01626e-05
3.775 1.50034 1.00026 -4.30022e-05 0 4.24157 1.50072 -6.45177e-05
3.825 1.50033 1.00025 -4.52225e-05 0 4.29775 1.50071 -6.78487e-05
3.875 1.50032 1.00024 -4.67518e-05 0 4.35393 1.50069 -7.01428e-05
3.925 1.50032 1.00024 -4.76043e-05 0 4.41011 1.50067 -7.14214e-05
3.975 1.50031 1.00023 -4.78113e-05 0 4.46629 1.50065 -7.17317e-05
4.025 1.5003 1.00022 -4.74175e-05 0 4.52247 1.50064 -7.11405e-05
4.075 1.50029 1.00022 -4.65017e-05 0 4.57865 1.50062 -6.97663e-05
4.125 1.50029 1.00021 -4.51497e-05 0 4.63483 1.5006 -6.77376e-05
4.175 1.50028 1.00021 -4.34643e-05 0 4.69101 1.50059 -6.52087e-05
4.225 1.50027 1.0002 -4.15625e-05 0 4.74719 1.50058 -6.23552e-05
4.275 1.50027 1.0002 -3.95682e-05 0 4.80337 1.50056 -5.93629e-05
4.325 1.50026 1.00019 -3.76077e-05 0 4.85955 1.50055 -5.64214e-05
4.375 1.50026 1.00019 -3.58094e-05 0 4.91573 1.50054 -5.37234e-05
4.425 1.50025 1.00018 -3.42973e-05 0 4.97191 1.50053 -5.14547e-05
4.475 1.50025 1.00018 -3.3185e-05 0 5.02809 1.50052 -4.97857e-05
4.525 1.50024 1.00018 -3.25712e-05 0 5.08427 1.50051 -4.88647e-05
4.575 1.50024 1.00017 -3.2527e-05 0 5.14045 1.5005 -4.87982e-05
4.625 1.50023 1.00017 -3.30865e-05 0 5.19663 1.50049 -4.96374e-05
4.675 1.50023 1.00017 -3.42847e-05 0 5.25281 1.50048 -5.14349e-05
4.725 1.50022 1.00016 -3.61241e-05 0 5.30899 1.50046 -5.41942e-05
4.775 1.50022 1.00016 -3.85832e-05 0 5.36517 1.50045 -5.78831e-05
4.825 1.50021 1.00015 -4.16181e-05 0 5.42135 1.50044 -6.24359e-05
4.875 1.5002 1.00015 -4.51654e-05 0 5.47753 1.50042 -6.77572e-05
4.925 1.5002 1.00014 -4.91421e-05 0 5.53371 1.50041 -7.37228e-05
4.975 1.50019 1.00013 -5.34492e-05 0 5.58989 1.50039 -8.01839e-05
5.025 1.50018 1.00013 -5.79754e-05 0 5.64607 1.50037 -8.69736e-05
5.075 1.50017 1.00012 -6.26022e-05 0 5.70225 1.50035 -9.39141e-05
5.125 1.50016 1.00011 -6.72063e-05 0 5.75843 1.50033 -0.00010082
5.175 1.50015 1.0001 -7.16624e-05 0 5.81461 1.5003 -0.000107504
5.225 1.50014 1.00009 -7.58505e-05 0 5.87079 1.50028 -0.000113786
5.275 1.50013 1.00008 -7.96589e-05 0 5.92697 1.50025 -0.000119498
5.325 1.50012 1.00007 -8.29888e-05 0 5.98315 1.50022 -0.000124493
5.375 1.5001 1.00006 -8.57561e-05 0 6.03933 1.50019 -0.000128643
5.425 1.50009 1.00005 -8.78908e-05 0 6.09551 1.50016 -0.000131844
5.475 1.50008 1.00003 -8.93381e-05 0 6.15169 1.50013 -0.000134014
5.525 1.50006 1.00002 -9.00615e-05 0 6.20787 1.50009 -0.000135098
5.575 1.50005 1.00001 -9.0041e-05 0 6.26404 1.50006 -0.000135066
5.625 1.50004 0.999996 -8.92826e-05 0 6.32022 1.50003 -0.000133927
5.675 1.50002 0.999984 -8.78126e-05 0 6.3764 1.5 -0.000131721
5.725 1.50001 0.999973 -8.56856e-05 0 6.43258 1.49997 -0.000128529
5.775 1.5 0.999962 -8.29748e-05 0 6.48876 1.49994 -0.000124462
5.825 1.49998 0.999951 -7.97676e-05 0 6.54494 1.49991 -0.00011965
5.875 1.49997 0.999941 -7.61624e-05 0 6.60112 1.49989 -0.000114242
5.925 1.49996 0.999932 -7.2266e-05 0 6.6573 1.49986 -0.000108396
5.975 1.49995 0.999924 -6.81884e-05 0 6.71348 1.49984 -0.000102279
6.025 1.49994 0.999916 -6.40381e-05 0 6.76966 1.49982 -9.60534e-05
6.075 1.49993 0.999909 -5.99187e-05 0 6.82584 1.4998 -8.98739e-05
6.125 1.49992 0.999903 -5.59267e-05 0 6.88202 1.49978 -8.38858e-05
6.175 1.49992 0.999897 -5.21453e-05 0 6.9382 1.49976 -7.82136e-05
6.225 1.49991 0.999893 -4.86411e-05 0 6.99438 1.49975 -7.29571e-05
6.275 1.4999 0.999888 -4.5463e-05 0 7.05056 1.49973 -6.81899e-05
6.325 1.49989 0.999884 -4.2643e-05 0 7.10674 1.49972 -6.396e-05
6.375 1.49989 0.99988 -4.01958e-05 0 7.16292 1.49971 -6.02892e-05
6.425 1.49988 0.999877 -3.81179e-05 0 7.2191 1.4997 -5.71724e-05
6.475 1.49988 0.999873 -3.63887e-05 0 7.27528 1.49969 -5.45786e-05
6.525 1.49987 0.999869 -3.49664e-05 0 7.33146 1.49968 -5.24452e-05
6.575 1.49987 0.999866 -3.3799e-05 0 7.38764 1.49967 -5.0694e-05
6.625 1.49986 0.999862 -3.28287e-05 0 7.44382 1.49965 -4.92385e-05
6.675 1.49986 0.999858 -3.19896e-05 0 7.5 1.49964 -4.79798e-05
6.725 1.49985 0.999853 -3.12093e-05 0 7.55618 1.49963 -4.68093e-05
6.775 1.49985 0.999848 -3.04121e-05 0 7.61236 1.49962 -4.56136e-05
6.825 1.49984 0.999843 -2.95236e-05 0 7.66854 1.49961 -4.42807e-05
6.875 1.49984 0.999838 -2.84698e-05 0 7.72472 1.4996 -4.27e-05
6.925 1.49983 0.999832 -2.71792e-05 0 7.7809 1.49958 -4.07643e-05
6.975 1.49983 0.999826 -2.55862e-05 0 7.83708 1.49957 -3.8375e-05
7.025 1.49983 0.999821 -2.36295e-05 0 7.89326 1.49956 -3.54402e-05
7.075 1.49982 0.999815 -2.12554e-05 0 7.94944 1.49955 -3.18793e-05
7.125 1.49982 0.99981 -1.84345e-05 0 8.00562 1.49954 -2.76484e-05
7.175 1.49982 0.999805 -1.51545e-05 0 8.0618 1.49953 -2.2729e-05
7.225 1.49982 0.999801 -1.14178e-05 0 8.11798 1.49952 -1.71246e-05
7.275 1.49981 0.999797 -7.24103e-06 0 8.17416 1.49951 -1.08602e-05
7.325 1.49981 0.999795 -2.65804e-06 0 8.23034 1.49951 -3.98656e-06
7.375 1.49981 0.999793 2.29302e-06 0 8.28652 1.4995 3.4391e-06
7.425 1.49981 0.999792 7.50431e-06 0 8.3427 1.4995 1.12551e-05
7.475 1.49982 0.999793 1.28888e-05 0 8.39888 1.49951 1.93309e-05
7.525 1.49982 0.999795 1.83882e-05 0 8.45506 1.49951 2.75789e-05
7.575 1.49982 0.999797 2.39629e-05 0 8.51124 1.49952 3.594e-05
7.625 1.49983 0.999802 2.954e-05 0 8.56742 1.49953 4.43048e-05
7.675 1.49983 0.999807 3.50376e-05 0 8.6236 1.49954 5.25504e-05
7.725 1.49984 0.999814 4.03706e-05 0 8.67978 1.49956 6.05493e-05
7.775 1.49984 0.999821 4.54568e-05 0 8.73596 1.49957 6.81781e-05
7.825 1.49985 0.99983 5.02205e-05 0 8.79213 1.49959 7.53232e-05
7.875 1.49986 0.999839 5.45932e-05 0 8.84831 1.49962 8.18821e-05
7.925 1.49987 0.99985 5.85161e-05 0 8.90449 1.49964 8.77663e-05
7.975 1.49988 0.99986 6.19423e-05 0 8.96067 1.49967 9.29058e-05
8.025 1.49989 0.999871 6.48385e-05 0 9.01685 1.49969 9.72503e-05
8.075 1.4999 0.999883 6.71852e-05 0 9.07303 1.49972 0.000100771
8.125 1.49991 0.999894 6.89779e-05 0 9.12921 1.49975 0.00010346
8.175 1.49992 0.999906 7.02271e-05 0 9.18539 1.49978 0.000105335
8.225 1.49993 0.999917 7.09527e-05 0 9.24157 1.4998 0.000106424
8.275 1.49994 0.999928 7.11942e-05 0 9.29775 1.49983 0.000106787
8.325 1.49995 0.999939 7.10027e-05 0 9.35393 1.49986 0.0001065
8.375 1.49996 0.999949 7.04458e-05 0 9.41011 1.49988 0.000105666
8.425 1.49997 0.999959 6.95916e-05 0 9.46629 1.49991 0.000104385
8.475 1.49998 0.999969 6.85135e-05 0 9.52247 1.49993 0.000102769
8.525 1.49999 0.999978 6.72868e-05 0 9.57865 1.49996 0.000100929
8.575 1.5 0.999986 6.5987e-05 0 9.63483 1.49998 9.89804e-05
8.625 1.50001 0.999994 6.46852e-05 0 9.69101 1.5 9.70284e-05
8.675 1.50002 1 6.34458e-05 0 9.74719 1.50002 9.51699e-05
8.725 1.50003 1.00001 6.23222e-05 0 9.80337 1.50004 9.3485e-05
8.775 1.50004 1.00002 6.13551e-05 0 9.85955 1.50006 9.20349e-05
8.825 1.50005 1.00002 6.057e-05 0 9.91573 1.50008 9.08578e-05
8.875 1.50006 1.00003 5.99745e-05 0 9.97191 1.5001 8.9965e-05
8.925 1.50006 1.00004 5.95574e-05 0 10.0281 1.50012 8.934e-05
8.975 1.50007 1.00004 5.92868e-05 0 10.0843 1.50014 8.89345e-05
9.025 1.50008 1.00005 5.91077e-05 0 10.1404 1.50016 8.86664e-05
9.075 1.50009 1.00006 5.89518e-05 0 10.1966 1.50018 8.84331e-05
9.125 1.5001 1.00006 5.87392e-05 0 10.2528 1.50019 8.81147e-05
9.175 1.50011 1.00007 5.83824e-05 0 10.309 1.50021 8.758e-05
9.225 1.50012 1.00008 5.77899e-05 0 10.3652 1.50023 8.66917e-05
9.275 1.50013 1.00008 5.6871e-05 0 10.4213 1.50025 8.53137e-05
9.325 1.50014 1.00009 5.55368e-05 0 10.4775 1.50027 8.33127e-05
9.375 1.50014 1.0001 5.37018e-05 0 10.5337 1.50029 8.05604e-05
9.425 1.50015 1.0001 5.12956e-05 0 10.5899 1.50031 7.69511e-05
9.475 1.50016 1.00011 4.82644e-05 0 10.6461 1.50033 7.24042e-05
9.525 1.50017 1.00012 4.4573e-05 0 10.7022 1.50034 6.68668e-05
9.575 1.50017 1.00012 4.0204e-05 0 10.7584 1.50036 6.03129e-05
9.625 1.50018 1.00013 3.51581e-05 0 10.8146 1.50037 5.27434e-05
9.675 1.50018 1.00013 2.94578e-05 0 10.8708 1.50038 4.41921e-05
9.725 1.50019 1.00014 2.31503e-05 0 10.927 1.50039 3.47297e-05
9.775 1.50019 1.00014 1.63054e-05 0 10.9831 1.5004 2.44611e-05
9.825 1.50019 1.00014 9.01003e-06 0 11.0393 1.50041 1.35168e-05
9.875 1.50019 1.00014 1.36692e-06 0 11.0955 1.50041 2.05065e-06
9.925 1.50019 1.00014 -6.45927e-06 0 11.1517 1.50041 -9.69014e-06
9.975 1.50019 1.00014 -1.4237e-05 0 11.2079 1.50041 -2.13582e-05
10.025 1.50019 1.00014 -2.19173e-05 0 11.264 1.5004 -3.288e-05
10.075 1.50018 1.00014 -2.94388e-05 0 11.3202 1.50039 -4.41636e-05
10.125 1.50018 1.00014 -3.66811e-05 0 11.3764 1.50038 -5.50282e-05
10.175 1.50017 1.00013 -4.35135e-05 0 11.4326 1.50037 -6.52778e-05
10.225 1.50016 1.00013 -4.9821e-05 0 11.4888 1.50035 -7.47397e-05
10.275 1.50016 1.00012 -5.55077e-05 0 11.5449 1.50034 -8.32702e-05
10.325 1.50015 1.00011 -6.04957e-05 0 11.6011 1.50032 -9.07525e-05
10.375 1.50014 1.0001 -6.47264e-05 0 11.6573 1.50029 -9.70985e-05
10.425 1.50013 1.00009 -6.81639e-05 0 11.7135 1.50027 -0.000102255
10.475 1.50012 1.00009 -7.0799e-05 0 11.7697 1.50025 -0.000106207
10.525 1.50011 1.00008 -7.26485e-05 0 11.8258 1.50022 -0.000108981
10.575 1.5001 1.00007 -7.37539e-05 0 11.882 1.5002 -0.000110638
10.625 1.50009 1.00006 -7.41781e-05 0 11.9382 1.50017 -0.000111274
10.675 1.50008 1.00005 -7.40032e-05 0 11.9944 1.50015 -0.00011101
10.725 1.50006 1.00004 -7.33211e-05 0 12.0506 1.50012 -0.000109986
10.775 1.50005 1.00003 -7.22172e-05 0 12.1067 1.50009 -0.00010833
10.825 1.50004 1.00002 -7.07914e-05 0 12.1629 1.50007 -0.00010619
10.875 1.50003 1.00001 -6.91404e-05 0 12.2191 1.50004 -0.000103713
10.925 1.50002 0.999998 -6.73527e-05 0 12.2753 1.50002 -0.00010103
10.975 1.50001 0.999989 -6.55061e-05 0 12.3315 1.49999 -9.82599e-05
11.025 1.5 0.99998 -6.36652e-05 0 12.3876 1.49997 -9.54978e-05
11.075 1.49999 0.999971 -6.18778e-05 0 12.4438 1.49995 -9.28161e-05
11.125 1.49998 0.999963 -6.01714e-05 0 12.5 1.49993 -9.0256e-05
11.175 1.49997 0.999954 -5.85524e-05 0 12.5562 1.4999 -8.78271e-05
11.225 1.49996 0.999946 -5.70073e-05 0 12.6124 1.49988 -8.5509e-05
11.275 1.49996 0.999938 -5.55059e-05 0 12.6685 1.49986 -8.32564e-05
11.325 1.49995 0.99993 -5.40046e-05 0 12.7247 1.49984 -8.10041e-05
11.375 1.49994 0.999922 -5.2451e-05 0 12.7809 1.49982 -7.86735e-05
11.425 1.49993 0.999915 -5.07872e-05 0 12.8371 1.49981 -7.61774e-05
11.475 1.49993 0.999907 -4.89542e-05 0 12.8933 1.49979 -7.34277e-05
11.525 1.49992 0.999899 -4.68968e-05 0 12.9494 1.49977 -7.03414e-05
11.575 1.49991 0.999892 -4.45649e-05 0 13.0056 1.49975 -6.68435e-05
11.625 1.49991 0.999884 -4.19136e-05 0 13.0618 1.49973 -6.28666e-05
11.675 1.4999 0.999877 -3.8902e-05 0 13.118 1.49972 -5.83491e-05
11.725 1.49989 0.99987 -3.5494e-05 0 13.1742 1.4997 -5.32373e-05
11.775 1.49989 0.999864 -3.1663e-05 0 13.2303 1.49969 -4.7491e-05
11.825 1.49988 0.999858 -2.73949e-05 0 13.2865 1.49967 -4.10893e-05
11.875 1.49988 0.999852 -2.26898e-05 0 13.3427 1.49966 -3.40319e-05
11.925 1.49988 0.999848 -1.75597e-05 0 13.3989 1.49965 -2.63375e-05
11.975 1.49988 0.999844 -1.20312e-05 0 13.4551 1.49964 -1.80453e-05
12.025 1.49987 0.999841 -6.15107e-06 0 13.5112 1.49964 -9.22583e-06
12.075 1.49987 0.999839 1.75016e-08 0 13.5674 1.49963 2.62501e-08
12.125 1.49987 0.999838 6.35871e-06 0 13.6236 1.49963 9.53727e-06
12.175 1.49988 0.999839 1.27371e-05 0 13.6798 1.49963 1.91041e-05
12.225 1.49988 0.999841 1.90913e-05 0 13.736 1.49964 2.86347e-05
12.275 1.49988 0.999844 2.54012e-05 0 13.7921 1.49965 3.80989e-05
12.325 1.49989 0.999848 3.15816e-05 0 13.8483 1.49966 4.73689e-05
12.375 1.49989 0.999853 3.75301e-05 0 13.9045 1.49967 5.62911e-05
12.425 1.4999 0.99986 4.31456e-05 0 13.9607 1.49969 6.47141e-05
12.475 1.49991 0.999868 4.83384e-05 0 14.0169 1.49971 7.25031e-05
12.525 1.49992 0.999877 5.30304e-05 0 14.073 1.49973 7.95411e-05
12.575 1.49992 0.999888 5.71568e-05 0 14.1292 1.49975 8.57309e-05
12.625 1.49993 0.999899 6.06688e-05 0 14.1854 1.49978 9.09992e-05
12.675 1.49994 0.99991 6.35344e-05 0 14.2416 1.49981 9.5298e-05
12.725 1.49995 0.999923 6.57367e-05 0 14.2978 1.49984 9.86018e-05
12.775 1.49996 0.999935 6.72738e-05 0 14.3539 1.49986 0.000100908
12.825 1.49997 0.999948 6.81613e-05 0 14.4101 1.49989 0.00010224
12.875 1.49998 0.999961 6.84244e-05 0 14.4663 1.49992 0.000102635
12.925 1.49999 0.999974 6.80968e-05 0 14.5225 1.49995 0.000102145
12.975 1.5 0.999986 6.72372e-05 0 14.5787 1.49998 0.000100856
13.025 1.50001 0.999999 6.58969e-05 0 14.6348 1.50001 9.88462e-05
13.075 1.50002 1.00001 6.41328e-05 0 14.691 1.50004 9.62008e-05
13.125 1.50003 1.00002 6.20019e-05 0 14.7472 1.50007 9.30049e-05
13.175 1.50004 1.00003 5.95555e-05 0 14.8034 1.50009 8.93358e-05
13.225 1.50005 1.00004 5.68383e-05 0 14.8596 1.50012 8.52604e-05
13.275 1.50006 1.00005 5.38881e-05 0 14.9157 1.50014 8.08355e-05
13.325 1.50007 1.00006 5.07366e-05 0 14.9719 1.50016 7.61084e-05
13.375 1.50008 1.00007 4.74087e-05 0 15.0281 1.50018 7.11168e-05
13.425 1.50008 1.00007 4.39233e-05 0 15.0843 1.5002 6.58886e-05
13.475 1.50009 1.00008 4.02915e-05 0 15.1404 1.50021 6.04409e-05
13.525 1.5001 1.00009 3.65166e-05 0 15.1966 1.50023 5.47785e-05
13.575 1.5001 1.00009 3.25937e-05 0 15.2528 1.50024 4.8894e-05
13.625 1.50011 1.00009 2.85102e-05 0 15.309 1.50025 4.27684e-05
13.675 1.50011 1.0001 2.42456e-05 0 15.3652 1.50026 3.63711e-05
13.725 1.50012 1.0001 1.97723e-05 0 15.4213 1.50027 2.96608e-05
13.775 1.50012 1.0001 1.50592e-05 0 15.4775 1.50028 2.25906e-05
13.825 1.50012 1.00011 1.00785e-05 0 15.5337 1.50028 1.5119e-05
13.875 1.50013 1.00011 4.81181e-06 0 15.5899 1.50029 7.21832e-06
13.925 1.50013 1.00011 -7.48279e-07 0 15.6461 1.50029 -1.12251e-06
13.975 1.50013 1.00011 -6.60204e-06 0 15.7022 1.50029 -9.9039e-06
14.025 1.50013 1.00011 -1.27078e-05 0 15.7584 1.50029 -1.90633e-05
14.075 1.50013 1.00011 -1.90193e-05 0 15.8146 1.50029 -2.85314e-05
14.125 1.50013 1.00011 -2.55435e-05 0 15.8708 1.50028 -3.83184e-05
14.175 1.50012 1.0001 -3.22873e-05 0 15.927 1.50028 -4.84349e-05
14.225 1.50012 1.0001 -3.92229e-05 0 15.9831 1.50027 -5.8839e-05
14.275 1.50012 1.0001 -4.62937e-05 0 16.0393 1.50026 -6.94459e-05
14.325 1.50011 1.00009 -5.34361e-05 0 16.0955 1.50025 -8.01601e-05
14.375 1.5001 1.00008 -6.0588e-05 0 16.1517 1.50023 -9.08883e-05
14.425 1.5001 1.00008 -6.76861e-05 0 16.2079 1.50021 -0.000101536
14.475 1.50009 1.00007 -7.46638e-05 0 16.264 1.50019 -0.000112002
14.525 1.50008 1.00006 -8.1449e-05 0 16.3202 1.50017 -0.00012218
14.575 1.50007 1.00005 -8.79663e-05 0 16.3764 1.50015 -0.000131956
14.625 1.50006 1.00004 -9.41401e-05 0 16.4326 1.50012 -0.000141216
14.675 1.50005 1.00003 -9.98979e-05 0 16.4888 1.5001 -0.000149852
14.725 1.50004 1.00002 -0.000105171 0 16.5449 1.50007 -0.00015776
14.775 1.50003 1.00001 -0.000109894 0 16.6011 1.50004 -0.000164845
14.825 1.50001 0.999994 -0.000114016 0 16.6573 1.5 -0.000171025
14.875 1.5 0.999982 -0.000117497 0 16.7135 1.49997 -0.000176245
14.925 1.49999 0.999969 -0.000120313 0 16.7697 1.49994 -0.000180468
14.975 1.49997 0.999957 -0.00012243 0 16.8258 1.49991 -0.000183641
15.025 1.49996 0.999945 -0.000123832 0 16.882 1.49988 -0.000185744
15.075 1.49995 0.999934 -0.000124523 0 16.9382 1.49985 -0.000186779
15.125 1.49994 0.999923 -0.000124525 0 16.9944 1.49982 -0.000186779
15.175 1.49993 0.999913 -0.000123884 0 17.0506 1.4998 -0.000185816
15.225 1.49992 0.999905 -0.000122643 0 17.1067 1.49977 -0.000183954
15.275 1.49991 0.999897 -0.00012086 0 17.1629 1.49975 -0.000181278
15.325 1.4999 0.99989 -0.000118592 0 17.2191 1.49973 -0.000177876
15.375 1.49989 0.999885 -0.000115899 0 17.2753 1.49972 -0.000173835
15.425 1.49988 0.99988 -0.000112839 0 17.3315 1.4997 -0.000169245
15.475 1.49988 0.999877 -0.00010947 0 17.3876 1.4997 -0.000164192
15.525 1.49988 0.999875 -0.000105845 0 17.4438 1.49969 -0.000158754
15.575 1.49987 0.999874 -0.000101996 0 17.5 1.49968 -0.000152981
15.625 1.49987 0.999874 -9.80033e-05 0 17.5562 1.49968 -0.000146992
15.675 1.49987 0.999876 -9.39192e-05 0 17.6124 1.49968 -0.000140867
15.725 1.49987 0.999877 -8.97778e-05 0 17.6685 1.49969 -0.000134655
15.775 1.49988 0.99988 -8.55434e-05 0 17.7247 1.4997 -0.000128304
15.825 1.49988 0.999884 -8.11321e-05 0 17.7809 1.49971 -0.000121689
15.875 1.49989 0.999888 -7.64778e-05 0 17.8371 1.49972 -0.000114708
15.925 1.4999 0.999892 -7.1534e-05 0 17.8933 1.49974 -0.000107294
15.975 1.49991 0.999897 -6.62487e-05 0 17.9494 1.49975 -9.93671e-05
16.025 1.49992 0.999902 -6.05519e-05 0 18.0056 1.49978 -9.08232e-05
16.075 1.49994 0.999908 -5.43611e-05 0 18.0618 1.4998 -8.15382e-05
16.125 1.49995 0.999914 -4.7592e-05 0 18.118 1.49982 -7.13857e-05
16.175 1.49997 0.999921 -4.01622e-05 0 18.1742 1.49985 -6.02421e-05
16.225 1.49999 0.999928 -3.19885e-05 0 18.2303 1.49988 -4.79824e-05
16.275 1.50001 0.999935 -2.29826e-05 0 18.2865 1.49991 -3.44742e-05
16.325 1.50003 0.999942 -1.30486e-05 0 18.3427 1.49995 -1.95733e-05
16.375 1.50006 0.99995 -2.08222e-06 0 18.3989 1.49998 -3.12345e-06
16.425 1.50008 0.999958 1.00247e-05 0 18.4551 1.50002 1.50379e-05
16.475 1.50011 0.999966 2.33864e-05 0 18.5112 1.50006 3.50821e-05
16.525 1.50014 0.999975 3.79612e-05 0 18.5674 1.5001 5.69469e-05
16.575 1.50016 0.999984 5.3518e-05 0 18.6236 1.50014 8.02855e-05
16.625 1.50018 0.999993 6.98406e-05 0 18.6798 1.50017 0.000104774
16.675 1.5002 1 8.67226e-05 0 18.736 1.50021 0.000130102
16.725 1.50022 1.00001 0.000103957 0 18.7921 1.50024 0.000155959
16.775 1.50024 1.00002 0.000121328 0 18.8483 1.50027 0.000182021
16.825 1.50025 1.00003 0.000138599 0 18.9045 1.5003 0.000207934
16.875 1.50027 1.00004 0.000155524 0 18.9607 1.50033 0.000233328
16.925 1.50027 1.00005 0.000171851 0 19.0169 1.50035 0.000257823
16.975 1.50028 1.00006 0.000187329 0 19.073 1.50037 0.000281046
17.025 1.50028 1.00007 0.000201728 0 19.1292 1.50038 0.00030265
17.075 1.50029 1.00007 0.000214861 0 19.1854 1.50039 0.000322354
17.125 1.50028 1.00008 0.000226666 0 19.2416 1.5004 0.000340064
17.175 1.50028 1.00008 0.000237086 0 19.2978 1.50041 0.000355695
17.225 1.50027 1.00009 0.00024583 0 19.3539 1.5004 0.000368812
17.275 1.50026 1.00009 0.000252505 0 19.4101 1.50039 0.000378823
17.325 1.50024 1.00009 0.000256768 0 19.4663 1.50038 0.000385212
17.375 1.50021 1.0001 0.000258421 0 19.5225 1.50036 0.000387687
17.425 1.50019 1.00009 0.000257421 0 19.5787 1.50033 0.000386179
17.475 1.50016 1.00009 0.000253726 0 19.6348 1.5003 0.000380628
17.525 1.50012 1.00009 0.000247166 0 19.691 1.50026 0.000370779
17.575 1.50009 1.00008 0.000237561 0 19.7472 1.50021 0.000356362
17.625 1.50005 1.00008 0.0002247 0 19.8034 1.50016 0.00033706
17.675 1.50001 1.00007 0.000208604 0 19.8596 1.50012 0.000312908
17.725 1.49997 1.00007 0.000189919 0 19.9157 1.50007 0.000284873
17.775 1.49994 1.00006 0.000169228 0 19.9719 1.50003 0.000253832
17.825 1.49991 1.00005 0.000147033 0 20.0281 1.49998 0.000220536
17.875 1.49989 1.00004 0.000123762 0 20.0843 1.49994 0.000185629
17.925 1.49986 1.00003 9.97917e-05 0 20.1404 1.49991 0.000149674
17.975 1.49984 1.00002 7.54677e-05 0 20.1966 1.49987 0.00011319
18.025 1.49983 1.00001 5.11223e-05 0 20.2528 1.49984 7.66746e-05
18.075 1.49981 1 2.70817e-05 0 20.309 1.49981 4.06174e-05
18.125 1.4998 0.999991 3.65931e-06 0 20.3652 1.49978 5.48823e-06
18.175 1.49979 0.999981 -1.88518e-05 0 20.4213 1.49976 -2.82738e-05
18.225 1.49978 0.999972 -4.01774e-05 0 20.4775 1.49974 -6.02574e-05
18.275 1.49978 0.999963 -6.007e-05 0 20.5337 1.49973 -9.00919e-05
18.325 1.49978 0.999955 -7.83297e-05 0 20.5899 1.49971 -0.000117477
18.375 1.49978 0.999947 -9.49013e-05 0 20.6461 1.4997 -0.000142331
18.425 1.49979 0.99994 -0.000109699 0 20.7022 1.4997 -0.000164525
18.475 1.49979 0.999933 -0.000122429 0 20.7584 1.49969 -0.000183618
18.525 1.49981 0.999927 -0.000132663 0 20.8146 1.4997 -0.000198969
18.575 1.49983 0.999921 -0.000139972 0 20.8708 1.49971 -0.000209934
18.625 1.49985 0.999916 -0.000144014 0 20.927 1.49972 -0.000216
18.675 1.49987 0.999911 -0.000145171 0 20.9831 1.49973 -0.000217737
18.725 1.49988 0.999908 -0.000143956 0 21.0393 1.49974 -0.000215917
18.775 1.49989 0.999905 -0.000140759 0 21.0955 1.49975 -0.000211124
18.825 1.49991 0.999902 -0.000135893 0 21.1517 1.49976 -0.000203827
18.875 1.49992 0.9999 -0.000129633 0 21.2079 1.49977 -0.000194439
18.925 1.49993 0.999899 -0.00012222 0 21.264 1.49977 -0.000183321
18.975 1.49993 0.999899 -0.000113884 0 21.3202 1.49978 -0.000170818
19.025 1.49994 0.999899 -0.000104874 0 21.3764 1.49979 -0.000157305
19.075 1.49995 0.999901 -9.53545e-05 0 21.4326 1.4998 -0.000143027
19.125 1.49996 0.999903 -8.54895e-05 0 21.4888 1.49981 -0.00012823
19.175 1.49996 0.999906 -7.5461e-05 0 21.5449 1.49982 -0.000113189
19.225 1.49997 0.99991 -6.54405e-05 0 21.6011 1.49984 -9.81588e-05
19.275 1.49998 0.999914 -5.55825e-05 0 21.6573 1.49985 -8.33725e-05
19.325 1.49998 0.99992 -4.60323e-05 0 21.7135 1.49986 -6.90477e-05
19.375 1.49999 0.999926 -3.69281e-05 0 21.7697 1.49988 -5.53918e-05
19.425 1.5 0.999934 -2.83925e-05 0 21.8258 1.4999 -4.25888e-05
19.475 1.50001 0.999942 -2.05302e-05 0 21.882 1.49992 -3.07955e-05
19.525 1.50001 0.999951 -1.34287e-05 0 21.9382 1.49994 -2.01432e-05
19.575 1.50002 0.99996 -7.15817e-06 0 21.9944 1.49996 -1.07374e-05
19.625 1.50003 0.99997 -1.76649e-06 0 22.0506 1.49999 -2.64978e-06
19.675 1.50004 0.999981 2.72519e-06 0 22.1067 1.50001 4.0879e-06
19.725 1.50005 0.999991 6.31816e-06 0 22.1629 1.50004 9.47756e-06
19.775 1.50006 1 9.02428e-06 0 22.2191 1.50006 1.3537e-05
19.825 1.50007 1.00001 1.08414e-05 0 22.2753 1.50009 1.62629e-05
19.875 1.50008 1.00002 1.17459e-05 0 22.3315 1.50012 1.76198e-05
19.925 1.50009 1.00003 1.17432e-05 0 22.3876 1.50014 1.76158e-05
19.975 1.5001 1.00004 1.08624e-05 0 22.4438 1.50016 1.62947e-05
