-19.975 1.49999 0.999977 4.43876e-05 0 -24.9688 1.49996 6.65811e-05
-19.925 1.5 0.999986 4.69343e-05 0 -24.9062 1.49998 7.04014e-05
-19.875 1.50001 0.999996 4.86373e-05 0 -24.8438 1.5 7.29563e-05
-19.825 1.50001 1.00001 4.9458e-05 0 -24.7813 1.50002 7.41878e-05
-19.775 1.50002 1.00001 4.93872e-05 0 -24.7188 1.50004 7.40818e-05
-19.725 1.50003 1.00002 4.84326e-05 0 -24.6562 1.50006 7.26504e-05
-19.675 1.50004 1.00003 4.66015e-05 0 -24.5938 1.50008 6.9904e-05
-19.625 1.50004 1.00004 4.39205e-05 0 -24.5312 1.5001 6.58827e-05
-19.575 1.50005 1.00004 4.04289e-05 0 -24.4688 1.50012 6.06453e-05
-19.525 1.50006 1.00005 3.61762e-05 0 -24.4062 1.50013 5.42663e-05
-19.475 1.50006 1.00005 3.12262e-05 0 -24.3438 1.50014 4.68413e-05
-19.425 1.50007 1.00006 2.56605e-05 0 -24.2812 1.50015 3.84925e-05
-19.375 1.50007 1.00006 1.95758e-05 0 -24.2188 1.50016 2.93651e-05
-19.325 1.50007 1.00006 1.30724e-05 0 -24.1563 1.50016 1.96096e-05
-19.275 1.50007 1.00006 6.31931e-06 0 -24.0938 1.50016 9.47943e-06
-19.225 1.50007 1.00006 -5.54303e-07 0 -24.0312 1.50016 -8.31496e-07
-19.175 1.50007 1.00005 -7.45839e-06 0 -23.9688 1.50016 -1.11881e-05
-19.125 1.50007 1.00005 -1.42261e-05 0 -23.9062 1.50015 -2.13402e-05
-19.075 1.50007 1.00005 -2.07555e-05 0 -23.8438 1.50014 -3.11347e-05
-19.025 1.50007 1.00004 -2.69273e-05 0 -23.7812 1.50013 -4.03927e-05
-18.975 1.50006 1.00003 -3.26009e-05 0 -23.7188 1.50011 -4.89034e-05
-18.925 1.50006 1.00003 -3.76409e-05 0 -23.6562 1.5001 -5.64635e-05
-18.875 1.50005 1.00002 -4.19311e-05 0 -23.5938 1.50008 -6.28989e-05
-18.825 1.50004 1.00001 -4.53811e-05 0 -23.5313 1.50006 -6.80737e-05
-18.775 1.50004 0.999999 -4.7927e-05 0 -23.4688 1.50004 -7.18924e-05
-18.725 1.50003 0.99999 -4.95272e-05 0 -23.4062 1.50001 -7.42922e-05
-18.675 1.50002 0.99998 -5.01595e-05 0 -23.3438 1.49999 -7.52405e-05
-18.625 1.50002 0.99997 -4.98111e-05 0 -23.2812 1.49997 -7.47174e-05
-18.575 1.50001 0.999961 -4.84925e-05 0 -23.2188 1.49995 -7.27391e-05
-18.525 1.5 0.999952 -4.62373e-05 0 -23.1562 1.49993 -6.9356e-05
-18.475 1.49999 0.999944 -4.31069e-05 0 -23.0938 1.49991 -6.46601e-05
-18.425 1.49999 0.999936 -3.91833e-05 0 -23.0312 1.49989 -5.87745e-05
-18.375 1.49998 0.999929 -3.45663e-05 0 -22.9688 1.49988 -5.18489e-05
-18.325 1.49998 0.999923 -2.93678e-05 0 -22.9063 1.49986 -4.40511e-05
-18.275 1.49998 0.999919 -2.37082e-05 0 -22.8438 1.49985 -3.55617e-05
-18.225 1.49997 0.999915 -1.77162e-05 0 -22.7812 1.49984 -2.65738e-05
-18.175 1.49997 0.999913 -1.15277e-05 0 -22.7188 1.49984 -1.72912e-05
-18.125 1.49997 0.999912 -5.27231e-06 0 -22.6562 1.49984 -7.90831e-06
-18.075 1.49997 0.999912 8.51007e-07 0 -22.5938 1.49984 1.27648e-06
-18.025 1.49997 0.999914 6.69403e-06 0 -22.5312 1.49984 1.00408e-05
-17.975 1.49997 0.999917 1.22007e-05 0 -22.4688 1.49985 1.83007e-05
-17.925 1.49997 0.999922 1.73151e-05 0 -22.4062 1.49986 2.59721e-05
-17.875 1.49998 0.999927 2.19604e-05 0 -22.3438 1.49987 3.29401e-05
-17.825 1.49998 0.999934 2.60571e-05 0 -22.2813 1.49988 3.90851e-05
-17.775 1.49998 0.999941 2.95502e-05 0 -22.2188 1.4999 4.43247e-05
-17.725 1.49999 0.99995 3.24073e-05 0 -22.1562 1.49991 4.86106e-05
-17.675 1.49999 0.999959 3.46023e-05 0 -22.0938 1.49993 5.19032e-05
-17.625 1.5 0.999968 3.61065e-05 0 -22.0312 1.49995 5.41597e-05
-17.575 1.50001 0.999978 3.68951e-05 0 -21.9688 1.49997 5.53429e-05
-17.525 1.50001 0.999988 3.6959e-05 0 -21.9062 1.49999 5.54389e-05
-17.475 1.50002 0.999998 3.6301e-05 0 -21.8438 1.50001 5.4452e-05
-17.425 1.50002 1.00001 3.4922e-05 0 -21.7812 1.50003 5.23837e-05
-17.375 1.50003 1.00002 3.28459e-05 0 -21.7188 1.50005 4.92697e-05
-17.325 1.50003 1.00002 3.01089e-05 0 -21.6563 1.50007 4.51642e-05
-17.275 1.50004 1.00003 2.6758e-05 0 -21.5938 1.50008 4.0138e-05
-17.225 1.50004 1.00004 2.28503e-05 0 -21.5312 1.5001 3.42764e-05
-17.175 1.50004 1.00004 1.84496e-05 0 -21.4688 1.50011 2.76752e-05
-17.125 1.50005 1.00005 1.36233e-05 0 -21.4062 1.50012 2.04355e-05
-17.075 1.50005 1.00005 8.44224e-06 0 -21.3438 1.50013 1.26638e-05
-17.025 1.50005 1.00005 2.98676e-06 0 -21.2812 1.50013 4.48028e-06
-16.975 1.50005 1.00006 -2.64496e-06 0 -21.2188 1.50013 -3.96756e-06
-16.925 1.50005 1.00005 -8.25074e-06 0 -21.1562 1.50013 -1.23765e-05
-16.875 1.50005 1.00005 -1.37721e-05 0 -21.0938 1.50012 -2.06588e-05
-16.825 1.50004 1.00005 -1.91774e-05 0 -21.0313 1.50012 -2.87669e-05
-16.775 1.50004 1.00004 -2.4383e-05 0 -20.9688 1.50011 -3.65756e-05
-16.725 1.50004 1.00004 -2.92809e-05 0 -20.9062 1.50009 -4.39224e-05
-16.675 1.50003 1.00003 -3.37571e-05 0 -20.8438 1.50008 -5.06367e-05
-16.625 1.50003 1.00002 -3.77033e-05 0 -20.7812 1.50006 -5.65559e-05
-16.575 1.50002 1.00001 -4.10191e-05 0 -20.7188 1.50004 -6.15295e-05
-16.525 1.50001 1.00001 -4.36162e-05 0 -20.6562 1.50002 -6.54249e-05
-16.475 1.50001 0.999996 -4.54249e-05 0 -20.5938 1.5 -6.81377e-05
-16.425 1.5 0.999986 -4.64009e-05 0 -20.5312 1.49998 -6.96014e-05
-16.375 1.49999 0.999976 -4.65266e-05 0 -20.4688 1.49996 -6.97896e-05
-16.325 1.49999 0.999967 -4.57961e-05 0 -20.4063 1.49994 -6.86935e-05
-16.275 1.49998 0.999957 -4.42199e-05 0 -20.3438 1.49992 -6.63289e-05
-16.225 1.49997 0.999949 -4.18317e-05 0 -20.2812 1.4999 -6.27464e-05
-16.175 1.49997 0.99994 -3.86861e-05 0 -20.2188 1.49988 -5.80279e-05
-16.125 1.49996 0.999933 -3.48512e-05 0 -20.1562 1.49986 -5.22754e-05
-16.075 1.49996 0.999926 -3.0412e-05 0 -20.0938 1.49985 -4.56167e-05
-16.025 1.49995 0.99992 -2.54752e-05 0 -20.0312 1.49983 -3.82116e-05
-15.975 1.49995 0.999916 -2.0167e-05 0 -19.9688 1.49982 -3.02495e-05
-15.925 1.49995 0.999912 -1.46268e-05 0 -19.9062 1.49981 -2.19394e-05
-15.875 1.49994 0.999909 -9.00445e-06 0 -19.8438 1.49981 -1.35062e-05
-15.825 1.49994 0.999907 -3.46376e-06 0 -19.7812 1.4998 -5.19545e-06
-15.775 1.49994 0.999907 1.82009e-06 0 -19.7188 1.4998 2.73003e-06
-15.725 1.49994 0.999907 6.61374e-06 0 -19.6562 1.4998 9.92024e-06
-15.675 1.49994 0.999909 1.07741e-05 0 -19.5938 1.49981 1.61606e-05
-15.625 1.49995 0.999911 1.42428e-05 0 -19.5312 1.49981 2.13634e-05
-15.575 1.49995 0.999913 1.69162e-05 0 -19.4688 1.49982 2.53734e-05
-15.525 1.49995 0.999917 1.86871e-05 0 -19.4062 1.49983 2.80297e-05
-15.475 1.49995 0.999921 1.94716e-05 0 -19.3438 1.49984 2.92065e-05
-15.425 1.49996 0.999925 1.92108e-05 0 -19.2812 1.49984 2.88154e-05
-15.375 1.49996 0.999929 1.78524e-05 0 -19.2188 1.49985 2.67778e-05
-15.325 1.49996 0.999933 1.53558e-05 0 -19.1562 1.49986 2.30332e-05
-15.275 1.49996 0.999937 1.17114e-05 0 -19.0938 1.49987 1.75667e-05
-15.225 1.49997 0.999941 6.93723e-06 0 -19.0312 1.49988 1.04056e-05
-15.175 1.49997 0.999944 1.07931e-06 0 -18.9688 1.49988 1.61893e-06
-15.125 1.49997 0.999947 -5.78196e-06 0 -18.9062 1.49989 -8.67275e-06
-15.075 1.49997 0.999949 -1.35089e-05 0 -18.8438 1.49989 -2.02629e-05
-15.025 1.49996 0.99995 -2.20254e-05 0 -18.7812 1.49989 -3.30373e-05
-14.975 1.49996 0.99995 -3.12377e-05 0 -18.7188 1.49988 -4.68552e-05
-14.925 1.49995 0.999948 -4.09928e-05 0 -18.6562 1.49988 -6.14872e-05
-14.875 1.49995 0.999946 -5.12332e-05 0 -18.5938 1.49987 -7.68471e-05
-14.825 1.49994 0.999943 -6.18522e-05 0 -18.5312 1.49985 -9.27744e-05
-14.775 1.49993 0.999938 -7.27382e-05 0 -18.4688 1.49983 -0.000109102
-14.725 1.49992 0.999931 -8.37793e-05 0 -18.4062 1.49981 -0.000125662
-14.675 1.4999 0.999923 -9.4868e-05 0 -18.3438 1.49979 -0.000142293
-14.625 1.49989 0.999914 -0.000105907 0 -18.2812 1.49976 -0.000158848
-14.575 1.49987 0.999903 -0.00011681 0 -18.2188 1.49972 -0.000175199
-14.525 1.49985 0.999891 -0.000127505 0 -18.1562 1.49969 -0.000191238
-14.475 1.49983 0.999877 -0.000137937 0 -18.0938 1.49965 -0.000206882
-14.425 1.49981 0.999862 -0.000148068 0 -18.0312 1.4996 -0.000222073
-14.375 1.49979 0.999845 -0.000157881 0 -17.9688 1.49955 -0.000236787
-14.325 1.49976 0.999827 -0.000167378 0 -17.9062 1.4995 -0.000251028
-14.275 1.49974 0.999808 -0.000176585 0 -17.8438 1.49945 -0.000264831
-14.225 1.49971 0.999788 -0.000185548 0 -17.7812 1.49939 -0.000278268
-14.175 1.49968 0.999766 -0.000194336 0 -17.7188 1.49933 -0.000291442
-14.125 1.49965 0.999744 -0.00020304 0 -17.6562 1.49927 -0.000304489
-14.075 1.49962 0.999722 -0.000211773 0 -17.5938 1.4992 -0.000317578
-14.025 1.49959 0.999698 -0.000220664 0 -17.5312 1.49913 -0.000330905
-13.975 1.49955 0.999674 -0.000229866 0 -17.4688 1.49906 -0.000344696
-13.925 1.49952 0.999649 -0.000239547 0 -17.4062 1.49899 -0.000359205
-13.875 1.49948 0.999623 -0.000249888 0 -17.3438 1.49892 -0.000374702
-13.825 1.49944 0.999597 -0.000261084 0 -17.2812 1.49884 -0.000391481
-13.775 1.4994 0.99957 -0.000273341 0 -17.2188 1.49876 -0.000409849
-13.725 1.49936 0.999543 -0.000286872 0 -17.1562 1.49868 -0.000430125
-13.675 1.49932 0.999514 -0.000301898 0 -17.0938 1.49859 -0.00045264
-13.625 1.49927 0.999485 -0.000318641 0 -17.0312 1.4985 -0.000477729
-13.575 1.49922 0.999454 -0.000337328 0 -16.9688 1.4984 -0.000505729
-13.525 1.49917 0.999422 -0.000358186 0 -16.9062 1.4983 -0.000536981
-13.475 1.49911 0.999388 -0.000381439 0 -16.8438 1.4982 -0.00057182
-13.425 1.49905 0.999352 -0.000407311 0 -16.7812 1.49808 -0.000610581
-13.375 1.49899 0.999313 -0.000436021 0 -16.7188 1.49796 -0.000653591
-13.325 1.49892 0.999271 -0.000467784 0 -16.6562 1.49783 -0.000701173
-13.275 1.49885 0.999227 -0.000502811 0 -16.5938 1.49769 -0.000753639
-13.225 1.49877 0.999178 -0.000541309 0 -16.5312 1.49754 -0.000811298
-13.175 1.49869 0.999125 -0.000583479 0 -16.4688 1.49738 -0.000874452
-13.125 1.4986 0.999068 -0.000629522 0 -16.4062 1.4972 -0.0009434
-13.075 1.4985 0.999005 -0.000679638 0 -16.3438 1.49701 -0.00101844
-13.025 1.49839 0.998936 -0.000734027 0 -16.2812 1.4968 -0.00109986
-12.975 1.49828 0.998861 -0.00079289 0 -16.2188 1.49657 -0.00118797
-12.925 1.49815 0.99878 -0.000856437 0 -16.1562 1.49633 -0.00128307
-12.875 1.49802 0.998691 -0.000924886 0 -16.0938 1.49606 -0.0013855
-12.825 1.49788 0.998594 -0.000998468 0 -16.0312 1.49577 -0.00149558
-12.775 1.49772 0.998489 -0.00107743 0 -15.9688 1.49546 -0.00161369
-12.725 1.49755 0.998375 -0.00116204 0 -15.9063 1.49512 -0.00174021
-12.675 1.49737 0.998251 -0.00125258 0 -15.8438 1.49475 -0.00187557
-12.625 1.49718 0.998117 -0.00134936 0 -15.7812 1.49436 -0.00202023
-12.575 1.49697 0.997973 -0.00145275 0 -15.7188 1.49393 -0.00217471
-12.525 1.49674 0.997817 -0.0015631 0 -15.6563 1.49347 -0.00233956
-12.475 1.4965 0.997649 -0.00168085 0 -15.5938 1.49298 -0.00251539
-12.425 1.49623 0.997469 -0.00180645 0 -15.5312 1.49245 -0.00270287
-12.375 1.49595 0.997275 -0.00194039 0 -15.4688 1.49188 -0.00290274
-12.325 1.49565 0.997068 -0.00208324 0 -15.4062 1.49127 -0.0031158
-12.275 1.49533 0.996845 -0.0022356 0 -15.3438 1.49061 -0.00334295
-12.225 1.49498 0.996607 -0.00239813 0 -15.2813 1.48991 -0.00358515
-12.175 1.49461 0.996352 -0.00257156 0 -15.2188 1.48916 -0.00384348
-12.125 1.49421 0.996079 -0.00275669 0 -15.1562 1.48835 -0.00411908
-12.075 1.49378 0.995787 -0.0029544 0 -15.0938 1.48749 -0.00441323
-12.025 1.49333 0.995474 -0.00316564 0 -15.0313 1.48657 -0.00472733
-11.975 1.49284 0.995141 -0.00339147 0 -14.9688 1.48558 -0.0050629
-11.925 1.49231 0.994784 -0.00363301 0 -14.9062 1.48453 -0.00542157
-11.875 1.49175 0.994402 -0.00389149 0 -14.8438 1.4834 -0.00580512
-11.825 1.49115 0.993994 -0.00416824 0 -14.7812 1.48219 -0.00621546
-11.775 1.4905 0.993558 -0.00446469 0 -14.7188 1.4809 -0.00665464
-11.725 1.48981 0.993091 -0.00478238 0 -14.6563 1.47952 -0.00712485
-11.675 1.48907 0.992591 -0.00512293 0 -14.5938 1.47804 -0.00762842
-11.625 1.48828 0.992056 -0.00548807 0 -14.5313 1.47646 -0.0081678
-11.575 1.48744 0.991483 -0.00587963 0 -14.4688 1.47477 -0.00874557
-11.525 1.48653 0.99087 -0.00629955 0 -14.4062 1.47296 -0.00936446
-11.475 1.48556 0.990212 -0.00674988 0 -14.3438 1.47102 -0.0100273
-11.425 1.48452 0.989507 -0.00723277 0 -14.2812 1.46894 -0.0107372
-11.375 1.4834 0.988751 -0.00775047 0 -14.2188 1.46672 -0.0114971
-11.325 1.48221 0.987941 -0.00830534 0 -14.1562 1.46434 -0.0123103
-11.275 1.48093 0.987072 -0.00889984 0 -14.0938 1.46179 -0.0131801
-11.225 1.47957 0.986139 -0.00953658 0 -14.0313 1.45906 -0.01411
-11.175 1.4781 0.985139 -0.0102183 0 -13.9688 1.45614 -0.0151037
-11.125 1.47654 0.984066 -0.0109478 0 -13.9063 1.45301 -0.0161648
-11.075 1.47486 0.982915 -0.0117279 0 -13.8438 1.44966 -0.0172971
-11.025 1.47307 0.98168 -0.0125619 0 -13.7812 1.44608 -0.0185045
-10.975 1.47115 0.980355 -0.0134527 0 -13.7188 1.44225 -0.019791
-10.925 1.4691 0.978935 -0.0144039 0 -13.6562 1.43815 -0.0211608
-10.875 1.46691 0.977411 -0.0154188 0 -13.5938 1.43377 -0.0226179
-10.825 1.46456 0.975778 -0.016501 0 -13.5312 1.42909 -0.0241667
-10.775 1.46206 0.974026 -0.0176541 0 -13.4688 1.42408 -0.0258114
-10.725 1.45939 0.972149 -0.0188821 0 -13.4063 1.41874 -0.0275562
-10.675 1.45653 0.970138 -0.0201887 0 -13.3438 1.41304 -0.0294055
-10.625 1.45349 0.967982 -0.0215782 0 -13.2813 1.40695 -0.0313636
-10.575 1.45024 0.965674 -0.0230546 0 -13.2188 1.40046 -0.0334347
-10.525 1.44678 0.963203 -0.024622 0 -13.1562 1.39355 -0.0356228
-10.475 1.4431 0.960557 -0.0262847 0 -13.0938 1.38618 -0.0379315
-10.425 1.43918 0.957726 -0.0280468 0 -13.0312 1.37834 -0.0403644
-10.375 1.43501 0.954697 -0.0299127 0 -12.9688 1.37 -0.0429248
-10.325 1.43057 0.951458 -0.0318863 0 -12.9062 1.36113 -0.0456156
-10.275 1.42586 0.947995 -0.0339716 0 -12.8438 1.35171 -0.0484386
-10.225 1.42086 0.944294 -0.0361721 0 -12.7813 1.34171 -0.0513954
-10.175 1.41555 0.940341 -0.0384912 0 -12.7188 1.3311 -0.0544863
-10.125 1.40993 0.93612 -0.0409319 0 -12.6562 1.31986 -0.0577111
-10.075 1.40398 0.931615 -0.0434967 0 -12.5938 1.30797 -0.0610684
-10.025 1.39769 0.926809 -0.0461873 0 -12.5312 1.29539 -0.0645554
-9.975 1.39103 0.921684 -0.0490047 0 -12.4688 1.2821 -0.0681672
-9.925 1.38402 0.916224 -0.0519484 0 -12.4062 1.26807 -0.0718975
-9.875 1.37662 0.910409 -0.0550173 0 -12.3438 1.25329 -0.0757378
-9.825 1.36883 0.904219 -0.0582088 0 -12.2812 1.23772 -0.079678
-9.775 1.36064 0.897637 -0.0615188 0 -12.2188 1.22136 -0.0837052
-9.725 1.35205 0.890643 -0.0649409 0 -12.1563 1.20419 -0.0878034
-9.675 1.34304 0.883217 -0.0684665 0 -12.0938 1.1862 -0.0919534
-9.625 1.33362 0.875341 -0.0720842 0 -12.0312 1.16737 -0.0961328
-9.575 1.32377 0.866996 -0.0757806 0 -11.9688 1.14771 -0.100316
-9.525 1.31351 0.858163 -0.079539 0 -11.9062 1.12721 -0.104475
-9.475 1.30284 0.848828 -0.0833391 0 -11.8438 1.10588 -0.108577
-9.425 1.29175 0.838976 -0.0871562 0 -11.7812 1.08375 -0.112584
-9.375 1.28028 0.828592 -0.0909611 0 -11.7188 1.06083 -0.116455
-9.325 1.26842 0.817666 -0.0947204 0 -11.6562 1.03714 -0.120145
-9.275 1.25619 0.806191 -0.098397 0 -11.5938 1.01273 -0.123606
-9.225 1.24363 0.794165 -0.101948 0 -11.5313 0.987649 -0.126786
-9.175 1.23077 0.781593 -0.105326 0 -11.4688 0.961958 -0.129632
-9.125 1.21763 0.768485 -0.108476 0 -11.4062 0.93573 -0.132083
-9.075 1.20427 0.754858 -0.111338 0 -11.3438 0.909051 -0.134081
-9.025 1.19073 0.740737 -0.113849 0 -11.2812 0.882015 -0.135563
-8.975 1.17706 0.726156 -0.115943 0 -11.2188 0.854732 -0.136472
-8.925 1.16335 0.711165 -0.117548 0 -11.1562 0.827332 -0.136749
-8.875 1.14966 0.695821 -0.118587 0 -11.0938 0.799961 -0.136335
-8.825 1.13608 0.680207 -0.11898 0 -11.0312 0.772768 -0.135171
-8.775 1.12267 0.664431 -0.118653 0 -10.9688 0.745936 -0.133208
-8.725 1.10951 0.648587 -0.117538 0 -10.9063 0.719617 -0.13041
-8.675 1.09669 0.63277 -0.115561 0 -10.8438 0.693953 -0.126735
-8.625 1.08429 0.617108 -0.112657 0 -10.7812 0.669125 -0.122153
-8.575 1.0724 0.601744 -0.108774 0 -10.7188 0.645309 -0.116649
-8.525 1.06111 0.58683 -0.103876 0 -10.6562 0.622689 -0.110223
-8.475 1.0505 0.572532 -0.0979416 0 -10.5938 0.601447 -0.102888
-8.425 1.04068 0.55902 -0.0909734 0 -10.5312 0.581762 -0.0946743
-8.375 1.03172 0.54647 -0.0829912 0 -10.4688 0.563806 -0.085624
-8.325 1.02371 0.535054 -0.0740363 0 -10.4062 0.547742 -0.0757919
-8.275 1.01672 0.524938 -0.0641754 0 -10.3438 0.533715 -0.0652485
-8.225 1.01081 0.516274 -0.0535014 0 -10.2813 0.521858 -0.05408
-8.175 1.00605 0.509202 -0.0421307 0 -10.2188 0.512284 -0.0423857
-8.125 1.00248 0.50384 -0.0301987 0 -10.1562 0.50509 -0.0302736
-8.075 1.00013 0.500278 -0.0178595 0 -10.0938 0.500342 -0.0178618
-8.025 0.999076 0.498582 -0.00526955 0 -10.0312 0.498121 -0.00526469
-7.975 0.998968 0.498778 0.00735111 0 -9.96875 0.498263 0.00734353
-7.925 0.999934 0.500853 0.0197323 0 -9.90625 0.50082 0.019731
-7.875 1.00254 0.504762 0.0318069 0 -9.84375 0.506047 0.0318879
-7.825 1.00649 0.510437 0.0434624 0 -9.78125 0.513748 0.0437443
-7.775 1.01154 0.517783 0.0545529 0 -9.71875 0.523758 0.0551824
-7.725 1.01768 0.526679 0.064942 0 -9.65625 0.535992 0.0660904
-7.675 1.0249 0.536986 0.0745218 0 -9.59375 0.550356 0.0763772
-7.625 1.03312 0.548549 0.0832091 0 -9.53125 0.566716 0.0859649
-7.575 1.04226 0.561204 0.0909437 0 -9.46875 0.584921 0.0947871
-7.525 1.05225 0.574778 0.0976886 0 -9.40625 0.604808 0.102792
-7.475 1.06299 0.589102 0.103429 0 -9.34375 0.626208 0.109944
-7.425 1.0744 0.604009 0.108169 0 -9.28125 0.648945 0.116216
-7.375 1.08639 0.619341 0.111929 0 -9.21875 0.672843 0.121598
-7.325 1.09886 0.634949 0.114748 0 -9.15625 0.697723 0.126092
-7.275 1.11175 0.650698 0.116677 0 -9.09375 0.723412 0.129716
-7.225 1.12496 0.66646 0.117776 0 -9.03125 0.749741 0.132494
-7.175 1.13838 0.682115 0.118103 0 -8.96875 0.776508 0.134447
-7.125 1.15191 0.697546 0.11773 0 -8.90625 0.803512 0.135614
-7.075 1.16549 0.712691 0.116731 0 -8.84375 0.830634 0.136049
-7.025 1.17906 0.727498 0.115179 0 -8.78125 0.85776 0.135803
-6.975 1.19255 0.74191 0.113144 0 -8.71875 0.884768 0.13493
-6.925 1.20593 0.755883 0.110693 0 -8.65625 0.911546 0.133489
-6.875 1.21915 0.769379 0.107893 0 -8.59375 0.937987 0.131538
-6.825 1.23214 0.782373 0.104808 0 -8.53125 0.963996 0.129138
-6.775 1.24488 0.794846 0.101494 0 -8.46875 0.98949 0.126348
-6.725 1.25733 0.806789 0.0980035 0 -8.40625 1.0144 0.123223
-6.675 1.26945 0.818195 0.0943842 0 -8.34375 1.03866 0.119816
-6.625 1.28122 0.829066 0.0906783 0 -8.28125 1.06222 0.116179
-6.575 1.29262 0.839407 0.0869236 0 -8.21875 1.08503 0.112359
-6.525 1.30363 0.849225 0.083153 0 -8.15625 1.10708 0.108401
-6.475 1.31424 0.85853 0.0793949 0 -8.09375 1.12832 0.104344
-6.425 1.32445 0.867337 0.0756734 0 -8.03125 1.14874 0.100226
-6.375 1.33424 0.875659 0.0720091 0 -7.96875 1.16834 0.0960773
-6.325 1.34361 0.883516 0.0684193 0 -7.90625 1.1871 0.091929
-6.275 1.35258 0.890924 0.0649179 0 -7.84375 1.20504 0.0878064
-6.225 1.36113 0.897903 0.0615162 0 -7.78125 1.22216 0.0837314
-6.175 1.36928 0.904471 0.0582228 0 -7.71875 1.23847 0.0797231
-6.125 1.37703 0.910647 0.0550444 0 -7.65625 1.25399 0.0757976
-6.075 1.38439 0.916451 0.0519856 0 -7.59375 1.26873 0.0719685
-6.025 1.39138 0.9219 0.0490497 0 -7.53125 1.28271 0.0682468
-5.975 1.398 0.927014 0.0462383 0 -7.46875 1.29597 0.0646412
-5.925 1.40427 0.93181 0.0435518 0 -7.40625 1.30851 0.0611585
-5.875 1.4102 0.936305 0.0409897 0 -7.34375 1.32038 0.0578037
-5.825 1.4158 0.940517 0.0385508 0 -7.28125 1.33158 0.0545801
-5.775 1.42108 0.944461 0.0362328 0 -7.21875 1.34216 0.0514899
-5.725 1.42607 0.948152 0.0340333 0 -7.15625 1.35213 0.0485338
-5.675 1.43076 0.951607 0.0319491 0 -7.09375 1.36152 0.0457116
-5.625 1.43518 0.954838 0.0299768 0 -7.03125 1.37037 0.0430221
-5.575 1.43934 0.957859 0.0281126 0 -6.96875 1.37869 0.0404636
-5.525 1.44325 0.960684 0.0263526 0 -6.90625 1.38651 0.0380334
-5.475 1.44693 0.963324 0.0246927 0 -6.84375 1.39386 0.0357286
-5.425 1.45038 0.965791 0.0231288 0 -6.78125 1.40076 0.0335455
-5.375 1.45362 0.968096 0.0216567 0 -6.71875 1.40724 0.0314805
-5.325 1.45666 0.970249 0.020272 0 -6.65625 1.41332 0.0295294
-5.275 1.45951 0.97226 0.0189707 0 -6.59375 1.41902 0.0276879
-5.225 1.46218 0.974138 0.0177485 0 -6.53125 1.42436 0.0259515
-5.175 1.46468 0.975892 0.0166014 0 -6.46875 1.42937 0.0243158
-5.125 1.46703 0.97753 0.0155253 0 -6.40625 1.43406 0.0227761
-5.075 1.46923 0.979059 0.0145164 0 -6.34375 1.43846 0.0213279
-5.025 1.47128 0.980487 0.0135709 0 -6.28125 1.44257 0.0199666
-4.975 1.47321 0.981821 0.0126851 0 -6.21875 1.44643 0.0186878
-4.925 1.47501 0.983066 0.0118555 0 -6.15625 1.45003 0.017487
-4.875 1.4767 0.984229 0.0110787 0 -6.09375 1.45341 0.0163599
-4.825 1.47827 0.985314 0.0103516 0 -6.03125 1.45656 0.0153024
-4.775 1.47975 0.986328 0.00967091 0 -5.96875 1.45952 0.0143105
-4.725 1.48113 0.987274 0.00903385 0 -5.90625 1.46228 0.0133803
-4.675 1.48242 0.988158 0.00843759 0 -5.84375 1.46486 0.012508
-4.625 1.48362 0.988983 0.00787953 0 -5.78125 1.46728 0.0116902
-4.575 1.48475 0.989753 0.0073572 0 -5.71875 1.46953 0.0109236
-4.525 1.4858 0.990471 0.0068683 0 -5.65625 1.47164 0.0102049
-4.475 1.48678 0.991141 0.00641068 0 -5.59375 1.47361 0.00953129
-4.425 1.4877 0.991767 0.00598234 0 -5.53125 1.47545 0.00889993
-4.375 1.48856 0.99235 0.00558141 0 -5.46875 1.47717 0.00830825
-4.325 1.48936 0.992894 0.00520617 0 -5.40625 1.47877 0.00775385
-4.275 1.4901 0.993401 0.00485502 0 -5.34375 1.48027 0.00723449
-4.225 1.4908 0.993873 0.00452649 0 -5.28125 1.48167 0.00674809
-4.175 1.49145 0.994313 0.0042192 0 -5.21875 1.48297 0.00629273
-4.125 1.49206 0.994723 0.00393189 0 -5.15625 1.48418 0.0058666
-4.075 1.49262 0.995105 0.00366338 0 -5.09375 1.48531 0.00546804
-4.025 1.49315 0.995459 0.00341258 0 -5.03125 1.48637 0.00509549
-3.975 1.49364 0.99579 0.00317847 0 -4.96875 1.48735 0.00474748
-3.925 1.49409 0.996097 0.00296009 0 -4.90625 1.48826 0.00442266
-3.875 1.49452 0.996383 0.00275654 0 -4.84375 1.48911 0.0041197
-3.825 1.49491 0.996648 0.00256696 0 -4.78125 1.4899 0.00383739
-3.775 1.49528 0.996896 0.00239054 0 -4.71875 1.49064 0.00357454
-3.725 1.49563 0.997126 0.0022265 0 -4.65625 1.49133 0.00333002
-3.675 1.49595 0.99734 0.0020741 0 -4.59375 1.49197 0.00310275
-3.625 1.49625 0.997539 0.00193262 0 -4.53125 1.49256 0.00289168
-3.575 1.49652 0.997724 0.00180137 0 -4.46875 1.49312 0.0026958
-3.525 1.49678 0.997897 0.00167969 0 -4.40625 1.49364 0.00251414
-3.475 1.49703 0.998059 0.00156693 0 -4.34375 1.49412 0.00234574
-3.425 1.49725 0.99821 0.00146247 0 -4.28125 1.49457 0.00218968
-3.375 1.49746 0.99835 0.00136569 0 -4.21875 1.49499 0.00204506
-3.325 1.49766 0.998482 0.001276 0 -4.15625 1.49539 0.00191101
-3.275 1.49784 0.998606 0.00119284 0 -4.09375 1.49576 0.00178668
-3.225 1.49802 0.998721 0.00111565 0 -4.03125 1.4961 0.00167126
-3.175 1.49818 0.99883 0.00104391 0 -3.96875 1.49642 0.00156397
-3.125 1.49833 0.998932 0.00097713 0 -3.90625 1.49673 0.00146406
-3.075 1.49847 0.999028 0.000914841 0 -3.84375 1.49701 0.00137086
-3.025 1.4986 0.999117 0.000856613 0 -3.78125 1.49728 0.00128372
-2.975 1.49873 0.999202 0.00080205 0 -3.71875 1.49753 0.00120205
-2.925 1.49884 0.999281 0.000750793 0 -3.65625 1.49776 0.00112532
-2.875 1.49895 0.999356 0.000702518 0 -3.59375 1.49798 0.00105304
-2.825 1.49905 0.999425 0.00065694 0 -3.53125 1.49819 0.000984787
-2.775 1.49915 0.999491 0.000613812 0 -3.46875 1.49838 0.000920194
-2.725 1.49924 0.999552 0.000572925 0 -3.40625 1.49856 0.00085895
-2.675 1.49932 0.999608 0.000534111 0 -3.34375 1.49873 0.000800802
-2.625 1.49939 0.999661 0.000497236 0 -3.28125 1.49889 0.000745553
-2.575 1.49947 0.99971 0.000462201 0 -3.21875 1.49903 0.000693055
-2.525 1.49953 0.999756 0.000428937 0 -3.15625 1.49917 0.000643205
-2.475 1.49959 0.999797 0.0003974 0 -3.09375 1.49929 0.000595938
-2.425 1.49965 0.999836 0.000367567 0 -3.03125 1.49941 0.000551223
-2.375 1.49971 0.999871 0.000339433 0 -2.96875 1.49951 0.00050905
-2.325 1.49975 0.999903 0.000313002 0 -2.90625 1.49961 0.000469425
-2.275 1.4998 0.999933 0.000288282 0 -2.84375 1.4997 0.000432365
-2.225 1.49984 0.999959 0.000265283 0 -2.78125 1.49978 0.000397882
-2.175 1.49988 0.999984 0.00024401 0 -2.71875 1.49985 0.000365985
-2.125 1.49991 1.00001 0.000224459 0 -2.65625 1.49992 0.000336669
-2.075 1.49995 1.00003 0.000206615 0 -2.59375 1.49998 0.000309911
-2.025 1.49997 1.00004 0.000190446 0 -2.53125 1.50004 0.000285664
-1.975 1.5 1.00006 0.000175908 0 -2.46875 1.50009 0.000263862
-1.925 1.50003 1.00008 0.000162937 0 -2.40625 1.50014 0.000244411
-1.875 1.50005 1.00009 0.000151454 0 -2.34375 1.50019 0.000227188
-1.825 1.50007 1.0001 0.000141357 0 -2.28125 1.50023 0.000212046
-1.775 1.50009 1.00012 0.000132531 0 -2.21875 1.50027 0.000198809
-1.725 1.50011 1.00013 0.000124842 0 -2.15625 1.50031 0.000187277
-1.675 1.50013 1.00014 0.000118143 0 -2.09375 1.50034 0.000177229
-1.625 1.50015 1.00015 0.000112276 0 -2.03125 1.50037 0.000168431
-1.575 1.50016 1.00016 0.000107081 0 -1.96875 1.50041 0.000160639
-1.525 1.50018 1.00017 0.000102395 0 -1.90625 1.50044 0.000153611
-1.475 1.5002 1.00018 9.80579e-05 0 -1.84375 1.50047 0.000147106
-1.425 1.50021 1.00019 9.39129e-05 0 -1.78125 1.5005 0.000140889
-1.375 1.50022 1.0002 8.98124e-05 0 -1.71875 1.50053 0.000134739
-1.325 1.50024 1.00021 8.56223e-05 0 -1.65625 1.50056 0.000128454
-1.275 1.50025 1.00022 8.12322e-05 0 -1.59375 1.50058 0.000121869
-1.225 1.50026 1.00023 7.65578e-05 0 -1.53125 1.50061 0.000114857
-1.175 1.50027 1.00024 7.15425e-05 0 -1.46875 1.50063 0.000107333
-1.125 1.50028 1.00025 6.61565e-05 0 -1.40625 1.50065 9.92534e-05
-1.075 1.50029 1.00025 6.03958e-05 0 -1.34375 1.50067 9.06113e-05
-1.025 1.5003 1.00026 5.42816e-05 0 -1.28125 1.50069 8.14386e-05
-0.975 1.50031 1.00027 4.78571e-05 0 -1.21875 1.50071 7.18003e-05
-0.925 1.50031 1.00027 4.11816e-05 0 -1.15625 1.50072 6.17853e-05
-0.875 1.50032 1.00027 3.43256e-05 0 -1.09375 1.50073 5.14994e-05
-0.825 1.50032 1.00028 2.73714e-05 0 -1.03125 1.50074 4.1066e-05
-0.775 1.50033 1.00028 2.04154e-05 0 -0.96875 1.50075 3.06298e-05
-0.725 1.50033 1.00028 1.35631e-05 0 -0.90625 1.50075 2.03491e-05
-0.675 1.50033 1.00028 6.96759e-06 0 -0.84375 1.50075 1.04537e-05
-0.625 1.50033 1.00028 7.14784e-07 0 -0.78125 1.50075 1.07241e-06
-0.575 1.50033 1.00028 -5.14378e-06 0 -0.71875 1.50075 -7.71738e-06
-0.525 1.50033 1.00027 -1.04978e-05 0 -0.65625 1.50074 -1.57502e-05
-0.475 1.50033 1.00027 -1.53156e-05 0 -0.59375 1.50073 -2.29785e-05
-0.425 1.50033 1.00026 -1.95753e-05 0 -0.53125 1.50072 -2.93694e-05
-0.375 1.50032 1.00026 -2.32454e-05 0 -0.46875 1.50071 -3.48756e-05
-0.325 1.50032 1.00026 -2.63024e-05 0 -0.40625 1.5007 -3.9462e-05
-0.275 1.50032 1.00025 -2.8746e-05 0 -0.34375 1.50069 -4.3128e-05
-0.225 1.50031 1.00025 -3.05987e-05 0 -0.28125 1.50068 -4.59075e-05
-0.175 1.50031 1.00024 -3.19001e-05 0 -0.21875 1.50067 -4.78599e-05
-0.125 1.5003 1.00024 -3.27065e-05 0 -0.15625 1.50065 -4.90697e-05
-0.075 1.5003 1.00023 -3.30957e-05 0 -0.09375 1.50064 -4.96534e-05
-0.025 1.50029 1.00023 -3.31566e-05 0 -0.03125 1.50063 -4.97446e-05
0.025 1.50029 1.00022 -3.29832e-05 0 0.03125 1.50062 -4.94842e-05
0.075 1.50028 1.00022 -3.26802e-05 0 0.09375 1.50061 -4.90295e-05
0.125 1.50028 1.00021 -3.23562e-05 0 0.15625 1.5006 -4.85433e-05
0.175 1.50027 1.00021 -3.21215e-05 0 0.21875 1.50059 -4.8191e-05
0.225 1.50027 1.00021 -3.20801e-05 0 0.28125 1.50058 -4.81288e-05
0.275 1.50026 1.0002 -3.23179e-05 0 0.34375 1.50057 -4.84854e-05
0.325 1.50026 1.0002 -3.29098e-05 0 0.40625 1.50056 -4.93732e-05
0.375 1.50025 1.0002 -3.39145e-05 0 0.46875 1.50055 -5.08803e-05
0.425 1.50025 1.00019 -3.5375e-05 0 0.53125 1.50054 -5.30713e-05
0.475 1.50024 1.00019 -3.73146e-05 0 0.59375 1.50053 -5.5981e-05
0.525 1.50024 1.00019 -3.9734e-05 0 0.65625 1.50051 -5.96103e-05
0.575 1.50023 1.00018 -4.26118e-05 0 0.71875 1.5005 -6.39275e-05
0.625 1.50022 1.00018 -4.59067e-05 0 0.78125 1.50049 -6.88703e-05
0.675 1.50022 1.00017 -4.95587e-05 0 0.84375 1.50047 -7.43487e-05
0.725 1.50021 1.00016 -5.3491e-05 0 0.90625 1.50045 -8.02476e-05
0.775 1.5002 1.00015 -5.76139e-05 0 0.96875 1.50043 -8.64322e-05
0.825 1.50019 1.00015 -6.18275e-05 0 1.03125 1.50041 -9.27529e-05
0.875 1.50018 1.00014 -6.60237e-05 0 1.09375 1.50038 -9.90474e-05
0.925 1.50017 1.00013 -7.00877e-05 0 1.15625 1.50036 -0.000105143
0.975 1.50016 1.00012 -7.39063e-05 0 1.21875 1.50033 -0.000110871
1.025 1.50015 1.0001 -7.73737e-05 0 1.28125 1.5003 -0.000116072
1.075 1.50014 1.00009 -8.03984e-05 0 1.34375 1.50028 -0.000120608
1.125 1.50012 1.00008 -8.29049e-05 0 1.40625 1.50024 -0.000124368
1.175 1.50011 1.00007 -8.4836e-05 0 1.46875 1.50021 -0.000127263
1.225 1.5001 1.00006 -8.61547e-05 0 1.53125 1.50018 -0.000129241
1.275 1.50009 1.00004 -8.68423e-05 0 1.59375 1.50015 -0.000130271
1.325 1.50007 1.00003 -8.69001e-05 0 1.65625 1.50012 -0.000130356
1.375 1.50006 1.00002 -8.6356e-05 0 1.71875 1.50009 -0.000129539
1.425 1.50005 1.00001 -8.52516e-05 0 1.78125 1.50006 -0.000127881
1.475 1.50003 0.999996 -8.3649e-05 0 1.84375 1.50003 -0.000125476
1.525 1.50002 0.999985 -8.16236e-05 0 1.90625 1.5 -0.000122437
1.575 1.50001 0.999975 -7.92579e-05 0 1.96875 1.49997 -0.000118888
1.625 1.5 0.999965 -7.6637e-05 0 2.03125 1.49994 -0.000114955
1.675 1.49999 0.999956 -7.3847e-05 0 2.09375 1.49992 -0.000110769
1.725 1.49998 0.999947 -7.09719e-05 0 2.15625 1.4999 -0.000106456
1.775 1.49997 0.999939 -6.80924e-05 0 2.21875 1.49987 -0.000102136
1.825 1.49996 0.999932 -6.52843e-05 0 2.28125 1.49985 -9.79235e-05
1.875 1.49995 0.999925 -6.26147e-05 0 2.34375 1.49983 -9.39186e-05
1.925 1.49994 0.999918 -6.01382e-05 0 2.40625 1.49981 -9.02035e-05
1.975 1.49993 0.999912 -5.78931e-05 0 2.46875 1.49979 -8.68355e-05
2.025 1.49992 0.999905 -5.58988e-05 0 2.53125 1.49978 -8.38437e-05
2.075 1.49991 0.999899 -5.4156e-05 0 2.59375 1.49976 -8.12292e-05
2.125 1.4999 0.999893 -5.2645e-05 0 2.65625 1.49974 -7.89623e-05
2.175 1.49989 0.999887 -5.13239e-05 0 2.71875 1.49973 -7.69804e-05
2.225 1.49989 0.999881 -5.0142e-05 0 2.78125 1.49971 -7.52074e-05
2.275 1.49988 0.999875 -4.904e-05 0 2.84375 1.49969 -7.35541e-05
2.325 1.49987 0.999868 -4.79511e-05 0 2.90625 1.49967 -7.19205e-05
2.375 1.49987 0.999861 -4.68048e-05 0 2.96875 1.49966 -7.02009e-05
2.425 1.49986 0.999855 -4.55289e-05 0 3.03125 1.49964 -6.8287e-05
2.475 1.49985 0.999847 -4.40547e-05 0 3.09375 1.49962 -6.60756e-05
2.525 1.49985 0.99984 -4.23204e-05 0 3.15625 1.49961 -6.34741e-05
2.575 1.49984 0.999833 -4.02673e-05 0 3.21875 1.49959 -6.03945e-05
2.625 1.49983 0.999826 -3.78389e-05 0 3.28125 1.49957 -5.67521e-05
2.675 1.49983 0.999819 -3.49965e-05 0 3.34375 1.49956 -5.24887e-05
2.725 1.49982 0.999813 -3.1717e-05 0 3.40625 1.49954 -4.75699e-05
2.775 1.49982 0.999807 -2.7994e-05 0 3.46875 1.49953 -4.1986e-05
2.825 1.49981 0.999802 -2.3837e-05 0 3.53125 1.49952 -3.5751e-05
2.875 1.49981 0.999797 -1.92685e-05 0 3.59375 1.49951 -2.88991e-05
2.925 1.49981 0.999793 -1.43231e-05 0 3.65625 1.4995 -2.14819e-05
2.975 1.49981 0.999791 -9.04795e-06 0 3.71875 1.49949 -1.35702e-05
3.025 1.49981 0.999789 -3.50611e-06 0 3.78125 1.49949 -5.25848e-06
3.075 1.49981 0.999788 2.23543e-06 0 3.84375 1.49949 3.35271e-06
3.125 1.49981 0.999789 8.00575e-06 0 3.90625 1.49949 1.20071e-05
3.175 1.49981 0.999791 1.37475e-05 0 3.96875 1.49949 2.06186e-05
3.225 1.49981 0.999793 1.94518e-05 0 4.03125 1.4995 2.9174e-05
3.275 1.49981 0.999797 2.5059e-05 0 4.09375 1.49951 3.75838e-05
3.325 1.49982 0.999802 3.04902e-05 0 4.15625 1.49952 4.57298e-05
3.375 1.49982 0.999808 3.56706e-05 0 4.21875 1.49954 5.34996e-05
3.425 1.49983 0.999815 4.05391e-05 0 4.28125 1.49955 6.08018e-05
3.475 1.49984 0.999822 4.5046e-05 0 4.34375 1.49957 6.75616e-05
3.525 1.49984 0.99983 4.91513e-05 0 4.40625 1.49959 7.37193e-05
3.575 1.49985 0.999839 5.28271e-05 0 4.46875 1.49961 7.92327e-05
3.625 1.49986 0.999848 5.60597e-05 0 4.53125 1.49963 8.40816e-05
3.675 1.49987 0.999857 5.88508e-05 0 4.59375 1.49965 8.82684e-05
3.725 1.49988 0.999866 6.12162e-05 0 4.65625 1.49968 9.18168e-05
3.775 1.49989 0.999876 6.31845e-05 0 4.71875 1.4997 9.47696e-05
3.825 1.4999 0.999885 6.47934e-05 0 4.78125 1.49972 9.71834e-05
3.875 1.49991 0.999895 6.60861e-05 0 4.84375 1.49975 9.91229e-05
3.925 1.49992 0.999904 6.71158e-05 0 4.90625 1.49977 0.000100668
3.975 1.49993 0.999913 6.79397e-05 0 4.96875 1.4998 0.000101905
4.025 1.49994 0.999922 6.86152e-05 0 5.03125 1.49982 0.000102918
4.075 1.49995 0.999931 6.91961e-05 0 5.09375 1.49984 0.00010379
4.125 1.49996 0.99994 6.97295e-05 0 5.15625 1.49987 0.000104591
4.175 1.49997 0.999948 7.02532e-05 0 5.21875 1.49989 0.000105378
4.225 1.49998 0.999957 7.07941e-05 0 5.28125 1.49991 0.00010619
4.275 1.49999 0.999965 7.13652e-05 0 5.34375 1.49994 0.000107047
4.325 1.5 0.999974 7.19638e-05 0 5.40625 1.49996 0.000107946
4.375 1.50001 0.999982 7.25739e-05 0 5.46875 1.49998 0.000108862
4.425 1.50002 0.999991 7.31665e-05 0 5.53125 1.50001 0.000109751
4.475 1.50003 1 7.36979e-05 0 5.59375 1.50003 0.000110549
4.525 1.50004 1.00001 7.41127e-05 0 5.65625 1.50006 0.000111172
4.575 1.50005 1.00002 7.43467e-05 0 5.71875 1.50008 0.000111524
4.625 1.50007 1.00003 7.43328e-05 0 5.78125 1.50011 0.000111504
4.675 1.50008 1.00004 7.399e-05 0 5.84375 1.50013 0.000110991
4.725 1.50009 1.00005 7.32356e-05 0 5.90625 1.50016 0.00010986
4.775 1.5001 1.00006 7.19999e-05 0 5.96875 1.50018 0.000108007
4.825 1.50011 1.00007 7.02202e-05 0 6.03125 1.50021 0.000105338
4.875 1.50012 1.00008 6.7842e-05 0 6.09375 1.50023 0.000101771
4.925 1.50013 1.00009 6.48283e-05 0 6.15625 1.50026 9.72509e-05
4.975 1.50014 1.00009 6.11624e-05 0 6.21875 1.50028 9.17522e-05
5.025 1.50015 1.0001 5.68474e-05 0 6.28125 1.5003 8.52796e-05
5.075 1.50016 1.00011 5.19086e-05 0 6.34375 1.50032 7.7871e-05
5.125 1.50016 1.00012 4.63924e-05 0 6.40625 1.50034 6.95962e-05
5.175 1.50017 1.00013 4.03623e-05 0 6.46875 1.50036 6.05503e-05
5.225 1.50018 1.00013 3.38954e-05 0 6.53125 1.50038 5.0849e-05
5.275 1.50018 1.00014 2.70831e-05 0 6.59375 1.50039 4.06296e-05
5.325 1.50018 1.00014 2.00305e-05 0 6.65625 1.5004 3.00495e-05
5.375 1.50019 1.00015 1.2849e-05 0 6.71875 1.50041 1.92759e-05
5.425 1.50019 1.00015 5.65258e-06 0 6.78125 1.50041 8.47992e-06
5.475 1.50019 1.00015 -1.46068e-06 0 6.84375 1.50041 -2.19129e-06
5.525 1.50019 1.00015 -8.32032e-06 0 6.90625 1.50041 -1.2482e-05
5.575 1.50019 1.00015 -1.47733e-05 0 6.96875 1.50041 -2.21626e-05
5.625 1.50018 1.00015 -2.08652e-05 0 7.03125 1.5004 -3.13016e-05
5.675 1.50018 1.00014 -2.65697e-05 0 7.09375 1.5004 -3.98592e-05
5.725 1.50017 1.00014 -3.18407e-05 0 7.15625 1.50038 -4.77665e-05
5.775 1.50017 1.00014 -3.66419e-05 0 7.21875 1.50037 -5.49691e-05
5.825 1.50016 1.00013 -4.0962e-05 0 7.28125 1.50036 -6.14497e-05
5.875 1.50016 1.00012 -4.48103e-05 0 7.34375 1.50034 -6.72224e-05
5.925 1.50015 1.00012 -4.82101e-05 0 7.40625 1.50032 -7.23223e-05
5.975 1.50014 1.00011 -5.11951e-05 0 7.46875 1.5003 -7.67999e-05
6.025 1.50013 1.0001 -5.38067e-05 0 7.53125 1.50028 -8.07173e-05
6.075 1.50013 1.00009 -5.60917e-05 0 7.59375 1.50026 -8.41446e-05
6.125 1.50012 1.00008 -5.80999e-05 0 7.65625 1.50024 -8.71567e-05
6.175 1.50011 1.00007 -5.98815e-05 0 7.71875 1.50022 -8.98287e-05
6.225 1.5001 1.00007 -6.14837e-05 0 7.78125 1.5002 -9.22316e-05
6.275 1.50009 1.00006 -6.29487e-05 0 7.84375 1.50017 -9.44287e-05
6.325 1.50008 1.00005 -6.43105e-05 0 7.90625 1.50015 -9.64709e-05
6.375 1.50007 1.00004 -6.5593e-05 0 7.96875 1.50013 -9.83941e-05
6.425 1.50006 1.00003 -6.68075e-05 0 8.03125 1.5001 -0.000100215
6.475 1.50005 1.00002 -6.7952e-05 0 8.09375 1.50008 -0.000101931
6.525 1.50004 1.00001 -6.90116e-05 0 8.15625 1.50005 -0.00010352
6.575 1.50003 0.999998 -6.99599e-05 0 8.21875 1.50003 -0.000104942
6.625 1.50002 0.999987 -7.07616e-05 0 8.28125 1.5 -0.000106144
6.675 1.50001 0.999977 -7.13737e-05 0 8.34375 1.49997 -0.000107061
6.725 1.5 0.999966 -7.17471e-05 0 8.40625 1.49995 -0.00010762
6.775 1.49999 0.999956 -7.18271e-05 0 8.46875 1.49992 -0.00010774
6.825 1.49998 0.999945 -7.15537e-05 0 8.53125 1.49989 -0.000107329
6.875 1.49997 0.999934 -7.08731e-05 0 8.59375 1.49987 -0.000106307
6.925 1.49996 0.999924 -6.97303e-05 0 8.65625 1.49984 -0.000104592
6.975 1.49994 0.999913 -6.80789e-05 0 8.71875 1.49981 -0.000102115
7.025 1.49993 0.999903 -6.58796e-05 0 8.78125 1.49979 -9.88152e-05
7.075 1.49993 0.999893 -6.3101e-05 0 8.84375 1.49976 -9.46468e-05
7.125 1.49992 0.999884 -5.97229e-05 0 8.90625 1.49974 -8.95793e-05
7.175 1.49991 0.999875 -5.57381e-05 0 8.96875 1.49972 -8.3602e-05
7.225 1.4999 0.999867 -5.1152e-05 0 9.03125 1.4997 -7.67229e-05
7.275 1.49989 0.99986 -4.59842e-05 0 9.09375 1.49968 -6.89713e-05
7.325 1.49989 0.999854 -4.02699e-05 0 9.15625 1.49967 -6.04002e-05
7.375 1.49988 0.999849 -3.40598e-05 0 9.21875 1.49965 -5.10856e-05
7.425 1.49988 0.999845 -2.74171e-05 0 9.28125 1.49964 -4.11223e-05
7.475 1.49987 0.999842 -2.04143e-05 0 9.34375 1.49964 -3.06189e-05
7.525 1.49987 0.999841 -1.31198e-05 0 9.40625 1.49963 -1.96781e-05
7.575 1.49987 0.999841 -5.6564e-06 0 9.46875 1.49963 -8.48385e-06
7.625 1.49987 0.999842 1.80286e-06 0 9.53125 1.49963 2.70405e-06
7.675 1.49987 0.999844 9.22823e-06 0 9.59375 1.49963 1.38411e-05
7.725 1.49987 0.999848 1.65153e-05 0 9.65625 1.49964 2.47708e-05
7.775 1.49987 0.999852 2.36193e-05 0 9.71875 1.49965 3.5426e-05
7.825 1.49988 0.999857 3.04762e-05 0 9.78125 1.49966 4.57105e-05
7.875 1.49988 0.999864 3.70037e-05 0 9.84375 1.49968 5.55012e-05
7.925 1.49989 0.999871 4.31265e-05 0 9.90625 1.4997 6.4685e-05
7.975 1.4999 0.999878 4.87858e-05 0 9.96875 1.49971 7.31736e-05
8.025 1.4999 0.999886 5.39359e-05 0 10.0312 1.49973 8.08987e-05
8.075 1.49991 0.999895 5.85414e-05 0 10.0937 1.49976 8.7807e-05
8.125 1.49992 0.999904 6.25765e-05 0 10.1562 1.49978 9.38598e-05
8.175 1.49993 0.999913 6.6027e-05 0 10.2188 1.4998 9.9036e-05
8.225 1.49994 0.999922 6.88911e-05 0 10.2813 1.49982 0.000103333
8.275 1.49995 0.999932 7.11781e-05 0 10.3437 1.49985 0.000106764
8.325 1.49996 0.999941 7.29072e-05 0 10.4062 1.49987 0.000109358
8.375 1.49997 0.999951 7.41065e-05 0 10.4688 1.4999 0.000111158
8.425 1.49998 0.99996 7.48113e-05 0 10.5312 1.49993 0.000112216
8.475 1.5 0.99997 7.50614e-05 0 10.5938 1.49995 0.000112592
8.525 1.50001 0.99998 7.48986e-05 0 10.6562 1.49998 0.000112348
8.575 1.50002 0.999989 7.43624e-05 0 10.7187 1.5 0.000111545
8.625 1.50003 0.999999 7.34677e-05 0 10.7812 1.50003 0.000110204
8.675 1.50004 1.00001 7.22293e-05 0 10.8438 1.50005 0.000108347
8.725 1.50005 1.00002 7.06555e-05 0 10.9063 1.50008 0.000105987
8.775 1.50006 1.00003 6.8744e-05 0 10.9687 1.5001 0.00010312
8.825 1.50007 1.00004 6.64822e-05 0 11.0312 1.50013 9.97281e-05
8.875 1.50008 1.00005 6.38466e-05 0 11.0938 1.50015 9.57752e-05
8.925 1.50009 1.00005 6.08056e-05 0 11.1562 1.50017 9.1214e-05
8.975 1.5001 1.00006 5.7323e-05 0 11.2188 1.5002 8.59904e-05
9.025 1.50011 1.00007 5.33655e-05 0 11.2812 1.50022 8.0054e-05
9.075 1.50012 1.00008 4.89071e-05 0 11.3437 1.50024 7.33663e-05
9.125 1.50012 1.00009 4.39329e-05 0 11.4062 1.50025 6.59047e-05
9.175 1.50013 1.00009 3.84395e-05 0 11.4688 1.50027 5.76641e-05
9.225 1.50013 1.0001 3.24383e-05 0 11.5313 1.50028 4.86618e-05
9.275 1.50014 1.0001 2.59604e-05 0 11.5937 1.5003 3.89441e-05
9.325 1.50014 1.00011 1.90554e-05 0 11.6562 1.50031 2.85858e-05
9.375 1.50014 1.00011 1.17872e-05 0 11.7188 1.50031 1.76825e-05
9.425 1.50014 1.00012 4.2324e-06 0 11.7812 1.50032 6.34921e-06
9.475 1.50015 1.00012 -3.5304e-06 0 11.8438 1.50032 -5.29612e-06
9.525 1.50014 1.00012 -1.13325e-05 0 11.9062 1.50032 -1.70004e-05
9.575 1.50014 1.00012 -1.89756e-05 0 11.9687 1.50032 -2.84661e-05
9.625 1.50014 1.00011 -2.6458e-05 0 12.0312 1.50031 -3.96908e-05
9.675 1.50014 1.00011 -3.37112e-05 0 12.0938 1.5003 -5.05714e-05
9.725 1.50013 1.00011 -4.06346e-05 0 12.1563 1.50029 -6.09572e-05
9.775 1.50012 1.0001 -4.71282e-05 0 12.2187 1.50027 -7.06981e-05
9.825 1.50012 1.00009 -5.31066e-05 0 12.2812 1.50026 -7.96661e-05
9.875 1.50011 1.00009 -5.84968e-05 0 12.3438 1.50024 -8.77514e-05
9.925 1.5001 1.00008 -6.32364e-05 0 12.4062 1.50021 -9.48607e-05
9.975 1.50009 1.00007 -6.72738e-05 0 12.4688 1.50019 -0.000100917
10.025 1.50008 1.00006 -7.0568e-05 0 12.5312 1.50016 -0.000105857
10.075 1.50007 1.00005 -7.30883e-05 0 12.5937 1.50014 -0.000109637
10.125 1.50005 1.00004 -7.48168e-05 0 12.6562 1.50011 -0.000112229
10.175 1.50004 1.00002 -7.57527e-05 0 12.7188 1.50008 -0.000113632
10.225 1.50003 1.00001 -7.5913e-05 0 12.7813 1.50005 -0.000113872
10.275 1.50002 1 -7.53365e-05 0 12.8437 1.50002 -0.000113006
10.325 1.50001 0.999989 -7.40735e-05 0 12.9062 1.49999 -0.000111111
10.375 1.5 0.999977 -7.21795e-05 0 12.9688 1.49997 -0.000108269
10.425 1.49999 0.999965 -6.97268e-05 0 13.0312 1.49994 -0.00010459
10.475 1.49998 0.999954 -6.67922e-05 0 13.0938 1.49991 -0.000100187
10.525 1.49997 0.999943 -6.34504e-05 0 13.1562 1.49989 -9.51737e-05
10.575 1.49996 0.999933 -5.97701e-05 0 13.2187 1.49986 -8.96528e-05
10.625 1.49995 0.999923 -5.5811e-05 0 13.2812 1.49984 -8.37139e-05
10.675 1.49994 0.999914 -5.16218e-05 0 13.3438 1.49982 -7.74298e-05
10.725 1.49994 0.999905 -4.72398e-05 0 13.4063 1.4998 -7.08567e-05
10.775 1.49993 0.999898 -4.26927e-05 0 13.4687 1.49978 -6.40361e-05
10.825 1.49993 0.999891 -3.80002e-05 0 13.5312 1.49976 -5.69975e-05
10.875 1.49992 0.999884 -3.31747e-05 0 13.5938 1.49975 -4.97594e-05
10.925 1.49992 0.999879 -2.82205e-05 0 13.6562 1.49973 -4.23284e-05
10.975 1.49991 0.999875 -2.31336e-05 0 13.7188 1.49972 -3.46983e-05
11.025 1.49991 0.999871 -1.79037e-05 0 13.7812 1.49972 -2.68539e-05
11.075 1.49991 0.999869 -1.25203e-05 0 13.8437 1.49971 -1.87792e-05
11.125 1.49991 0.999867 -6.97993e-06 0 13.9062 1.49971 -1.04692e-05
11.175 1.49991 0.999867 -1.28364e-06 0 13.9688 1.49971 -1.92534e-06
11.225 1.49991 0.999868 4.45725e-06 0 14.0313 1.49971 6.68545e-06
11.275 1.49991 0.999869 1.02235e-05 0 14.0937 1.49971 1.53344e-05
11.325 1.49991 0.999872 1.60357e-05 0 14.1562 1.49972 2.40521e-05
11.375 1.49991 0.999875 2.18578e-05 0 14.2188 1.49973 3.27849e-05
11.425 1.49992 0.99988 2.76167e-05 0 14.2812 1.49974 4.14227e-05
11.475 1.49992 0.999886 3.32209e-05 0 14.3438 1.49975 4.98288e-05
11.525 1.49993 0.999893 3.85764e-05 0 14.4062 1.49977 5.78618e-05
11.575 1.49994 0.999901 4.35892e-05 0 14.4687 1.49979 6.53809e-05
11.625 1.49994 0.999909 4.81656e-05 0 14.5312 1.49981 7.22456e-05
11.675 1.49995 0.999919 5.22135e-05 0 14.5938 1.49983 7.83177e-05
11.725 1.49996 0.99993 5.56465e-05 0 14.6563 1.49985 8.34675e-05
11.775 1.49997 0.999941 5.83886e-05 0 14.7187 1.49988 8.7581e-05
11.825 1.49998 0.999953 6.03791e-05 0 14.7812 1.49991 9.05673e-05
11.875 1.49999 0.999965 6.15727e-05 0 14.8438 1.49994 9.23584e-05
11.925 1.5 0.999978 6.19332e-05 0 14.9062 1.49996 9.28997e-05
11.975 1.50001 0.99999 6.14404e-05 0 14.9688 1.49999 9.21612e-05
12.025 1.50002 1 6.00921e-05 0 15.0312 1.50002 9.01393e-05
12.075 1.50003 1.00002 5.78922e-05 0 15.0938 1.50005 8.68399e-05
12.125 1.50004 1.00003 5.48708e-05 0 15.1562 1.50008 8.23083e-05
12.175 1.50005 1.00004 5.10702e-05 0 15.2187 1.50011 7.66078e-05
12.225 1.50006 1.00005 4.65398e-05 0 15.2813 1.50013 6.98123e-05
12.275 1.50006 1.00006 4.1334e-05 0 15.3437 1.50016 6.20037e-05
12.325 1.50007 1.00007 3.55151e-05 0 15.4063 1.50018 5.32752e-05
12.375 1.50008 1.00008 2.91532e-05 0 15.4688 1.5002 4.37321e-05
12.425 1.50008 1.00009 2.2324e-05 0 15.5312 1.50021 3.34879e-05
12.475 1.50009 1.00009 1.51024e-05 0 15.5938 1.50023 2.2655e-05
12.525 1.50009 1.0001 7.55863e-06 0 15.6562 1.50024 1.13387e-05
12.575 1.5001 1.0001 -2.43428e-07 0 15.7188 1.50024 -3.65165e-07
12.625 1.5001 1.0001 -8.24305e-06 0 15.7812 1.50025 -1.23654e-05
12.675 1.5001 1.0001 -1.63734e-05 0 15.8437 1.50025 -2.45616e-05
12.725 1.5001 1.0001 -2.45053e-05 0 15.9063 1.50025 -3.67603e-05
12.775 1.5001 1.0001 -3.2578e-05 0 15.9687 1.50025 -4.88702e-05
12.825 1.5001 1.0001 -4.06211e-05 0 16.0313 1.50024 -6.09356e-05
12.875 1.50009 1.00009 -4.8638e-05 0 16.0938 1.50023 -7.29615e-05
12.925 1.50009 1.00009 -5.65938e-05 0 16.1562 1.50022 -8.48957e-05
12.975 1.50008 1.00008 -6.44459e-05 0 16.2188 1.5002 -9.66741e-05
13.025 1.50008 1.00007 -7.21604e-05 0 16.2812 1.50019 -0.000108246
13.075 1.50007 1.00007 -7.97072e-05 0 16.3438 1.50017 -0.000119566
13.125 1.50006 1.00006 -8.70518e-05 0 16.4062 1.50015 -0.000130583
13.175 1.50005 1.00005 -9.41542e-05 0 16.4687 1.50013 -0.000141236
13.225 1.50005 1.00004 -0.00010097 0 16.5312 1.5001 -0.00015146
13.275 1.50004 1.00003 -0.000107454 0 16.5937 1.50008 -0.000161185
13.325 1.50003 1.00002 -0.000113554 0 16.6563 1.50005 -0.000170334
13.375 1.50002 1.00001 -0.000119214 0 16.7188 1.50003 -0.000178823
13.425 1.50001 0.999997 -0.000124371 0 16.7812 1.5 -0.000186558
13.475 1.5 0.999987 -0.000128965 0 16.8438 1.49998 -0.000193447
13.525 1.49998 0.999976 -0.000132935 0 16.9062 1.49995 -0.0001994
13.575 1.49997 0.999966 -0.000136211 0 16.9688 1.49992 -0.000204312
13.625 1.49996 0.999955 -0.00013874 0 17.0312 1.4999 -0.000208106
13.675 1.49995 0.999945 -0.000140475 0 17.0937 1.49987 -0.000210706
13.725 1.49995 0.999935 -0.000141369 0 17.1562 1.49985 -0.000212045
13.775 1.49994 0.999926 -0.000141386 0 17.2187 1.49983 -0.00021207
13.825 1.49993 0.999917 -0.000140506 0 17.2813 1.49981 -0.000210749
13.875 1.49992 0.999909 -0.0001387 0 17.3438 1.49979 -0.000208039
13.925 1.49992 0.999902 -0.000135954 0 17.4062 1.49977 -0.00020392
13.975 1.49992 0.999896 -0.00013227 0 17.4688 1.49976 -0.000198394
14.025 1.49992 0.999891 -0.000127666 0 17.5312 1.49975 -0.000191488
14.075 1.49991 0.999887 -0.00012217 0 17.5938 1.49975 -0.000183244
14.125 1.49992 0.999885 -0.000115898 0 17.6562 1.49974 -0.000173837
14.175 1.49992 0.999883 -0.000108873 0 17.7187 1.49974 -0.0001633
14.225 1.49993 0.999883 -0.000101061 0 17.7812 1.49975 -0.000151584
14.275 1.49993 0.999884 -9.2499e-05 0 17.8437 1.49976 -0.000138742
14.325 1.49994 0.999887 -8.31103e-05 0 17.9063 1.49978 -0.000124661
14.375 1.49996 0.999891 -7.28829e-05 0 17.9688 1.49979 -0.000109321
14.425 1.49997 0.999896 -6.1796e-05 0 18.0312 1.49982 -9.26923e-05
14.475 1.49999 0.999903 -4.98176e-05 0 18.0938 1.49984 -7.47259e-05
14.525 1.50001 0.99991 -3.69002e-05 0 18.1562 1.49988 -5.53507e-05
14.575 1.50003 0.999919 -2.29798e-05 0 18.2188 1.49991 -3.44704e-05
14.625 1.50006 0.999928 -7.97889e-06 0 18.2812 1.49995 -1.19688e-05
14.675 1.50008 0.999938 8.18801e-06 0 18.3437 1.49999 1.22827e-05
14.725 1.50011 0.999949 2.54587e-05 0 18.4062 1.50003 3.81907e-05
14.775 1.50013 0.99996 4.35335e-05 0 18.4687 1.50007 6.5306e-05
14.825 1.50015 0.999971 6.21627e-05 0 18.5313 1.50011 9.32535e-05
14.875 1.50017 0.999982 8.11253e-05 0 18.5938 1.50015 0.000121702
14.925 1.50019 0.999993 0.000100203 0 18.6562 1.50018 0.000150323
14.975 1.50021 1 0.000119194 0 18.7188 1.50021 0.000178816
15.025 1.50022 1.00001 0.000137903 0 18.7812 1.50024 0.000206885
15.075 1.50024 1.00002 0.000156129 0 18.8438 1.50027 0.000234231
15.125 1.50024 1.00003 0.000173675 0 18.9062 1.50029 0.000260556
15.175 1.50025 1.00004 0.000190343 0 18.9687 1.50031 0.000285562
15.225 1.50026 1.00005 0.000205939 0 19.0312 1.50033 0.000308961
15.275 1.50026 1.00006 0.000220292 0 19.0937 1.50034 0.000330495
15.325 1.50026 1.00006 0.000233304 0 19.1563 1.50035 0.000350016
15.375 1.50025 1.00007 0.000244948 0 19.2188 1.50035 0.000367483
15.425 1.50025 1.00007 0.000254962 0 19.2812 1.50035 0.000382505
15.475 1.50023 1.00007 0.000262954 0 19.3438 1.50034 0.000394492
15.525 1.50021 1.00007 0.000268549 0 19.4062 1.50032 0.000402881
15.575 1.50019 1.00008 0.000271483 0 19.4688 1.5003 0.000407276
15.625 1.50016 1.00008 0.000271634 0 19.5312 1.50028 0.000407496
15.675 1.50014 1.00007 0.000268941 0 19.5937 1.50025 0.000403448
15.725 1.5001 1.00007 0.000263157 0 19.6562 1.50021 0.000394763
15.775 1.50007 1.00007 0.00025404 0 19.7187 1.50017 0.000381076
15.825 1.50002 1.00006 0.000241314 0 19.7813 1.50012 0.000361977
15.875 1.49998 1.00006 0.000224923 0 19.8438 1.50007 0.000337381
15.925 1.49995 1.00005 0.000205565 0 19.9062 1.50003 0.000308336
15.975 1.49992 1.00005 0.000183908 0 19.9688 1.49999 0.000275847
16.025 1.49989 1.00004 0.000160551 0 20.0312 1.49995 0.000240808
16.075 1.49987 1.00003 0.00013602 0 20.0938 1.49991 0.000204012
16.125 1.49984 1.00002 0.000110781 0 20.1562 1.49988 0.000166155
16.175 1.49983 1.00001 8.52409e-05 0 20.2187 1.49985 0.000127847
16.225 1.49981 1 5.97582e-05 0 20.2812 1.49982 8.96259e-05
16.275 1.4998 0.999994 3.46615e-05 0 20.3437 1.49979 5.19852e-05
16.325 1.49979 0.999984 1.02636e-05 0 20.4063 1.49976 1.53933e-05
16.375 1.49978 0.999974 -1.31188e-05 0 20.4688 1.49974 -1.96752e-05
16.425 1.49977 0.999963 -3.51629e-05 0 20.5312 1.49972 -5.27364e-05
16.475 1.49977 0.999953 -5.5593e-05 0 20.5938 1.4997 -8.33768e-05
16.525 1.49977 0.999944 -7.42061e-05 0 20.6562 1.49969 -0.000111292
16.575 1.49977 0.999935 -9.09819e-05 0 20.7188 1.49968 -0.000136452
16.625 1.49978 0.999927 -0.000105701 0 20.7812 1.49967 -0.000158528
16.675 1.49979 0.99992 -0.000117957 0 20.8437 1.49967 -0.000176911
16.725 1.49981 0.999913 -0.00012727 0 20.9062 1.49968 -0.000190881
16.775 1.49984 0.999908 -0.000133241 0 20.9687 1.4997 -0.000199839
16.825 1.49986 0.999904 -0.000135634 0 21.0313 1.49972 -0.000203432
16.875 1.49988 0.999902 -0.000134965 0 21.0938 1.49973 -0.000202432
16.925 1.4999 0.999901 -0.000131825 0 21.1562 1.49975 -0.000197724
16.975 1.49992 0.999901 -0.000126748 0 21.2188 1.49977 -0.000190112
17.025 1.49993 0.999903 -0.000120179 0 21.2812 1.49978 -0.00018026
17.075 1.49994 0.999906 -0.000112424 0 21.3438 1.4998 -0.000168629
17.125 1.49995 0.99991 -0.000103815 0 21.4062 1.49982 -0.000155718
17.175 1.49996 0.999915 -9.46468e-05 0 21.4687 1.49984 -0.000141967
17.225 1.49997 0.999921 -8.51793e-05 0 21.5312 1.49986 -0.000127767
17.275 1.49998 0.999928 -7.56433e-05 0 21.5937 1.49988 -0.000113464
17.325 1.49999 0.999936 -6.62464e-05 0 21.6563 1.4999 -9.93691e-05
17.375 1.5 0.999945 -5.71793e-05 0 21.7188 1.49992 -8.57692e-05
17.425 1.50001 0.999954 -4.86219e-05 0 21.7812 1.49994 -7.29334e-05
17.475 1.50002 0.999963 -4.07387e-05 0 21.8438 1.49997 -6.11089e-05
17.525 1.50003 0.999973 -3.36721e-05 0 21.9062 1.49999 -5.05091e-05
17.575 1.50004 0.999983 -2.75371e-05 0 21.9688 1.50001 -4.13066e-05
17.625 1.50004 0.999992 -2.24235e-05 0 22.0312 1.50003 -3.36363e-05
17.675 1.50005 1 -1.83776e-05 0 22.0937 1.50005 -2.75674e-05
17.725 1.50006 1.00001 -1.54133e-05 0 22.1562 1.50008 -2.31209e-05
17.775 1.50007 1.00002 -1.35124e-05 0 22.2187 1.5001 -2.02694e-05
17.825 1.50008 1.00003 -1.26256e-05 0 22.2813 1.50012 -1.89394e-05
17.875 1.50008 1.00003 -1.26677e-05 0 22.3438 1.50014 -1.90025e-05
17.925 1.50009 1.00004 -1.35563e-05 0 22.4062 1.50015 -2.03356e-05
17.975 1.5001 1.00005 -1.52211e-05 0 22.4688 1.50017 -2.28331e-05
18.025 1.5001 1.00005 -1.75895e-05 0 22.5312 1.50018 -2.63861e-05
18.075 1.50011 1.00006 -2.05907e-05 0 22.5938 1.50019 -3.08883e-05
18.125 1.50011 1.00006 -2.41535e-05 0 22.6562 1.5002 -3.6233e-05
18.175 1.50012 1.00006 -2.82045e-05 0 22.7187 1.50021 -4.23101e-05
18.225 1.50012 1.00006 -3.26715e-05 0 22.7812 1.50021 -4.90112e-05
18.275 1.50012 1.00006 -3.74275e-05 0 22.8437 1.50021 -5.61457e-05
18.325 1.50012 1.00006 -4.22732e-05 0 22.9063 1.50021 -6.34148e-05
18.375 1.50012 1.00006 -4.71671e-05 0 22.9688 1.50021 -7.07562e-05
18.425 1.50011 1.00006 -5.20792e-05 0 23.0313 1.5002 -7.81247e-05
18.475 1.50011 1.00005 -5.69419e-05 0 23.0938 1.50018 -8.54189e-05
18.525 1.5001 1.00005 -6.16357e-05 0 23.1562 1.50017 -9.24597e-05
18.575 1.50009 1.00004 -6.60241e-05 0 23.2188 1.50015 -9.90424e-05
18.625 1.50009 1.00003 -6.99786e-05 0 23.2812 1.50014 -0.000104974
18.675 1.50008 1.00003 -7.3382e-05 0 23.3438 1.50012 -0.000110079
18.725 1.50007 1.00002 -7.61262e-05 0 23.4062 1.5001 -0.000114195
18.775 1.50006 1.00001 -7.81168e-05 0 23.4687 1.50007 -0.00011718
18.825 1.50005 0.999999 -7.9281e-05 0 23.5313 1.50005 -0.000118925
18.875 1.50004 0.999989 -7.95634e-05 0 23.5938 1.50003 -0.000119348
18.925 1.50003 0.999979 -7.89127e-05 0 23.6563 1.5 -0.000118372
18.975 1.50002 0.999969 -7.73093e-05 0 23.7188 1.49998 -0.000115966
19.025 1.50001 0.99996 -7.4755e-05 0 23.7812 1.49995 -0.000112134
19.075 1.50001 0.999951 -7.12875e-05 0 23.8438 1.49993 -0.000106932
19.125 1.5 0.999942 -6.69721e-05 0 23.9062 1.49991 -0.000100458
19.175 1.49999 0.999934 -6.18924e-05 0 23.9688 1.49989 -9.2838e-05
19.225 1.49998 0.999927 -5.61434e-05 0 24.0312 1.49987 -8.4214e-05
19.275 1.49998 0.999921 -4.98249e-05 0 24.0937 1.49986 -7.47361e-05
19.325 1.49997 0.999917 -4.30394e-05 0 24.1563 1.49984 -6.45578e-05
19.375 1.49996 0.999913 -3.58928e-05 0 24.2188 1.49983 -5.38379e-05
19.425 1.49996 0.999911 -2.84948e-05 0 24.2813 1.49983 -4.27411e-05
19.475 1.49996 0.99991 -2.09523e-05 0 24.3438 1.49982 -3.14276e-05
19.525 1.49996 0.999911 -1.34442e-05 0 24.4062 1.49982 -2.01658e-05
19.575 1.49995 0.999913 -6.0491e-06 0 24.4688 1.49982 -9.07337e-06
19.625 1.49995 0.999916 1.19589e-06 0 24.5312 1.49983 1.79378e-06
19.675 1.49996 0.999921 8.16209e-06 0 24.5938 1.49984 1.22428e-05
19.725 1.49996 0.999926 1.48098e-05 0 24.6562 1.49985 2.2214e-05
19.775 1.49996 0.999933 2.1091e-05 0 24.7187 1.49986 3.16357e-05
19.825 1.49997 0.99994 2.69317e-05 0 24.7813 1.49988 4.03967e-05
19.875 1.49997 0.999949 3.22534e-05 0 24.8438 1.4999 4.83793e-05
19.925 1.49998 0.999958 3.69828e-05 0 24.9063 1.49992 5.54734e-05
19.975 1.49999 0.999967 4.10499e-05 0 24.9688 1.49994 6.15742e-05
