-19.975 1.49996 0.999879 -5.64084e-05 0 -21.9505 1.49978 -8.46105e-05
-19.925 1.49997 0.999881 -4.77718e-05 0 -21.8956 1.49979 -7.1656e-05
-19.875 1.49997 0.999883 -3.96452e-05 0 -21.8407 1.49979 -5.94666e-05
-19.825 1.49997 0.999887 -3.19772e-05 0 -21.7857 1.4998 -4.79649e-05
-19.775 1.49998 0.999892 -2.47413e-05 0 -21.7308 1.49981 -3.71113e-05
-19.725 1.49998 0.999898 -1.79197e-05 0 -21.6758 1.49983 -2.68793e-05
-19.675 1.49999 0.999904 -1.14972e-05 0 -21.6209 1.49984 -1.72456e-05
-19.625 1.49999 0.999911 -5.4678e-06 0 -21.5659 1.49986 -8.20165e-06
-19.575 1.5 0.999919 1.57492e-07 0 -21.511 1.49988 2.36238e-07
-19.525 1.50001 0.999927 5.34979e-06 0 -21.456 1.4999 8.02471e-06
-19.475 1.50001 0.999936 1.00739e-05 0 -21.4011 1.49992 1.5111e-05
-19.425 1.50002 0.999946 1.42986e-05 0 -21.3462 1.49994 2.14482e-05
-19.375 1.50002 0.999956 1.79949e-05 0 -21.2912 1.49996 2.69928e-05
-19.325 1.50003 0.999966 2.11346e-05 0 -21.2363 1.49998 3.17026e-05
-19.275 1.50004 0.999976 2.36901e-05 0 -21.1813 1.5 3.5536e-05
-19.225 1.50004 0.999987 2.5635e-05 0 -21.1264 1.50002 3.84535e-05
-19.175 1.50005 0.999998 2.69448e-05 0 -21.0714 1.50005 4.04185e-05
-19.125 1.50006 1.00001 2.7597e-05 0 -21.0165 1.50007 4.1397e-05
-19.075 1.50006 1.00002 2.75782e-05 0 -20.9615 1.50009 4.13691e-05
-19.025 1.50007 1.00003 2.689e-05 0 -20.9066 1.50011 4.03369e-05
-18.975 1.50008 1.00004 2.55295e-05 0 -20.8516 1.50013 3.82962e-05
-18.925 1.50008 1.00005 2.35069e-05 0 -20.7967 1.50015 3.52623e-05
-18.875 1.50009 1.00006 2.08379e-05 0 -20.7418 1.50017 3.12587e-05
-18.825 1.50009 1.00006 1.7541e-05 0 -20.6868 1.50019 2.63132e-05
-18.775 1.5001 1.00007 1.36406e-05 0 -20.6319 1.50021 2.04622e-05
-18.725 1.5001 1.00008 9.17233e-06 0 -20.5769 1.50022 1.37594e-05
-18.675 1.50011 1.00008 4.18379e-06 0 -20.522 1.50023 6.27613e-06
-18.625 1.50011 1.00009 -1.26843e-06 0 -20.467 1.50024 -1.90278e-06
-18.575 1.50011 1.00009 -7.1148e-06 0 -20.4121 1.50024 -1.0673e-05
-18.525 1.50011 1.00009 -1.32772e-05 0 -20.3571 1.50024 -1.99172e-05
-18.475 1.50011 1.00009 -1.95768e-05 0 -20.3022 1.50024 -2.93674e-05
-18.425 1.5001 1.00009 -2.58785e-05 0 -20.2473 1.50024 -3.88205e-05
-18.375 1.5001 1.00009 -3.21592e-05 0 -20.1923 1.50023 -4.8242e-05
-18.325 1.5001 1.00008 -3.83315e-05 0 -20.1374 1.50022 -5.75009e-05
-18.275 1.50009 1.00008 -4.42662e-05 0 -20.0824 1.50021 -6.64033e-05
-18.225 1.50008 1.00007 -4.98236e-05 0 -20.0275 1.50019 -7.47395e-05
-18.175 1.50008 1.00007 -5.48684e-05 0 -19.9725 1.50018 -8.23068e-05
-18.125 1.50007 1.00006 -5.92781e-05 0 -19.9176 1.50016 -8.89211e-05
-18.075 1.50006 1.00005 -6.29455e-05 0 -19.8626 1.50014 -9.4422e-05
-18.025 1.50005 1.00004 -6.57836e-05 0 -19.8077 1.50011 -9.86787e-05
-17.975 1.50004 1.00003 -6.77279e-05 0 -19.7527 1.50009 -0.000101595
-17.925 1.50003 1.00002 -6.87387e-05 0 -19.6978 1.50006 -0.00010311
-17.875 1.50002 1.00001 -6.88082e-05 0 -19.6429 1.50004 -0.000103214
-17.825 1.50001 0.999999 -6.7955e-05 0 -19.5879 1.50001 -0.000101933
-17.775 1.5 0.999988 -6.61856e-05 0 -19.533 1.49999 -9.92786e-05
-17.725 1.49999 0.999977 -6.35421e-05 0 -19.478 1.49996 -9.53129e-05
-17.675 1.49999 0.999967 -6.00915e-05 0 -19.4231 1.49994 -9.01363e-05
-17.625 1.49998 0.999957 -5.59121e-05 0 -19.3681 1.49991 -8.38668e-05
-17.575 1.49997 0.999948 -5.10888e-05 0 -19.3132 1.49989 -7.66316e-05
-17.525 1.49996 0.999939 -4.57109e-05 0 -19.2582 1.49987 -6.85647e-05
-17.475 1.49996 0.999931 -3.9872e-05 0 -19.2033 1.49985 -5.98062e-05
-17.425 1.49995 0.999923 -3.36688e-05 0 -19.1484 1.49984 -5.05016e-05
-17.375 1.49995 0.999917 -2.71988e-05 0 -19.0934 1.49982 -4.07968e-05
-17.325 1.49994 0.999911 -2.0555e-05 0 -19.0385 1.49981 -3.08314e-05
-17.275 1.49994 0.999906 -1.38245e-05 0 -18.9835 1.4998 -2.0736e-05
-17.225 1.49994 0.999903 -7.09057e-06 0 -18.9286 1.49979 -1.06354e-05
-17.175 1.49994 0.9999 -4.32485e-07 0 -18.8736 1.49979 -6.48701e-07
-17.125 1.49994 0.999898 6.0538e-06 0 -18.8187 1.49979 9.08034e-06
-17.075 1.49994 0.999898 1.22797e-05 0 -18.7637 1.49979 1.84189e-05
-17.025 1.49994 0.999898 1.82099e-05 0 -18.7088 1.49979 2.73139e-05
-16.975 1.49995 0.999899 2.38016e-05 0 -18.6538 1.4998 3.57011e-05
-16.925 1.49995 0.999902 2.90429e-05 0 -18.5989 1.4998 4.35629e-05
-16.875 1.49996 0.999905 3.38927e-05 0 -18.544 1.49981 5.08376e-05
-16.825 1.49996 0.999909 3.8317e-05 0 -18.489 1.49983 5.74741e-05
-16.775 1.49997 0.999914 4.22886e-05 0 -18.4341 1.49984 6.34315e-05
-16.725 1.49997 0.99992 4.57864e-05 0 -18.3791 1.49986 6.86785e-05
-16.675 1.49998 0.999927 4.87928e-05 0 -18.3242 1.49987 7.31883e-05
-16.625 1.49999 0.999934 5.12896e-05 0 -18.2692 1.49989 7.69339e-05
-16.575 1.5 0.999943 5.32571e-05 0 -18.2143 1.49991 7.98855e-05
-16.525 1.50001 0.999951 5.4676e-05 0 -18.1593 1.49993 8.20143e-05
-16.475 1.50002 0.999961 5.55272e-05 0 -18.1044 1.49996 8.32917e-05
-16.425 1.50002 0.99997 5.5784e-05 0 -18.0495 1.49998 8.36774e-05
-16.375 1.50003 0.99998 5.54133e-05 0 -17.9945 1.5 8.31217e-05
-16.325 1.50004 0.99999 5.43985e-05 0 -17.9396 1.50003 8.16e-05
-16.275 1.50005 1 5.2718e-05 0 -17.8846 1.50005 7.90795e-05
-16.225 1.50006 1.00001 5.0347e-05 0 -17.8297 1.50007 7.55234e-05
-16.175 1.50006 1.00002 4.72797e-05 0 -17.7747 1.50009 7.09225e-05
-16.125 1.50007 1.00003 4.35223e-05 0 -17.7198 1.50011 6.52865e-05
-16.075 1.50008 1.00004 3.9096e-05 0 -17.6648 1.50013 5.8647e-05
-16.025 1.50008 1.00004 3.4037e-05 0 -17.6099 1.50015 5.10584e-05
-15.975 1.50009 1.00005 2.8393e-05 0 -17.5549 1.50016 4.2592e-05
-15.925 1.50009 1.00006 2.22209e-05 0 -17.5 1.50018 3.33334e-05
-15.875 1.50009 1.00006 1.55921e-05 0 -17.4451 1.50019 2.33895e-05
-15.825 1.5001 1.00007 8.59313e-06 0 -17.3901 1.50019 1.28905e-05
-15.775 1.5001 1.00007 1.32538e-06 0 -17.3352 1.5002 1.9882e-06
-15.725 1.5001 1.00007 -6.09739e-06 0 -17.2802 1.5002 -9.14667e-06
-15.675 1.50009 1.00007 -1.34735e-05 0 -17.2253 1.5002 -2.02116e-05
-15.625 1.50009 1.00007 -2.06789e-05 0 -17.1703 1.50019 -3.10202e-05
-15.575 1.50009 1.00006 -2.76909e-05 0 -17.1154 1.50018 -4.15388e-05
-15.525 1.50008 1.00006 -3.44119e-05 0 -17.0604 1.50017 -5.16208e-05
-15.475 1.50008 1.00006 -4.07282e-05 0 -17.0055 1.50016 -6.10955e-05
-15.425 1.50007 1.00005 -4.65236e-05 0 -16.9505 1.50015 -6.97887e-05
-15.375 1.50006 1.00004 -5.1691e-05 0 -16.8956 1.50013 -7.75398e-05
-15.325 1.50006 1.00003 -5.61375e-05 0 -16.8407 1.50011 -8.42094e-05
-15.275 1.50005 1.00003 -5.97833e-05 0 -16.7857 1.50009 -8.96778e-05
-15.225 1.50004 1.00002 -6.25596e-05 0 -16.7308 1.50006 -9.38418e-05
-15.175 1.50003 1.00001 -6.44124e-05 0 -16.6758 1.50004 -9.66204e-05
-15.125 1.50002 1 -6.53071e-05 0 -16.6209 1.50002 -9.79619e-05
-15.075 1.50001 0.999991 -6.52372e-05 0 -16.5659 1.5 -9.78564e-05
-15.025 1.5 0.999982 -6.42086e-05 0 -16.511 1.49997 -9.63129e-05
-14.975 1.49999 0.999974 -6.22439e-05 0 -16.456 1.49995 -9.33653e-05
-14.925 1.49998 0.999966 -5.93905e-05 0 -16.4011 1.49993 -8.90847e-05
-14.875 1.49997 0.999958 -5.57098e-05 0 -16.3462 1.49991 -8.35631e-05
-14.825 1.49997 0.999951 -5.12726e-05 0 -16.2912 1.49989 -7.69072e-05
-14.775 1.49996 0.999945 -4.6157e-05 0 -16.2363 1.49988 -6.92336e-05
-14.725 1.49995 0.99994 -4.04452e-05 0 -16.1813 1.49986 -6.06659e-05
-14.675 1.49995 0.999935 -3.4223e-05 0 -16.1264 1.49985 -5.13326e-05
-14.625 1.49994 0.999931 -2.75808e-05 0 -16.0714 1.49984 -4.13696e-05
-14.575 1.49994 0.999928 -2.06131e-05 0 -16.0165 1.49983 -3.09184e-05
-14.525 1.49994 0.999927 -1.3417e-05 0 -15.9615 1.49983 -2.01247e-05
-14.475 1.49993 0.999926 -6.08434e-06 0 -15.9066 1.49982 -9.12611e-06
-14.425 1.49993 0.999926 1.25501e-06 0 -15.8516 1.49982 1.88243e-06
-14.375 1.49993 0.999927 8.42141e-06 0 -15.7967 1.49982 1.26316e-05
-14.325 1.49994 0.999928 1.53732e-05 0 -15.7418 1.49983 2.30588e-05
-14.275 1.49994 0.999931 2.20708e-05 0 -15.6868 1.49984 3.31049e-05
-14.225 1.49994 0.999934 2.8452e-05 0 -15.6319 1.49984 4.26764e-05
-14.175 1.49995 0.999938 3.44261e-05 0 -15.5769 1.49986 5.16374e-05
-14.125 1.49995 0.999943 3.99023e-05 0 -15.522 1.49987 5.98515e-05
-14.075 1.49996 0.999948 4.48055e-05 0 -15.467 1.49988 6.72064e-05
-14.025 1.49997 0.999954 4.90765e-05 0 -15.4121 1.4999 7.36132e-05
-13.975 1.49997 0.999961 5.26682e-05 0 -15.3571 1.49992 7.90009e-05
-13.925 1.49998 0.999968 5.5543e-05 0 -15.3022 1.49993 8.33136e-05
-13.875 1.49999 0.999975 5.76712e-05 0 -15.2473 1.49995 8.65063e-05
-13.825 1.5 0.999982 5.90277e-05 0 -15.1923 1.49997 8.85415e-05
-13.775 1.50001 0.99999 5.95956e-05 0 -15.1374 1.49999 8.9394e-05
-13.725 1.50002 0.999998 5.93525e-05 0 -15.0824 1.50002 8.90298e-05
-13.675 1.50003 1.00001 5.82762e-05 0 -15.0275 1.50004 8.74158e-05
-13.625 1.50004 1.00001 5.63559e-05 0 -14.9725 1.50006 8.45359e-05
-13.575 1.50004 1.00002 5.36008e-05 0 -14.9176 1.50007 8.04036e-05
-13.525 1.50005 1.00003 5.00335e-05 0 -14.8626 1.50009 7.50528e-05
-13.475 1.50006 1.00003 4.56948e-05 0 -14.8077 1.50011 6.85448e-05
-13.425 1.50006 1.00004 4.06466e-05 0 -14.7527 1.50012 6.09725e-05
-13.375 1.50007 1.00004 3.49676e-05 0 -14.6978 1.50014 5.24539e-05
-13.325 1.50007 1.00005 2.8749e-05 0 -14.6429 1.50015 4.31256e-05
-13.275 1.50008 1.00005 2.20959e-05 0 -14.5879 1.50015 3.31455e-05
-13.225 1.50008 1.00005 1.513e-05 0 -14.533 1.50016 2.26962e-05
-13.175 1.50008 1.00005 7.97955e-06 0 -14.478 1.50016 1.197e-05
-13.125 1.50008 1.00005 8.41309e-07 0 -14.4231 1.50016 1.26203e-06
-13.075 1.50008 1.00005 -6.18145e-06 0 -14.3681 1.50016 -9.27269e-06
-13.025 1.50008 1.00005 -1.29727e-05 0 -14.3132 1.50016 -1.94601e-05
-12.975 1.50008 1.00004 -1.94655e-05 0 -14.2582 1.50015 -2.91999e-05
-12.925 1.50008 1.00004 -2.55925e-05 0 -14.2033 1.50013 -3.83906e-05
-12.875 1.50007 1.00003 -3.12657e-05 0 -14.1484 1.50012 -4.69009e-05
-12.825 1.50007 1.00003 -3.63988e-05 0 -14.0934 1.5001 -5.46006e-05
-12.775 1.50006 1.00002 -4.09139e-05 0 -14.0385 1.50009 -6.13733e-05
-12.725 1.50005 1.00001 -4.474e-05 0 -13.9835 1.50006 -6.71123e-05
-12.675 1.50005 0.999998 -4.78163e-05 0 -13.9286 1.50004 -7.17267e-05
-12.625 1.50004 0.999988 -5.00971e-05 0 -13.8736 1.50002 -7.51476e-05
-12.575 1.50003 0.999977 -5.15497e-05 0 -13.8187 1.5 -7.73261e-05
-12.525 1.50002 0.999967 -5.21525e-05 0 -13.7637 1.49997 -7.823e-05
-12.475 1.50002 0.999957 -5.19006e-05 0 -13.7088 1.49995 -7.78518e-05
-12.425 1.50001 0.999947 -5.08311e-05 0 -13.6538 1.49993 -7.62471e-05
-12.375 1.5 0.999937 -4.8989e-05 0 -13.5989 1.49991 -7.34835e-05
-12.325 1.49999 0.999929 -4.64347e-05 0 -13.544 1.49989 -6.96517e-05
-12.275 1.49999 0.999921 -4.32391e-05 0 -13.489 1.49987 -6.48582e-05
-12.225 1.49998 0.999914 -3.9486e-05 0 -13.4341 1.49985 -5.92283e-05
-12.175 1.49998 0.999907 -3.5268e-05 0 -13.3791 1.49984 -5.29011e-05
-12.125 1.49997 0.999902 -3.06807e-05 0 -13.3242 1.49982 -4.60201e-05
-12.075 1.49997 0.999899 -2.58203e-05 0 -13.2692 1.49981 -3.87296e-05
-12.025 1.49996 0.999896 -2.07818e-05 0 -13.2143 1.49981 -3.11719e-05
-11.975 1.49996 0.999895 -1.56497e-05 0 -13.1593 1.4998 -2.34739e-05
-11.925 1.49996 0.999894 -1.05447e-05 0 -13.1044 1.4998 -1.58166e-05
-11.875 1.49996 0.999895 -5.63984e-06 0 -13.0495 1.4998 -8.45952e-06
-11.825 1.49996 0.999897 -9.20159e-07 0 -12.9945 1.4998 -1.3802e-06
-11.775 1.49996 0.999901 3.53552e-06 0 -12.9396 1.49981 5.30312e-06
-11.725 1.49996 0.999905 7.63628e-06 0 -12.8846 1.49981 1.14541e-05
-11.675 1.49996 0.99991 1.13386e-05 0 -12.8297 1.49982 1.70074e-05
-11.625 1.49996 0.999916 1.45861e-05 0 -12.7747 1.49983 2.18785e-05
-11.575 1.49996 0.999922 1.73134e-05 0 -12.7198 1.49985 2.59694e-05
-11.525 1.49997 0.999929 1.94607e-05 0 -12.6648 1.49986 2.91904e-05
-11.475 1.49997 0.999937 2.09776e-05 0 -12.6099 1.49987 3.14658e-05
-11.425 1.49997 0.999945 2.18244e-05 0 -12.5549 1.49989 3.2736e-05
-11.375 1.49998 0.999953 2.19743e-05 0 -12.5 1.4999 3.29609e-05
-11.325 1.49998 0.999961 2.13983e-05 0 -12.4451 1.49992 3.2097e-05
-11.275 1.49998 0.999969 2.00647e-05 0 -12.3901 1.49993 3.00967e-05
-11.225 1.49998 0.999976 1.79508e-05 0 -12.3352 1.49995 2.69259e-05
-11.175 1.49999 0.999983 1.50451e-05 0 -12.2802 1.49996 2.25674e-05
-11.125 1.49999 0.99999 1.13458e-05 0 -12.2253 1.49997 1.70185e-05
-11.075 1.49999 0.999996 6.86109e-06 0 -12.1703 1.49998 1.02916e-05
-11.025 1.49999 1 1.61318e-06 0 -12.1154 1.49999 2.41975e-06
-10.975 1.49999 1 -4.36522e-06 0 -12.0604 1.5 -6.54779e-06
-10.925 1.49999 1.00001 -1.09913e-05 0 -12.0055 1.5 -1.64868e-05
-10.875 1.49999 1.00001 -1.82427e-05 0 -11.9505 1.5 -2.73638e-05
-10.825 1.49998 1.00001 -2.60486e-05 0 -11.8956 1.5 -3.90725e-05
-10.775 1.49998 1.00001 -3.42614e-05 0 -11.8407 1.49999 -5.13914e-05
-10.725 1.49997 1.00001 -4.28375e-05 0 -11.7857 1.49998 -6.42551e-05
-10.675 1.49997 1 -5.17112e-05 0 -11.7308 1.49997 -7.75651e-05
-10.625 1.49996 0.999996 -6.07981e-05 0 -11.6758 1.49995 -9.11946e-05
-10.575 1.49995 0.999989 -6.99977e-05 0 -11.6209 1.49993 -0.000104993
-10.525 1.49994 0.999981 -7.92012e-05 0 -11.5659 1.49991 -0.000118797
-10.475 1.49992 0.999971 -8.83007e-05 0 -11.511 1.49988 -0.000132444
-10.425 1.49991 0.99996 -9.71968e-05 0 -11.456 1.49985 -0.000145787
-10.375 1.49989 0.999948 -0.000105798 0 -11.4011 1.49982 -0.000158686
-10.325 1.49988 0.999935 -0.000114026 0 -11.3462 1.49978 -0.000171026
-10.275 1.49986 0.99992 -0.000121817 0 -11.2912 1.49974 -0.000182709
-10.225 1.49984 0.999905 -0.000129126 0 -11.2363 1.4997 -0.000193669
-10.175 1.49982 0.999888 -0.000135929 0 -11.1813 1.49965 -0.000203869
-10.125 1.4998 0.999871 -0.000142222 0 -11.1264 1.49961 -0.000213305
-10.075 1.49978 0.999854 -0.000148029 0 -11.0714 1.49956 -0.00022201
-10.025 1.49976 0.999836 -0.000153394 0 -11.0165 1.49951 -0.000230053
-9.975 1.49973 0.999817 -0.000158386 0 -10.9615 1.49946 -0.000237536
-9.925 1.49971 0.999798 -0.000163095 0 -10.9066 1.49941 -0.000244596
-9.875 1.49968 0.999779 -0.000167635 0 -10.8516 1.49935 -0.000251399
-9.825 1.49966 0.99976 -0.000172134 0 -10.7967 1.4993 -0.000258142
-9.775 1.49963 0.999741 -0.000176741 0 -10.7418 1.49924 -0.000265047
-9.725 1.4996 0.999721 -0.000181619 0 -10.6868 1.49919 -0.000272357
-9.675 1.49958 0.999701 -0.000186943 0 -10.6319 1.49913 -0.000280335
-9.625 1.49955 0.999681 -0.000192898 0 -10.5769 1.49907 -0.00028926
-9.575 1.49952 0.999661 -0.000199675 0 -10.522 1.49901 -0.000299417
-9.525 1.49949 0.99964 -0.000207472 0 -10.467 1.49895 -0.000311103
-9.475 1.49946 0.999619 -0.00021649 0 -10.4121 1.49889 -0.000324618
-9.425 1.49942 0.999597 -0.00022693 0 -10.3571 1.49882 -0.000340264
-9.375 1.49939 0.999574 -0.000238994 0 -10.3022 1.49875 -0.000358345
-9.325 1.49935 0.999551 -0.00025288 0 -10.2473 1.49868 -0.000379157
-9.275 1.49931 0.999526 -0.000268785 0 -10.1923 1.4986 -0.000402994
-9.225 1.49927 0.999499 -0.000286899 0 -10.1374 1.49852 -0.000430139
-9.175 1.49923 0.99947 -0.000307404 0 -10.0824 1.49843 -0.000460868
-9.125 1.49918 0.99944 -0.000330478 0 -10.0275 1.49834 -0.000495445
-9.075 1.49913 0.999407 -0.000356291 0 -9.97253 1.49824 -0.000534125
-9.025 1.49907 0.999371 -0.000385006 0 -9.91758 1.49813 -0.000577152
-8.975 1.49901 0.999333 -0.000416782 0 -9.86264 1.49801 -0.000624761
-8.925 1.49895 0.99929 -0.000451771 0 -9.80769 1.49788 -0.000677181
-8.875 1.49887 0.999245 -0.000490122 0 -9.75275 1.49774 -0.000734632
-8.825 1.4988 0.999194 -0.000531982 0 -9.6978 1.49759 -0.000797334
-8.775 1.49871 0.99914 -0.000577498 0 -9.64286 1.49743 -0.000865505
-8.725 1.49862 0.99908 -0.000626817 0 -9.58791 1.49725 -0.000939364
-8.675 1.49853 0.999015 -0.000680093 0 -9.53297 1.49705 -0.00101914
-8.625 1.49842 0.998944 -0.000737481 0 -9.47802 1.49684 -0.00110506
-8.575 1.49831 0.998867 -0.000799146 0 -9.42308 1.49661 -0.00119736
-8.525 1.49818 0.998783 -0.000865263 0 -9.36813 1.49636 -0.00129632
-8.475 1.49805 0.998692 -0.000936021 0 -9.31319 1.49609 -0.0014022
-8.425 1.4979 0.998593 -0.00101163 0 -9.25824 1.49579 -0.00151531
-8.375 1.49774 0.998486 -0.0010923 0 -9.2033 1.49547 -0.00163598
-8.325 1.49757 0.99837 -0.00117829 0 -9.14835 1.49513 -0.00176458
-8.275 1.49739 0.998245 -0.00126988 0 -9.09341 1.49476 -0.00190151
-8.225 1.49719 0.99811 -0.00136737 0 -9.03846 1.49436 -0.00204721
-8.175 1.49698 0.997964 -0.0014711 0 -8.98352 1.49393 -0.00220221
-8.125 1.49675 0.997807 -0.00158147 0 -8.92857 1.49347 -0.00236706
-8.075 1.4965 0.997639 -0.00169889 0 -8.87363 1.49297 -0.0025424
-8.025 1.49624 0.997458 -0.00182385 0 -8.81868 1.49243 -0.00272892
-7.975 1.49596 0.997263 -0.00195688 0 -8.76374 1.49186 -0.0029274
-7.925 1.49565 0.997055 -0.00209857 0 -8.70879 1.49125 -0.00313872
-7.875 1.49533 0.996832 -0.00224956 0 -8.65385 1.49059 -0.00336383
-7.825 1.49498 0.996593 -0.00241059 0 -8.5989 1.48988 -0.00360377
-7.775 1.4946 0.996337 -0.00258243 0 -8.54396 1.48913 -0.00385971
-7.725 1.4942 0.996063 -0.00276595 0 -8.48901 1.48832 -0.00413289
-7.675 1.49377 0.99577 -0.00296208 0 -8.43407 1.48745 -0.00442467
-7.625 1.49331 0.995457 -0.00317184 0 -8.37912 1.48653 -0.00473655
-7.575 1.49282 0.995122 -0.00339633 0 -8.32418 1.48554 -0.00507011
-7.525 1.4923 0.994764 -0.00363672 0 -8.26923 1.48448 -0.00542706
-7.475 1.49173 0.994381 -0.00389427 0 -8.21429 1.48335 -0.00580921
-7.425 1.49113 0.993972 -0.00417032 0 -8.15934 1.48214 -0.0062185
-7.375 1.49049 0.993535 -0.00446631 0 -8.1044 1.48085 -0.00665698
-7.325 1.4898 0.993067 -0.00478377 0 -8.04945 1.47947 -0.00712684
-7.275 1.48906 0.992566 -0.00512429 0 -7.99451 1.47799 -0.00763037
-7.225 1.48827 0.99203 -0.00548959 0 -7.93956 1.4764 -0.00816997
-7.175 1.48742 0.991456 -0.00588144 0 -7.88462 1.47471 -0.00874818
-7.125 1.48651 0.990841 -0.00630177 0 -7.82967 1.4729 -0.00936766
-7.075 1.48554 0.990182 -0.00675257 0 -7.77473 1.47096 -0.0100312
-7.025 1.4845 0.989477 -0.00723598 0 -7.71978 1.46888 -0.0107418
-6.975 1.48339 0.98872 -0.00775422 0 -7.66484 1.46666 -0.0115025
-6.925 1.4822 0.987909 -0.00830963 0 -7.60989 1.46427 -0.0123165
-6.875 1.48092 0.98704 -0.00890465 0 -7.55495 1.46173 -0.0131871
-6.825 1.47955 0.986107 -0.0095419 0 -7.5 1.459 -0.0141177
-6.775 1.47809 0.985106 -0.0102241 0 -7.44505 1.45607 -0.0151121
-6.725 1.47652 0.984033 -0.010954 0 -7.39011 1.45294 -0.0161739
-6.675 1.47484 0.982882 -0.0117347 0 -7.33516 1.4496 -0.0173069
-6.625 1.47305 0.981647 -0.0125692 0 -7.28022 1.44601 -0.0185151
-6.575 1.47113 0.980323 -0.0134607 0 -7.22527 1.44218 -0.0198025
-6.525 1.46908 0.978902 -0.0144127 0 -7.17033 1.43808 -0.0211733
-6.475 1.46688 0.977378 -0.0154285 0 -7.11538 1.4337 -0.0226318
-6.425 1.46454 0.975744 -0.0165119 0 -7.06044 1.42901 -0.0241822
-6.375 1.46203 0.973992 -0.0176665 0 -7.00549 1.42401 -0.0258289
-6.325 1.45936 0.972114 -0.0188961 0 -6.95055 1.41866 -0.0275761
-6.275 1.4565 0.970101 -0.0202048 0 -6.8956 1.41295 -0.0294283
-6.225 1.45345 0.967944 -0.0215967 0 -6.84066 1.40686 -0.0313898
-6.175 1.45021 0.965633 -0.0230759 0 -6.78571 1.40037 -0.0334648
-6.125 1.44674 0.963159 -0.0246466 0 -6.73077 1.39344 -0.0356573
-6.075 1.44306 0.96051 -0.0263129 0 -6.67582 1.38607 -0.037971
-6.025 1.43913 0.957675 -0.0280792 0 -6.62088 1.37822 -0.0404095
-5.975 1.43495 0.954641 -0.0299495 0 -6.56593 1.36986 -0.0429761
-5.925 1.43051 0.951397 -0.0319281 0 -6.51099 1.36098 -0.0456735
-5.875 1.42579 0.947927 -0.0340188 0 -6.45604 1.35155 -0.0485037
-5.825 1.42078 0.944219 -0.0362251 0 -6.4011 1.34153 -0.0514681
-5.775 1.41547 0.940258 -0.0385504 0 -6.34615 1.33091 -0.054567
-5.725 1.40984 0.936028 -0.0409975 0 -6.29121 1.31965 -0.0578001
-5.675 1.40388 0.931512 -0.0435691 0 -6.23626 1.30773 -0.0611658
-5.625 1.39758 0.926695 -0.0462667 0 -6.18132 1.29513 -0.0646612
-5.575 1.39092 0.921559 -0.049091 0 -6.12637 1.28181 -0.0682814
-5.525 1.38389 0.916085 -0.0520417 0 -6.07143 1.26776 -0.0720198
-5.475 1.37647 0.910256 -0.0551174 0 -6.01648 1.25294 -0.0758677
-5.425 1.36867 0.904052 -0.0583154 0 -5.96154 1.23735 -0.0798148
-5.375 1.36047 0.897454 -0.0616315 0 -5.90659 1.22096 -0.083848
-5.325 1.35186 0.890444 -0.0650592 0 -5.85165 1.20376 -0.0879512
-5.275 1.34284 0.883002 -0.0685896 0 -5.7967 1.18573 -0.092105
-5.225 1.3334 0.875108 -0.0722114 0 -5.74176 1.16687 -0.096287
-5.175 1.32354 0.866746 -0.075911 0 -5.68681 1.14718 -0.100472
-5.125 1.31327 0.857896 -0.0796717 0 -5.63187 1.12665 -0.10463
-5.075 1.30258 0.848543 -0.083473 0 -5.57692 1.10529 -0.10873
-5.025 1.29148 0.838673 -0.0872902 0 -5.52198 1.08313 -0.112733
-4.975 1.27999 0.828272 -0.0910941 0 -5.46703 1.06018 -0.116599
-4.925 1.26811 0.817329 -0.0948513 0 -5.41209 1.03646 -0.120282
-4.875 1.25587 0.805837 -0.0985244 0 -5.35714 1.01203 -0.123734
-4.825 1.2433 0.793795 -0.102071 0 -5.3022 0.986927 -0.126905
-4.775 1.23042 0.781208 -0.105443 0 -5.24725 0.961217 -0.12974
-4.725 1.21728 0.768086 -0.108586 0 -5.19231 0.934974 -0.132179
-4.675 1.20391 0.754446 -0.111441 0 -5.13736 0.908281 -0.134164
-4.625 1.19036 0.740312 -0.113943 0 -5.08242 0.881236 -0.135633
-4.575 1.17669 0.725721 -0.116026 0 -5.02747 0.853946 -0.136526
-4.525 1.16297 0.710719 -0.11762 0 -4.97253 0.826542 -0.136788
-4.475 1.14928 0.695367 -0.118647 0 -4.91758 0.799171 -0.136359
-4.425 1.13569 0.679746 -0.119028 0 -4.86264 0.771982 -0.135179
-4.375 1.12228 0.663965 -0.118687 0 -4.80769 0.745156 -0.133201
-4.325 1.10913 0.648117 -0.117557 0 -4.75275 0.718846 -0.130386
-4.275 1.09631 0.632297 -0.115565 0 -4.6978 0.693194 -0.126695
-4.225 1.08391 0.616635 -0.112644 0 -4.64286 0.66838 -0.122097
-4.175 1.07203 0.601272 -0.108744 0 -4.58791 0.644581 -0.116577
-4.125 1.06074 0.586363 -0.103827 0 -4.53297 0.621981 -0.110134
-4.075 1.05015 0.572071 -0.097874 0 -4.47802 0.600761 -0.102783
-4.025 1.04034 0.558568 -0.0908861 0 -4.42308 0.581101 -0.0945526
-3.975 1.0314 0.546029 -0.0828838 0 -4.36813 0.563173 -0.0854861
-3.925 1.0234 0.534628 -0.0739086 0 -4.31319 0.547139 -0.0756381
-3.875 1.01643 0.524529 -0.0640271 0 -4.25824 0.533145 -0.0650788
-3.825 1.01054 0.515887 -0.0533327 0 -4.2033 0.521323 -0.0538947
-3.775 1.00579 0.508839 -0.041942 0 -4.14835 0.511788 -0.042185
-3.725 1.00224 0.503504 -0.0299909 0 -4.09341 0.504634 -0.0300582
-3.675 0.999912 0.499973 -0.0176338 0 -4.03846 0.499929 -0.0176322
-3.625 0.998886 0.49831 -0.00502822 0 -3.98352 0.497755 -0.00502262
-3.575 0.99879 0.498543 0.00760474 0 -3.92857 0.49794 0.00759554
-3.525 0.999789 0.500656 0.019996 0 -3.87363 0.500551 0.0199918
-3.475 1.00243 0.504606 0.0320796 0 -3.81868 0.505832 0.0321576
-3.425 1.0064 0.510323 0.0437413 0 -3.76374 0.513589 0.0440213
-3.375 1.01148 0.517711 0.0548349 0 -3.70879 0.523655 0.0554644
-3.325 1.01765 0.526651 0.0652241 0 -3.65385 0.535947 0.0663754
-3.275 1.0249 0.537001 0.0748008 0 -3.5989 0.55037 0.076663
-3.225 1.03314 0.548607 0.0834816 0 -3.54396 0.56679 0.0862486
-3.175 1.04232 0.561302 0.0912066 0 -3.48901 0.585055 0.0950661
-3.125 1.05233 0.574917 0.097939 0 -3.43407 0.605001 0.103064
-3.075 1.0631 0.589278 0.103664 0 -3.37912 0.626459 0.110205
-3.025 1.07453 0.604219 0.108387 0 -3.32418 0.649253 0.116465
-2.975 1.08655 0.619582 0.112128 0 -3.26923 0.673204 0.121832
-2.925 1.09905 0.635219 0.114926 0 -3.21429 0.698136 0.126309
-2.875 1.11195 0.650992 0.116833 0 -3.15934 0.723872 0.129913
-2.825 1.12518 0.666775 0.117909 0 -3.1044 0.750245 0.132669
-2.775 1.13862 0.682446 0.118212 0 -3.04945 0.777048 0.134599
-2.725 1.15216 0.697889 0.117814 0 -2.99451 0.804083 0.135742
-2.675 1.16575 0.713043 0.116792 0 -2.93956 0.831231 0.136151
-2.625 1.17933 0.727855 0.115218 0 -2.88462 0.858379 0.135879
-2.575 1.19283 0.74227 0.11316 0 -2.82967 0.885402 0.13498
-2.525 1.20622 0.756241 0.110688 0 -2.77473 0.91219 0.133513
-2.475 1.21943 0.769733 0.107868 0 -2.71978 0.938635 0.131538
-2.425 1.23242 0.782719 0.104765 0 -2.66484 0.964642 0.129115
-2.375 1.24516 0.795182 0.101435 0 -2.60989 0.990128 0.126303
-2.325 1.2576 0.807112 0.0979306 0 -2.55495 1.01502 0.123157
-2.275 1.26971 0.818504 0.0942994 0 -2.5 1.03926 0.119733
-2.225 1.28147 0.829359 0.0905839 0 -2.44505 1.0628 0.116081
-2.175 1.29286 0.839682 0.0868219 0 -2.39011 1.08559 0.112249
-2.125 1.30386 0.849481 0.0830463 0 -2.33516 1.10761 0.108281
-2.075 1.31446 0.858768 0.0792853 0 -2.28022 1.12882 0.104218
-2.025 1.32465 0.867556 0.0755631 0 -2.22527 1.14921 0.100095
-1.975 1.33443 0.875861 0.0719001 0 -2.17033 1.16878 0.0959456
-1.925 1.34379 0.883699 0.0683134 0 -2.11538 1.18751 0.091799
-1.875 1.35274 0.891091 0.0648168 0 -2.06044 1.20542 0.0876803
-1.825 1.36128 0.898054 0.0614213 0 -2.00549 1.2225 0.0836116
-1.775 1.36942 0.904608 0.0581352 0 -1.95055 1.23879 0.0796114
-1.725 1.37716 0.910772 0.0549651 0 -1.8956 1.25428 0.0756956
-1.675 1.38451 0.916565 0.0519153 0 -1.84066 1.269 0.0718775
-1.625 1.39149 0.922006 0.0489888 0 -1.78571 1.28297 0.0681676
-1.575 1.39811 0.927113 0.0461869 0 -1.73077 1.29621 0.0645743
-1.525 1.40437 0.931904 0.0435098 0 -1.67582 1.30874 0.0611039
-1.475 1.4103 0.936396 0.0409567 0 -1.62088 1.3206 0.0577611
-1.425 1.41589 0.940606 0.0385262 0 -1.56593 1.3318 0.0545489
-1.375 1.42117 0.94455 0.0362159 0 -1.51099 1.34237 0.0514691
-1.325 1.42616 0.948242 0.0340231 0 -1.45604 1.35234 0.0485222
-1.275 1.43085 0.951699 0.0319444 0 -1.4011 1.36174 0.0457077
-1.225 1.43527 0.954933 0.0299764 0 -1.34615 1.37059 0.0430243
-1.175 1.43943 0.957957 0.0281153 0 -1.29121 1.37891 0.0404701
-1.125 1.44334 0.960785 0.0263571 0 -1.23626 1.38674 0.0380423
-1.075 1.44702 0.963429 0.0246977 0 -1.18132 1.3941 0.035738
-1.025 1.45047 0.965899 0.023133 0 -1.12637 1.40101 0.0335537
-0.975 1.45371 0.968206 0.0216588 0 -1.07143 1.40749 0.0314856
-0.925 1.45675 0.970361 0.020271 0 -1.01648 1.41357 0.0295298
-0.875 1.4596 0.972373 0.0189656 0 -0.961538 1.41928 0.0276823
-0.825 1.46227 0.974251 0.0177386 0 -0.906593 1.42462 0.0259387
-0.775 1.46477 0.976003 0.0165861 0 -0.851648 1.42962 0.0242948
-0.725 1.46712 0.977639 0.0155042 0 -0.796703 1.43431 0.0227464
-0.675 1.46931 0.979164 0.0144892 0 -0.741758 1.43869 0.0212892
-0.625 1.47136 0.980587 0.0135377 0 -0.686813 1.4428 0.0199189
-0.575 1.47328 0.981914 0.0126462 0 -0.631868 1.44664 0.0186315
-0.525 1.47508 0.983152 0.0118114 0 -0.576923 1.45022 0.0174228
-0.475 1.47676 0.984306 0.0110301 0 -0.521978 1.45358 0.0162888
-0.425 1.47833 0.985382 0.0102993 0 -0.467033 1.45672 0.0152258
-0.375 1.47979 0.986385 0.00961607 0 -0.412088 1.45965 0.0142298
-0.325 1.48116 0.987321 0.00897755 0 -0.357143 1.46238 0.0132972
-0.275 1.48245 0.988194 0.00838111 0 -0.302198 1.46494 0.0124245
-0.225 1.48364 0.989008 0.00782417 0 -0.247253 1.46733 0.0116083
-0.175 1.48476 0.989767 0.00730429 0 -0.192308 1.46957 0.0108451
-0.125 1.48581 0.990476 0.00681913 0 -0.137363 1.47165 0.0101319
-0.075 1.48678 0.991137 0.00636646 0 -0.0824176 1.4736 0.00946553
-0.025 1.48769 0.991754 0.00594413 0 -0.0274725 1.47543 0.00884305
0.025 1.48855 0.992329 0.00555014 0 0.0274725 1.47713 0.00826164
0.075 1.48934 0.992867 0.00518257 0 0.0824176 1.47872 0.00771861
0.125 1.49008 0.993369 0.00483959 0 0.137363 1.4802 0.0072114
0.175 1.49078 0.993838 0.0045195 0 0.192308 1.48159 0.00673758
0.225 1.49143 0.994276 0.00422069 0 0.247253 1.48289 0.00629485
0.275 1.49203 0.994686 0.00394163 0 0.302198 1.48411 0.00588105
0.325 1.4926 0.995068 0.00368091 0 0.357143 1.48524 0.00549413
0.375 1.49313 0.995426 0.00343721 0 0.412088 1.4863 0.0051322
0.425 1.49363 0.99576 0.00320928 0 0.467033 1.48729 0.00479347
0.475 1.49409 0.996072 0.002996 0 0.521978 1.48822 0.00447629
0.525 1.49452 0.996363 0.0027963 0 0.576923 1.48908 0.00417913
0.575 1.49492 0.996636 0.00260923 0 0.631868 1.48989 0.00390059
0.625 1.4953 0.99689 0.0024339 0 0.686813 1.49065 0.0036394
0.675 1.49565 0.997127 0.0022695 0 0.741758 1.49135 0.00339437
0.725 1.49597 0.997348 0.00211533 0 0.796703 1.49201 0.00316447
0.775 1.49628 0.997554 0.00197072 0 0.851648 1.49262 0.00294874
0.825 1.49656 0.997746 0.00183509 0 0.906593 1.49319 0.00274633
0.875 1.49683 0.997925 0.00170793 0 0.961538 1.49372 0.00255647
0.925 1.49707 0.998091 0.00158876 0 1.01648 1.49421 0.00237848
0.975 1.4973 0.998245 0.00147715 0 1.07143 1.49467 0.00221173
1.025 1.49751 0.998388 0.00137272 0 1.12637 1.4951 0.00205567
1.075 1.49771 0.99852 0.00127514 0 1.18132 1.49549 0.00190978
1.125 1.49789 0.998643 0.00118406 0 1.23626 1.49586 0.00177359
1.175 1.49806 0.998756 0.0010992 0 1.29121 1.4962 0.00164667
1.225 1.49822 0.998861 0.00102026 0 1.34615 1.49651 0.00152858
1.275 1.49837 0.998958 0.000946984 0 1.4011 1.49681 0.00141893
1.325 1.4985 0.999047 0.0008791 0 1.45604 1.49708 0.00131733
1.375 1.49863 0.99913 0.000816348 0 1.51099 1.49733 0.0012234
1.425 1.49875 0.999206 0.00075847 0 1.56593 1.49756 0.00113676
1.475 1.49886 0.999277 0.000705205 0 1.62088 1.49777 0.001057
1.525 1.49896 0.999343 0.00065629 0 1.67582 1.49797 0.000983752
1.575 1.49905 0.999403 0.000611458 0 1.73077 1.49816 0.000916609
1.625 1.49914 0.99946 0.000570439 0 1.78571 1.49833 0.00085517
1.675 1.49922 0.999513 0.00053296 0 1.84066 1.49849 0.000799027
1.725 1.4993 0.999562 0.000498746 0 1.8956 1.49865 0.00074777
1.775 1.49937 0.999609 0.00046752 0 1.95055 1.49879 0.000700987
1.825 1.49944 0.999653 0.000439007 0 2.00549 1.49892 0.000658265
1.875 1.49951 0.999694 0.000412935 0 2.06044 1.49905 0.000619198
1.925 1.49957 0.999734 0.000389036 0 2.11538 1.49917 0.000583386
1.975 1.49962 0.999771 0.000367052 0 2.17033 1.49928 0.00055044
2.025 1.49968 0.999807 0.000346734 0 2.22527 1.49939 0.000519988
2.075 1.49973 0.999841 0.000327846 0 2.28022 1.49949 0.000491679
2.125 1.49977 0.999874 0.000310169 0 2.33516 1.49958 0.000465183
2.175 1.49982 0.999905 0.000293498 0 2.39011 1.49968 0.000440194
2.225 1.49986 0.999935 0.000277649 0 2.44505 1.49976 0.000416435
2.275 1.4999 0.999964 0.000262455 0 2.5 1.49985 0.000393657
2.325 1.49994 0.999991 0.00024777 0 2.55495 1.49993 0.00037164
2.375 1.49998 1.00002 0.000233469 0 2.60989 1.5 0.000350198
2.425 1.50001 1.00004 0.000219453 0 2.66484 1.50007 0.000329181
2.475 1.50004 1.00007 0.000205643 0 2.71978 1.50014 0.000308473
2.525 1.50007 1.00009 0.00019199 0 2.77473 1.5002 0.000287998
2.575 1.5001 1.00011 0.000178465 0 2.82967 1.50026 0.000267715
2.625 1.50012 1.00013 0.000165066 0 2.88462 1.50031 0.00024762
2.675 1.50015 1.00014 0.000151811 0 2.93956 1.50036 0.000227739
2.725 1.50017 1.00016 0.000138739 0 2.99451 1.50041 0.000208133
2.775 1.50019 1.00017 0.000125908 0 3.04945 1.50045 0.000188885
2.825 1.50021 1.00018 0.000113389 0 3.1044 1.50048 0.000170107
2.875 1.50022 1.00019 0.000101268 0 3.15934 1.50052 0.000151924
2.925 1.50024 1.0002 8.96363e-05 0 3.21429 1.50054 0.000134476
2.975 1.50025 1.00021 7.85921e-05 0 3.26923 1.50057 0.000117908
3.025 1.50026 1.00022 6.82325e-05 0 3.32418 1.50059 0.000102367
3.075 1.50027 1.00022 5.86515e-05 0 3.37912 1.50061 8.79932e-05
3.125 1.50028 1.00023 4.99341e-05 0 3.43407 1.50062 7.49151e-05
3.175 1.50029 1.00023 4.21516e-05 0 3.48901 1.50063 6.32395e-05
3.225 1.50029 1.00023 3.53574e-05 0 3.54396 1.50064 5.30464e-05
3.275 1.5003 1.00023 2.95846e-05 0 3.5989 1.50065 4.43857e-05
3.325 1.5003 1.00024 2.48454e-05 0 3.65385 1.50065 3.72755e-05
3.375 1.5003 1.00024 2.11296e-05 0 3.70879 1.50066 3.17008e-05
3.425 1.50031 1.00024 1.8403e-05 0 3.76374 1.50066 2.76102e-05
3.475 1.50031 1.00024 1.66046e-05 0 3.81868 1.50067 2.49121e-05
3.525 1.50031 1.00024 1.56431e-05 0 3.87363 1.50067 2.34695e-05
3.575 1.50031 1.00024 1.54096e-05 0 3.92857 1.50067 2.31193e-05
3.625 1.50032 1.00024 1.57857e-05 0 3.98352 1.50068 2.36835e-05
3.675 1.50032 1.00024 1.66348e-05 0 4.03846 1.50068 2.49575e-05
3.725 1.50032 1.00024 1.78188e-05 0 4.09341 1.50069 2.67339e-05
3.775 1.50032 1.00024 1.91936e-05 0 4.14835 1.50069 2.87966e-05
3.825 1.50033 1.00025 2.06125e-05 0 4.2033 1.5007 3.09254e-05
3.875 1.50033 1.00025 2.19321e-05 0 4.25824 1.5007 3.29054e-05
3.925 1.50033 1.00025 2.30214e-05 0 4.31319 1.50071 3.45398e-05
3.975 1.50034 1.00026 2.37653e-05 0 4.36813 1.50072 3.5656e-05
4.025 1.50034 1.00026 2.40644e-05 0 4.42308 1.50073 3.61048e-05
4.075 1.50034 1.00026 2.38313e-05 0 4.47802 1.50074 3.57551e-05
4.125 1.50035 1.00027 2.29905e-05 0 4.53297 1.50075 3.44938e-05
4.175 1.50035 1.00027 2.14845e-05 0 4.58791 1.50076 3.22342e-05
4.225 1.50035 1.00027 1.92907e-05 0 4.64286 1.50076 2.89429e-05
4.275 1.50036 1.00028 1.64134e-05 0 4.6978 1.50077 2.4626e-05
4.325 1.50036 1.00028 1.28794e-05 0 4.75275 1.50078 1.93238e-05
4.375 1.50036 1.00028 8.73554e-06 0 4.80769 1.50078 1.31065e-05
4.425 1.50036 1.00028 4.05242e-06 0 4.86264 1.50078 6.08008e-06
4.475 1.50036 1.00028 -1.07477e-06 0 4.91758 1.50078 -1.61254e-06
4.525 1.50036 1.00028 -6.47449e-06 0 4.97253 1.50078 -9.71406e-06
4.575 1.50036 1.00028 -1.20412e-05 0 5.02747 1.50078 -1.80662e-05
4.625 1.50036 1.00028 -1.77271e-05 0 5.08242 1.50077 -2.6597e-05
4.675 1.50035 1.00028 -2.34333e-05 0 5.13736 1.50077 -3.51583e-05
4.725 1.50035 1.00027 -2.90373e-05 0 5.19231 1.50076 -4.35661e-05
4.775 1.50035 1.00027 -3.44261e-05 0 5.24725 1.50074 -5.1651e-05
4.825 1.50034 1.00026 -3.95041e-05 0 5.3022 1.50073 -5.92695e-05
4.875 1.50033 1.00025 -4.41879e-05 0 5.35714 1.50071 -6.62965e-05
4.925 1.50033 1.00025 -4.84046e-05 0 5.41209 1.5007 -7.26226e-05
4.975 1.50032 1.00024 -5.20952e-05 0 5.46703 1.50068 -7.81595e-05
5.025 1.50031 1.00023 -5.52171e-05 0 5.52198 1.50066 -8.28427e-05
5.075 1.5003 1.00022 -5.77422e-05 0 5.57692 1.50063 -8.66307e-05
5.125 1.50029 1.00021 -5.96564e-05 0 5.63187 1.50061 -8.95021e-05
5.175 1.50028 1.0002 -6.09574e-05 0 5.68681 1.50059 -9.14534e-05
5.225 1.50027 1.00019 -6.16564e-05 0 5.74176 1.50057 -9.25015e-05
5.275 1.50026 1.00019 -6.17859e-05 0 5.7967 1.50054 -9.26952e-05
5.325 1.50026 1.00018 -6.13976e-05 0 5.85165 1.50052 -9.2112e-05
5.375 1.50025 1.00017 -6.05618e-05 0 5.90659 1.5005 -9.08576e-05
5.425 1.50024 1.00016 -5.93524e-05 0 5.96154 1.50048 -8.90427e-05
5.475 1.50023 1.00016 -5.78584e-05 0 6.01648 1.50046 -8.68008e-05
5.525 1.50022 1.00015 -5.61758e-05 0 6.07143 1.50044 -8.4276e-05
5.575 1.50021 1.00014 -5.44021e-05 0 6.12637 1.50043 -8.16147e-05
5.625 1.5002 1.00014 -5.26364e-05 0 6.18132 1.50041 -7.89653e-05
5.675 1.5002 1.00013 -5.09799e-05 0 6.23626 1.5004 -7.64798e-05
5.725 1.50019 1.00013 -4.95271e-05 0 6.29121 1.50038 -7.43e-05
5.775 1.50018 1.00013 -4.83617e-05 0 6.34615 1.50037 -7.25513e-05
5.825 1.50017 1.00012 -4.75565e-05 0 6.4011 1.50036 -7.13431e-05
5.875 1.50017 1.00012 -4.71718e-05 0 6.45604 1.50035 -7.07656e-05
5.925 1.50016 1.00011 -4.72353e-05 0 6.51099 1.50033 -7.08605e-05
5.975 1.50015 1.00011 -4.77529e-05 0 6.56593 1.50032 -7.16366e-05
6.025 1.50015 1.00011 -4.87312e-05 0 6.62088 1.50031 -7.31038e-05
6.075 1.50014 1.0001 -5.01576e-05 0 6.67582 1.50029 -7.52433e-05
6.125 1.50013 1.0001 -5.20064e-05 0 6.73077 1.50028 -7.80164e-05
6.175 1.50012 1.00009 -5.42373e-05 0 6.78571 1.50026 -8.13627e-05
6.225 1.50011 1.00008 -5.67978e-05 0 6.84066 1.50024 -8.52032e-05
6.275 1.50011 1.00008 -5.9624e-05 0 6.8956 1.50022 -8.94424e-05
6.325 1.5001 1.00007 -6.2641e-05 0 6.95055 1.5002 -9.39676e-05
6.375 1.50009 1.00006 -6.57637e-05 0 7.00549 1.50018 -9.86513e-05
6.425 1.50008 1.00005 -6.88991e-05 0 7.06044 1.50015 -0.000103354
6.475 1.50007 1.00004 -7.19469e-05 0 7.11538 1.50012 -0.000107925
6.525 1.50005 1.00003 -7.48028e-05 0 7.17033 1.50009 -0.000112208
6.575 1.50004 1.00001 -7.73605e-05 0 7.22527 1.50006 -0.000116044
6.625 1.50003 1 -7.952e-05 0 7.28022 1.50003 -0.000119282
6.675 1.50002 0.999988 -8.11946e-05 0 7.33516 1.5 -0.000121793
6.725 1.50001 0.999975 -8.23115e-05 0 7.39011 1.49997 -0.000123468
6.775 1.49999 0.999962 -8.28087e-05 0 7.44505 1.49994 -0.000124213
6.825 1.49998 0.999949 -8.26351e-05 0 7.5 1.49991 -0.000123951
6.875 1.49997 0.999936 -8.17782e-05 0 7.55495 1.49987 -0.000122665
6.925 1.49996 0.999924 -8.0238e-05 0 7.60989 1.49984 -0.000120354
6.975 1.49995 0.999912 -7.80379e-05 0 7.66484 1.49981 -0.000117053
7.025 1.49993 0.9999 -7.52201e-05 0 7.71978 1.49979 -0.000112825
7.075 1.49992 0.99989 -7.18469e-05 0 7.77473 1.49976 -0.000107765
7.125 1.49991 0.99988 -6.79957e-05 0 7.82967 1.49973 -0.000101988
7.175 1.4999 0.999872 -6.37558e-05 0 7.88462 1.49971 -9.56276e-05
7.225 1.49989 0.999864 -5.92254e-05 0 7.93956 1.49969 -8.88318e-05
7.275 1.49989 0.999857 -5.45081e-05 0 7.99451 1.49967 -8.1756e-05
7.325 1.49988 0.999851 -4.97089e-05 0 8.04945 1.49966 -7.45573e-05
7.375 1.49987 0.999846 -4.49308e-05 0 8.1044 1.49964 -6.73904e-05
7.425 1.49986 0.999842 -4.02738e-05 0 8.15934 1.49963 -6.04053e-05
7.475 1.49986 0.999839 -3.58304e-05 0 8.21429 1.49962 -5.37406e-05
7.525 1.49985 0.999837 -3.16822e-05 0 8.26923 1.49961 -4.75186e-05
7.575 1.49985 0.999835 -2.78951e-05 0 8.32418 1.4996 -4.18385e-05
7.625 1.49985 0.999834 -2.45154e-05 0 8.37912 1.4996 -3.67694e-05
7.675 1.49984 0.999833 -2.15664e-05 0 8.43407 1.49959 -3.23462e-05
7.725 1.49984 0.999832 -1.9048e-05 0 8.48901 1.49959 -2.85689e-05
7.775 1.49984 0.999832 -1.69382e-05 0 8.54396 1.49958 -2.54045e-05
7.825 1.49983 0.999832 -1.51951e-05 0 8.5989 1.49958 -2.27901e-05
7.875 1.49983 0.999832 -1.37594e-05 0 8.65385 1.49958 -2.06367e-05
7.925 1.49983 0.999832 -1.2554e-05 0 8.70879 1.49958 -1.88289e-05
7.975 1.49983 0.999832 -1.14936e-05 0 8.76374 1.49958 -1.72385e-05
8.025 1.49983 0.999831 -1.04886e-05 0 8.81868 1.49957 -1.57311e-05
8.075 1.49983 0.999831 -9.44641e-06 0 8.87363 1.49957 -1.4168e-05
8.125 1.49982 0.99983 -8.27487e-06 0 8.92857 1.49957 -1.24108e-05
8.175 1.49982 0.999829 -6.88312e-06 0 8.98352 1.49957 -1.03235e-05
8.225 1.49982 0.999829 -5.18527e-06 0 9.03846 1.49956 -7.77698e-06
8.275 1.49982 0.999828 -3.10587e-06 0 9.09341 1.49956 -4.65825e-06
8.325 1.49982 0.999827 -5.84694e-07 0 9.14835 1.49956 -8.76936e-07
8.375 1.49982 0.999826 2.42121e-06 0 9.2033 1.49956 3.63138e-06
8.425 1.49982 0.999825 5.91149e-06 0 9.25824 1.49956 8.86618e-06
8.475 1.49982 0.999824 9.89154e-06 0 9.31319 1.49956 1.48356e-05
8.525 1.49982 0.999824 1.43499e-05 0 9.36813 1.49956 2.15223e-05
8.575 1.49983 0.999824 1.92366e-05 0 9.42308 1.49956 2.88516e-05
8.625 1.49983 0.999825 2.44954e-05 0 9.47802 1.49957 3.67389e-05
8.675 1.49983 0.999827 3.00646e-05 0 9.53297 1.49957 4.5092e-05
8.725 1.49984 0.999829 3.5855e-05 0 9.58791 1.49958 5.37768e-05
8.775 1.49985 0.999832 4.17625e-05 0 9.64286 1.49959 6.26374e-05
8.825 1.49985 0.999836 4.76735e-05 0 9.6978 1.49961 7.15032e-05
8.875 1.49986 0.999841 5.3468e-05 0 9.75275 1.49962 8.01944e-05
8.925 1.49987 0.999847 5.90274e-05 0 9.80769 1.49964 8.85334e-05
8.975 1.49988 0.999854 6.42372e-05 0 9.86264 1.49966 9.63479e-05
9.025 1.49989 0.999862 6.899e-05 0 9.91758 1.49968 0.000103477
9.075 1.4999 0.999871 7.31915e-05 0 9.97253 1.4997 0.00010978
9.125 1.49991 0.99988 7.67665e-05 0 10.0275 1.49973 0.000115143
9.175 1.49992 0.999891 7.96612e-05 0 10.0824 1.49976 0.000119486
9.225 1.49993 0.999902 8.18406e-05 0 10.1374 1.49979 0.000122755
9.275 1.49995 0.999914 8.32858e-05 0 10.1923 1.49982 0.000124924
9.325 1.49996 0.999926 8.39948e-05 0 10.2473 1.49985 0.000125989
9.375 1.49997 0.999938 8.39799e-05 0 10.3022 1.49988 0.000125968
9.425 1.49998 0.999951 8.32734e-05 0 10.3571 1.49991 0.000124909
9.475 1.5 0.999964 8.19086e-05 0 10.4121 1.49994 0.000122863
9.525 1.50001 0.999976 7.99393e-05 0 10.467 1.49997 0.00011991
9.575 1.50002 0.999988 7.74404e-05 0 10.522 1.5 0.000116162
9.625 1.50003 1 7.44965e-05 0 10.5769 1.50003 0.000111747
9.675 1.50004 1.00001 7.11992e-05 0 10.6319 1.50006 0.000106802
9.725 1.50005 1.00002 6.76455e-05 0 10.6868 1.50009 0.000101472
9.775 1.50006 1.00003 6.39332e-05 0 10.7418 1.50011 9.59039e-05
9.825 1.50007 1.00004 6.01563e-05 0 10.7967 1.50014 9.02389e-05
9.875 1.50008 1.00005 5.64022e-05 0 10.8516 1.50016 8.46078e-05
9.925 1.50009 1.00006 5.27488e-05 0 10.9066 1.50018 7.9128e-05
9.975 1.5001 1.00007 4.92593e-05 0 10.9615 1.5002 7.38937e-05
10.025 1.5001 1.00007 4.59798e-05 0 11.0165 1.50021 6.89745e-05
10.075 1.50011 1.00008 4.29406e-05 0 11.0714 1.50023 6.44157e-05
10.125 1.50012 1.00008 4.01565e-05 0 11.1264 1.50024 6.02395e-05
10.175 1.50012 1.00009 3.76269e-05 0 11.1813 1.50026 5.6445e-05
10.225 1.50013 1.00009 3.53367e-05 0 11.2363 1.50027 5.30096e-05
10.275 1.50013 1.0001 3.32584e-05 0 11.2912 1.50028 4.9892e-05
10.325 1.50014 1.0001 3.13543e-05 0 11.3462 1.50029 4.70358e-05
10.375 1.50014 1.00011 2.95773e-05 0 11.4011 1.5003 4.43702e-05
10.425 1.50015 1.00011 2.78711e-05 0 11.456 1.50031 4.18107e-05
10.475 1.50015 1.00011 2.61714e-05 0 11.511 1.50032 3.9261e-05
10.525 1.50015 1.00012 2.44103e-05 0 11.5659 1.50033 3.66192e-05
10.575 1.50016 1.00012 2.2519e-05 0 11.6209 1.50034 3.37821e-05
10.625 1.50016 1.00013 2.0433e-05 0 11.6758 1.50035 3.06528e-05
10.675 1.50016 1.00013 1.80945e-05 0 11.7308 1.50036 2.71447e-05
10.725 1.50017 1.00013 1.54541e-05 0 11.7857 1.50037 2.31837e-05
10.775 1.50017 1.00014 1.24716e-05 0 11.8407 1.50037 1.87095e-05
10.825 1.50017 1.00014 9.11794e-06 0 11.8956 1.50038 1.36785e-05
10.875 1.50017 1.00014 5.37721e-06 0 11.9505 1.50038 8.06674e-06
10.925 1.50017 1.00014 1.24885e-06 0 12.0055 1.50038 1.87349e-06
10.975 1.50017 1.00014 -3.26598e-06 0 12.0604 1.50039 -4.89954e-06
11.025 1.50017 1.00014 -8.07138e-06 0 12.1154 1.50038 -1.21085e-05
11.075 1.50017 1.00014 -1.31406e-05 0 12.1703 1.50038 -1.97131e-05
11.125 1.50017 1.00014 -1.84908e-05 0 12.2253 1.50037 -2.77394e-05
11.175 1.50016 1.00013 -2.40923e-05 0 12.2802 1.50037 -3.61424e-05
11.225 1.50016 1.00013 -2.9884e-05 0 12.3352 1.50035 -4.48307e-05
11.275 1.50015 1.00012 -3.57871e-05 0 12.3901 1.50034 -5.36862e-05
11.325 1.50015 1.00012 -4.17151e-05 0 12.4451 1.50032 -6.25788e-05
11.375 1.50014 1.00011 -4.75754e-05 0 12.5 1.5003 -7.13698e-05
11.425 1.50013 1.0001 -5.32685e-05 0 12.5549 1.50028 -7.99099e-05
11.475 1.50013 1.00009 -5.86907e-05 0 12.6099 1.50026 -8.80434e-05
11.525 1.50012 1.00008 -6.37381e-05 0 12.6648 1.50023 -9.56145e-05
11.575 1.50011 1.00007 -6.83121e-05 0 12.7198 1.50021 -0.000102475
11.625 1.5001 1.00005 -7.23226e-05 0 12.7747 1.50018 -0.000108491
11.675 1.50008 1.00004 -7.56906e-05 0 12.8297 1.50015 -0.000113542
11.725 1.50007 1.00003 -7.83546e-05 0 12.8846 1.50012 -0.000117538
11.775 1.50006 1.00002 -8.02761e-05 0 12.9396 1.50009 -0.000120419
11.825 1.50005 1 -8.1436e-05 0 12.9945 1.50006 -0.000122158
11.875 1.50004 0.999991 -8.18334e-05 0 13.0495 1.50002 -0.000122753
11.925 1.50003 0.999979 -8.14998e-05 0 13.1044 1.49999 -0.000122252
11.975 1.50001 0.999967 -8.04958e-05 0 13.1593 1.49996 -0.000120745
12.025 1.5 0.999956 -7.88734e-05 0 13.2143 1.49994 -0.00011831
12.075 1.49999 0.999945 -7.66941e-05 0 13.2692 1.49991 -0.00011504
12.125 1.49998 0.999936 -7.4028e-05 0 13.3242 1.49988 -0.00011104
12.175 1.49997 0.999927 -7.09504e-05 0 13.3791 1.49986 -0.000106423
12.225 1.49996 0.999919 -6.75367e-05 0 13.4341 1.49984 -0.000101302
12.275 1.49995 0.999912 -6.38613e-05 0 13.489 1.49981 -9.57886e-05
12.325 1.49994 0.999905 -5.99968e-05 0 13.544 1.4998 -8.99914e-05
12.375 1.49993 0.999899 -5.60115e-05 0 13.5989 1.49978 -8.40134e-05
12.425 1.49992 0.999894 -5.1965e-05 0 13.6538 1.49976 -7.79435e-05
12.475 1.49991 0.99989 -4.79037e-05 0 13.7088 1.49975 -7.18514e-05
12.525 1.49991 0.999886 -4.38603e-05 0 13.7637 1.49974 -6.57863e-05
12.575 1.4999 0.999883 -3.98559e-05 0 13.8187 1.49973 -5.97799e-05
12.625 1.4999 0.99988 -3.59011e-05 0 13.8736 1.49972 -5.3848e-05
12.675 1.49989 0.999877 -3.19974e-05 0 13.9286 1.49971 -4.79926e-05
12.725 1.49989 0.999875 -2.8137e-05 0 13.9835 1.4997 -4.22024e-05
12.775 1.49988 0.999873 -2.43037e-05 0 14.0385 1.49969 -3.64527e-05
12.825 1.49988 0.999871 -2.04739e-05 0 14.0934 1.49969 -3.07084e-05
12.875 1.49988 0.999869 -1.66197e-05 0 14.1484 1.49968 -2.49276e-05
12.925 1.49988 0.999868 -1.27093e-05 0 14.2033 1.49968 -1.90624e-05
12.975 1.49988 0.999867 -8.70826e-06 0 14.2582 1.49968 -1.30613e-05
13.025 1.49987 0.999866 -4.58141e-06 0 14.3132 1.49967 -6.87155e-06
13.075 1.49987 0.999865 -2.94305e-07 0 14.3681 1.49967 -4.41421e-07
13.125 1.49987 0.999865 4.15964e-06 0 14.4231 1.49967 6.23894e-06
13.175 1.49988 0.999866 8.74032e-06 0 14.478 1.49967 1.31094e-05
13.225 1.49988 0.999867 1.34934e-05 0 14.533 1.49968 2.02384e-05
13.275 1.49988 0.999868 1.84516e-05 0 14.5879 1.49968 2.76752e-05
13.325 1.49988 0.999871 2.36149e-05 0 14.6429 1.49969 3.54196e-05
13.375 1.49989 0.999874 2.89519e-05 0 14.6978 1.4997 4.34246e-05
13.425 1.49989 0.999878 3.44143e-05 0 14.7527 1.49971 5.16178e-05
13.475 1.4999 0.999882 3.99451e-05 0 14.8077 1.49972 5.99135e-05
13.525 1.4999 0.999888 4.54756e-05 0 14.8626 1.49974 6.8209e-05
13.575 1.49991 0.999895 5.09207e-05 0 14.9176 1.49975 7.63765e-05
13.625 1.49992 0.999902 5.61804e-05 0 14.9725 1.49977 8.42662e-05
13.675 1.49993 0.99991 6.11431e-05 0 15.0275 1.4998 9.17104e-05
13.725 1.49994 0.999919 6.56926e-05 0 15.0824 1.49982 9.8535e-05
13.775 1.49995 0.999929 6.9714e-05 0 15.1374 1.49985 0.000104568
13.825 1.49996 0.99994 7.30978e-05 0 15.1923 1.49987 0.000109644
13.875 1.49998 0.999951 7.57445e-05 0 15.2473 1.4999 0.000113615
13.925 1.49999 0.999962 7.75693e-05 0 15.3022 1.49993 0.000116353
13.975 1.5 0.999974 7.85035e-05 0 15.3571 1.49996 0.000117755
14.025 1.50001 0.999985 7.84971e-05 0 15.4121 1.49999 0.000117747
14.075 1.50003 0.999997 7.75023e-05 0 15.467 1.50002 0.000116255
14.125 1.50004 1.00001 7.5488e-05 0 15.522 1.50005 0.000113235
14.175 1.50005 1.00002 7.24669e-05 0 15.5769 1.50008 0.000108704
14.225 1.50006 1.00003 6.84785e-05 0 15.6319 1.50011 0.000102722
14.275 1.50007 1.00004 6.35842e-05 0 15.6868 1.50013 9.53809e-05
14.325 1.50008 1.00005 5.78642e-05 0 15.7418 1.50016 8.68011e-05
14.375 1.50009 1.00006 5.14153e-05 0 15.7967 1.50018 7.71276e-05
14.425 1.5001 1.00007 4.43473e-05 0 15.8516 1.5002 6.65253e-05
14.475 1.50011 1.00008 3.67773e-05 0 15.9066 1.50022 5.51698e-05
14.525 1.50011 1.00008 2.88243e-05 0 15.9615 1.50024 4.32396e-05
14.575 1.50012 1.00009 2.06058e-05 0 16.0165 1.50025 3.09112e-05
14.625 1.50012 1.00009 1.22352e-05 0 16.0714 1.50026 1.83542e-05
14.675 1.50013 1.0001 3.81858e-06 0 16.1264 1.50027 5.72835e-06
14.725 1.50013 1.0001 -4.54484e-06 0 16.1813 1.50028 -6.81785e-06
14.775 1.50013 1.0001 -1.2765e-05 0 16.2363 1.50028 -1.91492e-05
14.825 1.50013 1.0001 -2.07669e-05 0 16.2912 1.50029 -3.1153e-05
14.875 1.50013 1.0001 -2.84652e-05 0 16.3462 1.50029 -4.27014e-05
14.925 1.50013 1.0001 -3.57922e-05 0 16.4011 1.50028 -5.36928e-05
14.975 1.50013 1.0001 -4.2757e-05 0 16.456 1.50028 -6.41409e-05
15.025 1.50012 1.0001 -4.94219e-05 0 16.511 1.50028 -7.41388e-05
15.075 1.50012 1.0001 -5.58315e-05 0 16.5659 1.50027 -8.37538e-05
15.125 1.50011 1.0001 -6.20081e-05 0 16.6209 1.50026 -9.30191e-05
15.175 1.50011 1.0001 -6.79782e-05 0 16.6758 1.50025 -0.000101975
15.225 1.5001 1.00009 -7.37812e-05 0 16.7308 1.50024 -0.000110679
15.275 1.50009 1.00009 -7.94631e-05 0 16.7857 1.50023 -0.000119202
15.325 1.50009 1.00009 -8.50673e-05 0 16.8407 1.50021 -0.000127608
15.375 1.50008 1.00008 -9.06307e-05 0 16.8956 1.5002 -0.000135953
15.425 1.50007 1.00008 -9.61816e-05 0 16.9505 1.50018 -0.000144279
15.475 1.50006 1.00007 -0.000101736 0 17.0055 1.50017 -0.000152611
15.525 1.50005 1.00006 -0.000107297 0 17.0604 1.50015 -0.000160951
15.575 1.50004 1.00006 -0.000112848 0 17.1154 1.50013 -0.000169276
15.625 1.50003 1.00005 -0.00011836 0 17.1703 1.50011 -0.000177544
15.675 1.50002 1.00004 -0.000123791 0 17.2253 1.50008 -0.00018569
15.725 1.50001 1.00003 -0.000129088 0 17.2802 1.50006 -0.000193634
15.775 1.5 1.00002 -0.000134185 0 17.3352 1.50004 -0.000201278
15.825 1.49999 1.00001 -0.000138993 0 17.3901 1.50001 -0.000208488
15.875 1.49998 1 -0.000143405 0 17.4451 1.49999 -0.000215106
15.925 1.49997 0.999991 -0.000147313 0 17.5 1.49996 -0.000220966
15.975 1.49997 0.999981 -0.000150606 0 17.5549 1.49994 -0.000225904
16.025 1.49996 0.99997 -0.000153172 0 17.6099 1.49991 -0.000229752
16.075 1.49995 0.999958 -0.000154903 0 17.6648 1.49989 -0.000232347
16.125 1.49994 0.999947 -0.000155692 0 17.7198 1.49986 -0.000233529
16.175 1.49994 0.999936 -0.000155435 0 17.7747 1.49984 -0.000233142
16.225 1.49993 0.999926 -0.000154051 0 17.8297 1.49982 -0.000231066
16.275 1.49993 0.999916 -0.000151455 0 17.8846 1.4998 -0.000227172
16.325 1.49992 0.999906 -0.00014758 0 17.9396 1.49978 -0.000221358
16.375 1.49992 0.999897 -0.000142381 0 17.9945 1.49977 -0.00021356
16.425 1.49992 0.999889 -0.000135858 0 18.0495 1.49976 -0.000203776
16.475 1.49992 0.999882 -0.00012808 0 18.1044 1.49975 -0.000192111
16.525 1.49993 0.999876 -0.000119 0 18.1593 1.49974 -0.000178492
16.575 1.49994 0.99987 -0.000108536 0 18.2143 1.49974 -0.000162797
16.625 1.49995 0.999866 -9.6653e-05 0 18.2692 1.49975 -0.000144974
16.675 1.49996 0.999864 -8.33795e-05 0 18.3242 1.49975 -0.000125066
16.725 1.49997 0.999862 -6.87679e-05 0 18.3791 1.49977 -0.00010315
16.775 1.49999 0.999862 -5.28934e-05 0 18.4341 1.49978 -7.93395e-05
16.825 1.50001 0.999863 -3.58427e-05 0 18.489 1.4998 -5.37643e-05
16.875 1.50003 0.999865 -1.75869e-05 0 18.544 1.49982 -2.63808e-05
16.925 1.50005 0.999868 1.8826e-06 0 18.5989 1.49985 2.82399e-06
16.975 1.50007 0.999872 2.24173e-05 0 18.6538 1.49988 3.36274e-05
17.025 1.50009 0.999878 4.3708e-05 0 18.7088 1.4999 6.55657e-05
17.075 1.5001 0.999884 6.54972e-05 0 18.7637 1.49993 9.82525e-05
17.125 1.50012 0.999891 8.75532e-05 0 18.8187 1.49996 0.00013134
17.175 1.50014 0.999899 0.000109656 0 18.8736 1.49998 0.000164499
17.225 1.50015 0.999908 0.000131591 0 18.9286 1.50001 0.000197406
17.275 1.50016 0.999917 0.000153138 0 18.9835 1.50004 0.000229731
17.325 1.50017 0.999927 0.000174053 0 19.0385 1.50006 0.000261109
17.375 1.50017 0.999937 0.00019408 0 19.0934 1.50008 0.000291153
17.425 1.50018 0.999947 0.000212969 0 19.1484 1.5001 0.00031949
17.475 1.50018 0.999958 0.000230536 0 19.2033 1.50011 0.000345845
17.525 1.50018 0.999968 0.000246716 0 19.2582 1.50013 0.000370118
17.575 1.50018 0.999979 0.000261511 0 19.3132 1.50014 0.000392312
17.625 1.50017 0.99999 0.000274835 0 19.3681 1.50016 0.000412299
17.675 1.50017 1 0.000286502 0 19.4231 1.50016 0.0004298
17.725 1.50015 1.00001 0.000296227 0 19.478 1.50017 0.000444387
17.775 1.50014 1.00002 0.00030366 0 19.533 1.50017 0.000455533
17.825 1.50012 1.00003 0.000308436 0 19.5879 1.50017 0.000462691
17.875 1.5001 1.00004 0.000310229 0 19.6429 1.50016 0.000465374
17.925 1.50007 1.00005 0.000308791 0 19.6978 1.50015 0.000463209
17.975 1.50005 1.00006 0.000303909 0 19.7527 1.50013 0.000455878
18.025 1.50002 1.00006 0.000295318 0 19.8077 1.50011 0.000442982
18.075 1.49999 1.00007 0.000282967 0 19.8626 1.5001 0.000424448
18.125 1.49997 1.00008 0.000267261 0 19.9176 1.50008 0.000400883
18.175 1.49995 1.00008 0.000248609 0 19.9725 1.50007 0.0003729
18.225 1.49993 1.00009 0.000227397 0 20.0275 1.50006 0.000341079
18.275 1.49991 1.00009 0.000203985 0 20.0824 1.50005 0.000305961
18.325 1.4999 1.0001 0.000178704 0 20.1374 1.50005 0.000268038
18.375 1.49989 1.0001 0.000151858 0 20.1923 1.50004 0.000227771
18.425 1.49989 1.0001 0.000123798 0 20.2473 1.50004 0.000185683
18.475 1.49988 1.0001 9.49897e-05 0 20.3022 1.50003 0.000142473
18.525 1.49988 1.0001 6.60216e-05 0 20.3571 1.50003 9.90247e-05
18.575 1.49988 1.0001 3.71646e-05 0 20.4121 1.50003 5.57426e-05
18.625 1.49989 1.0001 8.69753e-06 0 20.467 1.50003 1.30453e-05
18.675 1.49989 1.00009 -1.90469e-05 0 20.522 1.50003 -2.85682e-05
18.725 1.4999 1.00009 -4.57423e-05 0 20.5769 1.50003 -6.86088e-05
18.775 1.4999 1.00008 -7.10744e-05 0 20.6319 1.50003 -0.000106605
18.825 1.49991 1.00008 -9.47304e-05 0 20.6868 1.50002 -0.000142087
18.875 1.49992 1.00007 -0.000116377 0 20.7418 1.50002 -0.000174557
18.925 1.49993 1.00006 -0.000135642 0 20.7967 1.50002 -0.000203454
18.975 1.49995 1.00005 -0.00015211 0 20.8516 1.50002 -0.000228157
19.025 1.49996 1.00004 -0.000165313 0 20.9066 1.50002 -0.000247964
19.075 1.49998 1.00003 -0.000175179 0 20.9615 1.50002 -0.000262764
19.125 1.49999 1.00001 -0.000182025 0 21.0165 1.50001 -0.000273034
19.175 1.49999 1 -0.000186137 0 21.0714 1.5 -0.000279204
19.225 1.5 0.99999 -0.000187775 0 21.1264 1.49998 -0.000281661
19.275 1.5 0.999978 -0.000187192 0 21.1813 1.49997 -0.000280787
19.325 1.5 0.999966 -0.000184649 0 21.2363 1.49995 -0.000276974
19.375 1.5 0.999955 -0.000180281 0 21.2912 1.49993 -0.000270421
19.425 1.5 0.999943 -0.000174284 0 21.3462 1.49991 -0.000261425
19.475 1.49999 0.999933 -0.000166899 0 21.4011 1.49989 -0.000250348
19.525 1.49999 0.999923 -0.000158375 0 21.456 1.49987 -0.000237562
19.575 1.49999 0.999914 -0.000148954 0 21.511 1.49986 -0.000223429
19.625 1.49998 0.999905 -0.00013887 0 21.5659 1.49984 -0.000208302
19.675 1.49998 0.999898 -0.000128356 0 21.6209 1.49983 -0.000192531
19.725 1.49997 0.999892 -0.000117601 0 21.6758 1.49981 -0.000176399
19.775 1.49997 0.999887 -0.000106785 0 21.7308 1.4998 -0.000160174
19.825 1.49997 0.999883 -9.60593e-05 0 21.7857 1.49979 -0.000144086
19.875 1.49997 0.99988 -8.55552e-05 0 21.8407 1.49979 -0.00012833
19.925 1.49996 0.999879 -7.53781e-05 0 21.8956 1.49978 -0.000113064
19.975 1.49996 0.999878 -6.56217e-05 0 21.9505 1.49978 -9.84302e-05
