-19.975 1.50015 1.00008 -0.000131907 0 -21.25 1.50027 -0.00019788
-19.925 1.50015 1.00008 -0.00013506 0 -21.1968 1.50027 -0.00020261
-19.875 1.50015 1.00008 -0.000137344 0 -21.1436 1.50026 -0.000206037
-19.825 1.50015 1.00007 -0.000138839 0 -21.0904 1.50026 -0.000208279
-19.775 1.50015 1.00007 -0.000139544 0 -21.0372 1.50025 -0.000209337
-19.725 1.50015 1.00006 -0.000139577 0 -20.984 1.50024 -0.000209386
-19.675 1.50014 1.00006 -0.000139153 0 -20.9309 1.50022 -0.00020875
-19.625 1.50013 1.00005 -0.00013847 0 -20.8777 1.50021 -0.000207723
-19.575 1.50012 1.00004 -0.000137669 0 -20.8245 1.50019 -0.00020652
-19.525 1.50011 1.00004 -0.00013681 0 -20.7713 1.50017 -0.000205231
-19.475 1.5001 1.00003 -0.00013589 0 -20.7181 1.50014 -0.000203849
-19.425 1.50009 1.00002 -0.000134866 0 -20.6649 1.50012 -0.000202311
-19.375 1.50008 1.00001 -0.000133679 0 -20.6117 1.5001 -0.00020053
-19.325 1.50007 1 -0.000132263 0 -20.5585 1.50008 -0.000198403
-19.275 1.50006 0.999996 -0.000130549 0 -20.5053 1.50005 -0.000195831
-19.225 1.50005 0.999987 -0.00012847 0 -20.4521 1.50003 -0.000192712
-19.175 1.50004 0.999979 -0.00012596 0 -20.3989 1.50001 -0.000188945
-19.125 1.50003 0.99997 -0.000122955 0 -20.3457 1.49998 -0.000184435
-19.075 1.50002 0.999961 -0.000119396 0 -20.2926 1.49996 -0.000179096
-19.025 1.50001 0.999953 -0.000115238 0 -20.2394 1.49994 -0.000172858
-18.975 1.5 0.999945 -0.000110453 0 -20.1862 1.49991 -0.000165679
-18.925 1.49999 0.999936 -0.000105022 0 -20.133 1.49989 -0.000157532
-18.875 1.49998 0.999929 -9.89454e-05 0 -20.0798 1.49987 -0.000148416
-18.825 1.49997 0.999922 -9.22356e-05 0 -20.0266 1.49985 -0.00013835
-18.775 1.49996 0.999915 -8.49187e-05 0 -19.9734 1.49983 -0.000127374
-18.725 1.49995 0.999909 -7.70299e-05 0 -19.9202 1.49981 -0.000115541
-18.675 1.49994 0.999904 -6.86144e-05 0 -19.867 1.4998 -0.000102918
-18.625 1.49993 0.9999 -5.97317e-05 0 -19.8138 1.49978 -8.95936e-05
-18.575 1.49993 0.999896 -5.04555e-05 0 -19.7606 1.49977 -7.56797e-05
-18.525 1.49992 0.999894 -4.0872e-05 0 -19.7074 1.49976 -6.13049e-05
-18.475 1.49992 0.999893 -3.10683e-05 0 -19.6543 1.49976 -4.66e-05
-18.425 1.49992 0.999893 -2.11888e-05 0 -19.6011 1.49976 -3.17814e-05
-18.375 1.49992 0.999894 -1.14131e-05 0 -19.5479 1.49976 -1.71187e-05
-18.325 1.49992 0.999896 -1.84238e-06 0 -19.4947 1.49976 -2.76342e-06
-18.275 1.49992 0.999899 7.41472e-06 0 -19.4415 1.49977 1.11215e-05
-18.225 1.49993 0.999904 1.63098e-05 0 -19.3883 1.49978 2.44634e-05
-18.175 1.49993 0.999909 2.47541e-05 0 -19.3351 1.4998 3.71294e-05
-18.125 1.49994 0.999915 3.26221e-05 0 -19.2819 1.49981 4.89312e-05
-18.075 1.49995 0.999922 3.97889e-05 0 -19.2287 1.49983 5.96813e-05
-18.025 1.49996 0.99993 4.61491e-05 0 -19.1755 1.49985 6.92216e-05
-17.975 1.49996 0.999939 5.16172e-05 0 -19.1223 1.49987 7.7424e-05
-17.925 1.49997 0.999948 5.61269e-05 0 -19.0691 1.4999 8.41889e-05
-17.875 1.49998 0.999957 5.9636e-05 0 -19.016 1.49992 8.94531e-05
-17.825 1.49999 0.999967 6.21297e-05 0 -18.9628 1.49995 9.31943e-05
-17.775 1.5 0.999977 6.36148e-05 0 -18.9096 1.49997 9.54225e-05
-17.725 1.50002 0.999987 6.41144e-05 0 -18.8564 1.5 9.61726e-05
-17.675 1.50003 0.999996 6.36523e-05 0 -18.8032 1.50002 9.548e-05
-17.625 1.50004 1.00001 6.22974e-05 0 -18.75 1.50004 9.34482e-05
-17.575 1.50005 1.00001 6.01236e-05 0 -18.6968 1.50007 9.01882e-05
-17.525 1.50006 1.00002 5.72168e-05 0 -18.6436 1.50009 8.58283e-05
-17.475 1.50006 1.00003 5.36669e-05 0 -18.5904 1.50011 8.05037e-05
-17.425 1.50007 1.00004 4.95661e-05 0 -18.5372 1.50013 7.43528e-05
-17.375 1.50008 1.00005 4.50034e-05 0 -18.484 1.50015 6.75088e-05
-17.325 1.50009 1.00005 4.00595e-05 0 -18.4309 1.50016 6.00928e-05
-17.275 1.50009 1.00006 3.48074e-05 0 -18.3777 1.50018 5.22144e-05
-17.225 1.5001 1.00006 2.9315e-05 0 -18.3245 1.50019 4.39754e-05
-17.175 1.5001 1.00006 2.36457e-05 0 -18.2713 1.5002 3.5471e-05
-17.125 1.50011 1.00007 1.78574e-05 0 -18.2181 1.50021 2.6788e-05
-17.075 1.50011 1.00007 1.20007e-05 0 -18.1649 1.50021 1.80024e-05
-17.025 1.50011 1.00007 6.11265e-06 0 -18.1117 1.50022 9.16965e-06
-16.975 1.50011 1.00007 2.53313e-07 0 -18.0585 1.50022 3.79998e-07
-16.925 1.50011 1.00007 -5.48719e-06 0 -18.0053 1.50022 -8.2314e-06
-16.875 1.50011 1.00007 -1.11068e-05 0 -17.9521 1.50021 -1.66614e-05
-16.825 1.50011 1.00007 -1.65986e-05 0 -17.8989 1.50021 -2.48997e-05
-16.775 1.50011 1.00006 -2.19812e-05 0 -17.8457 1.5002 -3.29742e-05
-16.725 1.5001 1.00006 -2.72428e-05 0 -17.7926 1.50019 -4.08669e-05
-16.675 1.5001 1.00005 -3.23499e-05 0 -17.7394 1.50018 -4.8528e-05
-16.625 1.50009 1.00005 -3.72685e-05 0 -17.6862 1.50017 -5.59062e-05
-16.575 1.50009 1.00004 -4.19674e-05 0 -17.633 1.50015 -6.29548e-05
-16.525 1.50008 1.00003 -4.64124e-05 0 -17.5798 1.50013 -6.96223e-05
-16.475 1.50007 1.00003 -5.0561e-05 0 -17.5266 1.50012 -7.58453e-05
-16.425 1.50007 1.00002 -5.43619e-05 0 -17.4734 1.5001 -8.15465e-05
-16.375 1.50006 1.00001 -5.77555e-05 0 -17.4202 1.50007 -8.66367e-05
-16.325 1.50005 1 -6.06761e-05 0 -17.367 1.50005 -9.10171e-05
-16.275 1.50004 0.999993 -6.30558e-05 0 -17.3138 1.50003 -9.45862e-05
-16.225 1.50003 0.999983 -6.48313e-05 0 -17.2606 1.50001 -9.72489e-05
-16.175 1.50002 0.999974 -6.59443e-05 0 -17.2074 1.49998 -9.89179e-05
-16.125 1.50001 0.999964 -6.63373e-05 0 -17.1543 1.49996 -9.95066e-05
-16.075 1.5 0.999954 -6.59469e-05 0 -17.1011 1.49993 -9.89204e-05
-16.025 1.49999 0.999945 -6.47424e-05 0 -17.0479 1.49991 -9.7113e-05
-15.975 1.49998 0.999937 -6.26964e-05 0 -16.9947 1.49989 -9.40436e-05
-15.925 1.49997 0.999929 -5.97998e-05 0 -16.9415 1.49987 -8.96981e-05
-15.875 1.49996 0.999921 -5.60653e-05 0 -16.8883 1.49985 -8.4096e-05
-15.825 1.49996 0.999915 -5.1527e-05 0 -16.8351 1.49983 -7.72882e-05
-15.775 1.49995 0.999909 -4.62334e-05 0 -16.7819 1.49981 -6.93477e-05
-15.725 1.49994 0.999905 -4.02483e-05 0 -16.7287 1.4998 -6.03702e-05
-15.675 1.49994 0.999901 -3.3656e-05 0 -16.6755 1.49979 -5.0482e-05
-15.625 1.49993 0.999899 -2.65614e-05 0 -16.6223 1.49978 -3.98403e-05
-15.575 1.49993 0.999898 -1.90759e-05 0 -16.5691 1.49978 -2.86126e-05
-15.525 1.49993 0.999899 -1.13831e-05 0 -16.516 1.49978 -1.70738e-05
-15.475 1.49993 0.9999 -3.61457e-06 0 -16.4628 1.49978 -5.42159e-06
-15.425 1.49993 0.999903 4.17498e-06 0 -16.4096 1.49978 6.26216e-06
-15.375 1.49993 0.999907 1.17973e-05 0 -16.3564 1.49979 1.76951e-05
-15.325 1.49993 0.999912 1.916e-05 0 -16.3032 1.4998 2.87386e-05
-15.275 1.49993 0.999918 2.61787e-05 0 -16.25 1.49981 3.92664e-05
-15.225 1.49994 0.999925 3.27449e-05 0 -16.1968 1.49983 4.91154e-05
-15.175 1.49994 0.999933 3.87478e-05 0 -16.1436 1.49984 5.81196e-05
-15.125 1.49995 0.999942 4.40923e-05 0 -16.0904 1.49986 6.61362e-05
-15.075 1.49996 0.999951 4.87007e-05 0 -16.0372 1.49988 7.3049e-05
-15.025 1.49997 0.99996 5.2513e-05 0 -15.984 1.49991 7.87677e-05
-14.975 1.49997 0.99997 5.549e-05 0 -15.9309 1.49993 8.32336e-05
-14.925 1.49998 0.99998 5.76144e-05 0 -15.8777 1.49995 8.64206e-05
-14.875 1.49999 0.99999 5.88822e-05 0 -15.8245 1.49998 8.83228e-05
-14.825 1.5 1 5.92957e-05 0 -15.7713 1.5 8.89436e-05
-14.775 1.50001 1.00001 5.88831e-05 0 -15.7181 1.50002 8.83252e-05
-14.725 1.50002 1.00002 5.76868e-05 0 -15.6649 1.50005 8.65312e-05
-14.675 1.50003 1.00003 5.57515e-05 0 -15.6117 1.50007 8.36288e-05
-14.625 1.50004 1.00004 5.3129e-05 0 -15.5585 1.50009 7.96954e-05
-14.575 1.50004 1.00004 4.98775e-05 0 -15.5053 1.50011 7.48184e-05
-14.525 1.50005 1.00005 4.60634e-05 0 -15.4521 1.50013 6.90975e-05
-14.475 1.50006 1.00006 4.17568e-05 0 -15.3989 1.50014 6.26376e-05
-14.425 1.50006 1.00006 3.7025e-05 0 -15.3457 1.50016 5.55398e-05
-14.375 1.50007 1.00007 3.19318e-05 0 -15.2926 1.50017 4.78999e-05
-14.325 1.50007 1.00007 2.65419e-05 0 -15.2394 1.50018 3.98148e-05
-14.275 1.50008 1.00007 2.09222e-05 0 -15.1862 1.50018 3.13848e-05
-14.225 1.50008 1.00007 1.51409e-05 0 -15.133 1.50019 2.27125e-05
-14.175 1.50008 1.00007 9.25833e-06 0 -15.0798 1.50019 1.38882e-05
-14.125 1.50008 1.00007 3.38747e-06 0 -15.0266 1.50019 5.08148e-06
-14.075 1.50008 1.00007 -2.39341e-06 0 -14.9734 1.50019 -3.5903e-06
-14.025 1.50008 1.00007 -8.04852e-06 0 -14.9202 1.50019 -1.20734e-05
-13.975 1.50008 1.00007 -1.35168e-05 0 -14.867 1.50018 -2.02763e-05
-13.925 1.50008 1.00006 -1.87729e-05 0 -14.8138 1.50017 -2.81608e-05
-13.875 1.50007 1.00006 -2.3766e-05 0 -14.7606 1.50016 -3.56508e-05
-13.825 1.50007 1.00005 -2.84333e-05 0 -14.7074 1.50015 -4.2652e-05
-13.775 1.50007 1.00005 -3.2723e-05 0 -14.6543 1.50014 -4.90866e-05
-13.725 1.50006 1.00004 -3.65935e-05 0 -14.6011 1.50012 -5.48925e-05
-13.675 1.50005 1.00003 -4.00035e-05 0 -14.5479 1.5001 -6.00075e-05
-13.625 1.50005 1.00002 -4.29077e-05 0 -14.4947 1.50008 -6.43636e-05
-13.575 1.50004 1.00001 -4.52606e-05 0 -14.4415 1.50006 -6.78928e-05
-13.525 1.50003 1 -4.70199e-05 0 -14.3883 1.50004 -7.05315e-05
-13.475 1.50003 0.999992 -4.8142e-05 0 -14.3351 1.50001 -7.22143e-05
-13.425 1.50002 0.999981 -4.85831e-05 0 -14.2819 1.49999 -7.28755e-05
-13.375 1.50001 0.99997 -4.83038e-05 0 -14.2287 1.49997 -7.24563e-05
-13.325 1.5 0.99996 -4.7285e-05 0 -14.1755 1.49994 -7.09278e-05
-13.275 1.5 0.999949 -4.55118e-05 0 -14.1223 1.49992 -6.82675e-05
-13.225 1.49999 0.999939 -4.29902e-05 0 -14.0691 1.4999 -6.4485e-05
-13.175 1.49999 0.999929 -3.97419e-05 0 -14.016 1.49988 -5.96123e-05
-13.125 1.49998 0.99992 -3.5808e-05 0 -13.9628 1.49986 -5.37113e-05
-13.075 1.49997 0.999912 -3.12496e-05 0 -13.9096 1.49984 -4.68736e-05
-13.025 1.49997 0.999905 -2.61442e-05 0 -13.8564 1.49983 -3.92156e-05
-12.975 1.49997 0.999899 -2.05819e-05 0 -13.8032 1.49982 -3.08722e-05
-12.925 1.49996 0.999894 -1.46599e-05 0 -13.75 1.49981 -2.19894e-05
-12.875 1.49996 0.999891 -8.47913e-06 0 -13.6968 1.4998 -1.27184e-05
-12.825 1.49996 0.999889 -2.14795e-06 0 -13.6436 1.49979 -3.22185e-06
-12.775 1.49996 0.999888 4.2096e-06 0 -13.5904 1.49979 6.31424e-06
-12.725 1.49996 0.999889 1.03717e-05 0 -13.5372 1.4998 1.55572e-05
-12.675 1.49996 0.999891 1.62813e-05 0 -13.484 1.4998 2.44213e-05
-12.625 1.49997 0.999895 2.19216e-05 0 -13.4309 1.49981 3.28817e-05
-12.575 1.49997 0.9999 2.72253e-05 0 -13.3777 1.49982 4.08371e-05
-12.525 1.49998 0.999906 3.21052e-05 0 -13.3245 1.49983 4.81571e-05
-12.475 1.49998 0.999913 3.64758e-05 0 -13.2713 1.49985 5.4713e-05
-12.425 1.49999 0.999921 4.02604e-05 0 -13.2181 1.49987 6.03901e-05
-12.375 1.49999 0.99993 4.33892e-05 0 -13.1649 1.49989 6.50836e-05
-12.325 1.5 0.999939 4.57988e-05 0 -13.1117 1.49991 6.86983e-05
-12.275 1.50001 0.999949 4.74394e-05 0 -13.0585 1.49993 7.11594e-05
-12.225 1.50001 0.99996 4.82812e-05 0 -13.0053 1.49995 7.24225e-05
-12.175 1.50002 0.99997 4.83207e-05 0 -12.9521 1.49998 7.24821e-05
-12.125 1.50003 0.99998 4.75687e-05 0 -12.8989 1.5 7.13545e-05
-12.075 1.50004 0.99999 4.60327e-05 0 -12.8457 1.50002 6.90506e-05
-12.025 1.50004 1 4.37513e-05 0 -12.7926 1.50004 6.56288e-05
-11.975 1.50005 1.00001 4.07761e-05 0 -12.7394 1.50006 6.11661e-05
-11.925 1.50005 1.00002 3.71653e-05 0 -12.6862 1.50008 5.575e-05
-11.875 1.50006 1.00003 3.29816e-05 0 -12.633 1.5001 4.94744e-05
-11.825 1.50006 1.00003 2.82903e-05 0 -12.5798 1.50011 4.24372e-05
-11.775 1.50007 1.00004 2.3158e-05 0 -12.5266 1.50013 3.47386e-05
-11.725 1.50007 1.00004 1.7653e-05 0 -12.4734 1.50014 2.64808e-05
-11.675 1.50007 1.00005 1.18437e-05 0 -12.4202 1.50015 1.77665e-05
-11.625 1.50007 1.00005 5.80033e-06 0 -12.367 1.50015 8.70093e-06
-11.575 1.50008 1.00005 -4.07393e-07 0 -12.3138 1.50016 -6.1112e-07
-11.525 1.50007 1.00005 -6.67712e-06 0 -12.2606 1.50016 -1.00162e-05
-11.475 1.50007 1.00005 -1.29095e-05 0 -12.2074 1.50015 -1.93652e-05
-11.425 1.50007 1.00005 -1.9016e-05 0 -12.1543 1.50015 -2.85254e-05
-11.375 1.50007 1.00005 -2.49963e-05 0 -12.1011 1.50014 -3.74961e-05
-11.325 1.50006 1.00005 -3.07811e-05 0 -12.0479 1.50014 -4.61736e-05
-11.275 1.50006 1.00005 -3.62967e-05 0 -11.9947 1.50013 -5.44472e-05
-11.225 1.50005 1.00004 -4.14698e-05 0 -11.9415 1.50011 -6.22069e-05
-11.175 1.50004 1.00004 -4.6231e-05 0 -11.8883 1.5001 -6.93486e-05
-11.125 1.50004 1.00003 -5.05152e-05 0 -11.8351 1.50008 -7.57747e-05
-11.075 1.50003 1.00002 -5.42622e-05 0 -11.7819 1.50006 -8.1395e-05
-11.025 1.50002 1.00002 -5.7417e-05 0 -11.7287 1.50004 -8.61268e-05
-10.975 1.50001 1.00001 -5.99304e-05 0 -11.6755 1.50002 -8.98964e-05
-10.925 1.5 1 -6.17604e-05 0 -11.6223 1.5 -9.26408e-05
-10.875 1.49999 0.999991 -6.28702e-05 0 -11.5691 1.49998 -9.43049e-05
-10.825 1.49998 0.999983 -6.32284e-05 0 -11.516 1.49996 -9.48416e-05
-10.775 1.49997 0.999975 -6.27995e-05 0 -11.4628 1.49994 -9.41976e-05
-10.725 1.49997 0.999966 -6.15656e-05 0 -11.4096 1.49992 -9.23463e-05
-10.675 1.49996 0.999959 -5.9521e-05 0 -11.3564 1.49989 -8.92789e-05
-10.625 1.49995 0.999951 -5.66776e-05 0 -11.3032 1.49987 -8.50134e-05
-10.575 1.49994 0.999944 -5.30682e-05 0 -11.25 1.49986 -7.9599e-05
-10.525 1.49993 0.999938 -4.87444e-05 0 -11.1968 1.49984 -7.31133e-05
-10.475 1.49993 0.999932 -4.37729e-05 0 -11.1436 1.49982 -6.5656e-05
-10.425 1.49992 0.999927 -3.82371e-05 0 -11.0904 1.49981 -5.73526e-05
-10.375 1.49991 0.999923 -3.22424e-05 0 -11.0372 1.4998 -4.83608e-05
-10.325 1.49991 0.99992 -2.59117e-05 0 -10.984 1.49979 -3.88652e-05
-10.275 1.49991 0.999917 -1.93769e-05 0 -10.9309 1.49978 -2.90635e-05
-10.225 1.4999 0.999916 -1.27697e-05 0 -10.8777 1.49978 -1.91533e-05
-10.175 1.4999 0.999916 -6.25886e-06 0 -10.8245 1.49978 -9.38769e-06
-10.125 1.4999 0.999917 -6.31991e-08 0 -10.7713 1.49978 -9.47925e-08
-10.075 1.4999 0.999918 5.72913e-06 0 -10.7181 1.49978 8.59313e-06
-10.025 1.4999 0.999921 1.09557e-05 0 -10.6649 1.49978 1.64325e-05
-9.975 1.49991 0.999924 1.55218e-05 0 -10.6117 1.49979 2.32813e-05
-9.925 1.49991 0.999928 1.93373e-05 0 -10.5585 1.4998 2.90041e-05
-9.875 1.49991 0.999932 2.22945e-05 0 -10.5053 1.49981 3.34397e-05
-9.825 1.49991 0.999937 2.42921e-05 0 -10.4521 1.49982 3.64361e-05
-9.775 1.49992 0.999942 2.52557e-05 0 -10.3989 1.49983 3.78814e-05
-9.725 1.49992 0.999947 2.51348e-05 0 -10.3457 1.49984 3.77002e-05
-9.675 1.49993 0.999952 2.38824e-05 0 -10.2926 1.49985 3.58219e-05
-9.625 1.49993 0.999957 2.14706e-05 0 -10.2394 1.49986 3.22044e-05
-9.575 1.49993 0.999961 1.79058e-05 0 -10.1862 1.49987 2.68576e-05
-9.525 1.49993 0.999965 1.32189e-05 0 -10.133 1.49988 1.98274e-05
-9.475 1.49994 0.999968 7.46082e-06 0 -10.0798 1.49989 1.11907e-05
-9.425 1.49994 0.99997 6.99481e-07 0 -10.0266 1.49989 1.04918e-06
-9.375 1.49994 0.999971 -6.9674e-06 0 -9.9734 1.49989 -1.04507e-05
-9.325 1.49993 0.999971 -1.53875e-05 0 -9.92021 1.49989 -2.30803e-05
-9.275 1.49993 0.99997 -2.44443e-05 0 -9.86702 1.49989 -3.66647e-05
-9.225 1.49993 0.999968 -3.41389e-05 0 -9.81383 1.49988 -5.12059e-05
-9.175 1.49992 0.999964 -4.43999e-05 0 -9.76064 1.49987 -6.65964e-05
-9.125 1.49991 0.999958 -5.51401e-05 0 -9.70745 1.49985 -8.27054e-05
-9.075 1.4999 0.999951 -6.62717e-05 0 -9.65426 1.49983 -9.94012e-05
-9.025 1.49989 0.999942 -7.77156e-05 0 -9.60106 1.49981 -0.000116565
-8.975 1.49988 0.999932 -8.94032e-05 0 -9.54787 1.49978 -0.000134094
-8.925 1.49987 0.99992 -0.000101275 0 -9.49468 1.49975 -0.000151899
-8.875 1.49985 0.999907 -0.00011328 0 -9.44149 1.49971 -0.000169903
-8.825 1.49983 0.999892 -0.000125378 0 -9.3883 1.49967 -0.000188046
-8.775 1.49981 0.999875 -0.000137537 0 -9.33511 1.49963 -0.000206279
-8.725 1.49979 0.999857 -0.000149738 0 -9.28191 1.49958 -0.000224575
-8.675 1.49977 0.999837 -0.000161973 0 -9.22872 1.49952 -0.000242922
-8.625 1.49974 0.999815 -0.000174246 0 -9.17553 1.49947 -0.000261324
-8.575 1.49972 0.999793 -0.00018657 0 -9.12234 1.4994 -0.000279801
-8.525 1.49969 0.999768 -0.000198971 0 -9.06915 1.49934 -0.000298393
-8.475 1.49966 0.999743 -0.000211486 0 -9.01596 1.49927 -0.000317157
-8.425 1.49962 0.999716 -0.000224168 0 -8.96277 1.4992 -0.000336167
-8.375 1.49959 0.999687 -0.000237079 0 -8.90957 1.49912 -0.000355521
-8.325 1.49955 0.999658 -0.0002503 0 -8.85638 1.49904 -0.000375337
-8.275 1.49951 0.999627 -0.000263923 0 -8.80319 1.49895 -0.000395755
-8.225 1.49947 0.999595 -0.000278057 0 -8.75 1.49886 -0.000416938
-8.175 1.49943 0.999562 -0.000292828 0 -8.69681 1.49877 -0.000439074
-8.125 1.49938 0.999527 -0.000308378 0 -8.64362 1.49867 -0.000462376
-8.075 1.49934 0.999491 -0.000324866 0 -8.59043 1.49857 -0.000487083
-8.025 1.49929 0.999454 -0.000342468 0 -8.53723 1.49847 -0.000513458
-7.975 1.49923 0.999415 -0.000361377 0 -8.48404 1.49836 -0.000541789
-7.925 1.49918 0.999375 -0.000381802 0 -8.43085 1.49824 -0.000572389
-7.875 1.49912 0.999333 -0.000403966 0 -8.37766 1.49812 -0.000605592
-7.825 1.49906 0.99929 -0.000428107 0 -8.32447 1.49799 -0.000641757
-7.775 1.49899 0.999245 -0.00045448 0 -8.27128 1.49786 -0.000681261
-7.725 1.49892 0.999197 -0.000483348 0 -8.21809 1.49772 -0.0007245
-7.675 1.49885 0.999147 -0.000514989 0 -8.16489 1.49757 -0.000771889
-7.625 1.49877 0.999094 -0.000549689 0 -8.1117 1.49741 -0.000823855
-7.575 1.49868 0.999039 -0.000587745 0 -8.05851 1.49724 -0.000880842
-7.525 1.49859 0.998979 -0.000629461 0 -8.00532 1.49706 -0.000943304
-7.475 1.49849 0.998916 -0.000675148 0 -7.95213 1.49687 -0.0010117
-7.425 1.49839 0.998849 -0.00072512 0 -7.89894 1.49666 -0.00108651
-7.375 1.49827 0.998777 -0.000779695 0 -7.84574 1.49644 -0.0011682
-7.325 1.49815 0.998699 -0.000839195 0 -7.79255 1.4962 -0.00125724
-7.275 1.49802 0.998616 -0.000903944 0 -7.73936 1.49595 -0.00135413
-7.225 1.49788 0.998526 -0.00097427 0 -7.68617 1.49567 -0.00145934
-7.175 1.49773 0.998428 -0.0010505 0 -7.63298 1.49537 -0.00157337
-7.125 1.49756 0.998323 -0.00113298 0 -7.57979 1.49505 -0.00169672
-7.075 1.49739 0.998208 -0.00122205 0 -7.5266 1.4947 -0.00182989
-7.025 1.4972 0.998084 -0.00131807 0 -7.4734 1.49433 -0.00197342
-6.975 1.49699 0.99795 -0.00142142 0 -7.42021 1.49392 -0.00212785
-6.925 1.49677 0.997805 -0.00153248 0 -7.36702 1.49348 -0.00229377
-6.875 1.49653 0.997647 -0.00165167 0 -7.31383 1.49301 -0.00247178
-6.825 1.49627 0.997477 -0.00177945 0 -7.26064 1.4925 -0.00266254
-6.775 1.496 0.997292 -0.00191629 0 -7.20745 1.49195 -0.00286676
-6.725 1.4957 0.997093 -0.00206271 0 -7.15426 1.49135 -0.00308519
-6.675 1.49538 0.996878 -0.00221927 0 -7.10106 1.49071 -0.00331865
-6.625 1.49503 0.996646 -0.00238659 0 -7.04787 1.49002 -0.00356803
-6.575 1.49466 0.996395 -0.00256533 0 -6.99468 1.48927 -0.0038343
-6.525 1.49426 0.996126 -0.00275622 0 -6.94149 1.48848 -0.00411852
-6.475 1.49384 0.995837 -0.00296004 0 -6.8883 1.48762 -0.00442182
-6.425 1.49338 0.995525 -0.00317767 0 -6.83511 1.4867 -0.00474547
-6.375 1.49289 0.995191 -0.00341005 0 -6.78191 1.48571 -0.00509082
-6.325 1.49236 0.994832 -0.0036582 0 -6.72872 1.48465 -0.00545934
-6.275 1.49179 0.994447 -0.00392322 0 -6.67553 1.48351 -0.00585262
-6.225 1.49118 0.994034 -0.00420632 0 -6.62234 1.48229 -0.0062724
-6.175 1.49053 0.993592 -0.00450881 0 -6.56915 1.48098 -0.00672053
-6.125 1.48984 0.993117 -0.00483208 0 -6.51596 1.47958 -0.00719901
-6.075 1.48909 0.992609 -0.00517765 0 -6.46277 1.47808 -0.00770998
-6.025 1.48829 0.992065 -0.00554712 0 -6.40957 1.47648 -0.00825572
-5.975 1.48743 0.991482 -0.00594222 0 -6.35638 1.47476 -0.00883865
-5.925 1.48652 0.990858 -0.00636478 0 -6.30319 1.47293 -0.00946134
-5.875 1.48553 0.990189 -0.00681677 0 -6.25 1.47096 -0.0101266
-5.825 1.48448 0.989473 -0.0073003 0 -6.19681 1.46886 -0.0108372
-5.775 1.48336 0.988707 -0.00781756 0 -6.14362 1.46661 -0.0115963
-5.725 1.48216 0.987886 -0.0083709 0 -6.09043 1.4642 -0.012407
-5.675 1.48087 0.987007 -0.00896281 0 -6.03723 1.46163 -0.0132728
-5.625 1.4795 0.986065 -0.00959591 0 -5.98404 1.45888 -0.0141971
-5.575 1.47803 0.985057 -0.010273 0 -5.93085 1.45594 -0.0151837
-5.525 1.47645 0.983976 -0.010997 0 -5.87766 1.45279 -0.0162365
-5.475 1.47477 0.982819 -0.0117709 0 -5.82447 1.44943 -0.0173594
-5.425 1.47297 0.98158 -0.0125981 0 -5.77128 1.44584 -0.0185566
-5.375 1.47105 0.980252 -0.0134817 0 -5.71809 1.442 -0.0198323
-5.325 1.46899 0.97883 -0.0144255 0 -5.66489 1.4379 -0.021191
-5.275 1.4668 0.977306 -0.015433 0 -5.6117 1.43351 -0.0226372
-5.225 1.46445 0.975673 -0.0165081 0 -5.55851 1.42883 -0.0241754
-5.175 1.46195 0.973924 -0.0176547 0 -5.50532 1.42383 -0.0258104
-5.125 1.45928 0.97205 -0.0188769 0 -5.45213 1.41849 -0.0275466
-5.075 1.45643 0.970043 -0.0201787 0 -5.39894 1.4128 -0.0293888
-5.025 1.45338 0.967893 -0.0215645 0 -5.34574 1.40672 -0.0313415
-4.975 1.45014 0.965591 -0.0230387 0 -5.29255 1.40024 -0.0334093
-4.925 1.44668 0.963125 -0.0246054 0 -5.23936 1.39334 -0.0355962
-4.875 1.443 0.960486 -0.0262691 0 -5.18617 1.38598 -0.0379063
-4.825 1.43908 0.95766 -0.028034 0 -5.13298 1.37815 -0.0403431
-4.775 1.43491 0.954636 -0.0299044 0 -5.07979 1.36982 -0.04291
-4.725 1.43047 0.951401 -0.0318844 0 -5.0266 1.36096 -0.0456098
-4.675 1.42576 0.947941 -0.0339779 0 -4.9734 1.35154 -0.0484444
-4.625 1.42076 0.944242 -0.0361884 0 -4.92021 1.34154 -0.0514151
-4.575 1.41545 0.940289 -0.0385191 0 -4.86702 1.33093 -0.054522
-4.525 1.40983 0.936065 -0.0409729 0 -4.81383 1.31969 -0.0577648
-4.475 1.40387 0.931555 -0.0435521 0 -4.76064 1.30778 -0.0611415
-4.425 1.39757 0.926741 -0.0462583 0 -4.70745 1.29519 -0.0646491
-4.375 1.39091 0.921607 -0.0490919 0 -4.65426 1.28187 -0.0682824
-4.325 1.38388 0.916134 -0.0520526 0 -4.60106 1.26782 -0.0720345
-4.275 1.37647 0.910303 -0.0551386 0 -4.54787 1.253 -0.0758964
-4.225 1.36866 0.904096 -0.0583471 0 -4.49468 1.2374 -0.0798575
-4.175 1.36046 0.897493 -0.0616737 0 -4.44149 1.221 -0.0839043
-4.125 1.35184 0.890475 -0.0651116 0 -4.3883 1.20378 -0.0880205
-4.075 1.34281 0.883024 -0.0686518 0 -4.33511 1.18573 -0.0921864
-4.025 1.33336 0.875119 -0.0722828 0 -4.28191 1.16685 -0.0963791
-3.975 1.32349 0.866744 -0.0759906 0 -4.22872 1.14713 -0.100573
-3.925 1.3132 0.857879 -0.0797583 0 -4.17553 1.12657 -0.104739
-3.875 1.3025 0.848511 -0.0835653 0 -4.12234 1.10519 -0.108844
-3.825 1.29139 0.838624 -0.0873867 0 -4.06915 1.08299 -0.11285
-3.775 1.27989 0.828205 -0.0911931 0 -4.01596 1.06001 -0.116717
-3.725 1.268 0.817243 -0.0949509 0 -3.96277 1.03626 -0.120398
-3.675 1.25575 0.805732 -0.0986227 0 -3.90957 1.0118 -0.123845
-3.625 1.24317 0.793672 -0.102166 0 -3.85638 0.986666 -0.127009
-3.575 1.23028 0.781067 -0.105532 0 -3.80319 0.960929 -0.129834
-3.525 1.21712 0.767928 -0.108667 0 -3.75 0.934662 -0.132262
-3.475 1.20374 0.754273 -0.111512 0 -3.69681 0.90795 -0.134232
-3.425 1.19019 0.740126 -0.114003 0 -3.64362 0.880889 -0.135685
-3.375 1.17651 0.725523 -0.116073 0 -3.59043 0.853588 -0.136561
-3.325 1.16279 0.710513 -0.117652 0 -3.53723 0.826179 -0.136804
-3.275 1.14911 0.695155 -0.118663 0 -3.48404 0.798807 -0.136356
-3.225 1.13552 0.679532 -0.119026 0 -3.43085 0.771623 -0.135157
-3.175 1.12212 0.663753 -0.118668 0 -3.37766 0.744808 -0.13316
-3.125 1.10897 0.64791 -0.117521 0 -3.32447 0.718511 -0.130327
-3.075 1.09616 0.632098 -0.115511 0 -3.27128 0.692878 -0.126618
-3.025 1.08377 0.616447 -0.112575 0 -3.21809 0.668086 -0.122005
-2.975 1.07189 0.601098 -0.10866 0 -3.16489 0.644313 -0.116472
-2.925 1.06062 0.586205 -0.10373 0 -3.1117 0.621741 -0.110019
-2.875 1.05004 0.571932 -0.0977672 0 -3.05851 0.600552 -0.10266
-2.825 1.04024 0.558449 -0.0907721 0 -3.00532 0.580923 -0.094425
-2.775 1.03131 0.545932 -0.0827654 0 -2.95213 0.563027 -0.085357
-2.725 1.02333 0.534553 -0.0737889 0 -2.89894 0.547023 -0.0755103
-2.675 1.01637 0.524475 -0.0639093 0 -2.84574 0.533059 -0.0649553
-2.625 1.01049 0.515853 -0.0532196 0 -2.79255 0.521264 -0.0537779
-2.575 1.00576 0.508823 -0.0418363 0 -2.73936 0.511754 -0.0420773
-2.525 1.00222 0.503504 -0.0298947 0 -2.68617 0.504621 -0.029961
-2.475 0.999895 0.499987 -0.0175487 0 -2.63298 0.499934 -0.0175469
-2.425 0.998876 0.498334 -0.0049556 0 -2.57979 0.497774 -0.00495003
-2.375 0.998785 0.498573 0.0076643 0 -2.5266 0.497967 0.00765499
-2.325 0.99979 0.500691 0.0200429 0 -2.4734 0.500586 0.0200387
-2.275 1.00244 0.504641 0.032115 0 -2.42021 0.505871 0.0321933
-2.225 1.00641 0.510357 0.0437667 0 -2.36702 0.513628 0.0440472
-2.175 1.01149 0.517742 0.0548519 0 -2.31383 0.523691 0.0554822
-2.125 1.01766 0.526676 0.0652347 0 -2.26064 0.535978 0.066387
-2.075 1.02491 0.53702 0.0748072 0 -2.20745 0.550395 0.0766705
-2.025 1.03316 0.548619 0.0834861 0 -2.15426 0.56681 0.0862543
-1.975 1.04233 0.561309 0.0912113 0 -2.10106 0.585068 0.0950722
-1.925 1.05234 0.574917 0.097946 0 -2.04787 0.605009 0.103073
-1.875 1.06311 0.589274 0.103675 0 -1.99468 0.626463 0.110218
-1.825 1.07455 0.604213 0.108403 0 -1.94149 0.649255 0.116484
-1.775 1.08656 0.619576 0.11215 0 -1.8883 0.673208 0.121858
-1.725 1.09907 0.635213 0.114955 0 -1.83511 0.698142 0.126343
-1.675 1.11198 0.650989 0.116869 0 -1.78191 0.723885 0.129956
-1.625 1.12521 0.666778 0.117951 0 -1.72872 0.750267 0.132721
-1.575 1.13866 0.682456 0.118261 0 -1.67553 0.777083 0.134659
-1.525 1.15221 0.697908 0.117868 0 -1.62234 0.804134 0.135809
-1.475 1.1658 0.713072 0.11685 0 -1.56915 0.8313 0.136224
-1.425 1.17938 0.727895 0.115278 0 -1.51596 0.858467 0.135957
-1.375 1.1929 0.742322 0.113221 0 -1.46277 0.885512 0.135061
-1.325 1.20629 0.756305 0.110748 0 -1.40957 0.912322 0.133595
-1.275 1.21951 0.769808 0.107927 0 -1.35638 0.938789 0.131618
-1.225 1.23251 0.782805 0.10482 0 -1.30319 0.964818 0.129191
-1.175 1.24526 0.795279 0.101484 0 -1.25 0.990325 0.126374
-1.125 1.2577 0.807218 0.0979731 0 -1.19681 1.01524 0.123221
-1.075 1.26982 0.818618 0.0943339 0 -1.14362 1.0395 0.119787
-1.025 1.28159 0.82948 0.0906095 0 -1.09043 1.06305 0.116124
-0.975 1.29298 0.839808 0.0868378 0 -1.03723 1.08585 0.112279
-0.925 1.30398 0.84961 0.083052 0 -0.984043 1.10788 0.108298
-0.875 1.31458 0.858898 0.0792805 0 -0.930851 1.12909 0.104221
-0.825 1.32477 0.867685 0.0755478 0 -0.87766 1.14949 0.100084
-0.775 1.33455 0.875986 0.0718746 0 -0.824468 1.16905 0.0959201
-0.725 1.34391 0.88382 0.0682783 0 -0.771277 1.18777 0.0917596
-0.675 1.35285 0.891205 0.0647728 0 -0.718085 1.20567 0.0876279
-0.625 1.36138 0.898159 0.0613693 0 -0.664894 1.22274 0.0835473
-0.575 1.36951 0.904704 0.0580765 0 -0.611702 1.239 0.0795367
-0.525 1.37725 0.910857 0.0549009 0 -0.558511 1.25448 0.0756121
-0.475 1.38459 0.916638 0.051847 0 -0.505319 1.26917 0.0717871
-0.425 1.39157 0.922066 0.0489179 0 -0.452128 1.28311 0.0680725
-0.375 1.39817 0.92716 0.0461149 0 -0.398936 1.29633 0.0644765
-0.325 1.40442 0.931937 0.0434382 0 -0.345745 1.30884 0.0610056
-0.275 1.41034 0.936417 0.040887 0 -0.292553 1.32066 0.0576645
-0.225 1.41592 0.940614 0.0384597 0 -0.239362 1.33184 0.0544561
-0.175 1.4212 0.944546 0.0361541 0 -0.18617 1.34239 0.0513821
-0.125 1.42617 0.948228 0.033967 0 -0.132979 1.35234 0.0484427
-0.075 1.43086 0.951675 0.0318951 0 -0.0797872 1.36171 0.0456374
-0.025 1.43527 0.954901 0.0299347 0 -0.0265957 1.37054 0.0429645
0.025 1.43943 0.957919 0.0280818 0 0.0265957 1.37885 0.0404218
0.075 1.44333 0.960742 0.0263323 0 0.0797872 1.38667 0.0380063
0.125 1.44701 0.963382 0.0246818 0 0.132979 1.39402 0.0357147
0.175 1.45046 0.965851 0.023126 0 0.18617 1.40093 0.0335432
0.225 1.4537 0.968159 0.0216605 0 0.239362 1.40741 0.0314878
0.275 1.45674 0.970316 0.020281 0 0.292553 1.4135 0.0295441
0.325 1.45959 0.972331 0.0189833 0 0.345745 1.4192 0.0277078
0.375 1.46226 0.974214 0.0177631 0 0.398936 1.42456 0.0259743
0.425 1.46477 0.975973 0.0166164 0 0.452128 1.42958 0.0243392
0.475 1.46712 0.977616 0.0155393 0 0.505319 1.43428 0.022798
0.525 1.46932 0.97915 0.0145279 0 0.558511 1.43868 0.0213461
0.575 1.47137 0.980582 0.0135787 0 0.611702 1.4428 0.0199794
0.625 1.4733 0.981918 0.0126882 0 0.664894 1.44666 0.0186935
0.675 1.4751 0.983166 0.011853 0 0.718085 1.45027 0.0174844
0.725 1.47679 0.984329 0.01107 0 0.771277 1.45365 0.016348
0.775 1.47836 0.985414 0.0103362 0 0.824468 1.4568 0.0152806
0.825 1.47984 0.986426 0.00964877 0 0.87766 1.45975 0.0142786
0.875 1.48121 0.987369 0.00900509 0 0.930851 1.4625 0.0133384
0.925 1.4825 0.988248 0.00840258 0 0.984043 1.46507 0.0124568
0.975 1.4837 0.989067 0.00783887 0 1.03723 1.46747 0.0116305
1.025 1.48482 0.989829 0.0073117 0 1.09043 1.46971 0.0108565
1.075 1.48586 0.99054 0.00681893 0 1.14362 1.4718 0.010132
1.125 1.48684 0.991201 0.00635854 0 1.19681 1.47375 0.00945411
1.175 1.48775 0.991817 0.00592862 0 1.25 1.47557 0.00882028
1.225 1.4886 0.99239 0.00552736 0 1.30319 1.47727 0.008228
1.275 1.48939 0.992923 0.00515305 0 1.35638 1.47885 0.00767489
1.325 1.49013 0.993419 0.00480406 0 1.40957 1.48032 0.00715865
1.375 1.49082 0.993881 0.00447884 0 1.46277 1.48169 0.00667712
1.425 1.49146 0.994311 0.00417591 0 1.51596 1.48297 0.0062282
1.475 1.49206 0.994711 0.00389388 0 1.56915 1.48417 0.0058099
1.525 1.49262 0.995084 0.00363141 0 1.62234 1.48528 0.0054203
1.575 1.49314 0.995432 0.00338722 0 1.67553 1.48632 0.00505758
1.625 1.49363 0.995756 0.00316008 0 1.72872 1.48729 0.00471998
1.675 1.49408 0.996058 0.00294885 0 1.78191 1.48819 0.00440582
1.725 1.4945 0.99634 0.00275241 0 1.83511 1.48903 0.00411348
1.775 1.4949 0.996604 0.0025697 0 1.8883 1.48982 0.00384145
1.825 1.49527 0.99685 0.00239974 0 1.94149 1.49056 0.00358826
1.875 1.49562 0.997081 0.00224158 0 1.99468 1.49125 0.00335254
1.925 1.49594 0.997297 0.00209432 0 2.04787 1.49189 0.00313297
1.975 1.49624 0.997499 0.00195712 0 2.10106 1.4925 0.00292833
2.025 1.49652 0.997688 0.00182921 0 2.15426 1.49306 0.00273745
2.075 1.49679 0.997866 0.00170984 0 2.20745 1.49359 0.00255926
2.125 1.49703 0.998033 0.00159832 0 2.26064 1.49409 0.00239275
2.175 1.49726 0.998189 0.00149404 0 2.31383 1.49455 0.00223698
2.225 1.49748 0.998336 0.00139641 0 2.36702 1.49499 0.0020911
2.275 1.49768 0.998474 0.0013049 0 2.42021 1.4954 0.00195432
2.325 1.49787 0.998603 0.00121901 0 2.4734 1.49578 0.00182591
2.375 1.49805 0.998724 0.00113831 0 2.5266 1.49613 0.00170524
2.425 1.49821 0.998837 0.0010624 0 2.57979 1.49647 0.0015917
2.475 1.49836 0.998943 0.00099093 0 2.63298 1.49678 0.00148477
2.525 1.49851 0.999041 0.000923591 0 2.68617 1.49707 0.00138401
2.575 1.49864 0.999133 0.000860109 0 2.73936 1.49734 0.00128899
2.625 1.49876 0.999219 0.000800247 0 2.79255 1.49759 0.00119938
2.675 1.49888 0.999298 0.000743803 0 2.84574 1.49783 0.00111487
2.725 1.49899 0.999372 0.000690603 0 2.89894 1.49804 0.0010352
2.775 1.49909 0.99944 0.000640502 0 2.95213 1.49825 0.000960166
2.825 1.49918 0.999502 0.000593374 0 3.00532 1.49843 0.000889573
2.875 1.49926 0.99956 0.000549118 0 3.05851 1.4986 0.000823272
2.925 1.49934 0.999613 0.000507647 0 3.1117 1.49876 0.000761136
2.975 1.49941 0.999661 0.000468887 0 3.16489 1.49891 0.000703056
3.025 1.49948 0.999705 0.000432776 0 3.21809 1.49904 0.000648939
3.075 1.49954 0.999745 0.000399256 0 3.27128 1.49916 0.000598702
3.125 1.4996 0.999782 0.000368274 0 3.32447 1.49927 0.000552264
3.175 1.49965 0.999816 0.000339771 0 3.37766 1.49938 0.00050954
3.225 1.4997 0.999846 0.000313688 0 3.43085 1.49947 0.000470439
3.275 1.49975 0.999874 0.000289954 0 3.48404 1.49956 0.000434857
3.325 1.49979 0.999899 0.000268488 0 3.53723 1.49964 0.000402675
3.375 1.49983 0.999922 0.000249198 0 3.59043 1.49971 0.000373754
3.425 1.49986 0.999944 0.000231976 0 3.64362 1.49978 0.000347933
3.475 1.4999 0.999963 0.000216702 0 3.69681 1.49984 0.000325031
3.525 1.49993 0.999982 0.000203238 0 3.75 1.4999 0.000304842
3.575 1.49996 0.999999 0.000191431 0 3.80319 1.49996 0.000287138
3.625 1.49999 1.00002 0.000181115 0 3.85638 1.50001 0.00027167
3.675 1.50001 1.00003 0.000172116 0 3.90957 1.50006 0.000258176
3.725 1.50004 1.00005 0.000164249 0 3.96277 1.50011 0.00024638
3.775 1.50006 1.00006 0.000157327 0 4.01596 1.50015 0.000236
3.825 1.50008 1.00008 0.000151157 0 4.06915 1.5002 0.000226748
3.875 1.50011 1.00009 0.00014555 0 4.12234 1.50024 0.00021834
3.925 1.50013 1.00011 0.000140323 0 4.17553 1.50029 0.000210502
3.975 1.50015 1.00012 0.000135305 0 4.22872 1.50033 0.000202977
4.025 1.50017 1.00013 0.000130338 0 4.28191 1.50037 0.000195529
4.075 1.50019 1.00015 0.000125285 0 4.33511 1.50041 0.000187951
4.125 1.50021 1.00016 0.000120031 0 4.3883 1.50045 0.000180071
4.175 1.50022 1.00018 0.000114482 0 4.44149 1.50049 0.000171749
4.225 1.50024 1.00019 0.000108572 0 4.49468 1.50052 0.000162884
4.275 1.50026 1.0002 0.000102258 0 4.54787 1.50056 0.000153413
4.325 1.50027 1.00021 9.55231e-05 0 4.60106 1.50059 0.000143311
4.375 1.50028 1.00022 8.83783e-05 0 4.65426 1.50062 0.000132593
4.425 1.5003 1.00024 8.08636e-05 0 4.70745 1.50065 0.000121319
4.475 1.50031 1.00025 7.30427e-05 0 4.76064 1.50068 0.000109587
4.525 1.50032 1.00025 6.49942e-05 0 4.81383 1.5007 9.7512e-05
4.575 1.50033 1.00026 5.68057e-05 0 4.86702 1.50072 8.52273e-05
4.625 1.50034 1.00027 4.85738e-05 0 4.92021 1.50074 7.2877e-05
4.675 1.50034 1.00028 4.04049e-05 0 4.9734 1.50076 6.06211e-05
4.725 1.50035 1.00028 3.24153e-05 0 5.0266 1.50077 4.86343e-05
4.775 1.50035 1.00028 2.47233e-05 0 5.07979 1.50078 3.70936e-05
4.825 1.50035 1.00029 1.74405e-05 0 5.13298 1.50078 2.6167e-05
4.875 1.50036 1.00029 1.06676e-05 0 5.18617 1.50079 1.60053e-05
4.925 1.50036 1.00029 4.51973e-06 0 5.23936 1.50079 6.78122e-06
4.975 1.50036 1.00029 -8.63323e-07 0 5.29255 1.50079 -1.29529e-06
5.025 1.50036 1.00029 -5.47609e-06 0 5.34574 1.50079 -8.21609e-06
5.075 1.50036 1.00028 -9.29452e-06 0 5.39894 1.50078 -1.39451e-05
5.125 1.50036 1.00028 -1.23408e-05 0 5.45213 1.50078 -1.85155e-05
5.175 1.50035 1.00028 -1.46317e-05 0 5.50532 1.50077 -2.19527e-05
5.225 1.50035 1.00027 -1.61768e-05 0 5.55851 1.50076 -2.42709e-05
5.275 1.50035 1.00027 -1.70028e-05 0 5.6117 1.50075 -2.55101e-05
5.325 1.50035 1.00027 -1.71619e-05 0 5.66489 1.50074 -2.57488e-05
5.375 1.50034 1.00026 -1.67076e-05 0 5.71809 1.50074 -2.50671e-05
5.425 1.50034 1.00026 -1.57257e-05 0 5.77128 1.50073 -2.3594e-05
5.475 1.50034 1.00026 -1.4306e-05 0 5.82447 1.50072 -2.14638e-05
5.525 1.50034 1.00025 -1.25521e-05 0 5.87766 1.50072 -1.88323e-05
5.575 1.50033 1.00025 -1.05748e-05 0 5.93085 1.50071 -1.58657e-05
5.625 1.50033 1.00025 -8.48625e-06 0 5.98404 1.50071 -1.27322e-05
5.675 1.50033 1.00025 -6.40117e-06 0 6.03723 1.5007 -9.60388e-06
5.725 1.50033 1.00025 -4.43809e-06 0 6.09043 1.5007 -6.65861e-06
5.775 1.50033 1.00025 -2.71055e-06 0 6.14362 1.5007 -4.06672e-06
5.825 1.50033 1.00025 -1.33947e-06 0 6.19681 1.5007 -2.00965e-06
5.875 1.50033 1.00025 -4.02927e-07 0 6.25 1.5007 -6.04523e-07
5.925 1.50033 1.00025 4.70386e-08 0 6.30319 1.5007 7.05735e-08
5.975 1.50033 1.00025 -4.53777e-08 0 6.35638 1.5007 -6.80815e-08
6.025 1.50033 1.00025 -7.17724e-07 0 6.40957 1.5007 -1.07682e-06
6.075 1.50033 1.00025 -2.00453e-06 0 6.46277 1.50071 -3.00745e-06
6.125 1.50033 1.00025 -3.91659e-06 0 6.51596 1.50071 -5.87618e-06
6.175 1.50033 1.00025 -6.45175e-06 0 6.56915 1.50071 -9.67975e-06
6.225 1.50033 1.00025 -9.58148e-06 0 6.62234 1.5007 -1.43754e-05
6.275 1.50033 1.00025 -1.32598e-05 0 6.67553 1.5007 -1.9894e-05
6.325 1.50032 1.00025 -1.74536e-05 0 6.72872 1.5007 -2.6186e-05
6.375 1.50032 1.00025 -2.21064e-05 0 6.78191 1.50069 -3.31667e-05
6.425 1.50032 1.00024 -2.71433e-05 0 6.83511 1.50068 -4.07236e-05
6.475 1.50031 1.00024 -3.24729e-05 0 6.8883 1.50067 -4.87195e-05
6.525 1.50031 1.00023 -3.79941e-05 0 6.94149 1.50066 -5.70029e-05
6.575 1.5003 1.00023 -4.36004e-05 0 6.99468 1.50064 -6.54138e-05
6.625 1.50029 1.00022 -4.91783e-05 0 7.04787 1.50063 -7.37819e-05
6.675 1.50029 1.00021 -5.46076e-05 0 7.10106 1.50061 -8.1927e-05
6.725 1.50028 1.00021 -5.97687e-05 0 7.15426 1.50059 -8.96696e-05
6.775 1.50027 1.0002 -6.45478e-05 0 7.20745 1.50056 -9.6839e-05
6.825 1.50026 1.00019 -6.88428e-05 0 7.26064 1.50054 -0.000103282
6.875 1.50025 1.00018 -7.25664e-05 0 7.31383 1.50051 -0.000108868
6.925 1.50024 1.00017 -7.56473e-05 0 7.36702 1.50049 -0.000113489
6.975 1.50022 1.00016 -7.80326e-05 0 7.42021 1.50046 -0.000117066
7.025 1.50021 1.00015 -7.96886e-05 0 7.4734 1.50043 -0.00011955
7.075 1.5002 1.00013 -8.06022e-05 0 7.5266 1.5004 -0.000120919
7.125 1.50019 1.00012 -8.07818e-05 0 7.57979 1.50037 -0.000121188
7.175 1.50018 1.00011 -8.02483e-05 0 7.63298 1.50035 -0.000120387
7.225 1.50016 1.0001 -7.90569e-05 0 7.68617 1.50032 -0.000118598
7.275 1.50015 1.0001 -7.72725e-05 0 7.73936 1.5003 -0.000115921
7.325 1.50014 1.00009 -7.49819e-05 0 7.79255 1.50027 -0.000112483
7.375 1.50013 1.00008 -7.22875e-05 0 7.84574 1.50025 -0.000108441
7.425 1.50012 1.00007 -6.93018e-05 0 7.89894 1.50023 -0.000103961
7.475 1.50011 1.00006 -6.61456e-05 0 7.95213 1.5002 -9.92256e-05
7.525 1.5001 1.00006 -6.29447e-05 0 8.00532 1.50018 -9.44233e-05
7.575 1.50009 1.00005 -5.9825e-05 0 8.05851 1.50017 -8.97429e-05
7.625 1.50008 1.00004 -5.69063e-05 0 8.1117 1.50015 -8.53641e-05
7.675 1.50007 1.00004 -5.42951e-05 0 8.16489 1.50013 -8.14466e-05
7.725 1.50007 1.00003 -5.20833e-05 0 8.21809 1.50012 -7.81283e-05
7.775 1.50006 1.00003 -5.03471e-05 0 8.27128 1.5001 -7.55235e-05
7.825 1.50005 1.00002 -4.91401e-05 0 8.32447 1.50009 -7.37126e-05
7.875 1.50004 1.00002 -4.84851e-05 0 8.37766 1.50007 -7.27298e-05
7.925 1.50004 1.00001 -4.83875e-05 0 8.43085 1.50006 -7.25829e-05
7.975 1.50003 1.00001 -4.88304e-05 0 8.48404 1.50004 -7.32471e-05
8.025 1.50002 1 -4.9782e-05 0 8.53723 1.50002 -7.46741e-05
8.075 1.50001 0.999995 -5.11913e-05 0 8.59043 1.50001 -7.67877e-05
8.125 1.50001 0.999988 -5.29883e-05 0 8.64362 1.49999 -7.94827e-05
8.175 1.5 0.999981 -5.50867e-05 0 8.69681 1.49997 -8.26299e-05
8.225 1.49999 0.999973 -5.73868e-05 0 8.75 1.49995 -8.60795e-05
8.275 1.49998 0.999964 -5.9777e-05 0 8.80319 1.49993 -8.96644e-05
8.325 1.49997 0.999955 -6.21375e-05 0 8.85638 1.4999 -9.32044e-05
8.375 1.49996 0.999946 -6.4347e-05 0 8.90957 1.49988 -9.6518e-05
8.425 1.49995 0.999935 -6.62928e-05 0 8.96277 1.49985 -9.9436e-05
8.475 1.49994 0.999925 -6.78717e-05 0 9.01596 1.49983 -0.000101804
8.525 1.49993 0.999914 -6.89901e-05 0 9.06915 1.4998 -0.00010348
8.575 1.49992 0.999903 -6.95637e-05 0 9.12234 1.49978 -0.00010434
8.625 1.49991 0.999892 -6.95138e-05 0 9.17553 1.49975 -0.000104264
8.675 1.4999 0.999881 -6.87842e-05 0 9.22872 1.49972 -0.000103169
8.725 1.49989 0.99987 -6.73332e-05 0 9.28191 1.49969 -0.000100992
8.775 1.49988 0.999859 -6.51563e-05 0 9.33511 1.49967 -9.77266e-05
8.825 1.49987 0.999849 -6.22715e-05 0 9.3883 1.49964 -9.33992e-05
8.875 1.49986 0.999839 -5.87159e-05 0 9.44149 1.49962 -8.80657e-05
8.925 1.49985 0.99983 -5.45443e-05 0 9.49468 1.4996 -8.18084e-05
8.975 1.49985 0.999822 -4.98289e-05 0 9.54787 1.49958 -7.47357e-05
9.025 1.49984 0.999815 -4.46569e-05 0 9.60106 1.49956 -6.69781e-05
9.075 1.49983 0.999809 -3.91264e-05 0 9.65426 1.49955 -5.86831e-05
9.125 1.49983 0.999804 -3.3343e-05 0 9.70745 1.49953 -5.00087e-05
9.175 1.49982 0.9998 -2.74143e-05 0 9.76064 1.49952 -4.11166e-05
9.225 1.49982 0.999797 -2.14465e-05 0 9.81383 1.49951 -3.21659e-05
9.275 1.49982 0.999795 -1.55441e-05 0 9.86702 1.49951 -2.33133e-05
9.325 1.49981 0.999795 -9.82629e-06 0 9.92021 1.49951 -1.47376e-05
9.375 1.49981 0.999796 -4.45488e-06 0 9.9734 1.49951 -6.68148e-06
9.425 1.49981 0.999797 5.52461e-07 0 10.0266 1.49951 8.28588e-07
9.475 1.49981 0.9998 5.14615e-06 0 10.0798 1.49951 7.71826e-06
9.525 1.49981 0.999804 9.27706e-06 0 10.133 1.49952 1.39139e-05
9.575 1.49982 0.999808 1.29462e-05 0 10.1862 1.49953 1.94169e-05
9.625 1.49982 0.999813 1.61521e-05 0 10.2394 1.49954 2.42252e-05
9.675 1.49982 0.999818 1.88984e-05 0 10.2926 1.49955 2.83442e-05
9.725 1.49982 0.999823 2.12095e-05 0 10.3457 1.49956 3.18105e-05
9.775 1.49983 0.999829 2.31321e-05 0 10.3989 1.49957 3.46941e-05
9.825 1.49983 0.999834 2.47267e-05 0 10.4521 1.49958 3.70858e-05
9.875 1.49983 0.99984 2.60611e-05 0 10.5053 1.49959 3.90874e-05
9.925 1.49984 0.999845 2.72138e-05 0 10.5585 1.49961 4.08164e-05
9.975 1.49984 0.999851 2.82688e-05 0 10.6117 1.49962 4.23987e-05
10.025 1.49985 0.999855 2.93092e-05 0 10.6649 1.49963 4.39593e-05
10.075 1.49985 0.99986 3.04125e-05 0 10.7181 1.49964 4.56143e-05
10.125 1.49986 0.999864 3.16485e-05 0 10.7713 1.49965 4.74682e-05
10.175 1.49986 0.999868 3.30773e-05 0 10.8245 1.49966 4.96114e-05
10.225 1.49987 0.999872 3.47484e-05 0 10.8777 1.49967 5.2118e-05
10.275 1.49987 0.999875 3.67002e-05 0 10.9309 1.49969 5.50456e-05
10.325 1.49988 0.999879 3.89585e-05 0 10.984 1.4997 5.84331e-05
10.375 1.49988 0.999882 4.15329e-05 0 11.0372 1.49971 6.22945e-05
10.425 1.49989 0.999885 4.44112e-05 0 11.0904 1.49972 6.66119e-05
10.475 1.4999 0.999889 4.7572e-05 0 11.1436 1.49973 7.13532e-05
10.525 1.4999 0.999893 5.09797e-05 0 11.1968 1.49974 7.64647e-05
10.575 1.49991 0.999898 5.45829e-05 0 11.25 1.49976 8.18697e-05
10.625 1.49992 0.999902 5.83157e-05 0 11.3032 1.49977 8.74689e-05
10.675 1.49993 0.999908 6.21011e-05 0 11.3564 1.49979 9.31473e-05
10.725 1.49994 0.999914 6.5856e-05 0 11.4096 1.49981 9.878e-05
10.775 1.49995 0.999921 6.9494e-05 0 11.4628 1.49983 0.000104238
10.825 1.49996 0.999929 7.29285e-05 0 11.516 1.49985 0.00010939
10.875 1.49997 0.999938 7.60727e-05 0 11.5691 1.49988 0.000114107
10.925 1.49998 0.999947 7.88431e-05 0 11.6223 1.4999 0.000118263
10.975 1.5 0.999957 8.11622e-05 0 11.6755 1.49993 0.000121743
11.025 1.50001 0.999968 8.29577e-05 0 11.7287 1.49996 0.000124437
11.075 1.50002 0.99998 8.4158e-05 0 11.7819 1.49999 0.000126239
11.125 1.50003 0.999992 8.46979e-05 0 11.8351 1.50002 0.00012705
11.175 1.50005 1 8.4532e-05 0 11.8883 1.50005 0.000126802
11.225 1.50006 1.00002 8.36444e-05 0 11.9415 1.50008 0.000125471
11.275 1.50007 1.00003 8.20226e-05 0 11.9947 1.50011 0.00012304
11.325 1.50008 1.00004 7.96679e-05 0 12.0479 1.50014 0.000119509
11.375 1.5001 1.00005 7.66057e-05 0 12.1011 1.50017 0.000114916
11.425 1.50011 1.00006 7.28795e-05 0 12.1543 1.5002 0.000109327
11.475 1.50012 1.00008 6.85465e-05 0 12.2074 1.50023 0.000102828
11.525 1.50013 1.00009 6.36698e-05 0 12.2606 1.50026 9.55129e-05
11.575 1.50014 1.00009 5.83143e-05 0 12.3138 1.50028 8.74794e-05
11.625 1.50014 1.0001 5.25484e-05 0 12.367 1.5003 7.88303e-05
11.675 1.50015 1.00011 4.64497e-05 0 12.4202 1.50032 6.96816e-05
11.725 1.50016 1.00012 4.01074e-05 0 12.4734 1.50033 6.01675e-05
11.775 1.50016 1.00012 3.36209e-05 0 12.5266 1.50035 5.04369e-05
11.825 1.50017 1.00013 2.70951e-05 0 12.5798 1.50036 4.06472e-05
11.875 1.50017 1.00013 2.0636e-05 0 12.633 1.50037 3.09575e-05
11.925 1.50017 1.00013 1.43456e-05 0 12.6862 1.50037 2.15209e-05
11.975 1.50017 1.00013 8.31336e-06 0 12.7394 1.50038 1.24715e-05
12.025 1.50018 1.00013 2.60968e-06 0 12.7926 1.50038 3.91498e-06
12.075 1.50018 1.00013 -2.6788e-06 0 12.8457 1.50038 -4.01867e-06
12.125 1.50018 1.00013 -7.46242e-06 0 12.8989 1.50038 -1.11949e-05
12.175 1.50017 1.00013 -1.17634e-05 0 12.9521 1.50037 -1.76471e-05
12.225 1.50017 1.00013 -1.56091e-05 0 13.0053 1.50037 -2.34163e-05
12.275 1.50017 1.00013 -1.90116e-05 0 13.0585 1.50036 -2.85206e-05
12.325 1.50017 1.00013 -2.19719e-05 0 13.1117 1.50036 -3.29614e-05
12.375 1.50016 1.00012 -2.45031e-05 0 13.1649 1.50035 -3.67586e-05
12.425 1.50016 1.00012 -2.66434e-05 0 13.2181 1.50034 -3.99693e-05
12.475 1.50016 1.00012 -2.8454e-05 0 13.2713 1.50034 -4.26855e-05
12.525 1.50015 1.00012 -3.00125e-05 0 13.3245 1.50033 -4.50233e-05
12.575 1.50015 1.00011 -3.14053e-05 0 13.3777 1.50032 -4.71126e-05
12.625 1.50014 1.00011 -3.27227e-05 0 13.4309 1.50031 -4.90887e-05
12.675 1.50014 1.00011 -3.4052e-05 0 13.484 1.5003 -5.10827e-05
12.725 1.50013 1.00011 -3.54716e-05 0 13.5372 1.50029 -5.32121e-05
12.775 1.50013 1.0001 -3.70487e-05 0 13.5904 1.50028 -5.55778e-05
12.825 1.50012 1.0001 -3.88343e-05 0 13.6436 1.50027 -5.82561e-05
12.875 1.50011 1.00009 -4.08616e-05 0 13.6968 1.50025 -6.12971e-05
12.925 1.50011 1.00009 -4.31457e-05 0 13.75 1.50024 -6.47232e-05
12.975 1.5001 1.00008 -4.56837e-05 0 13.8032 1.50022 -6.85301e-05
13.025 1.50009 1.00008 -4.84553e-05 0 13.8564 1.50021 -7.26875e-05
13.075 1.50009 1.00007 -5.14241e-05 0 13.9096 1.50019 -7.71406e-05
13.125 1.50008 1.00006 -5.45394e-05 0 13.9628 1.50017 -8.18134e-05
13.175 1.50007 1.00005 -5.77376e-05 0 14.016 1.50015 -8.66105e-05
13.225 1.50006 1.00004 -6.09415e-05 0 14.0691 1.50013 -9.14161e-05
13.275 1.50005 1.00003 -6.40607e-05 0 14.1223 1.5001 -9.60944e-05
13.325 1.50004 1.00002 -6.70009e-05 0 14.1755 1.50007 -0.000100504
13.375 1.50003 1.00001 -6.96698e-05 0 14.2287 1.50005 -0.000104507
13.425 1.50002 0.999997 -7.19789e-05 0 14.2819 1.50002 -0.00010797
13.475 1.50001 0.999985 -7.38446e-05 0 14.3351 1.49999 -0.000110768
13.525 1.5 0.999972 -7.51892e-05 0 14.3883 1.49996 -0.000112784
13.575 1.49999 0.999959 -7.59455e-05 0 14.4415 1.49993 -0.000113918
13.625 1.49998 0.999946 -7.6059e-05 0 14.4947 1.4999 -0.000114087
13.675 1.49997 0.999933 -7.54707e-05 0 14.5479 1.49987 -0.000113204
13.725 1.49996 0.99992 -7.41492e-05 0 14.6011 1.49984 -0.000111221
13.775 1.49995 0.999908 -7.20855e-05 0 14.6543 1.49981 -0.000108124
13.825 1.49994 0.999897 -6.92972e-05 0 14.7074 1.49978 -0.000103941
13.875 1.49993 0.999887 -6.58188e-05 0 14.7606 1.49976 -9.87233e-05
13.925 1.49992 0.999877 -6.16955e-05 0 14.8138 1.49973 -9.2538e-05
13.975 1.49991 0.999868 -5.69826e-05 0 14.867 1.49971 -8.54686e-05
14.025 1.4999 0.999861 -5.17478e-05 0 14.9202 1.49969 -7.76165e-05
14.075 1.49989 0.999854 -4.60729e-05 0 14.9734 1.49967 -6.91043e-05
14.125 1.49989 0.999849 -4.00527e-05 0 15.0266 1.49966 -6.00744e-05
14.175 1.49988 0.999845 -3.37907e-05 0 15.0798 1.49965 -5.06821e-05
14.225 1.49988 0.999842 -2.73941e-05 0 15.133 1.49964 -4.10878e-05
14.275 1.49987 0.999841 -2.09725e-05 0 15.1862 1.49964 -3.14561e-05
14.325 1.49987 0.99984 -1.46585e-05 0 15.2394 1.49963 -2.19858e-05
14.375 1.49987 0.999841 -8.62943e-06 0 15.2926 1.49963 -1.2943e-05
14.425 1.49987 0.999843 -2.91232e-06 0 15.3457 1.49964 -4.3681e-06
14.475 1.49987 0.999846 2.41226e-06 0 15.3989 1.49964 3.61807e-06
14.525 1.49987 0.999849 7.27944e-06 0 15.4521 1.49965 1.09182e-05
14.575 1.49988 0.999853 1.16764e-05 0 15.5053 1.49966 1.75132e-05
14.625 1.49988 0.999858 1.55877e-05 0 15.5585 1.49967 2.33797e-05
14.675 1.49988 0.999864 1.90027e-05 0 15.6117 1.49968 2.85018e-05
14.725 1.49989 0.99987 2.19293e-05 0 15.6649 1.49969 3.28915e-05
14.775 1.49989 0.999876 2.43938e-05 0 15.7181 1.4997 3.65881e-05
14.825 1.49989 0.999882 2.64349e-05 0 15.7713 1.49972 3.96495e-05
14.875 1.4999 0.999889 2.80993e-05 0 15.8245 1.49973 4.21462e-05
14.925 1.49991 0.999896 2.94407e-05 0 15.8777 1.49975 4.41582e-05
14.975 1.49991 0.999904 3.05174e-05 0 15.9309 1.49977 4.57734e-05
15.025 1.49992 0.999911 3.13903e-05 0 15.984 1.49978 4.70828e-05
15.075 1.49992 0.999919 3.21188e-05 0 16.0372 1.4998 4.81758e-05
15.125 1.49993 0.999926 3.27575e-05 0 16.0904 1.49982 4.9134e-05
15.175 1.49994 0.999934 3.33529e-05 0 16.1436 1.49984 5.00272e-05
15.225 1.49994 0.999942 3.39406e-05 0 16.1968 1.49986 5.09089e-05
15.275 1.49995 0.99995 3.45424e-05 0 16.25 1.49988 5.18119e-05
15.325 1.49996 0.999958 3.51644e-05 0 16.3032 1.4999 5.27451e-05
15.375 1.49997 0.999966 3.57961e-05 0 16.3564 1.49992 5.36929e-05
15.425 1.49997 0.999975 3.64096e-05 0 16.4096 1.49994 5.46135e-05
15.475 1.49998 0.999984 3.69576e-05 0 16.4628 1.49996 5.54358e-05
15.525 1.49999 0.999993 3.73718e-05 0 16.516 1.49998 5.60574e-05
15.575 1.5 1 3.75643e-05 0 16.5691 1.5 5.63465e-05
15.625 1.50001 1.00001 3.74343e-05 0 16.6223 1.50003 5.61519e-05
15.675 1.50002 1.00002 3.68756e-05 0 16.6755 1.50005 5.53141e-05
15.725 1.50003 1.00003 3.57795e-05 0 16.7287 1.50007 5.36702e-05
15.775 1.50004 1.00004 3.40482e-05 0 16.7819 1.5001 5.10736e-05
15.825 1.50005 1.00005 3.15932e-05 0 16.8351 1.50012 4.73913e-05
15.875 1.50006 1.00006 2.83338e-05 0 16.8883 1.50014 4.25022e-05
15.925 1.50006 1.00007 2.42071e-05 0 16.9415 1.50017 3.63122e-05
15.975 1.50007 1.00008 1.91699e-05 0 16.9947 1.50019 2.87562e-05
16.025 1.50008 1.00008 1.31984e-05 0 17.0479 1.50021 1.97987e-05
16.075 1.50009 1.00009 6.29026e-06 0 17.1011 1.50023 9.43596e-06
16.125 1.5001 1.0001 -1.53199e-06 0 17.1543 1.50024 -2.29813e-06
16.175 1.5001 1.0001 -1.02184e-05 0 17.2074 1.50026 -1.53286e-05
16.225 1.50011 1.00011 -1.96943e-05 0 17.2606 1.50027 -2.95436e-05
16.275 1.50011 1.00011 -2.98661e-05 0 17.3138 1.50028 -4.48026e-05
16.325 1.50012 1.00011 -4.06235e-05 0 17.367 1.50029 -6.094e-05
16.375 1.50012 1.00012 -5.18337e-05 0 17.4202 1.50029 -7.77567e-05
16.425 1.50012 1.00012 -6.33241e-05 0 17.4734 1.5003 -9.49939e-05
16.475 1.50012 1.00012 -7.48572e-05 0 17.5266 1.5003 -0.000112295
16.525 1.50012 1.00011 -8.63121e-05 0 17.5798 1.50029 -0.000129479
16.575 1.50012 1.00011 -9.75206e-05 0 17.633 1.50029 -0.000146293
16.625 1.50012 1.00011 -0.000108315 0 17.6862 1.50028 -0.000162485
16.675 1.50012 1.0001 -0.000118559 0 17.7394 1.50027 -0.000177852
16.725 1.50012 1.0001 -0.000128098 0 17.7926 1.50026 -0.000192161
16.775 1.50011 1.00009 -0.000136772 0 17.8457 1.50025 -0.000205174
16.825 1.50011 1.00008 -0.00014443 0 17.8989 1.50023 -0.000216661
16.875 1.50011 1.00007 -0.000150907 0 17.9521 1.50022 -0.000226376
16.925 1.5001 1.00006 -0.000156076 0 18.0053 1.5002 -0.000234131
16.975 1.5001 1.00005 -0.000159843 0 18.0585 1.50018 -0.00023978
17.025 1.5001 1.00004 -0.000162125 0 18.1117 1.50017 -0.000243203
17.075 1.5001 1.00003 -0.000162858 0 18.1649 1.50015 -0.000244304
17.125 1.5001 1.00002 -0.000161984 0 18.2181 1.50013 -0.000242992
17.175 1.5001 1.00002 -0.00015946 0 18.2713 1.50012 -0.000239206
17.225 1.5001 1.00001 -0.000155276 0 18.3245 1.5001 -0.000232929
17.275 1.5001 0.999996 -0.000149466 0 18.3777 1.50009 -0.000224213
17.325 1.5001 0.999987 -0.000142012 0 18.4309 1.50008 -0.000213032
17.375 1.5001 0.999978 -0.00013285 0 18.484 1.50007 -0.000199288
17.425 1.50011 0.999969 -0.000121896 0 18.5372 1.50006 -0.000182858
17.475 1.50011 0.999961 -0.000109076 0 18.5904 1.50005 -0.000163627
17.525 1.50012 0.999953 -9.43032e-05 0 18.6436 1.50005 -0.000141466
17.575 1.50013 0.999945 -7.76252e-05 0 18.6968 1.50005 -0.000116448
17.625 1.50013 0.999938 -5.93769e-05 0 18.75 1.50004 -8.90732e-05
17.675 1.50013 0.999931 -3.99018e-05 0 18.8032 1.50003 -5.98581e-05
17.725 1.50013 0.999925 -1.94258e-05 0 18.8564 1.50002 -2.91413e-05
17.775 1.50013 0.999919 1.95027e-06 0 18.9096 1.50001 2.92567e-06
17.825 1.50013 0.999913 2.40708e-05 0 18.9628 1.5 3.61094e-05
17.875 1.50012 0.999908 4.67363e-05 0 19.016 1.49999 7.01103e-05
17.925 1.50012 0.999903 6.97181e-05 0 19.0691 1.49997 0.000104585
17.975 1.50011 0.999898 9.27764e-05 0 19.1223 1.49996 0.000139175
18.025 1.5001 0.999894 0.000115676 0 19.1755 1.49994 0.000173526
18.075 1.50008 0.999891 0.000138202 0 19.2287 1.49992 0.000207315
18.125 1.50007 0.999888 0.000160164 0 19.2819 1.4999 0.000240257
18.175 1.50005 0.999885 0.000181389 0 19.3351 1.49988 0.000272094
18.225 1.50004 0.999883 0.000201704 0 19.3883 1.49986 0.000302564
18.275 1.50002 0.999882 0.000220907 0 19.4415 1.49984 0.000331364
18.325 1.5 0.999882 0.000238736 0 19.4947 1.49982 0.000358104
18.375 1.49998 0.999882 0.000254861 0 19.5479 1.4998 0.000382286
18.425 1.49996 0.999884 0.000268933 0 19.6011 1.49978 0.000403388
18.475 1.49993 0.999886 0.000280588 0 19.6543 1.49976 0.000420863
18.525 1.4999 0.999889 0.000289413 0 19.7074 1.49974 0.000434091
18.575 1.49987 0.999893 0.000294976 0 19.7606 1.49971 0.000442427
18.625 1.49984 0.999898 0.000296835 0 19.8138 1.49969 0.000445207
18.675 1.49982 0.999904 0.000295023 0 19.867 1.49967 0.000442481
18.725 1.4998 0.99991 0.000289704 0 19.9202 1.49966 0.000434497
18.775 1.49978 0.999918 0.000281221 0 19.9734 1.49966 0.00042177
18.825 1.49977 0.999926 0.000270032 0 20.0266 1.49966 0.000404987
18.875 1.49977 0.999935 0.000256533 0 20.0798 1.49967 0.00038474
18.925 1.49977 0.999944 0.000240977 0 20.133 1.49968 0.000361409
18.975 1.49977 0.999954 0.000223421 0 20.1862 1.4997 0.00033508
19.025 1.49977 0.999965 0.000203918 0 20.2394 1.49972 0.00030583
19.075 1.49978 0.999976 0.000182705 0 20.2926 1.49974 0.000274017
19.125 1.49979 0.999986 0.000160123 0 20.3457 1.49977 0.00024015
19.175 1.4998 0.999997 0.000136536 0 20.3989 1.4998 0.000204777
19.225 1.49982 1.00001 0.000112301 0 20.4521 1.49983 0.000168431
19.275 1.49984 1.00002 8.77709e-05 0 20.5053 1.49986 0.000131642
19.325 1.49986 1.00003 6.32999e-05 0 20.5585 1.4999 9.49408e-05
19.375 1.49988 1.00004 3.92475e-05 0 20.6117 1.49994 5.88666e-05
19.425 1.49991 1.00005 1.59705e-05 0 20.6649 1.49998 2.39542e-05
19.475 1.49994 1.00006 -6.17212e-06 0 20.7181 1.50002 -9.25779e-06
19.525 1.49997 1.00006 -2.68051e-05 0 20.7713 1.50006 -4.02067e-05
19.575 1.5 1.00007 -4.55049e-05 0 20.8245 1.5001 -6.82572e-05
19.625 1.50003 1.00007 -6.19733e-05 0 20.8777 1.50014 -9.29616e-05
19.675 1.50005 1.00008 -7.6336e-05 0 20.9309 1.50017 -0.000114508
19.725 1.50008 1.00008 -8.87718e-05 0 20.984 1.5002 -0.000133165
19.775 1.5001 1.00008 -9.94666e-05 0 21.0372 1.50022 -0.00014921
19.825 1.50011 1.00009 -0.00010859 0 21.0904 1.50024 -0.000162897
19.875 1.50012 1.00009 -0.000116288 0 21.1436 1.50025 -0.000174447
19.925 1.50013 1.00009 -0.000122644 0 21.1968 1.50026 -0.000183982
19.975 1.50014 1.00008 -0.000127802 0 21.25 1.50027 -0.000191721
