-19.8 1.4359 0.948071 0.0123572 0 -50.7692 1.36134 0.0177437
-19.4 1.44865 0.958651 0.0108485 0 -49.7436 1.38875 0.0157157
-19 1.45977 0.967815 0.00933774 0 -48.7179 1.41278 0.0136309
-18.6 1.46924 0.975579 0.00786695 0 -47.6923 1.43336 0.0115584
-18.2 1.47711 0.981997 0.0064724 0 -46.6667 1.45052 0.00956047
-17.8 1.48349 0.987158 0.00518542 0 -45.641 1.46444 0.00769251
-17.4 1.48849 0.99118 0.00403188 0 -44.6154 1.47536 0.00600142
-17 1.49229 0.994204 0.00303068 0 -43.5897 1.48364 0.00452265
-16.6 1.49506 0.996386 0.00219224 0 -42.5641 1.48966 0.00327754
-16.2 1.497 0.997887 0.00151757 0 -41.5385 1.49384 0.0022718
-15.8 1.4983 0.998864 0.000998349 0 -40.5128 1.49659 0.00149582
-15.4 1.49911 0.999458 0.000618311 0 -39.4872 1.49829 0.000926915
-15 1.49958 0.999788 0.000355576 0 -38.4615 1.49926 0.000533216
-14.6 1.49984 0.99995 0.000185615 0 -37.4359 1.49976 0.000278393
-14.2 1.49996 1.00001 8.4167e-05 0 -36.4103 1.49998 0.000126247
-13.8 1.5 1.00003 2.95981e-05 0 -35.3846 1.50005 4.43972e-05
-13.4 1.50001 1.00002 4.37732e-06 0 -34.359 1.50005 6.56604e-06
-13 1.50001 1.00001 -4.4133e-06 0 -33.3333 1.50003 -6.62e-06
-12.6 1.5 1 -5.36898e-06 0 -32.3077 1.50001 -8.0535e-06
-12.2 1.5 0.999999 -3.5668e-06 0 -31.2821 1.5 -5.35021e-06
-11.8 1.5 0.999997 -1.57517e-06 0 -30.2564 1.49999 -2.36275e-06
-11.4 1.5 0.999997 -4.18523e-07 0 -29.2308 1.49999 -6.27784e-07
-11 1.5 0.999998 -3.48087e-07 0 -28.2051 1.49999 -5.2213e-07
-10.6 1.5 1 -1.36735e-06 0 -27.1795 1.5 -2.05102e-06
-10.2 1.49999 1 -3.53194e-06 0 -26.1538 1.5 -5.29789e-06
-9.8 1.49999 1.00001 -7.07928e-06 0 -25.1282 1.5 -1.06188e-05
-9.4 1.49998 1.00002 -1.24488e-05 0 -24.1026 1.5 -1.86729e-05
-9 1.49996 1.00003 -2.02418e-05 0 -23.0769 1.5 -3.03618e-05
-8.6 1.49993 1.00005 -3.11502e-05 0 -22.0513 1.50001 -4.6723e-05
-8.2 1.49988 1.00009 -4.58701e-05 0 -21.0256 1.50001 -6.87998e-05
-7.8 1.49982 1.00014 -6.50046e-05 0 -20 1.50002 -9.74951e-05
-7.4 1.49973 1.00021 -8.89602e-05 0 -18.9744 1.50004 -0.000133416
-7 1.49961 1.00031 -0.000117844 0 -17.9487 1.50006 -0.000176719
-6.6 1.49945 1.00043 -0.00015137 0 -16.9231 1.5001 -0.000226972
-6.2 1.49925 1.0006 -0.000188798 0 -15.8974 1.50014 -0.000283054
-5.8 1.499 1.0008 -0.000228901 0 -14.8718 1.50019 -0.000343122
-5.4 1.4987 1.00104 -0.00027 0 -13.8462 1.50026 -0.00040465
-5 1.49836 1.00132 -0.000310052 0 -12.8205 1.50034 -0.000464568
-4.6 1.49796 1.00165 -0.000346794 0 -11.7949 1.50043 -0.000519485
-4.2 1.49753 1.002 -0.000377947 0 -10.7692 1.50053 -0.000565987
-3.8 1.49707 1.00238 -0.00040144 0 -9.74359 1.50064 -0.000600983
-3.4 1.49658 1.00278 -0.000415655 0 -8.71795 1.50075 -0.000622063
-3 1.49609 1.00319 -0.000419649 0 -7.69231 1.50087 -0.000627833
-2.6 1.49561 1.00359 -0.000413331 0 -6.66667 1.50098 -0.00061818
-2.2 1.49514 1.00397 -0.000397577 0 -5.64103 1.50108 -0.000594434
-1.8 1.49471 1.00433 -0.000374259 0 -4.61538 1.50118 -0.00055941
-1.4 1.49433 1.00464 -0.000346169 0 -3.58974 1.50126 -0.000517292
-1 1.49401 1.0049 -0.000316848 0 -2.5641 1.50132 -0.000473374
-0.6 1.49376 1.0051 -0.000290303 0 -1.53846 1.50137 -0.000433642
-0.2 1.49357 1.00524 -0.000270644 0 -0.512821 1.5014 -0.000404226
0.2 1.49346 1.00532 -0.000261636 0 0.512821 1.5014 -0.000390743
0.6 1.49342 1.00534 -0.000266224 0 1.53846 1.50139 -0.000397584
1 1.49345 1.0053 -0.000286047 0 2.5641 1.50137 -0.000427197
1.4 1.49354 1.00521 -0.000321027 0 3.58974 1.50133 -0.000479468
1.8 1.49369 1.00508 -0.000369073 0 4.61538 1.50128 -0.00055128
2.2 1.49389 1.00492 -0.000425992 0 5.64103 1.50124 -0.000636385
2.6 1.49413 1.00473 -0.000485671 0 6.66667 1.50119 -0.000725654
3 1.49439 1.00452 -0.000540551 0 7.69231 1.50115 -0.000807797
3.4 1.49469 1.0043 -0.000582419 0 8.71795 1.50111 -0.000870534
3.8 1.49499 1.00407 -0.000603446 0 9.74359 1.50108 -0.000902147
4.2 1.4953 1.00385 -0.000597357 0 10.7692 1.50105 -0.000893229
4.6 1.4956 1.00363 -0.000560567 0 11.7949 1.50103 -0.000838386
5 1.49589 1.00341 -0.000493089 0 12.8205 1.50099 -0.000737607
5.4 1.49615 1.0032 -0.00039904 0 13.8462 1.50094 -0.000597025
5.8 1.49638 1.003 -0.000286631 0 14.8718 1.50086 -0.000428909
6.2 1.49656 1.00279 -0.000167621 0 15.8974 1.50074 -0.000250855
6.6 1.49669 1.00259 -5.63675e-05 0 16.9231 1.50056 -8.43648e-05
7 1.49675 1.00236 3.12984e-05 0 17.9487 1.50028 4.6846e-05
7.4 1.49673 1.0021 7.90497e-05 0 18.9744 1.49987 0.000118316
7.8 1.49659 1.00178 7.05405e-05 0 20 1.49926 0.00010557
8.2 1.49629 1.00137 -1.09031e-05 0 21.0256 1.49834 -1.63143e-05
8.6 1.49578 1.0008 -0.000183531 0 22.0513 1.49697 -0.000274522
9 1.49494 0.999993 -0.000469308 0 23.0769 1.49493 -0.000701589
9.4 1.49366 0.998842 -0.000896618 0 24.1026 1.49193 -0.00133924
9.8 1.49172 0.997191 -0.00150294 0 25.1282 1.48753 -0.00224196
10.2 1.48888 0.99483 -0.00233648 0 26.1538 1.48118 -0.00347873
10.6 1.4848 0.991489 -0.00345544 0 27.1795 1.47217 -0.00513065
11 1.47908 0.986833 -0.004923 0 28.2051 1.45961 -0.00728153
11.4 1.47125 0.98046 -0.0067957 0 29.2308 1.4425 -0.00999819
11.8 1.46083 0.971932 -0.00910279 0 30.2564 1.41982 -0.0132976
12.2 1.44736 0.96082 -0.0118151 0 31.2821 1.39065 -0.0171007
12.6 1.43058 0.946793 -0.0148049 0 32.3077 1.35446 -0.0211795
13 1.41051 0.92975 -0.0178056 0 33.3333 1.31142 -0.0251151
13.4 1.38768 0.909977 -0.0203903 0 34.359 1.26276 -0.0282953
13.8 1.36319 0.888295 -0.0219986 0 35.3846 1.21091 -0.0299882
14.2 1.33872 0.866136 -0.0220409 0 36.4103 1.15951 -0.0295066
14.6 1.31636 0.845435 -0.0200823 0 37.4359 1.1129 -0.0264355
15 1.29822 0.828311 -0.0160477 0 38.4615 1.07533 -0.0208334
15.4 1.28598 0.816586 -0.0103377 0 39.4872 1.05012 -0.0132941
15.8 1.28054 0.811315 -0.00375465 0 40.5128 1.03892 -0.004808
16.2 1.28188 0.812564 0.00273659 0 41.5385 1.04161 0.00350799
16.6 1.28919 0.819486 0.00832014 0 42.5641 1.05647 0.0107262
17 1.30121 0.830725 0.0125486 0 43.5897 1.08095 0.0163284
17.4 1.31656 0.844825 0.0153363 0 44.6154 1.11227 0.0201912
17.8 1.33395 0.860504 0.0168399 0 45.641 1.14787 0.0224637
18.2 1.3523 0.876759 0.0173225 0 46.6667 1.18564 0.0234253
18.6 1.37078 0.892864 0.0170561 0 47.6923 1.22392 0.02338
19 1.38875 0.908323 0.0162721 0 48.7179 1.26143 0.0225978
19.4 1.40578 0.922806 0.0151481 0 49.7436 1.29727 0.0212949
19.8 1.42157 0.936099 0.0138126 0 50.7692 1.33073 0.0196356
