-19.9 1.49867 0.99906 -0.00066981 0 -31.5873 1.49727 -0.00100383
-19.7 1.49831 0.998764 -0.000886664 0 -31.2698 1.49645 -0.00132849
-19.5 1.49778 0.998368 -0.00114522 0 -30.9524 1.49533 -0.00171529
-19.3 1.49702 0.997842 -0.00147864 0 -30.6349 1.49379 -0.00221356
-19.1 1.49597 0.99714 -0.00193155 0 -30.3175 1.49169 -0.00288955
-18.9 1.49456 0.996205 -0.00255586 0 -30 1.48888 -0.00381987
-18.7 1.49267 0.99496 -0.00340922 0 -29.6825 1.48515 -0.00508885
-18.5 1.49019 0.993302 -0.00455769 0 -29.3651 1.48021 -0.00679183
-18.3 1.48693 0.991092 -0.00608268 0 -29.0476 1.47368 -0.00904449
-18.1 1.48261 0.988149 -0.00809132 0 -28.7302 1.46504 -0.0119963
-17.9 1.47691 0.984232 -0.0107275 0 -28.4127 1.45363 -0.0158435
-17.7 1.46939 0.979023 -0.0141788 0 -28.0952 1.43857 -0.0208342
-17.5 1.45951 0.972113 -0.0186778 0 -27.7778 1.41881 -0.0272603
-17.3 1.44659 0.962966 -0.0244979 0 -27.4603 1.39302 -0.0354386
-17.1 1.42987 0.950896 -0.0319459 0 -27.1429 1.35966 -0.0456783
-16.9 1.40843 0.935046 -0.0413312 0 -26.8254 1.31694 -0.058212
-16.7 1.38132 0.914378 -0.052884 0 -26.5079 1.26305 -0.0730495
-16.5 1.34765 0.887662 -0.0666352 0 -26.1905 1.19625 -0.0898007
-16.3 1.30683 0.85358 -0.0822525 0 -25.873 1.11548 -0.10749
-16.1 1.25875 0.81075 -0.0986135 0 -25.5556 1.02053 -0.124129
-15.9 1.20399 0.757832 -0.113372 0 -25.2381 0.912418 -0.136498
-15.7 1.14566 0.695457 -0.12322 0 -24.9206 0.796754 -0.141168
-15.5 1.08994 0.62853 -0.122351 0 -24.6032 0.685058 -0.133355
-15.3 1.04417 0.566862 -0.104481 0 -24.2857 0.591899 -0.109096
-15.1 1.013 0.51989 -0.0667067 0 -23.9683 0.52665 -0.0675741
-14.9 1.00175 0.498971 -0.0153771 0 -23.6508 0.499845 -0.0154041
-14.7 1.00314 0.509007 0.0326339 0 -23.3333 0.510603 0.0327362
-14.5 1.02369 0.542438 0.0676796 0 -23.0159 0.555291 0.0692832
-14.3 1.06302 0.591288 0.0915405 0 -22.6984 0.628552 0.0973096
-14.1 1.11184 0.647838 0.104417 0 -22.381 0.720294 0.116095
-13.9 1.16345 0.705338 0.107663 0 -22.0635 0.820623 0.12526
-13.7 1.21244 0.757617 0.102847 0 -21.746 0.918562 0.124696
-13.5 1.25884 0.804165 0.0930227 0 -21.4286 1.01232 0.117101
-13.3 1.30153 0.844252 0.0807346 0 -21.1111 1.09882 0.105078
-13.1 1.33926 0.877646 0.0679215 0 -20.7937 1.1754 0.0909648
-12.9 1.37144 0.904592 0.0558551 0 -20.4762 1.24059 0.0766018
-12.7 1.39818 0.926 0.0451837 0 -20.1587 1.29472 0.0631749
-12.5 1.42001 0.942859 0.0361095 0 -19.8413 1.33887 0.051276
-12.3 1.4376 0.956056 0.0286026 0 -19.5238 1.37443 0.0411191
-12.1 1.45163 0.966349 0.0225151 0 -19.2063 1.40278 0.0326836
-11.9 1.46274 0.974362 0.0176537 0 -18.8889 1.42524 0.0258228
-11.7 1.47151 0.980596 0.0138192 0 -18.5714 1.44296 0.0203351
-11.5 1.47842 0.985454 0.0108268 0 -18.254 1.45691 0.0160065
-11.3 1.48386 0.989253 0.00851388 0 -17.9365 1.46792 0.0126334
-11.1 1.48818 0.992242 0.00674199 0 -17.619 1.47663 0.0100333
-10.9 1.49162 0.994618 0.00539558 0 -17.3016 1.48359 0.00804815
-10.7 1.4944 0.996536 0.00438 0 -16.9841 1.48923 0.0065455
-10.5 1.4967 0.998117 0.00361906 0 -16.6667 1.49388 0.00541664
-10.3 1.49863 0.999453 0.00305208 0 -16.3492 1.49781 0.00457394
-10.1 1.5003 1.00062 0.0026307 0 -16.0317 1.50122 0.00394684
-9.9 1.50176 1.00166 0.00231566 0 -15.7143 1.50425 0.00347758
-9.7 1.50307 1.00262 0.00207373 0 -15.3968 1.507 0.00311696
-9.5 1.50425 1.00351 0.00187548 0 -15.0794 1.50953 0.00282119
-9.3 1.50531 1.00436 0.00169352 0 -14.7619 1.51186 0.00254926
-9.1 1.50624 1.00514 0.00150368 0 -14.4444 1.51398 0.0022649
-8.9 1.50703 1.00585 0.00128801 0 -14.127 1.51585 0.00194107
-8.7 1.50768 1.00647 0.00103323 0 -13.8095 1.51744 0.00155779
-8.5 1.50817 1.00698 0.000731233 0 -13.4921 1.51869 0.00110283
-8.3 1.50848 1.00733 0.000377061 0 -13.1746 1.51953 0.000568787
-8.1 1.50856 1.00749 -2.42517e-05 0 -12.8571 1.51987 -3.65852e-05
-7.9 1.50851 1.00746 -0.000380364 0 -12.5397 1.51975 -0.000573781
-7.7 1.50823 1.00726 -0.000681597 0 -12.2222 1.51917 -0.001028
-7.5 1.50767 1.00688 -0.000990975 0 -11.9048 1.51804 -0.00149406
-7.3 1.50689 1.0063 -0.00132155 0 -11.5873 1.51638 -0.00199143
-7.1 1.50593 1.00551 -0.00165596 0 -11.2698 1.51423 -0.00249377
-6.9 1.50478 1.00451 -0.00196607 0 -10.9524 1.51157 -0.0029585
-6.7 1.50346 1.00333 -0.00223162 0 -10.6349 1.50846 -0.00335514
-6.5 1.50199 1.00198 -0.00243178 0 -10.3175 1.50497 -0.00365252
-6.3 1.50045 1.00052 -0.00254777 0 -10 1.50123 -0.0038228
-6.1 1.49891 0.999014 -0.00254664 0 -9.68254 1.49743 -0.00381719
-5.9 1.49749 0.997576 -0.00238733 0 -9.36508 1.49386 -0.00357499
-5.7 1.49624 0.996271 -0.00204367 0 -9.04762 1.49067 -0.00305783
-5.5 1.49528 0.995208 -0.00152192 0 -8.73016 1.48811 -0.00227568
-5.3 1.49468 0.994495 -0.000831159 0 -8.4127 1.48645 -0.00124231
-5.1 1.49452 0.99423 -3.74765e-05 0 -8.09524 1.48589 -5.60093e-05
-4.9 1.49461 0.994396 0.000606805 0 -7.77778 1.48623 0.000906937
-4.7 1.49512 0.994878 0.00111816 0 -7.46032 1.48747 0.00167178
-4.5 1.49607 0.995662 0.00157965 0 -7.14286 1.48958 0.00236326
-4.3 1.49727 0.996726 0.00197367 0 -6.8254 1.49237 0.00295512
-4.1 1.49863 0.998012 0.00224443 0 -6.50794 1.49565 0.00336357
-3.9 1.50009 0.999426 0.00236534 0 -6.19048 1.49923 0.00354821
-3.7 1.50146 1.00082 0.00228169 0 -5.87302 1.50269 0.00342586
-3.5 1.50264 1.00207 0.00196118 0 -5.55556 1.50576 0.00294695
-3.3 1.50354 1.00309 0.0014135 0 -5.2381 1.50818 0.00212525
-3.1 1.50405 1.00372 0.000672582 0 -4.92063 1.50964 0.0010116
-2.9 1.50414 1.00387 -0.000132607 0 -4.60317 1.50996 -0.000199459
-2.7 1.50397 1.00363 -0.000724769 0 -4.28571 1.50943 -0.00109003
-2.5 1.50335 1.00309 -0.00119083 0 -3.96825 1.50799 -0.00179024
-2.3 1.50235 1.00229 -0.00157677 0 -3.65079 1.50579 -0.00236886
-2.1 1.50119 1.00127 -0.00184613 0 -3.33333 1.50309 -0.00277138
-1.9 1.49997 1.00014 -0.00194783 0 -3.01587 1.50018 -0.0029217
-1.7 1.49889 0.999067 -0.00181472 0 -2.69841 1.4975 -0.00272007
-1.5 1.49803 0.998168 -0.00143868 0 -2.38095 1.49528 -0.00215518
-1.3 1.49746 0.99756 -0.000840313 0 -2.06349 1.49381 -0.00125834
-1.1 1.49727 0.997349 -0.000132007 0 -1.74603 1.49331 -0.000197651
-0.9 1.4973 0.997523 0.000434231 0 -1.42857 1.4936 0.000650176
-0.7 1.49769 0.997963 0.000846466 0 -1.11111 1.49463 0.00126774
-0.5 1.49842 0.998617 0.00115858 0 -0.793651 1.49634 0.00173604
-0.3 1.4993 0.999425 0.00135877 0 -0.47619 1.49844 0.00203721
-0.1 1.50016 1.00028 0.00137982 0 -0.15873 1.50058 0.00206996
0.1 1.50087 1.00101 0.00119308 0 0.15873 1.50238 0.00179066
0.3 1.50138 1.00154 0.000803466 0 0.47619 1.50369 0.00120631
0.5 1.5016 1.00179 0.000288191 0 0.793651 1.50429 0.000432748
0.7 1.50164 1.00171 -0.000174925 0 1.11111 1.50422 -0.000262675
0.9 1.50147 1.00142 -0.000500252 0 1.42857 1.5036 -0.000751113
1.1 1.50102 1.00095 -0.000733008 0 1.74603 1.50245 -0.00110026
1.3 1.50043 1.00037 -0.000876724 0 2.06349 1.50099 -0.00131547
1.5 1.49988 0.999765 -0.000876828 0 2.38095 1.49953 -0.00131513
1.7 1.49945 0.999266 -0.000718144 0 2.69841 1.49835 -0.00107682
1.9 1.49918 0.99893 -0.000414214 0 3.01587 1.49757 -0.00062098
2.1 1.4991 0.998822 -4.41454e-05 0 3.33333 1.49733 -6.61782e-05
2.3 1.49913 0.998926 0.000234522 0 3.65079 1.49752 0.000351578
2.5 1.49934 0.999169 0.000424764 0 3.96825 1.49809 0.000636865
2.7 1.4997 0.999511 0.000547772 0 4.28571 1.49897 0.000821495
2.9 1.50009 0.999902 0.000585224 0 4.60317 1.49994 0.000877889
3.1 1.5004 1.00024 0.000508991 0 4.92063 1.50075 0.000763687
3.3 1.5006 1.00048 0.000323859 0 5.2381 1.50131 0.000485983
3.5 1.50068 1.00057 8.01187e-05 0 5.55556 1.50153 0.000120232
3.7 1.50068 1.00051 -0.000116315 0 5.87302 1.50144 -0.000174551
3.9 1.50057 1.00035 -0.000246994 0 6.19048 1.5011 -0.000370631
4.1 1.50035 1.00014 -0.000328559 0 6.50794 1.50055 -0.000492953
4.3 1.50011 0.999888 -0.000349426 0 6.8254 1.49995 -0.000524178
4.5 1.49994 0.999683 -0.000292651 0 7.14286 1.49946 -0.000438959
4.7 1.49983 0.999551 -0.00016679 0 7.46032 1.49916 -0.000250157
4.9 1.4998 0.99952 -1.56718e-05 0 7.77778 1.49908 -2.35047e-05
5.1 1.49982 0.999575 9.16061e-05 0 8.09524 1.49918 0.000137393
5.3 1.49991 0.999687 0.000159425 0 8.4127 1.49944 0.000239123
5.5 1.50004 0.999831 0.000195011 0 8.73016 1.49979 0.000292525
5.7 1.50016 0.999972 0.000183775 0 9.04762 1.50012 0.000275692
5.9 1.50024 1.00007 0.000124298 0 9.36508 1.50036 0.000186478
6.1 1.50027 1.00012 3.32462e-05 0 9.68254 1.50046 4.98784e-05
6.3 1.50028 1.00011 -4.62311e-05 0 10 1.50044 -6.93594e-05
6.5 1.50024 1.00006 -9.77935e-05 0 10.3175 1.50032 -0.000146713
6.7 1.50016 0.99998 -0.000129964 0 10.6349 1.50013 -0.000194967
6.9 1.50008 0.999895 -0.000137709 0 10.9524 1.49992 -0.000206574
7.1 1.50002 0.999831 -0.000116771 0 11.2698 1.49977 -0.000175158
7.3 1.49999 0.999797 -7.61206e-05 0 11.5873 1.49969 -0.00011418
7.5 1.49998 0.999801 -3.89875e-05 0 11.9048 1.49968 -5.84806e-05
7.7 1.49999 0.99983 -2.17043e-05 0 12.2222 1.49974 -3.25562e-05
7.9 1.50002 0.999873 -2.12061e-05 0 12.5397 1.49983 -3.18095e-05
8.1 1.50004 0.999919 -4.02646e-05 0 12.8571 1.49992 -6.03985e-05
8.3 1.50005 0.999956 -8.70433e-05 0 13.1746 1.49998 -0.000130569
8.5 1.50004 0.999977 -0.000154562 0 13.4921 1.50001 -0.000231849
8.7 1.50001 0.999978 -0.000233403 0 13.8095 1.49998 -0.000350107
8.9 1.49997 0.999966 -0.000319801 0 14.127 1.49991 -0.00047969
9.1 1.49992 0.999941 -0.000411076 0 14.4444 1.49983 -0.000616582
9.3 1.49989 0.999913 -0.000495221 0 14.7619 1.49976 -0.000742776
9.5 1.49988 0.999892 -0.000562966 0 15.0794 1.49972 -0.000844381
9.7 1.49989 0.999886 -0.000620382 0 15.3968 1.49972 -0.000930503
9.9 1.49992 0.99989 -0.00067042 0 15.7143 1.49976 -0.00100558
10.1 1.5 0.999899 -0.000702498 0 16.0317 1.49984 -0.00105374
10.3 1.50009 0.999912 -0.000709421 0 16.3492 1.49996 -0.0010642
10.5 1.5002 0.999932 -0.000688373 0 16.6667 1.5001 -0.0010327
10.7 1.50034 0.999949 -0.000629444 0 16.9841 1.50026 -0.000944378
10.9 1.50051 0.999961 -0.000513352 0 17.3016 1.50045 -0.000770292
11.1 1.50074 0.999966 -0.000309065 0 17.619 1.50069 -0.000463825
11.3 1.50093 0.999965 -3.06875e-06 0 17.9365 1.50088 -4.606e-06
11.5 1.50102 0.999951 0.000366881 0 18.254 1.50095 0.000550697
11.7 1.50102 0.999925 0.00075321 0 18.5714 1.50091 0.00113059
11.9 1.50096 0.999907 0.00113316 0 18.8889 1.50082 0.00170084
12.1 1.50081 0.999908 0.00147159 0 19.2063 1.50067 0.00220858
12.3 1.50056 0.999924 0.00172532 0 19.5238 1.50045 0.00258895
12.5 1.50024 0.999949 0.00185492 0 19.8413 1.50017 0.00278284
12.7 1.49986 0.99996 0.00183713 0 20.1587 1.4998 0.00275544
12.9 1.49943 0.999941 0.00165706 0 20.4762 1.49934 0.00248465
13.1 1.49902 0.999918 0.00128703 0 20.7937 1.4989 0.00192928
13.3 1.49881 0.999918 0.000798565 0 21.1111 1.49869 0.0011969
13.5 1.49875 0.999936 0.000267632 0 21.4286 1.49865 0.000401113
13.7 1.4988 0.999958 -0.000260082 0 21.746 1.49873 -0.000389809
13.9 1.49896 0.999967 -0.000746991 0 22.0635 1.49891 -0.00111971
14.1 1.49927 0.999959 -0.00113053 0 22.381 1.49921 -0.00169497
14.3 1.49968 0.999938 -0.00135331 0 22.6984 1.49959 -0.00202954
14.5 1.50006 0.999924 -0.00141142 0 23.0159 1.49995 -0.00211722
14.7 1.50035 0.999937 -0.00134498 0 23.3333 1.50026 -0.00201794
14.9 1.50058 0.999955 -0.00117565 0 23.6508 1.50051 -0.00176415
15.1 1.5007 0.999955 -0.000940378 0 23.9683 1.50063 -0.00141122
15.3 1.50074 0.999944 -0.000677829 0 24.2857 1.50065 -0.00101724
15.5 1.50071 0.999929 -0.000414591 0 24.6032 1.50061 -0.000622183
15.7 1.50063 0.999921 -0.000170063 0 24.9206 1.50051 -0.000255202
15.9 1.50047 0.999923 2.32622e-05 0 25.2381 1.50035 3.49042e-05
16.1 1.50026 0.999932 0.000131281 0 25.5556 1.50015 0.000196955
16.3 1.50008 0.999937 0.000156366 0 25.873 1.49998 0.00023456
16.5 1.49996 0.999931 0.00012696 0 26.1905 1.49985 0.000190434
16.7 1.4999 0.999927 6.4224e-05 0 26.5079 1.49979 9.63294e-05
16.9 1.49988 0.99993 -9.54428e-06 0 26.8254 1.49978 -1.43153e-05
17.1 1.4999 0.999932 -8.21193e-05 0 27.1429 1.49979 -0.00012317
17.3 1.49994 0.999929 -0.000140912 0 27.4603 1.49983 -0.00021136
17.5 1.50001 0.99992 -0.000170608 0 27.7778 1.49989 -0.000255914
17.7 1.50007 0.999912 -0.000168873 0 28.0952 1.49994 -0.000253321
17.9 1.50011 0.999905 -0.000146493 0 28.4127 1.49996 -0.000219755
18.1 1.50012 0.999892 -0.00010893 0 28.7302 1.49996 -0.000163409
18.3 1.50012 0.999872 -6.39563e-05 0 29.0476 1.49993 -9.59422e-05
18.5 1.50009 0.999848 -1.71217e-05 0 29.3651 1.49986 -2.56841e-05
18.7 1.50002 0.999821 1.85967e-05 0 29.6825 1.49975 2.78954e-05
18.9 1.49991 0.999787 3.02134e-05 0 30 1.49959 4.53173e-05
19.1 1.49976 0.999735 8.83593e-06 0 30.3175 1.49936 1.32518e-05
19.3 1.49958 0.999664 -5.38274e-05 0 30.6349 1.49908 -8.07187e-05
19.5 1.49939 0.999571 -0.000160047 0 30.9524 1.49874 -0.000239973
19.7 1.49918 0.999448 -0.000304265 0 31.2698 1.49835 -0.000456146
19.9 1.49895 0.999282 -0.000476646 0 31.5873 1.49787 -0.000714468
