-19.95 1.49911 0.999146 -0.000340649 0 -60.4545 1.49783 -0.000510672
-19.85 1.49903 0.999058 -0.000263385 0 -60.1515 1.49761 -0.000394821
-19.75 1.49897 0.998994 -0.000175872 0 -59.8485 1.49746 -0.000263626
-19.65 1.49893 0.998957 -8.00587e-05 0 -59.5455 1.49737 -0.000120002
-19.55 1.49892 0.998948 1.98391e-05 0 -59.2424 1.49735 2.97372e-05
-19.45 1.49893 0.998968 0.000114564 0 -58.9394 1.49738 0.000171723
-19.35 1.49898 0.999015 0.000203668 0 -58.6364 1.4975 0.000305293
-19.25 1.49906 0.999087 0.000287786 0 -58.3333 1.49769 0.000431408
-19.15 1.49916 0.999184 0.000364953 0 -58.0303 1.49794 0.000547124
-19.05 1.49929 0.999303 0.000431732 0 -57.7273 1.49824 0.000647289
-18.95 1.49943 0.999443 0.000485181 0 -57.4242 1.49859 0.000727494
-18.85 1.49958 0.999597 0.000523324 0 -57.1212 1.49898 0.000784769
-18.75 1.49975 0.999763 0.000544739 0 -56.8182 1.49939 0.000816972
-18.65 1.49992 0.999933 0.000548874 0 -56.5152 1.49982 0.000823266
-18.55 1.50008 1.0001 0.000534168 0 -56.2121 1.50023 0.000801295
-18.45 1.50023 1.00026 0.000499967 0 -55.9091 1.50062 0.000750066
-18.35 1.50037 1.00041 0.000446963 0 -55.6061 1.50098 0.000670609
-18.25 1.50049 1.00054 0.000376786 0 -55.303 1.50129 0.000565362
-18.15 1.50058 1.00064 0.000292124 0 -55 1.50155 0.000438356
-18.05 1.50065 1.00072 0.000196487 0 -54.697 1.50173 0.000294859
-17.95 1.50069 1.00076 9.2762e-05 0 -54.3939 1.50183 0.000139207
-17.85 1.5007 1.00077 -1.33858e-05 0 -54.0909 1.50186 -2.0088e-05
-17.75 1.5007 1.00074 -0.000111002 0 -53.7879 1.50181 -0.000166581
-17.65 1.50065 1.00069 -0.000199825 0 -53.4848 1.50168 -0.000299867
-17.55 1.50057 1.0006 -0.000280113 0 -53.1818 1.50147 -0.000420329
-17.45 1.50047 1.00049 -0.000349443 0 -52.8788 1.5012 -0.000524328
-17.35 1.50035 1.00036 -0.000403815 0 -52.5758 1.50089 -0.000605863
-17.25 1.50022 1.00021 -0.000440058 0 -52.2727 1.50054 -0.000660182
-17.15 1.50008 1.00006 -0.000456055 0 -51.9697 1.50017 -0.000684118
-17.05 1.49994 0.999912 -0.000450067 0 -51.6667 1.49981 -0.000675074
-16.95 1.49981 0.999771 -0.000421617 0 -51.3636 1.49947 -0.000632346
-16.85 1.4997 0.999644 -0.000371245 0 -51.0606 1.49916 -0.000556755
-16.75 1.4996 0.999538 -0.000301245 0 -50.7576 1.49891 -0.000451747
-16.65 1.49953 0.999459 -0.000214962 0 -50.4545 1.49872 -0.000322341
-16.55 1.49948 0.999411 -0.00011629 0 -50.1515 1.4986 -0.000174374
-16.45 1.49947 0.999396 -1.18945e-05 0 -49.8485 1.49856 -1.78354e-05
-16.35 1.49947 0.999416 8.68314e-05 0 -49.5455 1.49859 0.000130201
-16.25 1.49951 0.999466 0.000175442 0 -49.2424 1.4987 0.000263076
-16.15 1.49958 0.999543 0.000253082 0 -48.9394 1.49889 0.000379515
-16.05 1.49967 0.999644 0.000316706 0 -48.6364 1.49913 0.000474955
-15.95 1.49978 0.999762 0.000362167 0 -48.3333 1.49942 0.000543169
-15.85 1.4999 0.999892 0.000386044 0 -48.0303 1.49974 0.000579026
-15.75 1.50002 1.00003 0.000387162 0 -47.7273 1.50006 0.00058075
-15.65 1.50013 1.00015 0.000364278 0 -47.4242 1.50035 0.000546463
-15.55 1.50023 1.00026 0.000317791 0 -47.1212 1.50062 0.000476758
-15.45 1.50031 1.00036 0.000250753 0 -46.8182 1.50084 0.000376206
-15.35 1.50036 1.00043 0.00016798 0 -46.5152 1.50101 0.000252031
-15.25 1.5004 1.00047 7.44756e-05 0 -46.2121 1.5011 0.000111743
-15.15 1.5004 1.00048 -2.19815e-05 0 -45.9091 1.50112 -3.29811e-05
-15.05 1.50039 1.00045 -0.000108255 0 -45.6061 1.50107 -0.000162426
-14.95 1.50035 1.0004 -0.000182867 0 -45.303 1.50095 -0.000274364
-14.85 1.50028 1.00032 -0.000244347 0 -45 1.50076 -0.000366588
-14.75 1.50019 1.00023 -0.000289388 0 -44.697 1.50052 -0.000434136
-14.65 1.50009 1.00011 -0.000314152 0 -44.3939 1.50026 -0.000471257
-14.55 1.49999 0.999999 -0.000316674 0 -44.0909 1.49999 -0.000475008
-14.45 1.4999 0.999889 -0.000296117 0 -43.7879 1.49974 -0.000444147
-14.35 1.49982 0.999789 -0.000253256 0 -43.4848 1.49951 -0.00037984
-14.25 1.49976 0.999708 -0.000191483 0 -43.1818 1.49932 -0.000287179
-14.15 1.49972 0.99965 -0.000116056 0 -42.8788 1.49919 -0.000174051
-14.05 1.4997 0.999621 -3.30506e-05 0 -42.5758 1.49913 -4.95659e-05
-13.95 1.4997 0.999623 4.84411e-05 0 -42.2727 1.49914 7.26471e-05
-13.85 1.49972 0.999654 0.000117952 0 -41.9697 1.4992 0.000176895
-13.75 1.49977 0.999709 0.000175836 0 -41.6667 1.49933 0.000263713
-13.65 1.49984 0.999785 0.000219808 0 -41.3636 1.49951 0.000329676
-13.55 1.49991 0.999877 0.000246253 0 -41.0606 1.49973 0.000369359
-13.45 1.49999 0.999975 0.000252969 0 -40.7576 1.49995 0.000379452
-13.35 1.50006 1.00007 0.000238657 0 -40.4545 1.50017 0.000358
-13.25 1.50013 1.00016 0.000204106 0 -40.1515 1.50036 0.000306185
-13.15 1.50018 1.00023 0.000152067 0 -39.8485 1.50052 0.000228128
-13.05 1.50021 1.00028 8.75063e-05 0 -39.5455 1.50063 0.000131278
-12.95 1.50022 1.0003 1.65333e-05 0 -39.2424 1.50068 2.48037e-05
-12.85 1.50022 1.0003 -5.1337e-05 0 -38.9394 1.50067 -7.70168e-05
-12.75 1.5002 1.00027 -0.000107812 0 -38.6364 1.5006 -0.000161739
-12.65 1.50015 1.00022 -0.000152826 0 -38.3333 1.50048 -0.000229262
-12.55 1.5001 1.00015 -0.000183994 0 -38.0303 1.50032 -0.000276008
-12.45 1.50003 1.00007 -0.000198562 0 -37.7273 1.50014 -0.00029785
-12.35 1.49998 0.999985 -0.000194654 0 -37.4242 1.49995 -0.000291977
-12.25 1.49992 0.999908 -0.00017232 0 -37.1212 1.49978 -0.000258467
-12.15 1.49988 0.999842 -0.000133302 0 -36.8182 1.49964 -0.000199937
-12.05 1.49985 0.999793 -8.1791e-05 0 -36.5152 1.49954 -0.000122674
-11.95 1.49984 0.999765 -2.27933e-05 0 -36.2121 1.49948 -3.41862e-05
-11.85 1.49984 0.999763 3.59497e-05 0 -35.9091 1.49948 5.39187e-05
-11.75 1.49985 0.999783 8.45029e-05 0 -35.6061 1.49953 0.000126742
-11.65 1.49989 0.999823 0.000122547 0 -35.303 1.49962 0.000183806
-11.55 1.49993 0.999879 0.000147801 0 -35 1.49975 0.000221692
-11.45 1.49998 0.999943 0.000158102 0 -34.697 1.4999 0.000237151
-11.35 1.50003 1.00001 0.000151729 0 -34.3939 1.50004 0.000227599
-11.25 1.50007 1.00007 0.000129217 0 -34.0909 1.50018 0.000193835
-11.15 1.5001 1.00012 9.26983e-05 0 -33.7879 1.50028 0.000139057
-11.05 1.50012 1.00016 4.64041e-05 0 -33.4848 1.50036 6.96117e-05
-10.95 1.50013 1.00018 -4.39423e-06 0 -33.1818 1.50039 -6.5919e-06
-10.85 1.50012 1.00017 -5.10945e-05 0 -32.8788 1.50038 -7.66479e-05
-10.75 1.5001 1.00015 -8.78818e-05 0 -32.5758 1.50033 -0.000131831
-10.65 1.50006 1.00012 -0.000114445 0 -32.2727 1.50024 -0.000171675
-10.55 1.50002 1.00007 -0.000128601 0 -31.9697 1.50013 -0.000192904
-10.45 1.49998 1.00002 -0.000128501 0 -31.6667 1.50002 -0.000192749
-10.35 1.49995 0.999976 -0.00011389 0 -31.3636 1.49991 -0.000170829
-10.25 1.49992 0.999934 -8.57475e-05 0 -31.0606 1.49982 -0.000128614
-10.15 1.4999 0.999903 -4.76829e-05 0 -30.7576 1.49976 -7.15197e-05
-10.05 1.49989 0.999886 -4.32348e-06 0 -30.4545 1.49972 -6.48477e-06
-9.95 1.4999 0.999885 3.74318e-05 0 -30.1515 1.49973 5.61439e-05
-9.85 1.49991 0.999898 7.08376e-05 0 -29.8485 1.49976 0.00010625
-9.75 1.49994 0.999921 9.54039e-05 0 -29.5455 1.49982 0.0001431
-9.65 1.49998 0.999952 0.000109252 0 -29.2424 1.4999 0.000163875
-9.55 1.50001 0.999986 0.00011105 0 -28.9394 1.49999 0.000166576
-9.45 1.50004 1.00002 0.000100172 0 -28.6364 1.50007 0.000150262
-9.35 1.50007 1.00004 7.76241e-05 0 -28.3333 1.50013 0.000116441
-9.25 1.50008 1.00006 4.62026e-05 0 -28.0303 1.50017 6.93078e-05
-9.15 1.50009 1.00007 1.03921e-05 0 -27.7273 1.50019 1.55891e-05
-9.05 1.50009 1.00006 -2.37175e-05 0 -27.4242 1.50018 -3.55784e-05
-8.95 1.50008 1.00005 -5.2364e-05 0 -27.1212 1.50015 -7.85502e-05
-8.85 1.50006 1.00003 -7.39442e-05 0 -26.8182 1.5001 -0.000110921
-8.75 1.50003 1 -8.64026e-05 0 -26.5152 1.50003 -0.000129607
-8.65 1.5 0.999977 -8.85642e-05 0 -26.2121 1.49997 -0.000132847
-8.55 1.49998 0.999958 -8.04796e-05 0 -25.9091 1.49992 -0.000120718
-8.45 1.49996 0.999946 -6.36146e-05 0 -25.6061 1.49988 -9.54193e-05
-8.35 1.49994 0.999943 -4.10305e-05 0 -25.303 1.49986 -6.15435e-05
-8.25 1.49994 0.99995 -1.70923e-05 0 -25 1.49986 -2.56374e-05
-8.15 1.49994 0.999965 6.52133e-06 0 -24.697 1.49988 9.78157e-06
-8.05 1.49994 0.999986 2.64823e-05 0 -24.3939 1.49992 3.97219e-05
-7.95 1.49995 1.00001 4.10006e-05 0 -24.0909 1.49997 6.14989e-05
-7.85 1.49997 1.00004 4.8957e-05 0 -23.7879 1.50002 7.34338e-05
-7.75 1.49998 1.00006 4.91978e-05 0 -23.4848 1.50007 7.37957e-05
-7.65 1.49999 1.00007 4.29629e-05 0 -23.1818 1.5001 6.4444e-05
-7.55 1.5 1.00008 3.21376e-05 0 -22.8788 1.50012 4.82065e-05
-7.45 1.50001 1.00007 2.0247e-05 0 -22.5758 1.50012 3.03707e-05
-7.35 1.50002 1.00006 9.24233e-06 0 -22.2727 1.50011 1.38637e-05
-7.25 1.50002 1.00004 1.9452e-08 0 -21.9697 1.50008 2.91784e-08
-7.15 1.50002 1.00002 -5.81201e-06 0 -21.6667 1.50004 -8.71811e-06
-7.05 1.50001 0.999992 -7.91427e-06 0 -21.3636 1.5 -1.18715e-05
-6.95 1.50001 0.999967 -6.27819e-06 0 -21.0606 1.49996 -9.41734e-06
-6.85 1.50001 0.999946 -1.21115e-06 0 -20.7576 1.49993 -1.81673e-06
-6.75 1.50001 0.999931 6.03895e-06 0 -20.4545 1.49991 9.05848e-06
-6.65 1.50002 0.999923 1.39109e-05 0 -20.1515 1.4999 2.08665e-05
-6.55 1.50002 0.999924 2.04707e-05 0 -19.8485 1.49991 3.07066e-05
-6.45 1.50003 0.999931 2.29425e-05 0 -19.5455 1.49992 3.44144e-05
-6.35 1.50003 0.999942 2.10981e-05 0 -19.2424 1.49995 3.16479e-05
-6.25 1.50004 0.999957 1.48812e-05 0 -18.9394 1.49997 2.23224e-05
-6.15 1.50004 0.999972 4.84928e-06 0 -18.6364 1.5 7.27412e-06
-6.05 1.50004 0.999987 -7.98936e-06 0 -18.3333 1.50002 -1.19844e-05
-5.95 1.50004 0.999999 -2.16873e-05 0 -18.0303 1.50004 -3.25318e-05
-5.85 1.50003 1.00001 -3.42608e-05 0 -17.7273 1.50004 -5.13923e-05
-5.75 1.50002 1.00001 -4.43476e-05 0 -17.4242 1.50004 -6.65223e-05
-5.65 1.5 1.00002 -5.10547e-05 0 -17.1212 1.50003 -7.65821e-05
-5.55 1.49998 1.00002 -5.39248e-05 0 -16.8182 1.50001 -8.08864e-05
-5.45 1.49997 1.00002 -5.24433e-05 0 -16.5152 1.5 -7.86633e-05
-5.35 1.49995 1.00003 -4.6884e-05 0 -16.2121 1.49999 -7.03239e-05
-5.25 1.49994 1.00003 -3.78565e-05 0 -15.9091 1.49999 -5.67825e-05
-5.15 1.49993 1.00004 -2.65213e-05 0 -15.6061 1.49999 -3.97802e-05
-5.05 1.49993 1.00005 -1.42614e-05 0 -15.303 1.49999 -2.1391e-05
-4.95 1.49992 1.00005 -2.3086e-06 0 -15 1.50001 -3.46273e-06
-4.85 1.49993 1.00006 8.11417e-06 0 -14.697 1.50002 1.21706e-05
-4.75 1.49993 1.00007 1.58585e-05 0 -14.3939 1.50004 2.37866e-05
-4.65 1.49993 1.00008 2.09043e-05 0 -14.0909 1.50005 3.1355e-05
-4.55 1.49994 1.00008 2.40985e-05 0 -13.7879 1.50006 3.61462e-05
-4.45 1.49995 1.00007 2.67334e-05 0 -13.4848 1.50006 4.00987e-05
-4.35 1.49996 1.00007 2.91947e-05 0 -13.1818 1.50006 4.37908e-05
-4.25 1.49997 1.00005 3.18657e-05 0 -12.8788 1.50005 4.77976e-05
-4.15 1.49998 1.00004 3.49542e-05 0 -12.5758 1.50003 5.24305e-05
-4.05 1.49999 1.00002 3.84863e-05 0 -12.2727 1.50002 5.77289e-05
-3.95 1.5 1 4.23897e-05 0 -11.9697 1.5 6.35844e-05
-3.85 1.50001 0.999983 4.64945e-05 0 -11.6667 1.49998 6.97422e-05
-3.75 1.50003 0.999965 5.04848e-05 0 -11.3636 1.49997 7.57286e-05
-3.65 1.50004 0.99995 5.37175e-05 0 -11.0606 1.49997 8.05785e-05
-3.55 1.50006 0.999937 5.54924e-05 0 -10.7576 1.49997 8.32419e-05
-3.45 1.50008 0.999926 5.51657e-05 0 -10.4545 1.49997 8.27528e-05
-3.35 1.50009 0.999916 5.24481e-05 0 -10.1515 1.49997 7.8677e-05
-3.25 1.50011 0.999907 4.7447e-05 0 -9.84848 1.49997 7.11756e-05
-3.15 1.50012 0.999899 4.06506e-05 0 -9.54545 1.49997 6.09808e-05
-3.05 1.50013 0.999891 3.27177e-05 0 -9.24242 1.49997 4.90809e-05
-2.95 1.50014 0.999883 2.43292e-05 0 -8.93939 1.49997 3.64972e-05
-2.85 1.50015 0.999876 1.61116e-05 0 -8.63636 1.49996 2.41698e-05
-2.75 1.50015 0.99987 8.62838e-06 0 -8.33333 1.49996 1.29439e-05
-2.65 1.50015 0.999864 2.19243e-06 0 -8.0303 1.49995 3.28898e-06
-2.55 1.50015 0.999861 -3.14166e-06 0 -7.72727 1.49994 -4.71296e-06
-2.45 1.50015 0.999861 -7.532e-06 0 -7.42424 1.49994 -1.12991e-05
-2.35 1.50015 0.999863 -1.15034e-05 0 -7.12121 1.49994 -1.72569e-05
-2.25 1.50014 0.999867 -1.52694e-05 0 -6.81818 1.49994 -2.29063e-05
-2.15 1.50014 0.999874 -1.89825e-05 0 -6.51515 1.49995 -2.84764e-05
-2.05 1.50013 0.999883 -2.2686e-05 0 -6.21212 1.49996 -3.40319e-05
-1.95 1.50012 0.999892 -2.63378e-05 0 -5.90909 1.49996 -3.95099e-05
-1.85 1.50012 0.999903 -2.98418e-05 0 -5.60606 1.49997 -4.47662e-05
-1.75 1.50011 0.999913 -3.30673e-05 0 -5.30303 1.49998 -4.96044e-05
-1.65 1.5001 0.999923 -3.58364e-05 0 -5 1.49998 -5.37581e-05
-1.55 1.50009 0.999933 -3.78843e-05 0 -4.69697 1.49998 -5.68297e-05
-1.45 1.50007 0.999942 -3.89691e-05 0 -4.39394 1.49999 -5.84565e-05
-1.35 1.50006 0.999951 -3.90056e-05 0 -4.09091 1.49999 -5.85108e-05
-1.25 1.50005 0.99996 -3.80149e-05 0 -3.78788 1.49999 -5.70242e-05
-1.15 1.50004 0.999968 -3.60932e-05 0 -3.48485 1.49999 -5.41413e-05
-1.05 1.50003 0.999977 -3.34878e-05 0 -3.18182 1.49999 -5.02326e-05
-0.95 1.50002 0.999985 -3.05055e-05 0 -2.87879 1.5 -4.57588e-05
-0.85 1.50001 0.999993 -2.7451e-05 0 -2.57576 1.5 -4.11768e-05
-0.75 1.5 1 -2.45752e-05 0 -2.27273 1.5 -3.68629e-05
-0.65 1.5 1.00001 -2.20162e-05 0 -1.9697 1.50001 -3.30242e-05
-0.55 1.49999 1.00001 -1.97794e-05 0 -1.66667 1.50001 -2.96689e-05
-0.45 1.49998 1.00002 -1.77642e-05 0 -1.36364 1.50001 -2.6646e-05
-0.35 1.49998 1.00002 -1.58235e-05 0 -1.06061 1.50001 -2.37349e-05
-0.25 1.49997 1.00003 -1.38336e-05 0 -0.757576 1.50001 -2.075e-05
-0.15 1.49997 1.00003 -1.17238e-05 0 -0.454545 1.50001 -1.75854e-05
-0.05 1.49997 1.00003 -9.47996e-06 0 -0.151515 1.50001 -1.42196e-05
0.05 1.49997 1.00003 -7.14874e-06 0 0.151515 1.50001 -1.07229e-05
0.15 1.49996 1.00003 -4.81656e-06 0 0.454545 1.50001 -7.22467e-06
0.25 1.49996 1.00003 -2.56991e-06 0 0.757576 1.50001 -3.85478e-06
0.35 1.49996 1.00003 -5.21442e-07 0 1.06061 1.50001 -7.82144e-07
0.45 1.49996 1.00003 1.14329e-06 0 1.36364 1.50001 1.7149e-06
0.55 1.49997 1.00003 2.3834e-06 0 1.66667 1.50001 3.57502e-06
0.65 1.49997 1.00003 3.23865e-06 0 1.9697 1.50001 4.85786e-06
0.75 1.49997 1.00003 3.77445e-06 0 2.27273 1.50001 5.66155e-06
0.85 1.49997 1.00002 4.05876e-06 0 2.57576 1.50001 6.08803e-06
0.95 1.49997 1.00002 4.15989e-06 0 2.87879 1.50001 6.23973e-06
1.05 1.49998 1.00002 4.14359e-06 0 3.18182 1.5 6.21529e-06
1.15 1.49998 1.00001 4.04981e-06 0 3.48485 1.5 6.07463e-06
1.25 1.49998 1.00001 3.87143e-06 0 3.78788 1.5 5.80708e-06
1.35 1.49999 1.00001 3.59043e-06 0 4.09091 1.5 5.3856e-06
1.45 1.49999 1 3.17934e-06 0 4.39394 1.5 4.76898e-06
1.55 1.49999 1 2.60382e-06 0 4.69697 1.49999 3.90572e-06
1.65 1.5 0.999997 1.7525e-06 0 5 1.49999 2.62875e-06
1.75 1.5 0.999993 5.26719e-07 0 5.30303 1.49999 7.90079e-07
1.85 1.5 0.99999 -1.13392e-06 0 5.60606 1.49999 -1.70088e-06
1.95 1.50001 0.999987 -3.24547e-06 0 5.90909 1.49999 -4.86823e-06
2.05 1.50001 0.999983 -5.81033e-06 0 6.21212 1.49998 -8.71554e-06
2.15 1.50001 0.99998 -8.87602e-06 0 6.51515 1.49998 -1.33141e-05
2.25 1.50001 0.999977 -1.25398e-05 0 6.81818 1.49998 -1.88098e-05
2.35 1.50001 0.999974 -1.68366e-05 0 7.12121 1.49997 -2.5255e-05
2.45 1.50001 0.999972 -2.17678e-05 0 7.42424 1.49997 -3.26519e-05
2.55 1.50001 0.999969 -2.73668e-05 0 7.72727 1.49996 -4.10505e-05
2.65 1.50001 0.999967 -3.36829e-05 0 8.0303 1.49996 -5.05246e-05
2.75 1.50001 0.999965 -4.0777e-05 0 8.33333 1.49995 -6.11658e-05
2.85 1.5 0.999964 -4.87174e-05 0 8.63636 1.49995 -7.30763e-05
2.95 1.5 0.999962 -5.75683e-05 0 8.93939 1.49994 -8.63525e-05
3.05 1.5 0.999961 -6.73837e-05 0 9.24242 1.49994 -0.000101075
3.15 1.49999 0.99996 -7.82152e-05 0 9.54545 1.49993 -0.000117322
3.25 1.49999 0.999959 -9.01319e-05 0 9.84848 1.49993 -0.000135197
3.35 1.49998 0.999958 -0.000103233 0 10.1515 1.49992 -0.000154848
3.45 1.49998 0.999957 -0.000117651 0 10.4545 1.49991 -0.000176473
3.55 1.49997 0.999956 -0.000133554 0 10.7576 1.4999 -0.000200326
3.65 1.49996 0.999956 -0.000151162 0 11.0606 1.49989 -0.000226736
3.75 1.49995 0.999955 -0.000170847 0 11.3636 1.49988 -0.000256262
3.85 1.49994 0.999955 -0.000192381 0 11.6667 1.49987 -0.00028856
3.95 1.49994 0.999955 -0.000215017 0 11.9697 1.49987 -0.000322512
4.05 1.49993 0.999954 -0.00023803 0 12.2727 1.49987 -0.000357029
4.15 1.49994 0.999954 -0.000260984 0 12.5758 1.49987 -0.000391459
4.25 1.49994 0.999954 -0.000283492 0 12.8788 1.49987 -0.000425221
4.35 1.49994 0.999954 -0.000304874 0 13.1818 1.49988 -0.000457294
4.45 1.49996 0.999953 -0.000324182 0 13.4848 1.49989 -0.00048626
4.55 1.49998 0.999952 -0.000340182 0 13.7879 1.49991 -0.000510265
4.65 1.5 0.999951 -0.000351359 0 14.0909 1.49993 -0.00052704
4.75 1.50004 0.999949 -0.000356047 0 14.3939 1.49996 -0.000534083
4.85 1.50008 0.999948 -0.000352647 0 14.697 1.5 -0.000528999
4.95 1.50013 0.999948 -0.00033939 0 15 1.50006 -0.00050913
5.05 1.5002 0.999947 -0.000313796 0 15.303 1.50012 -0.000470756
5.15 1.50028 0.999946 -0.000273007 0 15.6061 1.5002 -0.000409587
5.25 1.50038 0.999945 -0.00021359 0 15.9091 1.5003 -0.000320467
5.35 1.50049 0.999944 -0.000131244 0 16.2121 1.5004 -0.00019693
5.45 1.50057 0.999942 -2.82508e-05 0 16.5152 1.50049 -4.23924e-05
5.55 1.50063 0.999938 8.92615e-05 0 16.8182 1.50054 0.000133948
5.65 1.50066 0.999932 0.000215265 0 17.1212 1.50056 0.000323039
5.75 1.50067 0.999925 0.000344875 0 17.4242 1.50055 0.000517542
5.85 1.50066 0.999917 0.00047561 0 17.7273 1.50054 0.00071373
5.95 1.50064 0.999908 0.000605387 0 18.0303 1.5005 0.000908467
6.05 1.50059 0.999899 0.000729316 0 18.3333 1.50044 0.0010944
6.15 1.50049 0.99989 0.000840143 0 18.6364 1.50033 0.00126063
6.25 1.50035 0.999882 0.000929165 0 18.9394 1.50018 0.00139408
6.35 1.50017 0.999874 0.000987191 0 19.2424 1.49998 0.00148095
6.45 1.49994 0.999864 0.00100573 0 19.5455 1.49974 0.00150854
6.55 1.49968 0.999847 0.000977655 0 19.8485 1.49945 0.00146617
6.65 1.49938 0.999826 0.000895325 0 20.1515 1.49912 0.00134243
6.75 1.49907 0.999802 0.000750111 0 20.4545 1.49878 0.00112447
6.85 1.49885 0.999778 0.000556061 0 20.7576 1.49852 0.000833453
6.95 1.49872 0.999754 0.000333179 0 21.0606 1.49836 0.000499344
7.05 1.49868 0.999729 0.000100596 0 21.3636 1.49827 0.000150761
7.15 1.49868 0.999701 -0.000127758 0 21.6667 1.49823 -0.000191467
7.25 1.4987 0.999666 -0.000347355 0 21.9697 1.4982 -0.00052058
7.35 1.49875 0.999624 -0.000551176 0 22.2727 1.49819 -0.000826076
7.45 1.49884 0.999573 -0.0007306 0 22.5758 1.4982 -0.00109505
7.55 1.49896 0.999514 -0.000876418 0 22.8788 1.49823 -0.00131371
7.65 1.49906 0.999445 -0.000986294 0 23.1818 1.49822 -0.00147851
7.75 1.49911 0.999366 -0.00106651 0 23.4848 1.49816 -0.00159883
7.85 1.49914 0.999275 -0.00112274 0 23.7879 1.49805 -0.00168313
7.95 1.49913 0.999169 -0.00115859 0 24.0909 1.49788 -0.00173687
8.05 1.49908 0.999049 -0.00117631 0 24.3939 1.49765 -0.00176338
8.15 1.49894 0.998912 -0.00118585 0 24.697 1.49731 -0.00177753
8.25 1.49872 0.998755 -0.00120212 0 25 1.49685 -0.00180164
8.35 1.49839 0.998574 -0.00124049 0 25.303 1.49626 -0.00185874
8.45 1.49799 0.998366 -0.00131392 0 25.6061 1.49554 -0.00196824
8.55 1.49752 0.998125 -0.00143098 0 25.9091 1.49471 -0.00214292
8.65 1.497 0.997848 -0.00159586 0 26.2121 1.49378 -0.00238901
8.75 1.49645 0.997529 -0.0018092 0 26.5152 1.49275 -0.00270737
8.85 1.49585 0.997161 -0.00206936 0 26.8182 1.4916 -0.00309546
8.95 1.49521 0.996737 -0.00237405 0 27.1212 1.49033 -0.0035497
9.05 1.4945 0.996248 -0.00272205 0 27.4242 1.48889 -0.0040681
9.15 1.4937 0.995685 -0.00311489 0 27.7273 1.48725 -0.0046527
9.25 1.49278 0.995036 -0.00355783 0 28.0303 1.48537 -0.00531105
9.35 1.4917 0.994289 -0.00406015 0 28.3333 1.48318 -0.00605654
9.45 1.49044 0.993428 -0.00463452 0 28.6364 1.48065 -0.0069075
9.55 1.48898 0.992438 -0.00529593 0 28.9394 1.47772 -0.00788552
9.65 1.48728 0.991297 -0.00606052 0 29.2424 1.47433 -0.00901367
9.75 1.48532 0.989984 -0.00694474 0 29.5455 1.47044 -0.0103152
9.85 1.48308 0.988474 -0.00796507 0 29.8485 1.46599 -0.0118128
9.95 1.48052 0.986735 -0.0091384 0 30.1515 1.46089 -0.0135296
10.05 1.47761 0.984736 -0.0104829 0 30.4545 1.45505 -0.0154896
10.15 1.47428 0.982438 -0.0120191 0 30.7576 1.44838 -0.0177195
10.25 1.47047 0.979797 -0.0137707 0 31.0606 1.44076 -0.0202494
10.35 1.46612 0.976763 -0.0157644 0 31.3636 1.43205 -0.0231125
10.45 1.46115 0.973279 -0.0180305 0 31.6667 1.4221 -0.0263452
10.55 1.45548 0.969281 -0.0206018 0 31.9697 1.41077 -0.0299854
10.65 1.44902 0.964697 -0.0235129 0 32.2727 1.39787 -0.0340708
10.75 1.4417 0.959443 -0.0267989 0 32.5758 1.38323 -0.0386359
10.85 1.4334 0.953429 -0.0304945 0 32.8788 1.36665 -0.0437109
10.95 1.42403 0.946551 -0.0346338 0 33.1818 1.34791 -0.0493195
11.05 1.41347 0.938696 -0.0392474 0 33.4848 1.32682 -0.0554749
11.15 1.40161 0.929741 -0.0443586 0 33.7879 1.30314 -0.0621736
11.25 1.38835 0.919549 -0.0499815 0 34.0909 1.27666 -0.0693919
11.35 1.37358 0.907972 -0.0561185 0 34.3939 1.24718 -0.0770835
11.45 1.35722 0.894864 -0.0627513 0 34.697 1.21453 -0.0851674
11.55 1.3392 0.880069 -0.0698275 0 35 1.17859 -0.0935132
11.65 1.31949 0.863429 -0.0772585 0 35.303 1.13929 -0.101942
11.75 1.29809 0.844799 -0.0849199 0 35.6061 1.09663 -0.110234
11.85 1.27505 0.824058 -0.0926244 0 35.9091 1.05072 -0.118101
11.95 1.25047 0.801098 -0.100093 0 36.2121 1.00175 -0.125163
12.05 1.22451 0.775876 -0.106978 0 36.5152 0.950068 -0.130995
12.15 1.19747 0.748448 -0.112877 0 36.8182 0.896242 -0.135166
12.25 1.16979 0.719031 -0.117297 0 37.1212 0.841114 -0.137213
12.35 1.14214 0.688032 -0.119628 0 37.4242 0.78583 -0.136632
12.45 1.11516 0.656203 -0.119202 0 37.7273 0.73177 -0.132929
12.55 1.08949 0.624458 -0.115445 0 38.0303 0.680343 -0.125776
12.65 1.06581 0.593634 -0.107754 0 38.3333 0.632698 -0.114845
12.75 1.04475 0.565004 -0.0958224 0 38.6364 0.590286 -0.10011
12.85 1.02704 0.539949 -0.0796209 0 38.9394 0.554548 -0.0817736
12.95 1.01334 0.519828 -0.0595346 0 39.2424 0.526763 -0.0603289
13.05 1.00414 0.505885 -0.0363983 0 39.5455 0.507979 -0.036549
13.15 1.00005 0.499108 -0.0112748 0 39.8485 0.499136 -0.0112754
13.25 0.999683 0.499975 0.0141039 0 40.1515 0.499816 0.0140994
13.35 1.00368 0.508166 0.037609 0 40.4545 0.510036 0.0377474
13.45 1.014 0.522997 0.0588914 0 40.7576 0.530318 0.0597158
13.55 1.02901 0.543536 0.0773589 0 41.0606 0.559303 0.079603
13.65 1.0475 0.568614 0.092384 0 41.3636 0.595625 0.0967724
13.75 1.06899 0.596916 0.103623 0 41.6667 0.638095 0.110771
13.85 1.09294 0.627166 0.1111 0 41.9697 0.685453 0.121425
13.95 1.11876 0.658254 0.115118 0 42.2727 0.736427 0.128789
14.05 1.14555 0.68913 0.116113 0 42.5758 0.789431 0.133013
14.15 1.1723 0.71889 0.114533 0 42.8788 0.842757 0.134267
14.25 1.19875 0.747249 0.110905 0 43.1818 0.895764 0.132948
14.35 1.22468 0.773928 0.105719 0 43.4848 0.947816 0.129472
14.45 1.24977 0.798691 0.0994549 0 43.7879 0.998177 0.124295
14.55 1.27372 0.821429 0.0925289 0 44.0909 1.04627 0.117856
14.65 1.29633 0.842127 0.0852765 0 44.3939 1.09168 0.110547
14.75 1.31745 0.860821 0.0779624 0 44.697 1.13409 0.102712
14.85 1.33698 0.877578 0.0707894 0 45 1.17331 0.0946444
14.95 1.35491 0.892523 0.0639042 0 45.303 1.20929 0.0865843
15.05 1.37125 0.9058 0.0574023 0 45.6061 1.24207 0.0787127
15.15 1.38605 0.917558 0.0513431 0 45.9091 1.27178 0.0711641
15.25 1.3994 0.927942 0.0457568 0 46.2121 1.29856 0.0640319
15.35 1.41138 0.937094 0.0406515 0 46.5152 1.32259 0.0573747
15.45 1.42209 0.945145 0.0360201 0 46.8182 1.34408 0.0512239
15.55 1.43164 0.952219 0.0318444 0 47.1212 1.36324 0.0455897
15.65 1.44013 0.958425 0.0280991 0 47.4242 1.38025 0.0404664
15.75 1.44765 0.963867 0.0247549 0 47.7273 1.39534 0.0358364
15.85 1.45431 0.968634 0.0217798 0 48.0303 1.40869 0.0316745
15.95 1.46018 0.972808 0.0191417 0 48.3333 1.42048 0.0279504
16.05 1.46537 0.976462 0.0168088 0 48.6364 1.43087 0.024631
16.15 1.46993 0.97966 0.0147505 0 48.9394 1.44003 0.0216822
16.25 1.47395 0.982458 0.0129379 0 49.2424 1.44809 0.0190697
16.35 1.47748 0.984906 0.0113441 0 49.5455 1.45518 0.0167606
16.45 1.48058 0.98705 0.00994434 0 49.8485 1.46141 0.0147234
16.55 1.48331 0.988927 0.00871604 0 50.1515 1.46688 0.0129286
16.65 1.4857 0.990572 0.00763878 0 50.4545 1.47169 0.0113489
16.75 1.4878 0.992015 0.00669423 0 50.7576 1.47592 0.00995967
16.85 1.48964 0.99328 0.005866 0 51.0606 1.47963 0.00873824
16.95 1.49126 0.99439 0.00513947 0 51.3636 1.48289 0.00766428
17.05 1.49268 0.995365 0.0045016 0 51.6667 1.48576 0.00671943
17.15 1.49392 0.99622 0.00394078 0 51.9697 1.48827 0.0058872
17.25 1.49501 0.996971 0.00344673 0 52.2727 1.49048 0.00515288
17.35 1.49596 0.997629 0.00301035 0 52.5758 1.49241 0.00450336
17.45 1.49679 0.998203 0.00262356 0 52.8788 1.4941 0.00392691
17.55 1.49751 0.998704 0.00227916 0 53.1818 1.49557 0.00341307
17.65 1.49814 0.999138 0.0019709 0 53.4848 1.49685 0.00295267
17.75 1.49868 0.999512 0.00169333 0 53.7879 1.49795 0.00253776
17.85 1.49914 0.999831 0.00144174 0 54.0909 1.49889 0.00216136
17.95 1.49953 1.0001 0.00121215 0 54.3939 1.49968 0.00181766
18.05 1.49986 1.00032 0.00100145 0 54.697 1.50034 0.00150203
18.15 1.50012 1.0005 0.000807181 0 55 1.50087 0.00121087
18.25 1.50033 1.00064 0.000627292 0 55.303 1.50129 0.000941145
18.35 1.50049 1.00074 0.000460228 0 55.6061 1.5016 0.000690567
18.45 1.5006 1.0008 0.000305348 0 55.9091 1.5018 0.000458205
18.55 1.50066 1.00083 0.000161782 0 56.2121 1.50191 0.00024278
18.65 1.50069 1.00083 3.26802e-05 0 56.5152 1.50193 4.90429e-05
18.75 1.5007 1.00079 -8.02368e-05 0 56.8182 1.50189 -0.000120411
18.85 1.50067 1.00073 -0.000177306 0 57.1212 1.50177 -0.000266078
18.95 1.5006 1.00065 -0.000261256 0 57.4242 1.50158 -0.00039204
19.05 1.5005 1.00055 -0.00033465 0 57.7273 1.50132 -0.00050214
19.15 1.50038 1.00043 -0.000397296 0 58.0303 1.50102 -0.000596094
19.25 1.50025 1.00029 -0.000447681 0 58.3333 1.50069 -0.000671631
19.35 1.5001 1.00015 -0.00048478 0 58.6364 1.50032 -0.00072722
19.45 1.49995 0.99999 -0.000508443 0 58.9394 1.49993 -0.000762637
19.55 1.49979 0.999831 -0.000518476 0 59.2424 1.49954 -0.000777604
19.65 1.49964 0.999674 -0.000513273 0 59.5455 1.49915 -0.000769722
19.75 1.49949 0.999524 -0.000492621 0 59.8485 1.49877 -0.00073868
19.85 1.49935 0.999383 -0.000456543 0 60.1515 1.49842 -0.000684517
19.95 1.49922 0.999255 -0.000405568 0 60.4545 1.49811 -0.000608037
