-19.95 1.04718 0.56835 0.0929634 0 -40.7143 0.595163 0.0973491
-19.85 1.06878 0.596811 0.104162 0 -40.5102 0.637859 0.111326
-19.75 1.09284 0.627198 0.111585 0 -40.3061 0.685426 0.121945
-19.65 1.11876 0.658397 0.115536 0 -40.102 0.736591 0.129258
-19.55 1.14563 0.689356 0.11646 0 -39.898 0.789749 0.133421
-19.45 1.17245 0.719172 0.114811 0 -39.6939 0.843193 0.13461
-19.35 1.19896 0.747575 0.111116 0 -39.4898 0.89631 0.133223
-19.25 1.22494 0.77428 0.105867 0 -39.2857 0.948444 0.12968
-19.15 1.25006 0.799055 0.0995482 0 -39.0816 0.998864 0.124441
-19.05 1.27404 0.821794 0.0925752 0 -38.8776 1.047 0.117944
-18.95 1.29666 0.842484 0.0852825 0 -38.6735 1.09242 0.110582
-18.85 1.31779 0.861164 0.0779345 0 -38.4694 1.13483 0.102701
-18.75 1.33732 0.877901 0.0707342 0 -38.2653 1.17403 0.0945941
-18.65 1.35523 0.892825 0.063827 0 -38.0612 1.20998 0.0865002
-18.55 1.37155 0.906079 0.0573078 0 -37.8571 1.24273 0.0786006
-18.45 1.38633 0.917812 0.0512355 0 -37.6531 1.27239 0.0710294
-18.35 1.39965 0.928171 0.0456395 0 -37.449 1.29912 0.0638794
-18.25 1.4116 0.937297 0.0405273 0 -37.2449 1.32309 0.0572085
-18.15 1.42229 0.945322 0.0358911 0 -37.0408 1.34452 0.0510474
-18.05 1.4318 0.952367 0.0317123 0 -36.8367 1.3636 0.0454056
-17.95 1.44025 0.958545 0.0279651 0 -36.6327 1.38054 0.0402766
-17.85 1.44773 0.963957 0.0246194 0 -36.4286 1.39555 0.0356424
-17.75 1.45435 0.968692 0.0216434 0 -36.2245 1.40882 0.0314771
-17.65 1.46019 0.972833 0.0190045 0 -36.0204 1.42052 0.0277502
-17.55 1.46533 0.976452 0.0166709 0 -35.8163 1.43082 0.0244283
-17.45 1.46985 0.979613 0.0146119 0 -35.6122 1.43989 0.0214773
-17.35 1.47383 0.982372 0.0127988 0 -35.4082 1.44785 0.0188632
-17.25 1.47732 0.984782 0.0112049 0 -35.2041 1.45483 0.0165532
-17.15 1.48038 0.986885 0.00980561 0 -35 1.46096 0.014516
-17.05 1.48306 0.988721 0.00857859 0 -34.7959 1.46633 0.0127226
-16.95 1.48541 0.990324 0.00750373 0 -34.5918 1.47104 0.0111461
-16.85 1.48747 0.991725 0.00656299 0 -34.3878 1.47517 0.00976227
-16.75 1.48928 0.99295 0.00574025 0 -34.1837 1.47878 0.00854883
-16.65 1.49086 0.994021 0.00502115 0 -33.9796 1.48194 0.00748582
-16.55 1.49224 0.994959 0.0043929 0 -33.7755 1.48472 0.00655527
-16.45 1.49345 0.995782 0.0038442 0 -33.5714 1.48715 0.00574114
-16.35 1.49451 0.996505 0.0033651 0 -33.3673 1.48929 0.0050292
-16.25 1.49544 0.99714 0.00294689 0 -33.1633 1.49117 0.00440691
-16.15 1.49626 0.9977 0.00258193 0 -32.9592 1.49282 0.00386324
-16.05 1.49697 0.998193 0.00226354 0 -32.7551 1.49427 0.00338846
-15.95 1.4976 0.998628 0.00198579 0 -32.551 1.49555 0.00297392
-15.85 1.49815 0.999012 0.0017434 0 -32.3469 1.49667 0.00261188
-15.75 1.49864 0.999352 0.00153161 0 -32.1429 1.49767 0.00229532
-15.65 1.49906 0.999652 0.00134613 0 -31.9388 1.49854 0.00201793
-15.55 1.49944 0.999916 0.00118311 0 -31.7347 1.49931 0.001774
-15.45 1.49976 1.00015 0.00103911 0 -31.5306 1.49999 0.00155843
-15.35 1.50005 1.00035 0.00091106 0 -31.3265 1.50058 0.00136664
-15.25 1.5003 1.00053 0.000796274 0 -31.1224 1.5011 0.00119465
-15.15 1.50052 1.00069 0.000692484 0 -30.9184 1.50155 0.00103909
-15.05 1.50071 1.00082 0.000597726 0 -30.7143 1.50194 0.000897016
-14.95 1.50088 1.00093 0.000510261 0 -30.5102 1.50228 0.00076584
-14.85 1.50102 1.00102 0.00042861 0 -30.3061 1.50255 0.000643352
-14.75 1.50114 1.0011 0.000351557 0 -30.102 1.50278 0.000527735
-14.65 1.50123 1.00115 0.000278014 0 -29.898 1.50296 0.000417363
-14.55 1.5013 1.0012 0.000206978 0 -29.6939 1.5031 0.000310735
-14.45 1.50135 1.00122 0.000137816 0 -29.4898 1.50318 0.000206909
-14.35 1.50138 1.00123 7.00901e-05 0 -29.2857 1.50323 0.000105232
-14.25 1.50139 1.00123 5.40421e-06 0 -29.0816 1.50323 8.11382e-06
-14.15 1.50139 1.00121 -5.55699e-05 0 -28.8776 1.50321 -8.34318e-05
-14.05 1.50137 1.00118 -0.000112726 0 -28.6735 1.50314 -0.000169243
-13.95 1.50132 1.00114 -0.000167312 0 -28.4694 1.50304 -0.000251189
-13.85 1.50126 1.00109 -0.000220172 0 -28.2653 1.5029 -0.000330535
-13.75 1.50118 1.00103 -0.000270741 0 -28.0612 1.50272 -0.000406431
-13.65 1.50109 1.00095 -0.000317847 0 -27.8571 1.50252 -0.000477118
-13.55 1.50099 1.00087 -0.000360524 0 -27.6531 1.5023 -0.000541143
-13.45 1.50088 1.00078 -0.000398099 0 -27.449 1.50204 -0.000597497
-13.35 1.50075 1.00067 -0.000430021 0 -27.2449 1.50176 -0.000645354
-13.25 1.50062 1.00056 -0.000455897 0 -27.0408 1.50146 -0.000684127
-13.15 1.50047 1.00044 -0.000475606 0 -26.8367 1.50114 -0.000713634
-13.05 1.50032 1.00032 -0.00048919 0 -26.6327 1.5008 -0.000733942
-12.95 1.50017 1.00019 -0.000496703 0 -26.4286 1.50045 -0.000745138
-12.85 1.50001 1.00006 -0.000497639 0 -26.2245 1.5001 -0.000746466
-12.75 1.49987 0.999923 -0.000491297 0 -26.0204 1.49975 -0.00073688
-12.65 1.49972 0.99979 -0.000476723 0 -25.8163 1.49941 -0.000714953
-12.55 1.49959 0.999659 -0.000453566 0 -25.6122 1.49908 -0.000680163
-12.45 1.49946 0.999534 -0.000421821 0 -25.4082 1.49876 -0.000632504
-12.35 1.49935 0.999416 -0.000381774 0 -25.2041 1.49847 -0.000572412
-12.25 1.49924 0.999307 -0.000334066 0 -25 1.49821 -0.000500846
-12.15 1.49916 0.999212 -0.000279561 0 -24.7959 1.49797 -0.000419106
-12.05 1.49908 0.999131 -0.000219292 0 -24.5918 1.49778 -0.000328736
-11.95 1.49903 0.999067 -0.000154554 0 -24.3878 1.49763 -0.00023168
-11.85 1.49899 0.999021 -8.68157e-05 0 -24.1837 1.49752 -0.000130136
-11.75 1.49897 0.998996 -1.69291e-05 0 -23.9796 1.49747 -2.53763e-05
-11.65 1.49897 0.998993 5.2383e-05 0 -23.7755 1.49746 7.85207e-05
-11.55 1.49899 0.99901 0.000115433 0 -23.5714 1.49751 0.000173034
-11.45 1.49904 0.999048 0.000175129 0 -23.3673 1.49761 0.000262525
-11.35 1.49911 0.999105 0.000232494 0 -23.1633 1.49776 0.000348533
-11.25 1.49919 0.999181 0.000286726 0 -22.9592 1.49796 0.000429857
-11.15 1.49929 0.999275 0.00033602 0 -22.7551 1.4982 0.000503792
-11.05 1.4994 0.999385 0.000378735 0 -22.551 1.49848 0.000567875
-10.95 1.49952 0.999509 0.00041358 0 -22.3469 1.49878 0.000620172
-10.85 1.49965 0.999644 0.000439344 0 -22.1429 1.49912 0.000658862
-10.75 1.49979 0.999787 0.000455053 0 -21.9388 1.49947 0.000682482
-10.65 1.49992 0.999934 0.000460248 0 -21.7347 1.49982 0.000690337
-10.55 1.50006 1.00008 0.000454332 0 -21.5306 1.50018 0.000681526
-10.45 1.50019 1.00022 0.000436824 0 -21.3265 1.50053 0.00065532
-10.35 1.50032 1.00036 0.000407612 0 -21.1224 1.50086 0.000611548
-10.25 1.50043 1.00048 0.000367243 0 -20.9184 1.50116 0.000551024
-10.15 1.50053 1.00059 0.000316685 0 -20.7143 1.50143 0.000475196
-10.05 1.50062 1.00069 0.000257026 0 -20.5102 1.50165 0.000385698
-9.95 1.50068 1.00076 0.000189488 0 -20.3061 1.50182 0.000284361
-9.85 1.50073 1.0008 0.000115982 0 -20.102 1.50193 0.000174057
-9.75 1.50074 1.00082 3.85752e-05 0 -19.898 1.50198 5.78914e-05
-9.65 1.50075 1.00082 -3.80597e-05 0 -19.6939 1.50197 -5.71179e-05
-9.55 1.50073 1.00079 -0.000108557 0 -19.4898 1.50191 -0.000162915
-9.45 1.50068 1.00073 -0.000174748 0 -19.2857 1.50178 -0.000262241
-9.35 1.50062 1.00066 -0.000236508 0 -19.0816 1.5016 -0.000354908
-9.25 1.50053 1.00056 -0.000291768 0 -18.8776 1.50137 -0.000437808
-9.15 1.50044 1.00045 -0.000337997 0 -18.6735 1.50111 -0.000507143
-9.05 1.50033 1.00032 -0.000373389 0 -18.4694 1.50081 -0.000560206
-8.95 1.50021 1.00018 -0.000396879 0 -18.2653 1.50048 -0.000595401
-8.85 1.50008 1.00004 -0.000407576 0 -18.0612 1.50014 -0.000611398
-8.75 1.49996 0.999899 -0.000404488 0 -17.8571 1.49981 -0.000606717
-8.65 1.49984 0.999763 -0.000387136 0 -17.6531 1.49949 -0.000580643
-8.55 1.49973 0.999638 -0.000355522 0 -17.449 1.49919 -0.000533189
-8.45 1.49964 0.999526 -0.000310563 0 -17.2449 1.49893 -0.000465732
-8.35 1.49955 0.999433 -0.000253713 0 -17.0408 1.49871 -0.000380457
-8.25 1.49949 0.999363 -0.000186639 0 -16.8367 1.49854 -0.000279863
-8.15 1.49945 0.999318 -0.00011172 0 -16.6327 1.49843 -0.000167519
-8.05 1.49944 0.9993 -3.24122e-05 0 -16.4286 1.49839 -4.86e-05
-7.95 1.49943 0.999311 4.48359e-05 0 -16.2245 1.4984 6.72285e-05
-7.85 1.49945 0.999349 0.000115155 0 -16.0204 1.49847 0.000172669
-7.75 1.4995 0.99941 0.000179589 0 -15.8163 1.49861 0.000269294
-7.65 1.49957 0.999495 0.000237085 0 -15.6122 1.49881 0.000355525
-7.55 1.49965 0.999598 0.000284974 0 -15.4082 1.49905 0.000427361
-7.45 1.49974 0.999717 0.000320587 0 -15.2041 1.49932 0.000480798
-7.35 1.49985 0.999846 0.00034235 0 -15 1.49962 0.000513473
-7.25 1.49995 0.99998 0.000349702 0 -14.7959 1.49992 0.000524537
-7.15 1.50006 1.00011 0.000341487 0 -14.5918 1.50023 0.00051225
-7.05 1.50016 1.00024 0.000317729 0 -14.3878 1.50051 0.000476643
-6.95 1.50024 1.00035 0.00027914 0 -14.1837 1.50077 0.000418777
-6.85 1.50032 1.00045 0.000227249 0 -13.9796 1.50099 0.000340946
-6.75 1.50037 1.00053 0.000164215 0 -13.7755 1.50116 0.000246383
-6.65 1.50041 1.00058 9.31266e-05 0 -13.5714 1.50128 0.000139728
-6.55 1.50042 1.00061 1.68777e-05 0 -13.3673 1.50133 2.53237e-05
-6.45 1.50042 1.00061 -5.78658e-05 0 -13.1633 1.50132 -8.68228e-05
-6.35 1.50039 1.00058 -0.000124209 0 -12.9592 1.50126 -0.000186362
-6.25 1.50034 1.00052 -0.000183747 0 -12.7551 1.50113 -0.000275684
-6.15 1.50027 1.00045 -0.000234899 0 -12.551 1.50095 -0.000352413
-6.05 1.50019 1.00035 -0.000274642 0 -12.3469 1.50072 -0.000412016
-5.95 1.5001 1.00025 -0.000300384 0 -12.1429 1.50047 -0.000450606
-5.85 1.50001 1.00013 -0.000310753 0 -11.9388 1.5002 -0.000466133
-5.75 1.49992 1.00001 -0.000304605 0 -11.7347 1.49993 -0.000456881
-5.65 1.49983 0.999893 -0.000281549 0 -11.5306 1.49967 -0.000422276
-5.55 1.49975 0.999785 -0.000242303 0 -11.3265 1.49943 -0.000363395
-5.45 1.49969 0.999692 -0.000188702 0 -11.1224 1.49923 -0.000282996
-5.35 1.49965 0.999617 -0.000123461 0 -10.9184 1.49907 -0.000185147
-5.25 1.49962 0.999564 -5.06039e-05 0 -10.7143 1.49897 -7.58867e-05
-5.15 1.49962 0.999536 2.64701e-05 0 -10.5102 1.49892 3.96951e-05
-5.05 1.49963 0.999535 9.994e-05 0 -10.3061 1.49894 0.000149873
-4.95 1.49967 0.999557 0.000164289 0 -10.102 1.49901 0.00024638
-4.85 1.49974 0.9996 0.000220568 0 -9.89796 1.49914 0.000330794
-4.75 1.49982 0.999663 0.000266649 0 -9.69388 1.49931 0.000399925
-4.65 1.49991 0.999741 0.000299744 0 -9.4898 1.49952 0.000449588
-4.55 1.5 0.999829 0.00031737 0 -9.28571 1.49975 0.000476056
-4.45 1.5001 0.999921 0.000318445 0 -9.08163 1.49998 0.0004777
-4.35 1.50019 1.00001 0.00030217 0 -8.87755 1.50021 0.000453313
-4.25 1.50027 1.00009 0.000268383 0 -8.67347 1.50041 0.000402649
-4.15 1.50034 1.00016 0.000219159 0 -8.46939 1.50059 0.000328813
-4.05 1.5004 1.00022 0.000157376 0 -8.26531 1.50073 0.000236127
-3.95 1.50043 1.00025 8.64121e-05 0 -8.06122 1.50081 0.000129655
-3.85 1.50044 1.00026 1.162e-05 0 -7.85714 1.50084 1.74351e-05
-3.75 1.50044 1.00025 -5.88026e-05 0 -7.65306 1.50082 -8.823e-05
-3.65 1.50042 1.00022 -0.000121147 0 -7.44898 1.50074 -0.000181772
-3.55 1.50037 1.00016 -0.000174771 0 -7.2449 1.50062 -0.000262222
-3.45 1.5003 1.0001 -0.000217775 0 -7.04082 1.50045 -0.000326729
-3.35 1.50023 1.00002 -0.00024768 0 -6.83673 1.50026 -0.000371577
-3.25 1.50015 0.999934 -0.000262296 0 -6.63265 1.50005 -0.000393484
-3.15 1.50007 0.999851 -0.000260189 0 -6.42857 1.49985 -0.000390301
-3.05 1.5 0.999775 -0.000241356 0 -6.22449 1.49966 -0.000362033
-2.95 1.49993 0.999711 -0.000206976 0 -6.02041 1.4995 -0.00031045
-2.85 1.49988 0.999662 -0.000159615 0 -5.81633 1.49937 -0.000239403
-2.75 1.49984 0.999633 -0.000102344 0 -5.61224 1.49929 -0.0001535
-2.65 1.49983 0.999626 -4.03989e-05 0 -5.40816 1.49926 -6.05913e-05
-2.55 1.49982 0.999641 1.88315e-05 0 -5.20408 1.49928 2.82439e-05
-2.45 1.49983 0.999677 7.23435e-05 0 -5 1.49935 0.000108503
-2.35 1.49986 0.999732 0.00011775 0 -4.79592 1.49946 0.000176609
-2.25 1.49991 0.9998 0.000153083 0 -4.59184 1.49961 0.000229611
-2.15 1.49996 0.99988 0.000176004 0 -4.38776 1.49978 0.000263999
-2.05 1.50002 0.999964 0.000184918 0 -4.18367 1.49996 0.000277381
-1.95 1.50007 1.00004 0.000178252 0 -3.97959 1.50014 0.000267391
-1.85 1.50012 1.00012 0.000156605 0 -3.77551 1.5003 0.000234926
-1.75 1.50016 1.00018 0.000121594 0 -3.57143 1.50043 0.00018241
-1.65 1.50019 1.00023 7.62398e-05 0 -3.36735 1.50053 0.000114374
-1.55 1.5002 1.00025 2.38175e-05 0 -3.16327 1.50058 3.5731e-05
-1.45 1.5002 1.00026 -3.01699e-05 0 -2.95918 1.50059 -4.52608e-05
-1.35 1.50019 1.00024 -7.75046e-05 0 -2.7551 1.50055 -0.000116271
-1.25 1.50015 1.00021 -0.000117928 0 -2.55102 1.50047 -0.00017691
-1.15 1.50011 1.00017 -0.00014971 0 -2.34694 1.50036 -0.000224581
-1.05 1.50006 1.00011 -0.000170432 0 -2.14286 1.50022 -0.000255658
-0.95 1.5 1.00004 -0.000178455 0 -1.93878 1.50007 -0.000267683
-0.85 1.49995 0.99998 -0.000172514 0 -1.73469 1.49992 -0.000258763
-0.75 1.4999 0.999922 -0.000152762 0 -1.53061 1.49979 -0.000229128
-0.65 1.49986 0.999872 -0.000120483 0 -1.32653 1.49967 -0.000180708
-0.55 1.49984 0.999836 -7.85818e-05 0 -1.12245 1.49959 -0.00011786
-0.45 1.49982 0.999816 -3.04605e-05 0 -0.918367 1.49955 -4.56854e-05
-0.35 1.49982 0.999814 1.88586e-05 0 -0.714286 1.49954 2.82845e-05
-0.25 1.49983 0.999829 6.19156e-05 0 -0.510204 1.49957 9.28628e-05
-0.15 1.49986 0.999859 9.83431e-05 0 -0.306122 1.49964 0.0001475
-0.05 1.49989 0.9999 0.00012655 0 -0.102041 1.49974 0.000189812
0.05 1.49994 0.99995 0.000144469 0 0.102041 1.49986 0.000216695
0.15 1.49999 1 0.000150709 0 0.306122 1.49999 0.000226061
0.25 1.50003 1.00006 0.000143977 0 0.510204 1.50011 0.00021597
0.35 1.50007 1.0001 0.000125156 0 0.714286 1.50022 0.000187742
0.45 1.5001 1.00013 9.59384e-05 0 0.918367 1.5003 0.000143917
0.55 1.50012 1.00016 5.89109e-05 0 1.12245 1.50035 8.83734e-05
0.65 1.50013 1.00016 1.83073e-05 0 1.32653 1.50037 2.74632e-05
0.75 1.50013 1.00015 -2.00705e-05 0 1.53061 1.50036 -3.01084e-05
0.85 1.50012 1.00013 -5.31902e-05 0 1.73469 1.50032 -7.97918e-05
0.95 1.5001 1.00009 -7.96371e-05 0 1.93878 1.50024 -0.000119463
1.05 1.50007 1.00005 -9.78391e-05 0 2.14286 1.50014 -0.000146765
1.15 1.50003 1 -0.000106176 0 2.34694 1.50004 -0.000159267
1.25 1.5 0.999954 -0.000103391 0 2.55102 1.49993 -0.000155087
1.35 1.49997 0.999911 -8.98602e-05 0 2.7551 1.49984 -0.000134788
1.45 1.49995 0.999876 -6.68037e-05 0 2.95918 1.49977 -0.000100202
1.55 1.49994 0.999851 -3.66902e-05 0 3.16327 1.49972 -5.5033e-05
1.65 1.49993 0.99984 -2.7852e-06 0 3.36735 1.49969 -4.17762e-06
1.75 1.49994 0.999844 2.95689e-05 0 3.57143 1.4997 4.43515e-05
1.85 1.49995 0.999859 5.65996e-05 0 3.77551 1.49974 8.48965e-05
1.95 1.49997 0.999885 7.78357e-05 0 3.97959 1.4998 0.000116751
2.05 1.5 0.999918 9.17199e-05 0 4.18367 1.49988 0.00013758
2.15 1.50003 0.999955 9.69934e-05 0 4.38776 1.49996 0.000145493
2.25 1.50006 0.999991 9.26233e-05 0 4.59184 1.50005 0.00013894
2.35 1.50008 1.00002 7.91462e-05 0 4.79592 1.50012 0.000118726
2.45 1.5001 1.00005 5.79723e-05 0 5 1.50017 8.69644e-05
2.55 1.50012 1.00006 3.11995e-05 0 5.20408 1.50021 4.68028e-05
2.65 1.50012 1.00007 2.1969e-06 0 5.40816 1.50022 3.29561e-06
2.75 1.50012 1.00006 -2.40982e-05 0 5.61224 1.50021 -3.61502e-05
2.85 1.50011 1.00004 -4.59273e-05 0 5.81633 1.50017 -6.88959e-05
2.95 1.50009 1.00002 -6.2394e-05 0 6.02041 1.50012 -9.35966e-05
3.05 1.50007 0.99999 -7.20934e-05 0 6.22449 1.50005 -0.000108145
3.15 1.50004 0.999958 -7.41423e-05 0 6.42857 1.49998 -0.000111217
3.25 1.50002 0.999929 -6.80946e-05 0 6.63265 1.49992 -0.000102144
3.35 1.50001 0.999905 -5.46012e-05 0 6.83673 1.49986 -8.19022e-05
3.45 1.49999 0.999887 -3.53605e-05 0 7.04082 1.49983 -5.30406e-05
3.55 1.49999 0.999879 -1.28238e-05 0 7.2449 1.49981 -1.92356e-05
3.65 1.49999 0.999881 9.47998e-06 0 7.44898 1.49981 1.42199e-05
3.75 1.49999 0.999891 2.80551e-05 0 7.65306 1.49983 4.20826e-05
3.85 1.50001 0.999908 4.2389e-05 0 7.85714 1.49987 6.35839e-05
3.95 1.50002 0.999931 5.13274e-05 0 8.06122 1.49992 7.69924e-05
4.05 1.50004 0.999956 5.40285e-05 0 8.26531 1.49998 8.10451e-05
4.15 1.50006 0.99998 4.98485e-05 0 8.46939 1.50003 7.47758e-05
4.25 1.50007 1 3.91737e-05 0 8.67347 1.50007 5.87634e-05
4.35 1.50008 1.00001 2.32789e-05 0 8.87755 1.50011 3.49203e-05
4.45 1.50009 1.00002 4.10877e-06 0 9.08163 1.50012 6.16352e-06
4.55 1.50009 1.00002 -1.55128e-05 0 9.28571 1.50012 -2.32706e-05
4.65 1.50009 1.00001 -3.23532e-05 0 9.4898 1.50011 -4.85326e-05
4.75 1.50008 0.999999 -4.58281e-05 0 9.69388 1.50008 -6.87456e-05
4.85 1.50006 0.999981 -5.50583e-05 0 9.89796 1.50003 -8.25909e-05
4.95 1.50005 0.999961 -5.92643e-05 0 10.102 1.49999 -8.88992e-05
5.05 1.50003 0.999942 -5.7808e-05 0 10.3061 1.49994 -8.67138e-05
5.15 1.50002 0.999926 -5.12898e-05 0 10.5102 1.49991 -7.69356e-05
5.25 1.50001 0.999914 -4.08784e-05 0 10.7143 1.49988 -6.1318e-05
5.35 1.5 0.999909 -2.83925e-05 0 10.9184 1.49987 -4.25889e-05
5.45 1.5 0.99991 -1.6516e-05 0 11.1224 1.49987 -2.47741e-05
5.55 1.5 0.999918 -7.50428e-06 0 11.3265 1.49988 -1.12565e-05
5.65 1.50001 0.999929 -2.35915e-06 0 11.5306 1.4999 -3.53874e-06
5.75 1.50002 0.999944 -1.74383e-06 0 11.7347 1.49993 -2.61577e-06
5.85 1.50002 0.999959 -6.08647e-06 0 11.9388 1.49996 -9.12984e-06
5.95 1.50003 0.999973 -1.60099e-05 0 12.1429 1.49999 -2.40154e-05
6.05 1.50003 0.999984 -3.09327e-05 0 12.3469 1.50001 -4.64001e-05
6.15 1.50003 0.999991 -4.98797e-05 0 12.551 1.50002 -7.48212e-05
6.25 1.50003 0.999993 -7.0824e-05 0 12.7551 1.50002 -0.000106238
6.35 1.50002 0.999991 -9.18844e-05 0 12.9592 1.50001 -0.000137829
6.45 1.50001 0.999984 -0.000112333 0 13.1633 1.49999 -0.000168501
6.55 1.5 0.999974 -0.000131681 0 13.3673 1.49996 -0.000197521
6.65 1.49998 0.999963 -0.000149507 0 13.5714 1.49992 -0.000224257
6.75 1.49996 0.99995 -0.00016536 0 13.7755 1.49989 -0.000248034
6.85 1.49995 0.999939 -0.000178751 0 13.9796 1.49986 -0.000268117
6.95 1.49994 0.999931 -0.000190154 0 14.1837 1.49984 -0.000285219
7.05 1.49993 0.999927 -0.000200523 0 14.3878 1.49982 -0.000300772
7.15 1.49993 0.999928 -0.000211327 0 14.5918 1.49982 -0.000316977
7.25 1.49993 0.999932 -0.000223977 0 14.7959 1.49983 -0.00033595
7.35 1.49994 0.999939 -0.000238541 0 15 1.49985 -0.000357798
7.45 1.49996 0.999947 -0.00025459 0 15.2041 1.49988 -0.000381874
7.55 1.49998 0.999957 -0.000271578 0 15.4082 1.49991 -0.000407361
7.65 1.5 0.999966 -0.000288844 0 15.6122 1.49995 -0.000433265
7.75 1.50003 0.999974 -0.000305046 0 15.8163 1.49999 -0.000457577
7.85 1.50006 0.999978 -0.000317982 0 16.0204 1.50002 -0.00047699
7.95 1.50009 0.999978 -0.000324947 0 16.2245 1.50006 -0.00048745
8.05 1.50013 0.999976 -0.000323105 0 16.4286 1.50009 -0.000484699
8.15 1.50018 0.999972 -0.000310419 0 16.6327 1.50014 -0.000465683
8.25 1.50024 0.999966 -0.000283689 0 16.8367 1.50019 -0.000425601
8.35 1.50032 0.99996 -0.000239668 0 17.0408 1.50026 -0.000359577
8.45 1.50041 0.999954 -0.000174953 0 17.2449 1.50034 -0.000262502
8.55 1.5005 0.999949 -8.63375e-05 0 17.449 1.50043 -0.00012955
8.65 1.50057 0.999946 2.03398e-05 0 17.6531 1.50049 3.05214e-05
8.75 1.50061 0.999943 0.000137986 0 17.8571 1.50053 0.000207063
8.85 1.50063 0.999943 0.00026004 0 18.0612 1.50055 0.000390224
8.95 1.50063 0.999944 0.00038139 0 18.2653 1.50055 0.000572327
9.05 1.50063 0.999948 0.00050031 0 18.4694 1.50055 0.000750779
9.15 1.50061 0.999952 0.000614586 0 18.6735 1.50053 0.000922251
9.25 1.50056 0.999957 0.000720129 0 18.8776 1.5005 0.0010806
9.35 1.50048 0.999962 0.000811267 0 19.0816 1.50043 0.00121729
9.45 1.50037 0.999967 0.000881549 0 19.2857 1.50032 0.00132265
9.55 1.50022 0.999971 0.000924587 0 19.4898 1.50017 0.00138708
9.65 1.50003 0.999972 0.000934627 0 19.6939 1.49999 0.00140197
9.75 1.49981 0.999967 0.000906287 0 19.898 1.49976 0.00135926
9.85 1.49958 0.999958 0.000831017 0 20.102 1.49952 0.00124618
9.95 1.49941 0.999951 0.0007168 0 20.3061 1.49934 0.00107478
10.05 1.4993 0.999946 0.000577035 0 20.5102 1.49922 0.000865148
10.15 1.49925 0.999945 0.000423684 0 20.7143 1.49916 0.000635206
10.25 1.49923 0.999945 0.000265367 0 20.9184 1.49915 0.000397846
10.35 1.49923 0.999948 0.000106478 0 21.1224 1.49916 0.000159636
10.45 1.49926 0.999952 -5.04921e-05 0 21.3265 1.49919 -7.57008e-05
10.55 1.49933 0.999956 -0.000199853 0 21.5306 1.49926 -0.000299645
10.65 1.49943 0.999959 -0.00033339 0 21.7347 1.49937 -0.000499896
10.75 1.49959 0.999962 -0.000441701 0 21.9388 1.49953 -0.00066237
10.85 1.49978 0.999962 -0.000515032 0 22.1429 1.49972 -0.000772433
10.95 1.49994 0.999961 -0.000551234 0 22.3469 1.49989 -0.00082682
11.05 1.50007 0.999961 -0.000558988 0 22.551 1.50001 -0.000838521
11.15 1.50016 0.999961 -0.000544485 0 22.7551 1.50011 -0.000816816
11.25 1.50023 0.99996 -0.000512784 0 22.9592 1.50017 -0.000769296
11.35 1.50027 0.999956 -0.000469097 0 23.1633 1.50021 -0.000703774
11.45 1.50029 0.999951 -0.000418364 0 23.3673 1.50022 -0.000627669
11.55 1.5003 0.999945 -0.000364402 0 23.5714 1.50021 -0.000546711
11.65 1.50029 0.999938 -0.000309112 0 23.7755 1.5002 -0.000463759
11.75 1.50028 0.999932 -0.000254385 0 23.9796 1.50018 -0.000381648
11.85 1.50025 0.999928 -0.00020366 0 24.1837 1.50014 -0.000305541
11.95 1.5002 0.999924 -0.000161268 0 24.3878 1.50008 -0.000241934
12.05 1.50013 0.999922 -0.000131789 0 24.5918 1.50001 -0.0001977
12.15 1.50006 0.99992 -0.000118413 0 24.7959 1.49994 -0.000177626
12.25 1.50001 0.999918 -0.000116335 0 25 1.49989 -0.000174504
12.35 1.49998 0.999913 -0.000121418 0 25.2041 1.49985 -0.000182124
12.45 1.49996 0.999908 -0.000130494 0 25.4082 1.49982 -0.000195736
12.55 1.49995 0.999902 -0.000140617 0 25.6122 1.4998 -0.000210918
12.65 1.49994 0.999893 -0.000149725 0 25.8163 1.49978 -0.000224578
12.75 1.49994 0.999883 -0.000156689 0 26.0204 1.49976 -0.000235023
12.85 1.49994 0.999869 -0.000161023 0 26.2245 1.49974 -0.000241524
12.95 1.49993 0.999854 -0.000162584 0 26.4286 1.49971 -0.000243865
13.05 1.49992 0.999836 -0.000161775 0 26.6327 1.49967 -0.000242649
13.15 1.4999 0.999816 -0.00015965 0 26.8367 1.49963 -0.00023946
13.25 1.49987 0.999793 -0.000157964 0 27.0408 1.49956 -0.000236927
13.35 1.49983 0.999767 -0.000159064 0 27.2449 1.49948 -0.00023857
13.45 1.49978 0.999738 -0.000165342 0 27.449 1.49938 -0.000247976
13.55 1.49971 0.999705 -0.000179124 0 27.6531 1.49926 -0.000268633
13.65 1.49963 0.999667 -0.000201869 0 27.8571 1.49913 -0.000302728
13.75 1.49954 0.999624 -0.000233979 0 28.0612 1.49898 -0.000350861
13.85 1.49945 0.999574 -0.000274804 0 28.2653 1.49881 -0.000412056
13.95 1.49936 0.999516 -0.000322992 0 28.4694 1.49864 -0.000484282
14.05 1.49927 0.99945 -0.000377066 0 28.6735 1.49844 -0.000565323
14.15 1.49916 0.999373 -0.000436057 0 28.8776 1.49822 -0.000653719
14.25 1.49904 0.999284 -0.000499993 0 29.0816 1.49797 -0.00074951
14.35 1.49889 0.999181 -0.000570118 0 29.2857 1.49767 -0.000854547
14.45 1.49872 0.999062 -0.00064878 0 29.4898 1.49732 -0.00097234
14.55 1.49851 0.998925 -0.000739065 0 29.6939 1.4969 -0.0011075
14.65 1.49827 0.998767 -0.000844331 0 29.898 1.49643 -0.00126504
14.75 1.49799 0.998585 -0.000967819 0 30.102 1.49587 -0.00144979
14.85 1.49768 0.998375 -0.00111247 0 30.3061 1.49524 -0.00166612
14.95 1.49731 0.998133 -0.001281 0 30.5102 1.49452 -0.00191806
15.05 1.4969 0.997855 -0.00147615 0 30.7143 1.49369 -0.00220965
15.15 1.49643 0.997535 -0.00170103 0 30.9184 1.49274 -0.00254546
15.25 1.49588 0.997166 -0.00195942 0 31.1224 1.49164 -0.00293106
15.35 1.49526 0.996741 -0.00225601 0 31.3265 1.49038 -0.00337331
15.45 1.49453 0.996251 -0.00259645 0 31.5306 1.48893 -0.00388047
15.55 1.4937 0.995688 -0.0029874 0 31.7347 1.48726 -0.00446226
15.65 1.49273 0.995039 -0.00343649 0 31.9388 1.48533 -0.00512977
15.75 1.49162 0.994293 -0.0039524 0 32.1429 1.48311 -0.0058955
15.85 1.49035 0.993433 -0.00454488 0 32.3469 1.48056 -0.00677346
15.95 1.48888 0.992444 -0.00522501 0 32.551 1.47763 -0.00777943
16.05 1.4872 0.991304 -0.00600537 0 32.7551 1.47427 -0.00893119
16.15 1.48527 0.989993 -0.00690033 0 32.9592 1.47041 -0.0102489
16.25 1.48305 0.988484 -0.00792624 0 33.1633 1.46598 -0.011755
16.35 1.48051 0.986746 -0.00910151 0 33.3673 1.46089 -0.0134749
16.45 1.4776 0.984748 -0.0104467 0 33.5714 1.45506 -0.0154361
16.55 1.47426 0.982449 -0.0119848 0 33.7755 1.44839 -0.0176687
16.65 1.47045 0.979806 -0.0137408 0 33.9796 1.44075 -0.0202051
16.75 1.46609 0.976769 -0.0157421 0 34.1837 1.43203 -0.0230792
16.85 1.46111 0.973281 -0.0180182 0 34.3878 1.42207 -0.0263266
16.95 1.45543 0.969278 -0.0206013 0 34.5918 1.41072 -0.0299838
17.05 1.44898 0.964687 -0.023525 0 34.7959 1.39781 -0.0340872
17.15 1.44164 0.959426 -0.0268242 0 35 1.38315 -0.0386709
17.25 1.43334 0.953402 -0.0305338 0 35.2041 1.36655 -0.0437652
17.35 1.42394 0.946513 -0.0346885 0 35.4082 1.34778 -0.0493945
17.45 1.41336 0.938645 -0.0393196 0 35.6122 1.32664 -0.0555728
17.55 1.40148 0.929673 -0.0444511 0 35.8163 1.30291 -0.0622971
17.65 1.38818 0.919459 -0.0500968 0 36.0204 1.27637 -0.0695433
17.75 1.37337 0.907858 -0.0562591 0 36.2245 1.24683 -0.0772647
17.85 1.35697 0.894717 -0.0629193 0 36.4286 1.2141 -0.0853796
17.95 1.3389 0.879882 -0.0700251 0 36.6327 1.17807 -0.0937567
18.05 1.31913 0.863195 -0.0774872 0 36.8367 1.13867 -0.102216
18.15 1.29767 0.844508 -0.0851802 0 37.0408 1.09589 -0.110536
18.25 1.27457 0.823699 -0.0929163 0 37.2449 1.04986 -0.118428
18.35 1.24991 0.80066 -0.100415 0 37.449 1.00075 -0.125509
18.45 1.22388 0.775349 -0.107326 0 37.6531 0.948931 -0.131354
18.55 1.19675 0.747821 -0.113243 0 37.8571 0.894958 -0.135525
18.65 1.169 0.718294 -0.117672 0 38.0612 0.839687 -0.137559
18.75 1.14129 0.687181 -0.119997 0 38.2653 0.784273 -0.136952
18.85 1.11424 0.655243 -0.119547 0 38.4694 0.7301 -0.133204
18.95 1.08853 0.623393 -0.115741 0 38.6735 0.678584 -0.125987
19.05 1.06481 0.592479 -0.107976 0 38.8776 0.630876 -0.114974
19.15 1.04373 0.563782 -0.095947 0 39.0816 0.588437 -0.100143
19.25 1.02603 0.538695 -0.0796278 0 39.2857 0.552715 -0.0817003
19.35 1.01236 0.518582 -0.0594082 0 39.4898 0.52499 -0.0601423
19.45 1.0032 0.504691 -0.0361342 0 39.6939 0.506308 -0.03625
19.55 0.999194 0.49801 -0.0108861 0 39.898 0.497608 -0.0108773
19.65 0.998866 0.499014 0.01458 0 40.102 0.498448 0.0145634
19.75 1.00299 0.507367 0.0381497 0 40.3061 0.508883 0.0382637
19.85 1.01344 0.522375 0.059475 0 40.5102 0.529395 0.0602742
19.95 1.02857 0.543096 0.0779557 0 40.7143 0.55861 0.0801826
