-19.95 1.22367 0.775157 -0.107425 0 -37.6415 0.948539 -0.131453
-19.85 1.19653 0.747601 -0.113346 0 -37.4528 0.894529 -0.135622
-19.75 1.16876 0.718044 -0.117775 0 -37.2642 0.839223 -0.137651
-19.65 1.14103 0.686903 -0.120095 0 -37.0755 0.783779 -0.137032
-19.55 1.11397 0.654939 -0.119633 0 -36.8868 0.729584 -0.133268
-19.45 1.08825 0.623068 -0.115809 0 -36.6981 0.678053 -0.126029
-19.35 1.06452 0.592137 -0.108019 0 -36.5094 0.630342 -0.114988
-19.25 1.04345 0.563431 -0.0959582 0 -36.3208 0.58791 -0.100127
-19.15 1.02575 0.538347 -0.0796025 0 -36.1321 0.552207 -0.081652
-19.05 1.01209 0.518249 -0.0593429 0 -35.9434 0.524515 -0.0600604
-18.95 1.00296 0.504384 -0.0360292 0 -35.7547 0.505876 -0.0361357
-18.85 0.998976 0.49774 -0.0107468 0 -35.566 0.497231 -0.0107358
-18.75 0.998663 0.498793 0.0147406 0 -35.3774 0.498126 0.0147209
-18.65 1.00283 0.507198 0.0383248 0 -35.1887 0.508632 0.0384332
-18.55 1.01332 0.52226 0.0596584 0 -35 0.529216 0.060453
-18.45 1.02848 0.543034 0.0781387 0 -34.8113 0.558502 0.0803644
-18.35 1.04713 0.568337 0.0931369 0 -34.6226 0.595123 0.0975264
-18.25 1.06877 0.596842 0.10432 0 -34.434 0.637884 0.111494
-18.15 1.09286 0.627264 0.111724 0 -34.2453 0.685511 0.122098
-18.05 1.11882 0.65849 0.115652 0 -34.0566 0.736729 0.129393
-17.95 1.14571 0.689468 0.116552 0 -33.8679 0.789928 0.133534
-17.85 1.17254 0.719294 0.114881 0 -33.6792 0.843401 0.134702
-17.75 1.19906 0.747706 0.111165 0 -33.4906 0.896544 0.133293
-17.65 1.22505 0.774413 0.105897 0 -33.3019 0.948697 0.129729
-17.55 1.25018 0.799186 0.0995619 0 -33.1132 0.999127 0.12447
-17.45 1.27416 0.821922 0.0925756 0 -32.9245 1.04726 0.117956
-17.35 1.29679 0.842606 0.0852721 0 -32.7358 1.09268 0.11058
-17.25 1.31791 0.861278 0.0779155 0 -32.5472 1.13509 0.102686
-17.15 1.33744 0.878008 0.0707091 0 -32.3585 1.17428 0.0945691
-17.05 1.35535 0.892923 0.0637972 0 -32.1698 1.21022 0.0864674
-16.95 1.37166 0.906169 0.0572749 0 -31.9811 1.24296 0.0785617
-16.85 1.38643 0.917894 0.0512004 0 -31.7925 1.2726 0.070986
-16.75 1.39975 0.928245 0.0456031 0 -31.6038 1.29931 0.0638328
-16.65 1.41169 0.937364 0.0404904 0 -31.4151 1.32326 0.0571598
-16.55 1.42236 0.945382 0.0358543 0 -31.2264 1.34467 0.0509976
-16.45 1.43186 0.952421 0.0316761 0 -31.0377 1.36374 0.0453558
-16.35 1.4403 0.958592 0.02793 0 -30.8491 1.38066 0.0402276
-16.25 1.44778 0.963998 0.024586 0 -30.6604 1.39565 0.035595
-16.15 1.45438 0.968728 0.0216118 0 -30.4717 1.4089 0.0314319
-16.05 1.46021 0.972864 0.0189749 0 -30.283 1.42059 0.0277074
-15.95 1.46535 0.976478 0.0166432 0 -30.0943 1.43088 0.0243881
-15.85 1.46986 0.979634 0.0145862 0 -29.9057 1.43993 0.0214397
-15.75 1.47383 0.98239 0.0127748 0 -29.717 1.44788 0.0188279
-15.65 1.47731 0.984794 0.0111823 0 -29.5283 1.45485 0.0165198
-15.55 1.48037 0.986892 0.00978428 0 -29.3396 1.46096 0.0144843
-15.45 1.48304 0.988721 0.00855833 0 -29.1509 1.46632 0.0126924
-15.35 1.48539 0.990318 0.00748444 0 -28.9623 1.47101 0.0111173
-15.25 1.48745 0.991711 0.00654461 0 -28.7736 1.47512 0.00973475
-15.15 1.48925 0.992928 0.00572274 0 -28.5849 1.47871 0.00852257
-15.05 1.49082 0.99399 0.00500443 0 -28.3962 1.48186 0.00746071
-14.95 1.4922 0.99492 0.00437686 0 -28.2075 1.48462 0.00653115
-14.85 1.49341 0.995733 0.00382864 0 -28.0189 1.48703 0.00571772
-14.75 1.49446 0.996446 0.00334979 0 -27.8302 1.48915 0.00500613
-14.65 1.49539 0.997073 0.00293156 0 -27.6415 1.49101 0.00438381
-14.55 1.4962 0.997623 0.00256636 0 -27.4528 1.49264 0.00383977
-14.45 1.49691 0.998108 0.00224757 0 -27.2642 1.49407 0.00336441
-14.35 1.49753 0.998537 0.00196942 0 -27.0755 1.49534 0.00294926
-14.25 1.49808 0.998915 0.00172679 0 -26.8868 1.49645 0.00258687
-14.15 1.49856 0.999251 0.00151518 0 -26.6981 1.49743 0.00227058
-14.05 1.49898 0.999548 0.00133054 0 -26.5094 1.4983 0.00199445
-13.95 1.49935 0.999812 0.00116924 0 -26.3208 1.49907 0.0017531
-13.85 1.49967 1.00005 0.00102796 0 -26.1321 1.49974 0.0015416
-13.75 1.49996 1.00025 0.000903696 0 -25.9434 1.50034 0.00135551
-13.65 1.50021 1.00044 0.000793788 0 -25.7547 1.50086 0.00119085
-13.55 1.50043 1.0006 0.000695891 0 -25.566 1.50132 0.00104413
-13.45 1.50062 1.00074 0.000607974 0 -25.3774 1.50173 0.000912336
-13.35 1.50078 1.00086 0.000528337 0 -25.1887 1.50208 0.00079292
-13.25 1.50093 1.00097 0.000455585 0 -25 1.50238 0.000683802
-13.15 1.50106 1.00106 0.000388479 0 -24.8113 1.50264 0.000583129
-13.05 1.50116 1.00113 0.00032583 0 -24.6226 1.50286 0.000489124
-12.95 1.50125 1.00119 0.000266587 0 -24.434 1.50304 0.000400214
-12.85 1.50132 1.00123 0.000209917 0 -24.2453 1.50317 0.000315154
-12.75 1.50138 1.00126 0.000155102 0 -24.0566 1.50327 0.000232867
-12.65 1.50142 1.00128 0.000101186 0 -23.8679 1.50333 0.000151922
-12.55 1.50144 1.00128 4.82368e-05 0 -23.6792 1.50336 7.24244e-05
-12.45 1.50144 1.00127 -2.10937e-06 0 -23.4906 1.50335 -3.16711e-06
-12.35 1.50144 1.00125 -5.11194e-05 0 -23.3019 1.50332 -7.67528e-05
-12.25 1.50142 1.00122 -9.83186e-05 0 -23.1132 1.50325 -0.000147618
-12.15 1.50138 1.00117 -0.000144967 0 -22.9245 1.50314 -0.000217651
-12.05 1.50132 1.00112 -0.000191673 0 -22.7358 1.50301 -0.000287762
-11.95 1.50125 1.00106 -0.000237816 0 -22.5472 1.50284 -0.000357023
-11.85 1.50117 1.00099 -0.000282386 0 -22.3585 1.50265 -0.000423911
-11.75 1.50108 1.00091 -0.0003245 0 -22.1698 1.50244 -0.000487101
-11.65 1.50098 1.00082 -0.000363321 0 -21.9811 1.50221 -0.000545338
-11.55 1.50087 1.00072 -0.000398002 0 -21.7925 1.50195 -0.000597349
-11.45 1.50075 1.00062 -0.000427847 0 -21.6038 1.50167 -0.00064209
-11.35 1.50061 1.00051 -0.000452453 0 -21.4151 1.50138 -0.000678957
-11.25 1.50047 1.00039 -0.000471648 0 -21.2264 1.50106 -0.000707695
-11.15 1.50032 1.00028 -0.000485351 0 -21.0377 1.50074 -0.000728184
-11.05 1.50017 1.00015 -0.000493514 0 -20.8491 1.5004 -0.000740355
-10.95 1.50002 1.00003 -0.000495832 0 -20.6604 1.50006 -0.000743756
-10.85 1.49987 0.999909 -0.000491046 0 -20.4717 1.49973 -0.000736504
-10.75 1.49972 0.999788 -0.000478442 0 -20.283 1.49941 -0.00071753
-10.65 1.49959 0.999671 -0.00045753 0 -20.0943 1.49909 -0.000686105
-10.55 1.49946 0.999558 -0.000428213 0 -19.9057 1.49879 -0.000642087
-10.45 1.49934 0.999452 -0.000390681 0 -19.717 1.49852 -0.000585763
-10.35 1.49923 0.999354 -0.000345338 0 -19.5283 1.49827 -0.000517743
-10.25 1.49914 0.999267 -0.000292817 0 -19.3396 1.49804 -0.000438975
-10.15 1.49907 0.999192 -0.000234058 0 -19.1509 1.49786 -0.000350869
-10.05 1.49901 0.99913 -0.000170231 0 -18.9623 1.4977 -0.000255178
-9.95 1.49897 0.999085 -0.000102478 0 -18.7736 1.4976 -0.000153612
-9.85 1.49895 0.999055 -3.22336e-05 0 -18.5849 1.49753 -4.83164e-05
-9.75 1.49894 0.999044 3.87899e-05 0 -18.3962 1.49751 5.81439e-05
-9.65 1.49896 0.999051 0.000105125 0 -18.2075 1.49753 0.000157577
-9.55 1.49899 0.999074 0.000166418 0 -18.0189 1.49761 0.00024946
-9.45 1.49906 0.999114 0.000224935 0 -17.8302 1.49773 0.000337191
-9.35 1.49914 0.999171 0.000280486 0 -17.6415 1.4979 0.000420487
-9.25 1.49924 0.999244 0.000331564 0 -17.4528 1.4981 0.000497093
-9.15 1.49935 0.999332 0.000376528 0 -17.2642 1.49835 0.000564546
-9.05 1.49947 0.999434 0.000414039 0 -17.0755 1.49862 0.00062084
-8.95 1.4996 0.999548 0.000443041 0 -16.8868 1.49892 0.000664385
-8.85 1.49974 0.999671 0.000462642 0 -16.6981 1.49925 0.000693843
-8.75 1.49988 0.999801 0.000471998 0 -16.5094 1.49959 0.000707943
-8.65 1.50003 0.999935 0.000470352 0 -16.3208 1.49993 0.000705541
-8.55 1.50016 1.00007 0.000457296 0 -16.1321 1.50027 0.000686018
-8.45 1.50029 1.0002 0.000432186 0 -15.9434 1.50059 0.000648406
-8.35 1.50041 1.00032 0.000395427 0 -15.7547 1.5009 0.000593305
-8.25 1.50052 1.00044 0.000347842 0 -15.566 1.50118 0.000521945
-8.15 1.50062 1.00054 0.000290542 0 -15.3774 1.50143 0.000435991
-8.05 1.50069 1.00063 0.000224889 0 -15.1887 1.50164 0.000337489
-7.95 1.50075 1.0007 0.00015271 0 -15 1.5018 0.00022918
-7.85 1.50078 1.00075 7.61794e-05 0 -14.8113 1.50191 0.000114328
-7.75 1.50079 1.00078 -3.18136e-06 0 -14.6226 1.50196 -4.77456e-06
-7.65 1.50078 1.00079 -8.06785e-05 0 -14.434 1.50196 -0.000121081
-7.55 1.50075 1.00077 -0.000150603 0 -14.2453 1.50191 -0.000226019
-7.45 1.50069 1.00073 -0.000215557 0 -14.0566 1.5018 -0.000323485
-7.35 1.50061 1.00068 -0.000275547 0 -13.8679 1.50163 -0.00041349
-7.25 1.50052 1.0006 -0.000328734 0 -13.6792 1.50142 -0.000493271
-7.15 1.50041 1.00051 -0.000372832 0 -13.4906 1.50117 -0.0005594
-7.05 1.50029 1.0004 -0.000406072 0 -13.3019 1.50089 -0.000609224
-6.95 1.50016 1.00029 -0.000427438 0 -13.1132 1.50059 -0.000641224
-6.85 1.50002 1.00016 -0.000436287 0 -12.9245 1.50027 -0.000654441
-6.75 1.49989 1.00003 -0.000431452 0 -12.7358 1.49995 -0.000647132
-6.65 1.49977 0.999909 -0.000412259 0 -12.5472 1.49963 -0.000618294
-6.55 1.49965 0.999789 -0.000378445 0 -12.3585 1.49934 -0.000567536
-6.45 1.49955 0.999677 -0.000330729 0 -12.1698 1.49907 -0.000495945
-6.35 1.49947 0.999579 -0.000270563 0 -11.9811 1.49883 -0.0004057
-6.25 1.4994 0.999498 -0.000200058 0 -11.7925 1.49864 -0.000299967
-6.15 1.49935 0.999436 -0.000121558 0 -11.6038 1.49851 -0.000182258
-6.05 1.49933 0.999398 -3.78549e-05 0 -11.4151 1.49843 -5.67569e-05
-5.95 1.49933 0.999383 4.71602e-05 0 -11.2264 1.4984 7.07086e-05
-5.85 1.49935 0.999393 0.000125431 0 -11.0377 1.49844 0.000188065
-5.75 1.4994 0.999424 0.000196157 0 -10.8491 1.49853 0.000294117
-5.65 1.49947 0.999475 0.000260618 0 -10.6604 1.49868 0.000390789
-5.55 1.49956 0.999545 0.000317076 0 -10.4717 1.49888 0.000475475
-5.45 1.49967 0.999631 0.000362914 0 -10.283 1.49912 0.000544251
-5.35 1.49979 0.999729 0.000395963 0 -10.0943 1.49938 0.00059386
-5.25 1.49991 0.999836 0.000414862 0 -9.90566 1.49967 0.000622257
-5.15 1.50004 0.999948 0.000419266 0 -9.71698 1.49996 0.000628917
-5.05 1.50017 1.00006 0.000407812 0 -9.5283 1.50025 0.000611786
-4.95 1.50028 1.00016 0.000380084 0 -9.33962 1.50052 0.000570233
-4.85 1.50039 1.00025 0.000336823 0 -9.15094 1.50077 0.000505365
-4.75 1.50047 1.00033 0.000279717 0 -8.96226 1.50097 0.000419708
-4.65 1.50054 1.00039 0.000210878 0 -8.77358 1.50114 0.000316431
-4.55 1.50059 1.00043 0.000133243 0 -8.58491 1.50124 0.000199943
-4.45 1.50062 1.00045 5.06321e-05 0 -8.39623 1.50129 7.59794e-05
-4.35 1.50062 1.00044 -3.06232e-05 0 -8.20755 1.50129 -4.59538e-05
-4.25 1.50061 1.00041 -0.000105264 0 -8.01887 1.50123 -0.00015796
-4.15 1.50057 1.00036 -0.000172724 0 -7.83019 1.50111 -0.000259184
-4.05 1.5005 1.00029 -0.000232371 0 -7.64151 1.50093 -0.000348672
-3.95 1.50042 1.0002 -0.000281981 0 -7.45283 1.50072 -0.000423089
-3.85 1.50032 1.0001 -0.0003187 0 -7.26415 1.50048 -0.000478153
-3.75 1.50022 0.999996 -0.000340647 0 -7.07547 1.50021 -0.000511045
-3.65 1.50011 0.999887 -0.000347316 0 -6.88679 1.49994 -0.000521013
-3.55 1.50001 0.999782 -0.000337185 0 -6.69811 1.49968 -0.00050578
-3.45 1.49992 0.999686 -0.000310863 0 -6.50943 1.49944 -0.000466267
-3.35 1.49983 0.999603 -0.000269346 0 -6.32075 1.49924 -0.000403973
-3.25 1.49976 0.999537 -0.000214643 0 -6.13208 1.49907 -0.000321913
-3.15 1.49971 0.999492 -0.000149776 0 -5.9434 1.49895 -0.000224621
-3.05 1.49968 0.99947 -7.78971e-05 0 -5.75472 1.49889 -0.000116821
-2.95 1.49967 0.999473 -5.12437e-06 0 -5.56604 1.49888 -7.68486e-06
-2.85 1.49967 0.9995 6.27189e-05 0 -5.37736 1.49892 9.40578e-05
-2.75 1.4997 0.999549 0.000123903 0 -5.18868 1.49902 0.000185817
-2.65 1.49975 0.999618 0.000177275 0 -5 1.49918 0.000265869
-2.55 1.49981 0.999703 0.000220883 0 -4.81132 1.49937 0.000331284
-2.45 1.49989 0.999801 0.000252047 0 -4.62264 1.49959 0.000378043
-2.35 1.49997 0.999906 0.000268578 0 -4.43396 1.49983 0.00040286
-2.25 1.50005 1.00001 0.00026964 0 -4.24528 1.50007 0.000404474
-2.15 1.50013 1.00011 0.00025446 0 -4.0566 1.5003 0.000381723
-2.05 1.5002 1.00021 0.000223474 0 -3.86792 1.50051 0.000335256
-1.95 1.50026 1.00028 0.000178641 0 -3.67925 1.50068 0.000268008
-1.85 1.5003 1.00034 0.00012249 0 -3.49057 1.50082 0.000183771
-1.75 1.50032 1.00038 5.82619e-05 0 -3.30189 1.5009 8.74117e-05
-1.65 1.50033 1.0004 -9.71735e-06 0 -3.11321 1.50092 -1.45792e-05
-1.55 1.50032 1.00038 -7.29873e-05 0 -2.92453 1.5009 -0.000109505
-1.45 1.50029 1.00035 -0.00012869 0 -2.73585 1.50082 -0.000193072
-1.35 1.50024 1.0003 -0.000176946 0 -2.54717 1.5007 -0.000265461
-1.25 1.50018 1.00023 -0.000215472 0 -2.35849 1.50053 -0.000323246
-1.15 1.50011 1.00015 -0.000241715 0 -2.16981 1.50034 -0.000362597
-1.05 1.50003 1.00007 -0.000253818 0 -1.98113 1.50013 -0.000380734
-0.95 1.49995 0.999979 -0.000250668 0 -1.79245 1.49992 -0.00037599
-0.85 1.49988 0.999896 -0.000231958 0 -1.60377 1.49972 -0.000347909
-0.75 1.49982 0.999821 -0.000198361 0 -1.41509 1.49955 -0.000297506
-0.65 1.49977 0.99976 -0.00015181 0 -1.22642 1.49941 -0.000227679
-0.55 1.49973 0.999716 -9.55271e-05 0 -1.03774 1.49931 -0.000143265
-0.45 1.49972 0.999693 -3.30006e-05 0 -0.849057 1.49926 -4.94916e-05
-0.35 1.49972 0.999692 3.03691e-05 0 -0.660377 1.49925 4.55449e-05
-0.25 1.49973 0.999712 8.6425e-05 0 -0.471698 1.4993 0.000129614
-0.15 1.49976 0.99975 0.000135421 0 -0.283019 1.49939 0.000203099
-0.05 1.49982 0.999804 0.000175995 0 -0.0943396 1.49952 0.000263961
0.05 1.49988 0.999871 0.000205665 0 0.0943396 1.49968 0.000308473
0.15 1.49995 0.999945 0.000221862 0 0.283019 1.49986 0.000332781
0.25 1.50002 1.00002 0.000223531 0 0.471698 1.50005 0.0003353
0.35 1.50008 1.00009 0.000210097 0 0.660377 1.50022 0.000315162
0.45 1.50014 1.00016 0.000182178 0 0.849057 1.50037 0.000273292
0.55 1.50018 1.00021 0.000141718 0 1.03774 1.50049 0.000212603
0.65 1.50021 1.00024 9.17685e-05 0 1.22642 1.50057 0.000137672
0.75 1.50023 1.00025 3.62928e-05 0 1.41509 1.50061 5.44476e-05
0.85 1.50023 1.00025 -1.86429e-05 0 1.60377 1.50061 -2.79688e-05
0.95 1.50023 1.00023 -6.75268e-05 0 1.79245 1.50056 -0.000101305
1.05 1.5002 1.00018 -0.000109374 0 1.98113 1.50047 -0.000164083
1.15 1.50015 1.00013 -0.000142576 0 2.16981 1.50035 -0.000213886
1.25 1.5001 1.00007 -0.000164957 0 2.35849 1.5002 -0.000247453
1.35 1.50005 0.999997 -0.000174778 0 2.54717 1.50005 -0.000262175
1.45 1.5 0.999929 -0.00017069 0 2.73585 1.49989 -0.000256035
1.55 1.49995 0.999867 -0.000152897 0 2.92453 1.49975 -0.000229338
1.65 1.49991 0.999814 -0.000122652 0 3.11321 1.49963 -0.000183967
1.75 1.49988 0.999774 -8.26104e-05 0 3.30189 1.49954 -0.000123906
1.85 1.49987 0.999752 -3.57938e-05 0 3.49057 1.49949 -5.36859e-05
1.95 1.49986 0.999747 1.32073e-05 0 3.67925 1.49949 1.98091e-05
2.05 1.49987 0.999761 5.67703e-05 0 3.86792 1.49951 8.51481e-05
2.15 1.49989 0.99979 9.41144e-05 0 4.0566 1.49958 0.000141162
2.25 1.49993 0.999832 0.000123924 0 4.24528 1.49968 0.000185878
2.35 1.49998 0.999883 0.00014419 0 4.43396 1.4998 0.000216282
2.45 1.50002 0.99994 0.000153184 0 4.62264 1.49993 0.000229779
2.55 1.50007 0.999997 0.000149707 0 4.81132 1.50006 0.000224571
2.65 1.50011 1.00005 0.000133945 0 5 1.50018 0.000200933
2.75 1.50014 1.00009 0.000107024 0 5.18868 1.50028 0.000160552
2.85 1.50017 1.00012 7.14907e-05 0 5.37736 1.50035 0.000107248
2.95 1.50018 1.00014 3.03382e-05 0 5.56604 1.50039 4.55129e-05
3.05 1.50018 1.00014 -1.18209e-05 0 5.75472 1.50039 -1.77335e-05
3.15 1.50018 1.00012 -4.88906e-05 0 5.9434 1.50037 -7.33447e-05
3.25 1.50016 1.0001 -8.02137e-05 0 6.13208 1.5003 -0.000120333
3.35 1.50013 1.00006 -0.000104386 0 6.32075 1.50021 -0.000156592
3.45 1.50009 1.00001 -0.000119528 0 6.50943 1.50011 -0.000179303
3.55 1.50005 0.999963 -0.00012442 0 6.69811 1.5 -0.000186637
3.65 1.50002 0.999916 -0.000118009 0 6.88679 1.49989 -0.000177015
3.75 1.49998 0.999875 -0.000101057 0 7.07547 1.4998 -0.000151584
3.85 1.49996 0.999842 -7.50549e-05 0 7.26415 1.49972 -0.000112579
3.95 1.49994 0.999821 -4.23363e-05 0 7.45283 1.49968 -6.35021e-05
4.05 1.49994 0.999814 -6.49218e-06 0 7.64151 1.49966 -9.73787e-06
4.15 1.49994 0.999821 2.69803e-05 0 7.83019 1.49967 4.04688e-05
4.25 1.49995 0.99984 5.53699e-05 0 8.01887 1.49971 8.30523e-05
4.35 1.49998 0.999869 7.78256e-05 0 8.20755 1.49978 0.000116737
4.45 1.50001 0.999906 9.27849e-05 0 8.39623 1.49986 0.000139178
4.55 1.50004 0.999946 9.88571e-05 0 8.58491 1.49996 0.000148289
4.65 1.50007 0.999985 9.49411e-05 0 8.77358 1.50005 0.000142418
4.75 1.50009 1.00002 8.14678e-05 0 8.96226 1.50012 0.000122209
4.85 1.50011 1.00005 5.96096e-05 0 9.15094 1.50019 8.94213e-05
4.95 1.50013 1.00007 3.1488e-05 0 9.33962 1.50023 4.72361e-05
5.05 1.50013 1.00007 2.91772e-07 0 9.5283 1.50024 4.37697e-07
5.15 1.50013 1.00007 -2.92603e-05 0 9.71698 1.50024 -4.38944e-05
5.25 1.50012 1.00005 -5.42665e-05 0 9.90566 1.5002 -8.14064e-05
5.35 1.5001 1.00003 -7.40401e-05 0 10.0943 1.50015 -0.000111068
5.45 1.50008 1 -8.73111e-05 0 10.283 1.50008 -0.000130974
5.55 1.50005 0.999966 -9.29765e-05 0 10.4717 1.5 -0.00013947
5.65 1.50003 0.999933 -9.00916e-05 0 10.6604 1.49993 -0.00013514
5.75 1.50001 0.999905 -7.93231e-05 0 10.8491 1.49986 -0.000118985
5.85 1.49999 0.999882 -6.20915e-05 0 11.0377 1.49981 -9.31366e-05
5.95 1.49998 0.999868 -4.03982e-05 0 11.2264 1.49978 -6.05965e-05
6.05 1.49997 0.999864 -1.73266e-05 0 11.4151 1.49977 -2.59895e-05
6.15 1.49998 0.99987 2.7492e-06 0 11.6038 1.49978 4.12373e-06
6.25 1.49998 0.999885 1.81369e-05 0 11.7925 1.49981 2.72051e-05
6.35 1.5 0.999907 2.80005e-05 0 11.9811 1.49986 4.20007e-05
6.45 1.50001 0.999932 3.14146e-05 0 12.1698 1.49991 4.71224e-05
6.55 1.50003 0.999959 2.74887e-05 0 12.3585 1.49997 4.12339e-05
6.65 1.50004 0.999985 1.58004e-05 0 12.5472 1.50002 2.37014e-05
6.75 1.50006 1.00001 -3.16079e-06 0 12.7358 1.50006 -4.74136e-06
6.85 1.50006 1.00002 -2.7799e-05 0 12.9245 1.50009 -4.17002e-05
6.95 1.50006 1.00003 -5.60404e-05 0 13.1132 1.50011 -8.40641e-05
7.05 1.50006 1.00003 -8.45536e-05 0 13.3019 1.5001 -0.000126835
7.15 1.50004 1.00002 -0.000111228 0 13.4906 1.50007 -0.000166847
7.25 1.50003 1 -0.000135818 0 13.6792 1.50003 -0.00020373
7.35 1.5 0.999983 -0.00015739 0 13.8679 1.49998 -0.000236086
7.45 1.49998 0.999961 -0.000175247 0 14.0566 1.49992 -0.000262867
7.55 1.49996 0.999938 -0.000188745 0 14.2453 1.49986 -0.000283109
7.65 1.49994 0.999919 -0.00019769 0 14.434 1.49982 -0.000296522
7.75 1.49992 0.999904 -0.000203123 0 14.6226 1.49978 -0.000304669
7.85 1.49992 0.999897 -0.000206572 0 14.8113 1.49976 -0.00030984
7.95 1.49991 0.999898 -0.000210417 0 15 1.49976 -0.000315608
8.05 1.49992 0.999905 -0.000216913 0 15.1887 1.49977 -0.000325351
8.15 1.49993 0.999918 -0.000226128 0 15.3774 1.49981 -0.000339176
8.25 1.49995 0.999935 -0.000237726 0 15.566 1.49985 -0.000356577
8.35 1.49997 0.999953 -0.000251432 0 15.7547 1.4999 -0.000377142
8.45 1.5 0.999972 -0.000266787 0 15.9434 1.49996 -0.000400182
8.55 1.50004 0.999988 -0.000282788 0 16.1321 1.50002 -0.000424193
8.65 1.50007 0.999999 -0.000297439 0 16.3208 1.50007 -0.00044618
8.75 1.50011 1 -0.000308007 0 16.5094 1.50011 -0.000462044
8.85 1.50015 1 -0.000311292 0 16.6981 1.50015 -0.000466983
8.95 1.5002 0.999999 -0.000303767 0 16.8868 1.50019 -0.00045571
9.05 1.50025 0.999989 -0.000282347 0 17.0755 1.50024 -0.000423592
9.15 1.50033 0.999977 -0.000243086 0 17.2642 1.50029 -0.000364709
9.25 1.50041 0.999963 -0.000181882 0 17.4528 1.50036 -0.000272899
9.35 1.5005 0.99995 -9.59698e-05 0 17.6415 1.50042 -0.000144003
9.45 1.50056 0.999939 9.51056e-06 0 17.8302 1.50046 1.42711e-05
9.55 1.50059 0.99993 0.000127715 0 18.0189 1.50048 0.000191647
9.65 1.5006 0.999924 0.000251973 0 18.2075 1.50049 0.000378111
9.75 1.5006 0.999924 0.000376863 0 18.3962 1.50048 0.000565519
9.85 1.50059 0.999928 0.000498804 0 18.5849 1.50048 0.0007485
9.95 1.50057 0.999937 0.00061506 0 18.7736 1.50047 0.000922939
10.05 1.50053 0.999948 0.000721385 0 18.9623 1.50045 0.00108246
10.15 1.50046 0.99996 0.000812004 0 19.1509 1.50039 0.00121837
10.25 1.50035 0.999972 0.000880044 0 19.3396 1.50031 0.00132037
10.35 1.50021 0.999983 0.000918666 0 19.5283 1.50018 0.00137819
10.45 1.50004 0.99999 0.00092264 0 19.717 1.50002 0.00138399
10.55 1.49983 0.999987 0.000888019 0 19.9057 1.49981 0.00133188
10.65 1.49962 0.999979 0.000808052 0 20.0943 1.49959 0.00121177
10.75 1.49945 0.99997 0.000691871 0 20.283 1.49941 0.00103743
10.85 1.49935 0.999962 0.000552792 0 20.4717 1.49929 0.000828829
10.95 1.49929 0.999954 0.000402582 0 20.6604 1.49922 0.000603589
11.05 1.49927 0.999947 0.000249789 0 20.8491 1.49919 0.000374501
11.15 1.49927 0.999943 9.9493e-05 0 21.0377 1.49919 0.000149167
11.25 1.49929 0.999942 -4.72274e-05 0 21.2264 1.4992 -7.08076e-05
11.35 1.49934 0.999942 -0.00018633 0 21.4151 1.49926 -0.000279372
11.45 1.49944 0.999945 -0.000310716 0 21.6038 1.49936 -0.0004659
11.55 1.49958 0.999948 -0.000411756 0 21.7925 1.4995 -0.000617461
11.65 1.49976 0.999953 -0.000481231 0 21.9811 1.49969 -0.00072173
11.75 1.49993 0.999958 -0.000515434 0 22.1698 1.49987 -0.000773114
11.85 1.50006 0.999964 -0.00052321 0 22.3585 1.5 -0.000784846
11.95 1.50016 0.999971 -0.000511256 0 22.5472 1.50012 -0.000766966
12.05 1.50023 0.999976 -0.000484726 0 22.7358 1.50019 -0.000727201
12.15 1.50028 0.999977 -0.000448198 0 22.9245 1.50024 -0.000672421
12.25 1.5003 0.999975 -0.000405182 0 23.1132 1.50026 -0.000607893
12.35 1.5003 0.99997 -0.000359014 0 23.3019 1.50026 -0.00053863
12.45 1.5003 0.999962 -0.000311095 0 23.4906 1.50025 -0.000466737
12.55 1.50029 0.999953 -0.000262244 0 23.6792 1.50022 -0.000393443
12.65 1.50026 0.999945 -0.000214927 0 23.8679 1.50018 -0.000322446
12.75 1.50022 0.999939 -0.000172676 0 24.0566 1.50013 -0.000259052
12.85 1.50016 0.999934 -0.000139448 0 24.2453 1.50006 -0.000209194
12.95 1.5001 0.999932 -0.000118693 0 24.434 1.49999 -0.000178051
13.05 1.50005 0.999932 -0.000107308 0 24.6226 1.49995 -0.000160968
13.15 1.50003 0.999933 -0.000102379 0 24.8113 1.49993 -0.000153571
13.25 1.50002 0.999936 -0.000100991 0 25 1.49993 -0.000151489
13.35 1.50002 0.999938 -0.00010127 0 25.1887 1.49993 -0.000151908
13.45 1.50002 0.999941 -0.000102582 0 25.3774 1.49993 -0.000153876
13.55 1.50003 0.999941 -0.000104104 0 25.566 1.49994 -0.000156158
13.65 1.50003 0.99994 -0.00010451 0 25.7547 1.49994 -0.000156768
13.75 1.50004 0.999936 -0.000103351 0 25.9434 1.49994 -0.00015503
13.85 1.50004 0.99993 -0.000100551 0 26.1321 1.49994 -0.000150831
13.95 1.50004 0.999922 -9.60787e-05 0 26.3208 1.49992 -0.000144122
14.05 1.50004 0.999911 -8.98827e-05 0 26.5094 1.4999 -0.000134827
14.15 1.50002 0.999899 -8.28279e-05 0 26.6981 1.49987 -0.000124244
14.25 1.5 0.999885 -7.64535e-05 0 26.8868 1.49983 -0.00011468
14.35 1.49997 0.999871 -7.24876e-05 0 27.0755 1.49978 -0.000108729
14.45 1.49994 0.999857 -7.23257e-05 0 27.2642 1.49972 -0.000108484
14.55 1.4999 0.999842 -7.69485e-05 0 27.4528 1.49966 -0.000115415
14.65 1.49985 0.999826 -8.7347e-05 0 27.6415 1.49959 -0.000131008
14.75 1.49981 0.999809 -0.000102864 0 27.8302 1.49953 -0.000154277
14.85 1.49978 0.99979 -0.000122333 0 28.0189 1.49946 -0.000183472
14.95 1.49974 0.999769 -0.000144812 0 28.2075 1.4994 -0.000217181
15.05 1.49971 0.999744 -0.000169482 0 28.3962 1.49932 -0.000254174
15.15 1.49967 0.999714 -0.000195629 0 28.5849 1.49924 -0.000293378
15.25 1.49962 0.999678 -0.000223085 0 28.7736 1.49914 -0.000334543
15.35 1.49957 0.999636 -0.000252452 0 28.9623 1.49902 -0.000378569
15.45 1.49949 0.999585 -0.000285017 0 29.1509 1.49887 -0.000427382
15.55 1.4994 0.999525 -0.000322475 0 29.3396 1.49869 -0.00048352
15.65 1.49929 0.999455 -0.000366586 0 29.5283 1.49848 -0.000549621
15.75 1.49917 0.999374 -0.000418902 0 29.717 1.49823 -0.000628006
15.85 1.49903 0.999282 -0.00048065 0 29.9057 1.49795 -0.000720508
15.95 1.49887 0.999176 -0.000552805 0 30.0943 1.49764 -0.000828584
16.05 1.4987 0.999055 -0.000636314 0 30.283 1.49728 -0.000953641
16.15 1.49849 0.998917 -0.000732358 0 30.4717 1.49687 -0.00109743
16.25 1.49827 0.998759 -0.000842559 0 30.6604 1.49641 -0.00126238
16.35 1.498 0.998579 -0.000969083 0 30.8491 1.49587 -0.00145169
16.45 1.49769 0.998371 -0.00111462 0 31.0377 1.49525 -0.00166936
16.55 1.49733 0.998132 -0.00128232 0 31.2264 1.49454 -0.00192006
16.65 1.49692 0.997857 -0.00147568 0 31.4151 1.49371 -0.00220897
16.75 1.49644 0.99754 -0.00169856 0 31.6038 1.49276 -0.0025418
16.85 1.49589 0.997173 -0.00195523 0 31.7925 1.49166 -0.00292481
16.95 1.49526 0.99675 -0.00225047 0 31.9811 1.4904 -0.00336503
17.05 1.49453 0.996261 -0.00258981 0 32.1698 1.48894 -0.00387053
17.15 1.49369 0.995698 -0.00297966 0 32.3585 1.48726 -0.00445068
17.25 1.49272 0.995048 -0.00342753 0 32.5472 1.48533 -0.00511634
17.35 1.49161 0.994299 -0.00394212 0 32.7358 1.48311 -0.00588012
17.45 1.49034 0.993437 -0.00453348 0 32.9245 1.48056 -0.00675642
17.55 1.48887 0.992445 -0.00521303 0 33.1132 1.47763 -0.00776156
17.65 1.48719 0.991303 -0.00599374 0 33.3019 1.47426 -0.00891385
17.75 1.48526 0.989989 -0.00689017 0 33.4906 1.47039 -0.0102337
17.85 1.48305 0.988477 -0.0079187 0 33.6792 1.46596 -0.0117438
17.95 1.48051 0.986737 -0.00909758 0 33.8679 1.46087 -0.013469
18.05 1.47759 0.984737 -0.0104471 0 34.0566 1.45504 -0.0154366
18.15 1.47426 0.982437 -0.0119899 0 34.2453 1.44837 -0.0176762
18.25 1.47044 0.979793 -0.0137507 0 34.434 1.44073 -0.0202196
18.35 1.46607 0.976756 -0.0157568 0 34.6226 1.432 -0.0231006
18.45 1.46109 0.973268 -0.0180376 0 34.8113 1.42203 -0.0263545
18.55 1.45541 0.969265 -0.0206249 0 35 1.41068 -0.0300177
18.65 1.44894 0.964673 -0.0235526 0 35.1887 1.39776 -0.0341265
18.75 1.4416 0.959411 -0.0268554 0 35.3774 1.38309 -0.0387149
18.85 1.43329 0.953385 -0.0305683 0 35.566 1.36648 -0.0438132
18.95 1.42389 0.946492 -0.0347258 0 35.7547 1.3477 -0.0494457
19.05 1.4133 0.938619 -0.0393595 0 35.9434 1.32655 -0.0556268
19.15 1.40141 0.92964 -0.0444936 0 36.1321 1.3028 -0.0623537
19.25 1.3881 0.919418 -0.0501424 0 36.3208 1.27625 -0.0696028
19.35 1.37329 0.907806 -0.0563084 0 36.5094 1.24668 -0.0773276
19.45 1.35687 0.894652 -0.0629736 0 36.6981 1.21393 -0.085447
19.55 1.33879 0.879802 -0.0700855 0 36.8868 1.17787 -0.0938297
19.65 1.31901 0.863097 -0.0775548 0 37.0755 1.13843 -0.102295
19.75 1.29753 0.84439 -0.0852558 0 37.2642 1.09562 -0.110622
19.85 1.2744 0.823559 -0.0930004 0 37.4528 1.04955 -0.11852
19.95 1.24973 0.800495 -0.100507 0 37.6415 1.0004 -0.125607
