-19.975 1.5 1 4.0389e-07 0 -199.75 1.5 6.05835e-07
-19.925 1.5 1 -7.43424e-08 0 -199.25 1.5 -1.11514e-07
-19.875 1.5 1 -4.90104e-07 0 -198.75 1.5 -7.35156e-07
-19.825 1.5 1 -7.79056e-07 0 -198.25 1.5 -1.16858e-06
-19.775 1.5 1 -8.93388e-07 0 -197.75 1.5 -1.34008e-06
-19.725 1.5 1 -8.16588e-07 0 -197.25 1.5 -1.22488e-06
-19.675 1.5 0.999999 -5.77427e-07 0 -196.75 1.5 -8.6614e-07
-19.625 1.5 0.999999 -2.33919e-07 0 -196.25 1.5 -3.50878e-07
-19.575 1.5 0.999999 1.31739e-07 0 -195.75 1.5 1.97608e-07
-19.525 1.5 0.999999 4.32223e-07 0 -195.25 1.5 6.48334e-07
-19.475 1.5 1 6.2067e-07 0 -194.75 1.5 9.31005e-07
-19.425 1.5 1 6.67466e-07 0 -194.25 1.5 1.0012e-06
-19.375 1.5 1 5.69171e-07 0 -193.75 1.5 8.53757e-07
-19.325 1.5 1 3.55264e-07 0 -193.25 1.5 5.32896e-07
-19.275 1.5 1 8.11038e-08 0 -192.75 1.5 1.21656e-07
-19.225 1.5 1 -1.83747e-07 0 -192.25 1.5 -2.75621e-07
-19.175 1.5 1 -3.83428e-07 0 -191.75 1.5 -5.75142e-07
-19.125 1.5 1 -4.85386e-07 0 -191.25 1.5 -7.28079e-07
-19.075 1.5 1 -4.74107e-07 0 -190.75 1.5 -7.1116e-07
-19.025 1.5 1 -3.59915e-07 0 -190.25 1.5 -5.39872e-07
-18.975 1.5 1 -1.74059e-07 0 -189.75 1.5 -2.61088e-07
-18.925 1.5 1 3.54053e-08 0 -189.25 1.5 5.31079e-08
-18.875 1.5 1 2.12561e-07 0 -188.75 1.5 3.18842e-07
-18.825 1.5 1 3.2695e-07 0 -188.25 1.5 4.90426e-07
-18.775 1.5 1 3.60007e-07 0 -187.75 1.5 5.40011e-07
-18.725 1.5 1 3.08982e-07 0 -187.25 1.5 4.63473e-07
-18.675 1.5 1 1.91052e-07 0 -186.75 1.5 2.86577e-07
-18.625 1.5 1 3.89016e-08 0 -186.25 1.5 5.83524e-08
-18.575 1.5 1 -1.06052e-07 0 -185.75 1.5 -1.59078e-07
-18.525 1.5 1 -2.11456e-07 0 -185.25 1.5 -3.17184e-07
-18.475 1.5 1 -2.59944e-07 0 -184.75 1.5 -3.89916e-07
-18.425 1.5 1 -2.43965e-07 0 -184.25 1.5 -3.65948e-07
-18.375 1.5 1 -1.72136e-07 0 -183.75 1.5 -2.58205e-07
-18.325 1.5 1 -6.53042e-08 0 -183.25 1.5 -9.79563e-08
-18.275 1.5 1 4.75456e-08 0 -182.75 1.5 7.13184e-08
-18.225 1.5 1 1.36427e-07 0 -182.25 1.5 2.0464e-07
-18.175 1.5 1 1.85752e-07 0 -181.75 1.5 2.78628e-07
-18.125 1.5 1 1.87222e-07 0 -181.25 1.5 2.80833e-07
-18.075 1.5 1 1.43716e-07 0 -180.75 1.5 2.15574e-07
-18.025 1.5 1 6.82801e-08 0 -180.25 1.5 1.0242e-07
-17.975 1.5 1 -1.80162e-08 0 -179.75 1.5 -2.70242e-08
-17.925 1.5 1 -9.10066e-08 0 -179.25 1.5 -1.3651e-07
-17.875 1.5 1 -1.36649e-07 0 -178.75 1.5 -2.04974e-07
-17.825 1.5 1 -1.46639e-07 0 -178.25 1.5 -2.19958e-07
-17.775 1.5 1 -1.2023e-07 0 -177.75 1.5 -1.80344e-07
-17.725 1.5 1 -6.60203e-08 0 -177.25 1.5 -9.90304e-08
-17.675 1.5 1 7.83626e-10 0 -176.75 1.5 1.17544e-09
-17.625 1.5 1 6.21042e-08 0 -176.25 1.5 9.31563e-08
-17.575 1.5 1 1.05482e-07 0 -175.75 1.5 1.58222e-07
-17.525 1.5 1 1.22011e-07 0 -175.25 1.5 1.83017e-07
-17.475 1.5 1 1.08043e-07 0 -174.75 1.5 1.62064e-07
-17.425 1.5 1 6.96148e-08 0 -174.25 1.5 1.04422e-07
-17.375 1.5 1 1.76451e-08 0 -173.75 1.5 2.64677e-08
-17.325 1.5 1 -3.63823e-08 0 -173.25 1.5 -5.45734e-08
-17.275 1.5 1 -8.06412e-08 0 -172.75 1.5 -1.20962e-07
-17.225 1.5 1 -1.05758e-07 0 -172.25 1.5 -1.58636e-07
-17.175 1.5 1 -1.06736e-07 0 -171.75 1.5 -1.60104e-07
-17.125 1.5 1 -8.54664e-08 0 -171.25 1.5 -1.282e-07
-17.075 1.5 1 -4.68636e-08 0 -170.75 1.5 -7.02954e-08
-17.025 1.5 1 1.49363e-09 0 -170.25 1.5 2.24045e-09
-16.975 1.5 1 4.89764e-08 0 -169.75 1.5 7.34646e-08
-16.925 1.5 1 8.62739e-08 0 -169.25 1.5 1.29411e-07
-16.875 1.5 1 1.07341e-07 0 -168.75 1.5 1.61012e-07
-16.825 1.5 1 1.0926e-07 0 -168.25 1.5 1.6389e-07
-16.775 1.5 1 9.08988e-08 0 -167.75 1.5 1.36348e-07
-16.725 1.5 1 5.43997e-08 0 -167.25 1.5 8.15995e-08
-16.675 1.5 1 5.53218e-09 0 -166.75 1.5 8.29826e-09
-16.625 1.5 1 -4.66129e-08 0 -166.25 1.5 -6.99194e-08
-16.575 1.5 1 -9.35901e-08 0 -165.75 1.5 -1.40385e-07
-16.525 1.5 1 -1.28164e-07 0 -165.25 1.5 -1.92247e-07
-16.475 1.5 1 -1.41848e-07 0 -164.75 1.5 -2.12772e-07
-16.425 1.5 1 -1.30797e-07 0 -164.25 1.5 -1.96195e-07
-16.375 1.5 1 -9.3877e-08 0 -163.75 1.5 -1.40815e-07
-16.325 1.5 1 -3.54944e-08 0 -163.25 1.5 -5.32416e-08
-16.275 1.5 1 3.69878e-08 0 -162.75 1.5 5.54817e-08
-16.225 1.5 1 1.1236e-07 0 -162.25 1.5 1.6854e-07
-16.175 1.5 1 1.76254e-07 0 -161.75 1.5 2.64381e-07
-16.125 1.5 1 2.13214e-07 0 -161.25 1.5 3.19821e-07
-16.075 1.5 1 2.12749e-07 0 -160.75 1.5 3.19124e-07
-16.025 1.5 1 1.70558e-07 0 -160.25 1.5 2.55837e-07
-15.975 1.5 1 8.97346e-08 0 -159.75 1.5 1.34602e-07
-15.925 1.5 1 -1.99609e-08 0 -159.25 1.5 -2.99414e-08
-15.875 1.5 1 -1.4206e-07 0 -158.75 1.5 -2.13091e-07
-15.825 1.5 1 -2.53372e-07 0 -158.25 1.5 -3.80058e-07
-15.775 1.5 1 -3.27184e-07 0 -157.75 1.5 -4.90776e-07
-15.725 1.5 1 -3.44264e-07 0 -157.25 1.5 -5.16396e-07
-15.675 1.5 1 -2.95232e-07 0 -156.75 1.5 -4.42848e-07
-15.625 1.5 1 -1.82558e-07 0 -156.25 1.5 -2.73838e-07
-15.575 1.5 1 -2.04175e-08 0 -155.75 1.5 -3.06263e-08
-15.525 1.5 1 1.67481e-07 0 -155.25 1.5 2.51221e-07
-15.475 1.5 1 3.49316e-07 0 -154.75 1.5 5.23974e-07
-15.425 1.5 1 4.81507e-07 0 -154.25 1.5 7.22261e-07
-15.375 1.5 1 5.33874e-07 0 -153.75 1.5 8.00811e-07
-15.325 1.5 1 4.88731e-07 0 -153.25 1.5 7.33096e-07
-15.275 1.5 0.999999 3.45046e-07 0 -152.75 1.5 5.17569e-07
-15.225 1.5 0.999999 1.21098e-07 0 -152.25 1.5 1.81647e-07
-15.175 1.5 0.999999 -1.5301e-07 0 -151.75 1.5 -2.29515e-07
-15.125 1.5 0.999999 -4.33434e-07 0 -151.25 1.5 -6.5015e-07
-15.075 1.5 1 -6.6121e-07 0 -150.75 1.5 -9.91815e-07
-15.025 1.5 1 -7.86634e-07 0 -150.25 1.5 -1.17995e-06
-14.975 1.5 1 -7.7694e-07 0 -149.75 1.5 -1.16541e-06
-14.925 1.5 1 -6.23224e-07 0 -149.25 1.5 -9.34836e-07
-14.875 1.5 1 -3.40792e-07 0 -148.75 1.5 -5.11188e-07
-14.825 1.5 1 3.35916e-08 0 -148.25 1.5 5.03874e-08
-14.775 1.5 1 4.44492e-07 0 -147.75 1.5 6.66738e-07
-14.725 1.5 1 8.2178e-07 0 -147.25 1.5 1.23267e-06
-14.675 1.5 1 1.08329e-06 0 -146.75 1.5 1.62494e-06
-14.625 1.5 1 1.17295e-06 0 -146.25 1.5 1.75942e-06
-14.575 1.5 0.999999 1.06201e-06 0 -145.75 1.5 1.59302e-06
-14.525 1.5 0.999999 7.53633e-07 0 -145.25 1.5 1.13045e-06
-14.475 1.5 0.999999 2.86991e-07 0 -144.75 1.5 4.30487e-07
-14.425 1.5 0.999999 -2.78408e-07 0 -144.25 1.5 -4.17612e-07
-14.375 1.5 0.999999 -8.58339e-07 0 -143.75 1.5 -1.28751e-06
-14.325 1.5 0.999999 -1.34287e-06 0 -143.25 1.5 -2.0143e-06
-14.275 1.5 1 -1.63561e-06 0 -142.75 1.5 -2.45342e-06
-14.225 1.5 1 -1.67112e-06 0 -142.25 1.5 -2.50668e-06
-14.175 1.5 1 -1.42612e-06 0 -141.75 1.5 -2.13917e-06
-14.125 1.5 1 -9.2079e-07 0 -141.25 1.5 -1.38118e-06
-14.075 1.5 1 -2.18294e-07 0 -140.75 1.5 -3.27441e-07
-14.025 1.5 1 5.88707e-07 0 -140.25 1.5 8.8306e-07
-13.975 1.5 1 1.3843e-06 0 -139.75 1.5 2.07646e-06
-13.925 1.5 1 2.01117e-06 0 -139.25 1.5 3.01675e-06
-13.875 1.5 1 2.35414e-06 0 -138.75 1.5 3.53121e-06
-13.825 1.5 0.999999 2.33777e-06 0 -138.25 1.5 3.50665e-06
-13.775 1.5 0.999998 1.94375e-06 0 -137.75 1.5 2.91562e-06
-13.725 1.5 0.999997 1.2078e-06 0 -137.25 1.5 1.8117e-06
-13.675 1.5 0.999997 2.19387e-07 0 -136.75 1.5 3.29081e-07
-13.625 1.5 0.999997 -8.93122e-07 0 -136.25 1.5 -1.33968e-06
-13.575 1.5 0.999998 -1.97548e-06 0 -135.75 1.5 -2.96322e-06
-13.525 1.5 0.999999 -2.81834e-06 0 -135.25 1.5 -4.22752e-06
-13.475 1.5 1 -3.27649e-06 0 -134.75 1.5 -4.91474e-06
-13.425 1.5 1 -3.25624e-06 0 -134.25 1.5 -4.88436e-06
-13.375 1.5 1 -2.73681e-06 0 -133.75 1.5 -4.10521e-06
-13.325 1.5 1 -1.76413e-06 0 -133.25 1.5 -2.64619e-06
-13.275 1.5 1 -4.51982e-07 0 -132.75 1.5 -6.77972e-07
-13.225 1.5 1 1.03846e-06 0 -132.25 1.5 1.55769e-06
-13.175 1.5 1 2.50857e-06 0 -131.75 1.5 3.76285e-06
-13.125 1.5 1 3.69384e-06 0 -131.25 1.5 5.54076e-06
-13.075 1.5 1 4.4036e-06 0 -130.75 1.5 6.60539e-06
-13.025 1.5 0.999999 4.50688e-06 0 -130.25 1.5 6.76033e-06
-12.975 1.5 0.999997 3.95917e-06 0 -129.75 1.5 5.93876e-06
-12.925 1.5 0.999996 2.80336e-06 0 -129.25 1.5 4.20505e-06
-12.875 1.5 0.999995 1.17295e-06 0 -128.75 1.49999 1.75943e-06
-12.825 1.5 0.999994 -7.49758e-07 0 -128.25 1.49999 -1.12464e-06
-12.775 1.5 0.999995 -2.71923e-06 0 -127.75 1.49999 -4.07886e-06
-12.725 1.5 0.999996 -4.43103e-06 0 -127.25 1.5 -6.64656e-06
-12.675 1.5 0.999998 -5.61372e-06 0 -126.75 1.5 -8.42058e-06
-12.625 1.5 1 -6.07705e-06 0 -126.25 1.5 -9.11557e-06
-12.575 1.5 1 -5.72136e-06 0 -125.75 1.5 -8.58203e-06
-12.525 1.5 1 -4.55336e-06 0 -125.25 1.50001 -6.83002e-06
-12.475 1.5 1.00001 -2.7072e-06 0 -124.75 1.50001 -4.06079e-06
-12.425 1.5 1.00001 -3.89107e-07 0 -124.25 1.50001 -5.8366e-07
-12.375 1.5 1.00001 2.14163e-06 0 -123.75 1.50001 3.21244e-06
-12.325 1.5 1.00001 4.58253e-06 0 -123.25 1.50001 6.87379e-06
-12.275 1.5 1 6.52568e-06 0 -122.75 1.5 9.7885e-06
-12.225 1.5 1 7.69412e-06 0 -122.25 1.5 1.15412e-05
-12.175 1.5 0.999998 7.90409e-06 0 -121.75 1.5 1.18561e-05
-12.125 1.5 0.999995 7.09845e-06 0 -121.25 1.5 1.06477e-05
-12.075 1.5 0.999993 5.34077e-06 0 -120.75 1.49999 8.01117e-06
-12.025 1.5 0.999991 2.82396e-06 0 -120.25 1.49999 4.23595e-06
-11.975 1.5 0.99999 -1.94537e-07 0 -119.75 1.49999 -2.91806e-07
-11.925 1.5 0.999991 -3.38135e-06 0 -119.25 1.49999 -5.07204e-06
-11.875 1.5 0.999993 -6.33502e-06 0 -118.75 1.49999 -9.50255e-06
-11.825 1.5 0.999995 -8.61809e-06 0 -118.25 1.49999 -1.29272e-05
-11.775 1.5 0.999999 -9.91838e-06 0 -117.75 1.5 -1.48776e-05
-11.725 1.5 1 -1.00445e-05 0 -117.25 1.5 -1.50667e-05
-11.675 1.5 1.00001 -8.95727e-06 0 -116.75 1.50001 -1.34359e-05
-11.625 1.5 1.00001 -6.74844e-06 0 -116.25 1.50001 -1.01226e-05
-11.575 1.5 1.00001 -3.65281e-06 0 -115.75 1.50001 -5.4792e-06
-11.525 1.5 1.00001 2.55255e-08 0 -115.25 1.50001 3.82882e-08
-11.475 1.5 1.00001 3.90493e-06 0 -114.75 1.50001 5.85738e-06
-11.425 1.5 1.00001 7.53072e-06 0 -114.25 1.50001 1.1296e-05
-11.375 1.5 1.00001 1.0396e-05 0 -113.75 1.50001 1.5594e-05
-11.325 1.5 1 1.21434e-05 0 -113.25 1.5 1.82151e-05
-11.275 1.5 0.999998 1.25461e-05 0 -112.75 1.5 1.88191e-05
-11.225 1.5 0.999994 1.1539e-05 0 -112.25 1.49999 1.73085e-05
-11.175 1.5 0.99999 9.20198e-06 0 -111.75 1.49999 1.3803e-05
-11.125 1.50001 0.999987 5.77231e-06 0 -111.25 1.49999 8.6585e-06
-11.075 1.50001 0.999985 1.58895e-06 0 -110.75 1.49998 2.38344e-06
-11.025 1.50001 0.999985 -2.95456e-06 0 -110.25 1.49998 -4.43186e-06
-10.975 1.50001 0.999987 -7.41276e-06 0 -109.75 1.49999 -1.11192e-05
-10.925 1.5 0.99999 -1.11768e-05 0 -109.25 1.49999 -1.67652e-05
-10.875 1.5 0.999994 -1.38236e-05 0 -108.75 1.49999 -2.07354e-05
-10.825 1.5 0.999999 -1.5053e-05 0 -108.25 1.5 -2.25795e-05
-10.775 1.5 1 -1.47201e-05 0 -107.75 1.5 -2.20802e-05
-10.725 1.5 1.00001 -1.28371e-05 0 -107.25 1.50001 -1.92556e-05
-10.675 1.49999 1.00001 -9.58586e-06 0 -106.75 1.50001 -1.43787e-05
-10.625 1.49999 1.00002 -5.2861e-06 0 -106.25 1.50002 -7.9291e-06
-10.575 1.49999 1.00002 -3.16131e-07 0 -105.75 1.50002 -4.74195e-07
-10.525 1.49999 1.00002 4.87672e-06 0 -105.25 1.50002 7.31504e-06
-10.475 1.49999 1.00001 9.76695e-06 0 -104.75 1.50002 1.46504e-05
-10.425 1.5 1.00001 1.37604e-05 0 -104.25 1.50001 2.06405e-05
-10.375 1.5 1.00001 1.64427e-05 0 -103.75 1.50001 2.46639e-05
-10.325 1.5 1 1.75483e-05 0 -103.25 1.5 2.63225e-05
-10.275 1.5 0.999994 1.69696e-05 0 -102.75 1.49999 2.54544e-05
-10.225 1.50001 0.999989 1.47497e-05 0 -102.25 1.49999 2.21246e-05
-10.175 1.50001 0.999984 1.1099e-05 0 -101.75 1.49998 1.66485e-05
-10.125 1.50001 0.999981 6.36144e-06 0 -101.25 1.49998 9.54222e-06
-10.075 1.50001 0.99998 9.28795e-07 0 -100.75 1.49998 1.3932e-06
-10.025 1.50001 0.99998 -4.75179e-06 0 -100.25 1.49998 -7.12772e-06
-9.975 1.50001 0.999983 -1.01655e-05 0 -99.75 1.49998 -1.52483e-05
-9.925 1.50001 0.999987 -1.46952e-05 0 -99.25 1.49999 -2.20429e-05
-9.875 1.5 0.999992 -1.79193e-05 0 -98.75 1.49999 -2.6879e-05
-9.825 1.5 0.999998 -1.95471e-05 0 -98.25 1.5 -2.93206e-05
-9.775 1.5 1 -1.9444e-05 0 -97.75 1.5 -2.91659e-05
-9.725 1.49999 1.00001 -1.7645e-05 0 -97.25 1.50001 -2.64674e-05
-9.675 1.49999 1.00002 -1.42962e-05 0 -96.75 1.50002 -2.14442e-05
-9.625 1.49999 1.00002 -9.69573e-06 0 -96.25 1.50002 -1.45435e-05
-9.575 1.49999 1.00002 -4.23536e-06 0 -95.75 1.50002 -6.353e-06
-9.525 1.49999 1.00002 1.69201e-06 0 -95.25 1.50002 2.53799e-06
-9.475 1.49999 1.00002 7.61322e-06 0 -94.75 1.50002 1.14198e-05
-9.425 1.49999 1.00002 1.2942e-05 0 -94.25 1.50002 1.94129e-05
-9.375 1.49999 1.00001 1.72008e-05 0 -93.75 1.50001 2.58011e-05
-9.325 1.5 1.00001 2.00452e-05 0 -93.25 1.50001 3.00677e-05
-9.275 1.5 1 2.12558e-05 0 -92.75 1.5 3.18837e-05
-9.225 1.5 0.999994 2.07511e-05 0 -92.25 1.49999 3.11267e-05
-9.175 1.50001 0.999988 1.85879e-05 0 -91.75 1.49999 2.78819e-05
-9.125 1.50001 0.999983 1.4965e-05 0 -91.25 1.49998 2.24476e-05
-9.075 1.50001 0.999979 1.0192e-05 0 -90.75 1.49998 1.52882e-05
-9.025 1.50001 0.999977 4.64488e-06 0 -90.25 1.49998 6.96738e-06
-8.975 1.50001 0.999976 -1.31651e-06 0 -89.75 1.49998 -1.97478e-06
-8.925 1.50001 0.999977 -7.26661e-06 0 -89.25 1.49998 -1.09e-05
-8.875 1.50001 0.99998 -1.26716e-05 0 -88.75 1.49998 -1.90075e-05
-8.825 1.50001 0.999985 -1.70913e-05 0 -88.25 1.49998 -2.56371e-05
-8.775 1.5 0.99999 -2.02021e-05 0 -87.75 1.49999 -3.03032e-05
-8.725 1.5 0.999997 -2.17892e-05 0 -87.25 1.5 -3.26838e-05
-8.675 1.5 1 -2.17728e-05 0 -86.75 1.5 -3.26591e-05
-8.625 1.5 1.00001 -2.02094e-05 0 -86.25 1.50001 -3.0314e-05
-8.575 1.49999 1.00002 -1.7226e-05 0 -85.75 1.50001 -2.58389e-05
-8.525 1.49999 1.00002 -1.30632e-05 0 -85.25 1.50002 -1.95946e-05
-8.475 1.49999 1.00002 -8.04682e-06 0 -84.75 1.50002 -1.20701e-05
-8.425 1.49999 1.00002 -2.51732e-06 0 -84.25 1.50002 -3.77595e-06
-8.375 1.49999 1.00002 3.19244e-06 0 -83.75 1.50002 4.78861e-06
-8.325 1.49999 1.00002 8.7146e-06 0 -83.25 1.50002 1.30718e-05
-8.275 1.49999 1.00002 1.35554e-05 0 -82.75 1.50002 2.03329e-05
-8.225 1.49999 1.00001 1.74063e-05 0 -82.25 1.50001 2.61093e-05
-8.175 1.5 1.00001 2.00347e-05 0 -81.75 1.50001 3.0052e-05
-8.125 1.5 1 2.12953e-05 0 -81.25 1.5 3.19429e-05
-8.075 1.5 0.999997 2.11506e-05 0 -80.75 1.5 3.1726e-05
-8.025 1.5 0.999991 1.96643e-05 0 -80.25 1.49999 2.94965e-05
-7.975 1.50001 0.999986 1.69633e-05 0 -79.75 1.49999 2.54451e-05
-7.925 1.50001 0.999982 1.32511e-05 0 -79.25 1.49998 1.98768e-05
-7.875 1.50001 0.999979 8.79748e-06 0 -78.75 1.49998 1.31963e-05
-7.825 1.50001 0.999977 3.89212e-06 0 -78.25 1.49998 5.83822e-06
-7.775 1.50001 0.999977 -1.20909e-06 0 -77.75 1.49998 -1.81365e-06
-7.725 1.50001 0.999978 -6.21675e-06 0 -77.25 1.49998 -9.32521e-06
-7.675 1.50001 0.99998 -1.07509e-05 0 -76.75 1.49998 -1.61264e-05
-7.625 1.50001 0.999984 -1.45354e-05 0 -76.25 1.49998 -2.18033e-05
-7.575 1.50001 0.999988 -1.73717e-05 0 -75.75 1.49999 -2.60577e-05
-7.525 1.5 0.999993 -1.91257e-05 0 -75.25 1.49999 -2.86886e-05
-7.475 1.5 0.999999 -1.97336e-05 0 -74.75 1.5 -2.96004e-05
-7.425 1.5 1 -1.92103e-05 0 -74.25 1.5 -2.88154e-05
-7.375 1.5 1.00001 -1.76354e-05 0 -73.75 1.50001 -2.6453e-05
-7.325 1.49999 1.00001 -1.51351e-05 0 -73.25 1.50001 -2.27025e-05
-7.275 1.49999 1.00002 -1.18867e-05 0 -72.75 1.50002 -1.78299e-05
-7.225 1.49999 1.00002 -8.1041e-06 0 -72.25 1.50002 -1.21561e-05
-7.175 1.49999 1.00002 -4.0059e-06 0 -71.75 1.50002 -6.0088e-06
-7.125 1.49999 1.00002 2.21672e-07 0 -71.25 1.50002 3.32506e-07
-7.075 1.49999 1.00002 4.37596e-06 0 -70.75 1.50002 6.56388e-06
-7.025 1.49999 1.00002 8.17341e-06 0 -70.25 1.50002 1.226e-05
-6.975 1.49999 1.00002 1.1408e-05 0 -69.75 1.50001 1.7112e-05
-6.925 1.49999 1.00001 1.39327e-05 0 -69.25 1.50001 2.08989e-05
-6.875 1.49999 1.00001 1.5643e-05 0 -68.75 1.50001 2.34644e-05
-6.825 1.5 1 1.64842e-05 0 -68.25 1.5 2.47263e-05
-6.775 1.5 0.999999 1.64568e-05 0 -67.75 1.5 2.46852e-05
-6.725 1.5 0.999995 1.5613e-05 0 -67.25 1.49999 2.34196e-05
-6.675 1.5 0.999991 1.40195e-05 0 -66.75 1.49999 2.10293e-05
-6.625 1.50001 0.999988 1.17859e-05 0 -66.25 1.49999 1.7679e-05
-6.575 1.50001 0.999985 9.04919e-06 0 -65.75 1.49999 1.35739e-05
-6.525 1.50001 0.999983 5.96861e-06 0 -65.25 1.49998 8.95297e-06
-6.475 1.50001 0.999982 2.69981e-06 0 -64.75 1.49998 4.04974e-06
-6.425 1.50001 0.999982 -6.32108e-07 0 -64.25 1.49998 -9.48168e-07
-6.375 1.50001 0.999983 -3.88258e-06 0 -63.75 1.49998 -5.82391e-06
-6.325 1.50001 0.999984 -6.85994e-06 0 -63.25 1.49998 -1.029e-05
-6.275 1.50001 0.999986 -9.42638e-06 0 -62.75 1.49999 -1.41396e-05
-6.225 1.50001 0.999989 -1.14834e-05 0 -62.25 1.49999 -1.72251e-05
-6.175 1.5 0.999992 -1.29603e-05 0 -61.75 1.49999 -1.94405e-05
-6.125 1.5 0.999995 -1.38175e-05 0 -61.25 1.49999 -2.07262e-05
-6.075 1.5 0.999998 -1.40492e-05 0 -60.75 1.5 -2.10738e-05
-6.025 1.5 1 -1.36852e-05 0 -60.25 1.5 -2.05278e-05
-5.975 1.5 1 -1.27717e-05 0 -59.75 1.5 -1.91574e-05
-5.925 1.49999 1.00001 -1.13756e-05 0 -59.25 1.5 -1.70634e-05
-5.875 1.49999 1.00001 -9.58309e-06 0 -58.75 1.50001 -1.43746e-05
-5.825 1.49999 1.00001 -7.49436e-06 0 -58.25 1.50001 -1.12415e-05
-5.775 1.49999 1.00001 -5.21629e-06 0 -57.75 1.50001 -7.82438e-06
-5.725 1.49999 1.00001 -2.84002e-06 0 -57.25 1.50001 -4.25999e-06
-5.675 1.49999 1.00001 -4.59785e-07 0 -56.75 1.50001 -6.89672e-07
-5.625 1.49999 1.00001 1.83582e-06 0 -56.25 1.50001 2.75372e-06
-5.575 1.49999 1.00001 3.91035e-06 0 -55.75 1.5 5.86548e-06
-5.525 1.49999 1.00001 5.67754e-06 0 -55.25 1.5 8.51625e-06
-5.475 1.49999 1.00001 7.07406e-06 0 -54.75 1.5 1.0611e-05
-5.425 1.49999 1 8.0542e-06 0 -54.25 1.5 1.20812e-05
-5.375 1.49999 1 8.59087e-06 0 -53.75 1.5 1.28863e-05
-5.325 1.5 0.999998 8.67655e-06 0 -53.25 1.49999 1.30148e-05
-5.275 1.5 0.999996 8.32447e-06 0 -52.75 1.49999 1.24867e-05
-5.225 1.5 0.999993 7.55877e-06 0 -52.25 1.49999 1.13381e-05
-5.175 1.5 0.999991 6.41731e-06 0 -51.75 1.49999 9.62596e-06
-5.125 1.5 0.999989 4.95057e-06 0 -51.25 1.49998 7.42586e-06
-5.075 1.5 0.999987 3.22075e-06 0 -50.75 1.49998 4.83112e-06
-5.025 1.5 0.999986 1.28966e-06 0 -50.25 1.49998 1.93449e-06
-4.975 1.5 0.999985 -7.89241e-07 0 -49.75 1.49998 -1.18386e-06
-4.925 1.5 0.999984 -2.9337e-06 0 -49.25 1.49998 -4.40055e-06
-4.875 1.5 0.999984 -5.08361e-06 0 -48.75 1.49998 -7.62542e-06
-4.825 1.5 0.999984 -7.1905e-06 0 -48.25 1.49998 -1.07857e-05
-4.775 1.5 0.999985 -9.17895e-06 0 -47.75 1.49997 -1.37684e-05
-4.725 1.5 0.999986 -1.09866e-05 0 -47.25 1.49997 -1.64799e-05
-4.675 1.49999 0.999987 -1.25703e-05 0 -46.75 1.49997 -1.88554e-05
-4.625 1.49999 0.999988 -1.3896e-05 0 -46.25 1.49998 -2.08439e-05
-4.575 1.49999 0.99999 -1.49408e-05 0 -45.75 1.49998 -2.24111e-05
-4.525 1.49999 0.999991 -1.56945e-05 0 -45.25 1.49998 -2.35415e-05
-4.475 1.49999 0.999993 -1.61614e-05 0 -44.75 1.49998 -2.42418e-05
-4.425 1.49998 0.999994 -1.63569e-05 0 -44.25 1.49998 -2.4535e-05
-4.375 1.49998 0.999996 -1.63e-05 0 -43.75 1.49997 -2.44497e-05
-4.325 1.49998 0.999997 -1.60168e-05 0 -43.25 1.49997 -2.40248e-05
-4.275 1.49998 0.999998 -1.55415e-05 0 -42.75 1.49997 -2.33118e-05
-4.225 1.49997 0.999998 -1.49065e-05 0 -42.25 1.49997 -2.23593e-05
-4.175 1.49997 0.999999 -1.41396e-05 0 -41.75 1.49997 -2.12091e-05
-4.125 1.49997 0.999998 -1.32869e-05 0 -41.25 1.49997 -1.993e-05
-4.075 1.49997 0.999998 -1.2391e-05 0 -40.75 1.49997 -1.85862e-05
-4.025 1.49997 0.999997 -1.15174e-05 0 -40.25 1.49996 -1.72758e-05
-3.975 1.49997 0.999995 -1.07156e-05 0 -39.75 1.49996 -1.60731e-05
-3.925 1.49996 0.999994 -1.00331e-05 0 -39.25 1.49995 -1.50493e-05
-3.875 1.49996 0.999991 -9.51474e-06 0 -38.75 1.49995 -1.42718e-05
-3.825 1.49996 0.999989 -9.20083e-06 0 -38.25 1.49994 -1.38009e-05
-3.775 1.49996 0.999986 -9.12651e-06 0 -37.75 1.49994 -1.36894e-05
-3.725 1.49996 0.999983 -9.32395e-06 0 -37.25 1.49993 -1.39855e-05
-3.675 1.49996 0.999979 -9.8214e-06 0 -36.75 1.49993 -1.47317e-05
-3.625 1.49996 0.999975 -1.06386e-05 0 -36.25 1.49992 -1.59575e-05
-3.575 1.49995 0.999971 -1.17891e-05 0 -35.75 1.49991 -1.76831e-05
-3.525 1.49995 0.999967 -1.32812e-05 0 -35.25 1.4999 -1.99211e-05
-3.475 1.49995 0.999963 -1.51185e-05 0 -34.75 1.4999 -2.26771e-05
-3.425 1.49995 0.999959 -1.73011e-05 0 -34.25 1.49989 -2.59508e-05
-3.375 1.49995 0.999954 -1.98257e-05 0 -33.75 1.49988 -2.97375e-05
-3.325 1.49994 0.999949 -2.26864e-05 0 -33.25 1.49987 -3.40283e-05
-3.275 1.49994 0.999945 -2.58751e-05 0 -32.75 1.49986 -3.8811e-05
-3.225 1.49994 0.99994 -2.93814e-05 0 -32.25 1.49985 -4.40702e-05
-3.175 1.49993 0.999936 -3.31932e-05 0 -31.75 1.49983 -4.97875e-05
-3.125 1.49993 0.999931 -3.7297e-05 0 -31.25 1.49982 -5.59427e-05
-3.075 1.49992 0.999926 -4.16783e-05 0 -30.75 1.49981 -6.25141e-05
-3.025 1.49991 0.999922 -4.63225e-05 0 -30.25 1.4998 -6.94797e-05
-2.975 1.49991 0.999917 -5.12154e-05 0 -29.75 1.49978 -7.68183e-05
-2.925 1.4999 0.999912 -5.63443e-05 0 -29.25 1.49977 -8.45106e-05
-2.875 1.49989 0.999907 -6.16979e-05 0 -28.75 1.49975 -9.254e-05
-2.825 1.49988 0.999902 -6.72676e-05 0 -28.25 1.49973 -0.000100893
-2.775 1.49987 0.999897 -7.3048e-05 0 -27.75 1.49971 -0.000109563
-2.725 1.49986 0.999891 -7.90373e-05 0 -27.25 1.4997 -0.000118545
-2.675 1.49985 0.999885 -8.5238e-05 0 -26.75 1.49967 -0.000127844
-2.625 1.49983 0.999879 -9.16574e-05 0 -26.25 1.49965 -0.000137471
-2.575 1.49982 0.999872 -9.83081e-05 0 -25.75 1.49963 -0.000147444
-2.525 1.4998 0.999865 -0.000105208 0 -25.25 1.4996 -0.000157792
-2.475 1.49979 0.999857 -0.000112382 0 -24.75 1.49957 -0.000168549
-2.425 1.49977 0.999849 -0.00011986 0 -24.25 1.49955 -0.000179762
-2.375 1.49975 0.999839 -0.000127678 0 -23.75 1.49951 -0.000191486
-2.325 1.49973 0.999829 -0.000135881 0 -23.25 1.49948 -0.000203785
-2.275 1.49971 0.999818 -0.000144518 0 -22.75 1.49944 -0.000216736
-2.225 1.49969 0.999806 -0.000153646 0 -22.25 1.4994 -0.000230422
-2.175 1.49967 0.999792 -0.00016333 0 -21.75 1.49936 -0.00024494
-2.125 1.49964 0.999778 -0.000173638 0 -21.25 1.49931 -0.000260395
-2.075 1.49962 0.999762 -0.000184649 0 -20.75 1.49926 -0.000276902
-2.025 1.49959 0.999744 -0.000196445 0 -20.25 1.49921 -0.000294587
-1.975 1.49956 0.999725 -0.000209118 0 -19.75 1.49915 -0.000313585
-1.925 1.49953 0.999704 -0.000222765 0 -19.25 1.49909 -0.000334042
-1.875 1.4995 0.999681 -0.000237489 0 -18.75 1.49902 -0.000356114
-1.825 1.49946 0.999656 -0.000253402 0 -18.25 1.49895 -0.000379966
-1.775 1.49942 0.999629 -0.000270621 0 -17.75 1.49887 -0.000405775
-1.725 1.49938 0.9996 -0.000289269 0 -17.25 1.49878 -0.000433725
-1.675 1.49934 0.999569 -0.000309478 0 -16.75 1.49869 -0.000464012
-1.625 1.49929 0.999535 -0.000331383 0 -16.25 1.4986 -0.00049684
-1.575 1.49924 0.999498 -0.000355126 0 -15.75 1.49849 -0.00053242
-1.525 1.49919 0.999459 -0.000380855 0 -15.25 1.49838 -0.000570974
-1.475 1.49913 0.999417 -0.000408724 0 -14.75 1.49826 -0.000612732
-1.425 1.49907 0.999372 -0.000438894 0 -14.25 1.49813 -0.000657933
-1.375 1.49901 0.999323 -0.000471531 0 -13.75 1.49799 -0.000706828
-1.325 1.49893 0.999272 -0.000506811 0 -13.25 1.49784 -0.000759677
-1.275 1.49886 0.999216 -0.000544917 0 -12.75 1.49768 -0.000816753
-1.225 1.49878 0.999157 -0.000586039 0 -12.25 1.49751 -0.000878342
-1.175 1.49869 0.999093 -0.00063038 0 -11.75 1.49733 -0.000944742
-1.125 1.49859 0.999025 -0.00067815 0 -11.25 1.49713 -0.00101627
-1.075 1.49849 0.998953 -0.000729572 0 -10.75 1.49692 -0.00109326
-1.025 1.49838 0.998875 -0.000784882 0 -10.25 1.4967 -0.00117605
-0.975 1.49826 0.998793 -0.000844329 0 -9.75 1.49645 -0.00126503
-0.925 1.49814 0.998704 -0.000908175 0 -9.25 1.4962 -0.00136057
-0.875 1.498 0.99861 -0.000976705 0 -8.75 1.49592 -0.0014631
-0.825 1.49785 0.998509 -0.00105022 0 -8.25 1.49562 -0.00157307
-0.775 1.49769 0.998401 -0.00112903 0 -7.75 1.4953 -0.00169095
-0.725 1.49753 0.998286 -0.00121349 0 -7.25 1.49496 -0.00181724
-0.675 1.49734 0.998163 -0.00130396 0 -6.75 1.49459 -0.00195248
-0.625 1.49715 0.998031 -0.00140084 0 -6.25 1.4942 -0.00209726
-0.575 1.49694 0.997889 -0.00150454 0 -5.75 1.49378 -0.0022522
-0.525 1.49671 0.997738 -0.00161552 0 -5.25 1.49333 -0.00241796
-0.475 1.49647 0.997576 -0.00173425 0 -4.75 1.49284 -0.00259526
-0.425 1.49621 0.997403 -0.00186127 0 -4.25 1.49232 -0.00278485
-0.375 1.49593 0.997217 -0.00199712 0 -3.75 1.49177 -0.00298755
-0.325 1.49563 0.997018 -0.00214241 0 -3.25 1.49117 -0.00320425
-0.275 1.49531 0.996805 -0.00229777 0 -2.75 1.49053 -0.00343587
-0.225 1.49496 0.996576 -0.00246389 0 -2.25 1.48984 -0.00368342
-0.175 1.49459 0.99633 -0.00264149 0 -1.75 1.48911 -0.00394796
-0.125 1.4942 0.996067 -0.00283137 0 -1.25 1.48832 -0.00423063
-0.075 1.49377 0.995785 -0.00303436 0 -0.75 1.48748 -0.00453265
-0.025 1.49332 0.995482 -0.00325136 0 -0.25 1.48657 -0.00485532
0.025 1.49283 0.995156 -0.00348331 0 0.25 1.4856 -0.0052
0.075 1.49231 0.994807 -0.00373124 0 0.75 1.48456 -0.00556818
0.125 1.49175 0.994433 -0.00399622 0 1.25 1.48345 -0.00596138
0.175 1.49116 0.994031 -0.0042794 0 1.75 1.48225 -0.00638125
0.225 1.49052 0.9936 -0.004582 0 2.25 1.48098 -0.00682953
0.275 1.48983 0.993137 -0.0049053 0 2.75 1.47961 -0.00730806
0.325 1.4891 0.99264 -0.00525067 0 3.25 1.47814 -0.00781876
0.375 1.48831 0.992107 -0.00561953 0 3.75 1.47657 -0.00836363
0.425 1.48747 0.991535 -0.00601339 0 4.25 1.47488 -0.00894476
0.475 1.48658 0.990921 -0.00643382 0 4.75 1.47308 -0.00956436
0.525 1.48562 0.990262 -0.00688248 0 5.25 1.47115 -0.0102247
0.575 1.48459 0.989555 -0.00736111 0 5.75 1.46909 -0.0109283
0.625 1.4835 0.988797 -0.00787154 0 6.25 1.46688 -0.0116774
0.675 1.48233 0.987983 -0.00841567 0 6.75 1.46451 -0.0124748
0.725 1.48107 0.987111 -0.00899557 0 7.25 1.46198 -0.0133231
0.775 1.47974 0.986175 -0.00961348 0 7.75 1.45928 -0.0142254
0.825 1.4783 0.985171 -0.0102719 0 8.25 1.45638 -0.0151849
0.875 1.47677 0.984095 -0.0109735 0 8.75 1.45328 -0.0162052
0.925 1.47512 0.982941 -0.0117213 0 9.25 1.44995 -0.0172903
0.975 1.47335 0.981704 -0.0125189 0 9.75 1.44639 -0.0184447
1.025 1.47145 0.980378 -0.0133701 0 10.25 1.44257 -0.0196734
1.075 1.4694 0.978956 -0.0142793 0 10.75 1.43848 -0.0209821
1.125 1.46721 0.977433 -0.0152514 0 11.25 1.4341 -0.022377
1.175 1.46484 0.975801 -0.0162915 0 11.75 1.4294 -0.0238645
1.225 1.46231 0.974052 -0.0174049 0 12.25 1.42436 -0.0254513
1.275 1.45959 0.972178 -0.0185969 0 12.75 1.41899 -0.027144
1.325 1.45669 0.970171 -0.0198728 0 13.25 1.41324 -0.0289485
1.375 1.4536 0.968022 -0.0212371 0 13.75 1.40712 -0.0308703
1.425 1.45032 0.965722 -0.022694 0 14.25 1.4006 -0.0329134
1.475 1.44683 0.963259 -0.0242466 0 14.75 1.39367 -0.0350808
1.525 1.44314 0.960623 -0.0258976 0 15.25 1.38632 -0.0373739
1.575 1.43924 0.957803 -0.027649 0 15.75 1.37851 -0.0397936
1.625 1.43511 0.954787 -0.029503 0 16.25 1.37023 -0.0423401
1.675 1.43074 0.951562 -0.0314617 0 16.75 1.36143 -0.0450134
1.725 1.42609 0.948115 -0.0335282 0 17.25 1.35209 -0.0478141
1.775 1.42114 0.944431 -0.0357063 0 17.75 1.34217 -0.0507436
1.825 1.41587 0.940496 -0.0380009 0 18.25 1.33162 -0.0538043
1.875 1.41025 0.936294 -0.040418 0 18.75 1.32041 -0.0569995
1.925 1.40427 0.931808 -0.0429637 0 19.25 1.30851 -0.0603325
1.975 1.39791 0.927023 -0.0456432 0 19.75 1.2959 -0.0638051
2.025 1.39118 0.921921 -0.0484598 0 20.25 1.28256 -0.0674165
2.075 1.38409 0.916482 -0.0514143 0 20.75 1.26849 -0.0711619
2.125 1.37663 0.91069 -0.0545044 0 21.25 1.25368 -0.0750325
2.175 1.36882 0.904525 -0.0577251 0 21.75 1.23813 -0.0790151
2.225 1.36064 0.897968 -0.0610684 0 22.25 1.22181 -0.0830921
2.275 1.35209 0.891 -0.0645239 0 22.75 1.20472 -0.0872424
2.325 1.34316 0.883603 -0.0680795 0 23.25 1.18682 -0.0914418
2.375 1.33383 0.875757 -0.0717216 0 23.75 1.16811 -0.0956645
2.425 1.32409 0.867443 -0.0754354 0 24.25 1.14857 -0.0998832
2.475 1.31393 0.858646 -0.0792042 0 24.75 1.1282 -0.104069
2.525 1.30335 0.849348 -0.0830078 0 25.25 1.107 -0.108188
2.575 1.29236 0.839536 -0.0868225 0 25.75 1.08498 -0.112206
2.625 1.28096 0.829196 -0.0906201 0 26.25 1.06217 -0.116081
2.675 1.26917 0.818316 -0.094369 0 26.75 1.03859 -0.119771
2.725 1.25702 0.806891 -0.098033 0 27.25 1.01427 -0.123229
2.775 1.24451 0.794919 -0.101571 0 27.75 0.989289 -0.126406
2.825 1.23171 0.782406 -0.104935 0 28.25 0.963694 -0.129249
2.875 1.21863 0.76936 -0.108073 0 28.75 0.937565 -0.131701
2.925 1.20533 0.7558 -0.110924 0 29.25 0.910986 -0.1337
2.975 1.19185 0.741748 -0.113427 0 29.75 0.884052 -0.135188
3.025 1.17825 0.727242 -0.115515 0 30.25 0.85687 -0.136105
3.075 1.16459 0.712328 -0.117119 0 30.75 0.829568 -0.136396
3.125 1.15096 0.697064 -0.118163 0 31.25 0.802292 -0.136
3.175 1.13742 0.681531 -0.118567 0 31.75 0.77519 -0.134861
3.225 1.12406 0.665836 -0.118259 0 32.25 0.748442 -0.13293
3.275 1.11095 0.650073 -0.11717 0 32.75 0.722201 -0.130171
3.325 1.09817 0.634335 -0.11523 0 33.25 0.696607 -0.126541
3.375 1.0858 0.618749 -0.112372 0 33.75 0.671838 -0.122013
3.425 1.07394 0.603453 -0.108545 0 34.25 0.64807 -0.116571
3.475 1.06266 0.588601 -0.103713 0 34.75 0.625484 -0.110212
3.525 1.05207 0.574353 -0.0978568 0 35.25 0.604261 -0.102952
3.575 1.04225 0.560881 -0.0909752 0 35.75 0.584581 -0.0948192
3.625 1.03329 0.548357 -0.0830873 0 36.25 0.566612 -0.0858534
3.675 1.02526 0.536951 -0.0742333 0 36.75 0.550517 -0.0761087
3.725 1.01825 0.526827 -0.0644782 0 37.25 0.53644 -0.0656548
3.775 1.01231 0.518137 -0.0539127 0 37.75 0.524514 -0.0545763
3.825 1.0075 0.51102 -0.0426507 0 38.25 0.514854 -0.0429706
3.875 1.00388 0.505594 -0.0308248 0 38.75 0.507554 -0.0309443
3.925 1.00146 0.501951 -0.0185861 0 39.25 0.502686 -0.0186133
3.975 1.00034 0.500156 -0.00608672 0 39.75 0.500325 -0.00608877
4.025 1.00019 0.500237 0.00645735 0 40.25 0.500333 0.00645858
4.075 1.00106 0.502185 0.0187747 0 40.75 0.502716 0.0187946
4.125 1.00356 0.505958 0.0307949 0 41.25 0.507758 0.0309045
4.175 1.00741 0.511488 0.0424092 0 41.75 0.515277 0.0427234
4.225 1.01237 0.518684 0.0534739 0 42.25 0.525099 0.0541353
4.275 1.01841 0.527428 0.0638522 0 42.75 0.53714 0.0650279
4.325 1.02553 0.537584 0.0734355 0 43.25 0.551307 0.0753101
4.375 1.03365 0.549001 0.0821405 0 43.75 0.567473 0.0849042
4.425 1.04269 0.561514 0.0899055 0 44.25 0.585486 0.0937437
4.475 1.05258 0.574956 0.0966916 0 44.75 0.605186 0.101775
4.525 1.06322 0.589155 0.102482 0 45.25 0.626404 0.108961
4.575 1.07454 0.603948 0.107278 0 45.75 0.648968 0.115275
4.625 1.08645 0.619177 0.1111 0 46.25 0.672704 0.120704
4.675 1.09885 0.634696 0.113985 0 46.75 0.697432 0.125252
4.725 1.11165 0.650364 0.115984 0 47.25 0.722979 0.128934
4.775 1.1248 0.666057 0.117152 0 47.75 0.749179 0.131772
4.825 1.13816 0.681656 0.117548 0 48.25 0.775832 0.133788
4.875 1.15163 0.697045 0.117241 0 48.75 0.80274 0.135018
4.925 1.16516 0.712151 0.116307 0 49.25 0.829772 0.135516
4.975 1.17868 0.726929 0.114816 0 49.75 0.856819 0.135332
5.025 1.19214 0.741319 0.112839 0 50.25 0.883759 0.13452
5.075 1.20549 0.755277 0.110443 0 50.75 0.910479 0.133138
5.125 1.21868 0.768765 0.107693 0 51.25 0.936875 0.131243
5.175 1.23165 0.781755 0.104654 0 51.75 0.962848 0.128897
5.225 1.24437 0.79423 0.101381 0 52.25 0.988315 0.126156
5.275 1.2568 0.806177 0.0979293 0 52.75 1.0132 0.123078
5.325 1.26891 0.817593 0.0943447 0 53.25 1.03745 0.119715
5.375 1.28068 0.828476 0.0906702 0 53.75 1.06101 0.116119
5.425 1.29208 0.838831 0.0869437 0 54.25 1.08383 0.112338
5.475 1.30309 0.848666 0.0831986 0 54.75 1.10589 0.108415
5.525 1.31371 0.85799 0.0794636 0 55.25 1.12715 0.104392
5.575 1.32392 0.866817 0.0757632 0 55.75 1.1476 0.100304
5.625 1.33372 0.875163 0.072118 0 56.25 1.16722 0.0961855
5.675 1.34311 0.883043 0.0685456 0 56.75 1.18603 0.0920645
5.725 1.35209 0.890477 0.0650603 0 57.25 1.20401 0.0879674
5.775 1.36066 0.897482 0.0616733 0 57.75 1.22117 0.0839166
5.825 1.36883 0.904078 0.0583935 0 58.25 1.23753 0.079931
5.875 1.37661 0.910283 0.0552275 0 58.75 1.2531 0.0760267
5.925 1.384 0.916117 0.0521801 0 59.25 1.26791 0.0722172
5.975 1.39102 0.921598 0.0492543 0 59.75 1.28196 0.0685135
6.025 1.39767 0.926745 0.0464519 0 60.25 1.29528 0.0649243
6.075 1.40397 0.931575 0.0437732 0 60.75 1.3079 0.0614561
6.125 1.40993 0.936105 0.0412175 0 61.25 1.31984 0.0581137
6.175 1.41556 0.940352 0.0387834 0 61.75 1.33112 0.0549002
6.225 1.42088 0.944331 0.0364688 0 62.25 1.34178 0.0518177
6.275 1.4259 0.948059 0.0342708 0 62.75 1.35183 0.0488665
6.325 1.43063 0.95155 0.0321861 0 63.25 1.36131 0.0460463
6.375 1.43508 0.954818 0.0302113 0 63.75 1.37024 0.0433557
6.425 1.43927 0.957875 0.0283425 0 64.25 1.37865 0.0407926
6.475 1.44322 0.960735 0.0265756 0 64.75 1.38655 0.0383544
6.525 1.44692 0.963409 0.0249066 0 65.25 1.39398 0.036038
6.575 1.45041 0.965908 0.0233312 0 65.75 1.40096 0.0338397
6.625 1.45368 0.968244 0.0218451 0 66.25 1.40751 0.0317557
6.675 1.45674 0.970425 0.0204442 0 66.75 1.41366 0.0297819
6.725 1.45962 0.972462 0.0191244 0 67.25 1.41942 0.0279143
6.775 1.46231 0.974363 0.0178817 0 67.75 1.42482 0.0261485
6.825 1.46483 0.976136 0.0167121 0 68.25 1.42988 0.0244804
6.875 1.46719 0.97779 0.0156118 0 68.75 1.43461 0.0229055
6.925 1.4694 0.979331 0.0145772 0 69.25 1.43903 0.0214198
6.975 1.47147 0.980767 0.0136049 0 69.75 1.44316 0.0200191
7.025 1.47339 0.982103 0.0126915 0 70.25 1.44702 0.0186995
7.075 1.47519 0.983347 0.0118338 0 70.75 1.45063 0.0174572
7.125 1.47688 0.984504 0.0110289 0 71.25 1.45399 0.0162884
7.175 1.47844 0.985579 0.010274 0 71.75 1.45712 0.0151895
7.225 1.47991 0.986577 0.00956637 0 72.25 1.46004 0.0141573
7.275 1.48127 0.987504 0.00890349 0 72.75 1.46276 0.0131885
7.325 1.48254 0.988364 0.00828303 0 73.25 1.46528 0.0122799
7.375 1.48372 0.989161 0.00770274 0 73.75 1.46763 0.0114287
7.425 1.48482 0.989899 0.00716053 0 74.25 1.46982 0.0106321
7.475 1.48584 0.990583 0.00665442 0 74.75 1.47185 0.00988738
7.525 1.48679 0.991216 0.00618254 0 75.25 1.47373 0.00919212
7.575 1.48767 0.991802 0.00574312 0 75.75 1.47547 0.00854387
7.625 1.48849 0.992344 0.00533447 0 76.25 1.4771 0.00794031
7.675 1.48925 0.992846 0.00495497 0 76.75 1.4786 0.00737922
7.725 1.48996 0.99331 0.0046031 0 77.25 1.48 0.00685845
7.775 1.49062 0.993739 0.00427735 0 77.75 1.48129 0.00637591
7.825 1.49124 0.994138 0.00397628 0 78.25 1.48249 0.00592957
7.875 1.49181 0.994507 0.00369849 0 78.75 1.48361 0.00551743
7.925 1.49234 0.99485 0.00344261 0 79.25 1.48465 0.00513752
7.975 1.49283 0.995169 0.00320727 0 79.75 1.48562 0.00478791
8.025 1.49329 0.995466 0.00299115 0 80.25 1.48652 0.00446665
8.075 1.49372 0.995744 0.00279292 0 80.75 1.48736 0.00417185
8.125 1.49412 0.996004 0.00261129 0 81.25 1.48815 0.00390159
8.175 1.4945 0.996248 0.00244496 0 81.75 1.48889 0.003654
8.225 1.49485 0.996478 0.00229266 0 82.25 1.48959 0.00342719
8.275 1.49518 0.996695 0.00215313 0 82.75 1.49024 0.00321932
8.325 1.4955 0.996901 0.00202514 0 83.25 1.49086 0.00302858
8.375 1.49579 0.997097 0.00190748 0 83.75 1.49145 0.00285319
8.425 1.49606 0.997284 0.001799 0 84.25 1.492 0.00269142
8.475 1.49633 0.997462 0.00169856 0 84.75 1.49253 0.0025416
8.525 1.49657 0.997632 0.00160511 0 85.25 1.49303 0.00240217
8.575 1.49681 0.997795 0.00151765 0 85.75 1.49351 0.00227163
8.625 1.49703 0.997951 0.00143524 0 86.25 1.49396 0.00214859
8.675 1.49723 0.998101 0.00135703 0 86.75 1.49439 0.0020318
8.725 1.49743 0.998244 0.00128229 0 87.25 1.4948 0.00192013
8.775 1.49762 0.99838 0.00121033 0 87.75 1.49519 0.00181261
8.825 1.49779 0.99851 0.00114062 0 88.25 1.49556 0.00170841
8.875 1.49796 0.998633 0.00107271 0 88.75 1.49591 0.00160687
8.925 1.49811 0.99875 0.00100626 0 89.25 1.49624 0.00150749
8.975 1.49826 0.998859 0.000941048 0 89.75 1.49655 0.00140993
9.025 1.4984 0.998961 0.000876961 0 90.25 1.49684 0.00131403
9.075 1.49852 0.999055 0.000813979 0 90.75 1.49711 0.00121977
9.125 1.49864 0.999142 0.000752181 0 91.25 1.49735 0.00112725
9.175 1.49875 0.999221 0.000691733 0 91.75 1.49758 0.00103673
9.225 1.49885 0.999292 0.000632869 0 92.25 1.49778 0.000948572
9.275 1.49894 0.999356 0.000575883 0 92.75 1.49797 0.000863211
9.325 1.49902 0.999412 0.00052111 0 93.25 1.49814 0.000781153
9.375 1.49909 0.99946 0.000468916 0 93.75 1.49828 0.000702947
9.425 1.49916 0.999502 0.000419672 0 94.25 1.49841 0.000629155
9.475 1.49922 0.999537 0.000373743 0 94.75 1.49852 0.000560321
9.525 1.49927 0.999565 0.00033146 0 95.25 1.49862 0.000496948
9.575 1.49932 0.999589 0.000293113 0 95.75 1.4987 0.000439469
9.625 1.49936 0.999607 0.000258935 0 96.25 1.49877 0.000388236
9.675 1.49939 0.999622 0.000229088 0 96.75 1.49883 0.000343492
9.725 1.49943 0.999633 0.000203649 0 97.25 1.49887 0.000305356
9.775 1.49945 0.999641 0.000182603 0 97.75 1.49892 0.000273805
9.825 1.49948 0.999648 0.000165837 0 98.25 1.49895 0.00024867
9.875 1.4995 0.999654 0.000153148 0 98.75 1.49899 0.000229647
9.925 1.49953 0.99966 0.00014423 0 99.25 1.49902 0.000216276
9.975 1.49955 0.999666 0.000138651 0 99.75 1.49905 0.000207914
10.025 1.49957 0.999674 0.000135952 0 100.25 1.49908 0.000203869
10.075 1.49959 0.999682 0.000135607 0 100.75 1.49911 0.000203354
10.125 1.49961 0.999693 0.000137048 0 101.25 1.49915 0.000205518
10.175 1.49963 0.999706 0.000139713 0 101.75 1.49919 0.000209517
10.225 1.49965 0.999721 0.000143036 0 102.25 1.49923 0.000214504
10.275 1.49967 0.999738 0.00014645 0 102.75 1.49928 0.000219627
10.325 1.49969 0.999756 0.000149417 0 103.25 1.49933 0.00022408
10.375 1.49972 0.999777 0.000151473 0 103.75 1.49938 0.000227167
10.425 1.49974 0.999799 0.000152225 0 104.25 1.49944 0.000228297
10.475 1.49976 0.999821 0.00015135 0 104.75 1.49949 0.000226989
10.525 1.49979 0.999844 0.000148639 0 105.25 1.49955 0.000222927
10.575 1.49981 0.999867 0.000143927 0 105.75 1.49961 0.000215863
10.625 1.49983 0.999889 0.00013716 0 106.25 1.49966 0.000205716
10.675 1.49985 0.99991 0.000128422 0 106.75 1.49971 0.000192613
10.725 1.49987 0.999929 0.000117898 0 107.25 1.49976 0.000176832
10.775 1.49988 0.999945 0.000105861 0 107.75 1.4998 0.00015878
10.825 1.4999 0.99996 9.26584e-05 0 108.25 1.49984 0.000138978
10.875 1.49991 0.999971 7.87038e-05 0 108.75 1.49987 0.000118049
10.925 1.49992 0.99998 6.44544e-05 0 109.25 1.49989 9.66765e-05
10.975 1.49993 0.999985 5.03847e-05 0 109.75 1.49991 7.55734e-05
11.025 1.49994 0.999988 3.69499e-05 0 110.25 1.49992 5.54225e-05
11.075 1.49994 0.999988 2.46808e-05 0 110.75 1.49992 3.70197e-05
11.125 1.49994 0.999986 1.40619e-05 0 111.25 1.49992 2.1092e-05
11.175 1.49994 0.999981 5.20032e-06 0 111.75 1.49992 7.80019e-06
11.225 1.49994 0.999976 -1.68704e-06 0 112.25 1.49991 -2.53047e-06
11.275 1.49994 0.999969 -6.42775e-06 0 112.75 1.4999 -9.64127e-06
11.325 1.49994 0.999962 -9.00187e-06 0 113.25 1.49988 -1.35023e-05
11.375 1.49994 0.999955 -9.511e-06 0 113.75 1.49987 -1.42659e-05
11.425 1.49994 0.999949 -8.08327e-06 0 114.25 1.49986 -1.21244e-05
11.475 1.49994 0.999944 -4.98378e-06 0 114.75 1.49985 -7.47536e-06
11.525 1.49994 0.99994 -5.15984e-07 0 115.25 1.49985 -7.73943e-07
11.575 1.49994 0.999938 4.94775e-06 0 115.75 1.49984 7.42132e-06
11.625 1.49994 0.999937 1.09481e-05 0 116.25 1.49985 1.64215e-05
11.675 1.49994 0.999939 1.69965e-05 0 116.75 1.49985 2.54937e-05
11.725 1.49994 0.999942 2.28057e-05 0 117.25 1.49986 3.42073e-05
11.775 1.49995 0.999947 2.80493e-05 0 117.75 1.49987 4.20725e-05
11.825 1.49995 0.999953 3.24111e-05 0 118.25 1.49988 4.86151e-05
11.875 1.49996 0.99996 3.56286e-05 0 118.75 1.4999 5.34414e-05
11.925 1.49996 0.999968 3.75149e-05 0 119.25 1.49992 5.6271e-05
11.975 1.49997 0.999976 3.79703e-05 0 119.75 1.49993 5.69543e-05
12.025 1.49998 0.999985 3.69566e-05 0 120.25 1.49995 5.5434e-05
12.075 1.49998 0.999992 3.4539e-05 0 120.75 1.49997 5.18078e-05
12.125 1.49999 0.999999 3.08524e-05 0 121.25 1.49998 4.62782e-05
12.175 1.49999 1 2.61119e-05 0 121.75 1.5 3.91676e-05
12.225 1.49999 1.00001 2.05938e-05 0 122.25 1.50001 3.08906e-05
12.275 1.5 1.00001 1.46213e-05 0 122.75 1.50001 2.19319e-05
12.325 1.5 1.00001 8.53046e-06 0 123.25 1.50002 1.27957e-05
12.375 1.5 1.00001 2.72896e-06 0 123.75 1.50002 4.09343e-06
12.425 1.5 1.00001 -2.44454e-06 0 124.25 1.50002 -3.6668e-06
12.475 1.5 1.00001 -6.76883e-06 0 124.75 1.50001 -1.01532e-05
12.525 1.5 1 -1.00677e-05 0 125.25 1.5 -1.51016e-05
12.575 1.49999 1 -1.22178e-05 0 125.75 1.49999 -1.83267e-05
12.625 1.49999 0.999996 -1.3134e-05 0 126.25 1.49999 -1.97009e-05
12.675 1.49999 0.999991 -1.28051e-05 0 126.75 1.49998 -1.92075e-05
12.725 1.49999 0.999987 -1.13244e-05 0 127.25 1.49997 -1.69865e-05
12.775 1.49999 0.999983 -8.85389e-06 0 127.75 1.49996 -1.32807e-05
12.825 1.49999 0.999981 -5.61627e-06 0 128.25 1.49996 -8.42432e-06
12.875 1.49999 0.999979 -1.8694e-06 0 128.75 1.49995 -2.80408e-06
12.925 1.49999 0.999979 2.05504e-06 0 129.25 1.49995 3.08254e-06
12.975 1.49999 0.99998 5.7589e-06 0 129.75 1.49996 8.63827e-06
13.025 1.49999 0.999982 9.0604e-06 0 130.25 1.49996 1.35905e-05
13.075 1.49999 0.999985 1.17466e-05 0 130.75 1.49997 1.76198e-05
13.125 1.49999 0.999989 1.36255e-05 0 131.25 1.49997 2.04381e-05
13.175 1.49999 0.999993 1.45636e-05 0 131.75 1.49998 2.18453e-05
13.225 1.5 0.999997 1.45144e-05 0 132.25 1.49999 2.17716e-05
13.275 1.5 1 1.3497e-05 0 132.75 1.5 2.02455e-05
13.325 1.5 1 1.16059e-05 0 133.25 1.50001 1.74088e-05
13.375 1.5 1.00001 9.0087e-06 0 133.75 1.50001 1.35131e-05
13.425 1.5 1.00001 5.93102e-06 0 134.25 1.50001 8.89654e-06
13.475 1.5 1.00001 2.63561e-06 0 134.75 1.50002 3.95342e-06
13.525 1.5 1.00001 -5.61094e-07 0 135.25 1.50002 -8.41643e-07
13.575 1.5 1.00001 -3.3789e-06 0 135.75 1.50001 -5.06836e-06
13.625 1.5 1.00001 -5.65325e-06 0 136.25 1.50001 -8.47988e-06
13.675 1.5 1 -7.23055e-06 0 136.75 1.50001 -1.08458e-05
13.725 1.5 1 -7.99637e-06 0 137.25 1.5 -1.19945e-05
13.775 1.5 0.999998 -7.91253e-06 0 137.75 1.49999 -1.18688e-05
13.825 1.5 0.999995 -7.01317e-06 0 138.25 1.49999 -1.05197e-05
13.875 1.5 0.999993 -5.40769e-06 0 138.75 1.49999 -8.11152e-06
13.925 1.5 0.999991 -3.27531e-06 0 139.25 1.49998 -4.91294e-06
13.975 1.49999 0.999991 -8.37882e-07 0 139.75 1.49998 -1.25682e-06
14.025 1.5 0.999991 1.6229e-06 0 140.25 1.49998 2.43434e-06
14.075 1.5 0.999992 3.82854e-06 0 140.75 1.49998 5.74279e-06
14.125 1.5 0.999993 5.62706e-06 0 141.25 1.49999 8.44057e-06
14.175 1.5 0.999996 6.85542e-06 0 141.75 1.49999 1.02831e-05
14.225 1.5 0.999998 7.39301e-06 0 142.25 1.5 1.10895e-05
14.275 1.5 1 7.19379e-06 0 142.75 1.5 1.07907e-05
14.325 1.5 1 6.28812e-06 0 143.25 1.5 9.43219e-06
14.375 1.5 1 4.77395e-06 0 143.75 1.50001 7.16094e-06
14.425 1.5 1.00001 2.8178e-06 0 144.25 1.50001 4.22671e-06
14.475 1.5 1.00001 6.46709e-07 0 144.75 1.50001 9.70064e-07
14.525 1.5 1.00001 -1.46523e-06 0 145.25 1.50001 -2.19784e-06
14.575 1.5 1 -3.29203e-06 0 145.75 1.50001 -4.93805e-06
14.625 1.5 1 -4.67633e-06 0 146.25 1.50001 -7.01449e-06
14.675 1.5 1 -5.46856e-06 0 146.75 1.5 -8.20285e-06
14.725 1.5 0.999999 -5.58907e-06 0 147.25 1.5 -8.38359e-06
14.775 1.5 0.999997 -5.02448e-06 0 147.75 1.49999 -7.53671e-06
14.825 1.5 0.999995 -3.83312e-06 0 148.25 1.49999 -5.74967e-06
14.875 1.5 0.999994 -2.15827e-06 0 148.75 1.49999 -3.2374e-06
14.925 1.5 0.999994 -2.08495e-07 0 149.25 1.49999 -3.12742e-07
14.975 1.5 0.999994 1.74495e-06 0 149.75 1.49999 2.61742e-06
15.025 1.5 0.999995 3.46513e-06 0 150.25 1.49999 5.19768e-06
15.075 1.5 0.999997 4.78574e-06 0 150.75 1.49999 7.17861e-06
15.125 1.5 0.999998 5.54058e-06 0 151.25 1.5 8.31086e-06
15.175 1.5 1 5.63565e-06 0 151.75 1.5 8.45347e-06
15.225 1.5 1 5.05226e-06 0 152.25 1.5 7.57839e-06
15.275 1.5 1 3.84268e-06 0 152.75 1.50001 5.76402e-06
15.325 1.5 1.00001 2.14967e-06 0 153.25 1.50001 3.2245e-06
15.375 1.5 1.00001 1.90143e-07 0 153.75 1.50001 2.85215e-07
15.425 1.5 1.00001 -1.75047e-06 0 154.25 1.50001 -2.62571e-06
15.475 1.5 1 -3.43707e-06 0 154.75 1.50001 -5.15561e-06
15.525 1.5 1 -4.69791e-06 0 155.25 1.50001 -7.04688e-06
15.575 1.5 1 -5.3651e-06 0 155.75 1.5 -8.04764e-06
15.625 1.5 0.999999 -5.34696e-06 0 156.25 1.5 -8.02043e-06
15.675 1.5 0.999997 -4.63563e-06 0 156.75 1.49999 -6.95344e-06
15.725 1.5 0.999995 -3.30888e-06 0 157.25 1.49999 -4.96331e-06
15.775 1.5 0.999994 -1.52555e-06 0 157.75 1.49999 -2.28833e-06
15.825 1.5 0.999994 4.76249e-07 0 158.25 1.49999 7.14373e-07
15.875 1.5 0.999995 2.37774e-06 0 158.75 1.49999 3.5666e-06
15.925 1.5 0.999996 3.97557e-06 0 159.25 1.49999 5.96336e-06
15.975 1.5 0.999998 5.07967e-06 0 159.75 1.5 7.6195e-06
16.025 1.5 1 5.53884e-06 0 160.25 1.5 8.30826e-06
16.075 1.5 1 5.27694e-06 0 160.75 1.5 7.91542e-06
16.125 1.5 1 4.31636e-06 0 161.25 1.50001 6.47455e-06
16.175 1.5 1 2.77529e-06 0 161.75 1.50001 4.16294e-06
16.225 1.5 1.00001 8.54246e-07 0 162.25 1.50001 1.28137e-06
16.275 1.5 1.00001 -1.16281e-06 0 162.75 1.50001 -1.74422e-06
16.325 1.5 1 -2.96991e-06 0 163.25 1.50001 -4.45486e-06
16.375 1.5 1 -4.37664e-06 0 163.75 1.50001 -6.56497e-06
16.425 1.5 1 -5.19212e-06 0 164.25 1.5 -7.78819e-06
16.475 1.5 0.999999 -5.30198e-06 0 164.75 1.5 -7.95297e-06
16.525 1.5 0.999997 -4.6843e-06 0 165.25 1.49999 -7.02645e-06
16.575 1.5 0.999996 -3.41272e-06 0 165.75 1.49999 -5.11908e-06
16.625 1.5 0.999995 -1.65821e-06 0 166.25 1.49999 -2.48731e-06
16.675 1.5 0.999994 3.21346e-07 0 166.75 1.49999 4.82019e-07
16.725 1.5 0.999995 2.18968e-06 0 167.25 1.49999 3.28452e-06
16.775 1.5 0.999996 3.72589e-06 0 167.75 1.49999 5.58882e-06
16.825 1.5 0.999998 4.73425e-06 0 168.25 1.5 7.10136e-06
16.875 1.5 1 5.07414e-06 0 168.75 1.5 7.61122e-06
16.925 1.5 1 4.68947e-06 0 169.25 1.5 7.03421e-06
16.975 1.5 1 3.63592e-06 0 169.75 1.50001 5.45389e-06
17.025 1.5 1 2.05998e-06 0 170.25 1.50001 3.08997e-06
17.075 1.5 1.00001 2.03803e-07 0 170.75 1.50001 3.05704e-07
17.125 1.5 1 -1.61411e-06 0 171.25 1.50001 -2.42116e-06
17.175 1.5 1 -3.13662e-06 0 171.75 1.50001 -4.70493e-06
17.225 1.5 1 -4.1824e-06 0 172.25 1.5 -6.27361e-06
17.275 1.5 1 -4.60151e-06 0 172.75 1.5 -6.90226e-06
17.325 1.5 0.999998 -4.32935e-06 0 173.25 1.5 -6.49402e-06
17.375 1.5 0.999997 -3.41286e-06 0 173.75 1.49999 -5.11929e-06
17.425 1.5 0.999996 -1.99057e-06 0 174.25 1.49999 -2.98585e-06
17.475 1.5 0.999995 -2.91989e-07 0 174.75 1.49999 -4.37982e-07
17.525 1.5 0.999996 1.38059e-06 0 175.25 1.49999 2.07088e-06
17.575 1.5 0.999997 2.77408e-06 0 175.75 1.49999 4.16111e-06
17.625 1.5 0.999998 3.71877e-06 0 176.25 1.5 5.57816e-06
17.675 1.5 1 4.07719e-06 0 176.75 1.5 6.11579e-06
17.725 1.5 1 3.7948e-06 0 177.25 1.5 5.69221e-06
17.775 1.5 1 2.92756e-06 0 177.75 1.50001 4.39135e-06
17.825 1.5 1 1.61439e-06 0 178.25 1.50001 2.42158e-06
17.875 1.5 1 8.17727e-08 0 178.75 1.50001 1.22659e-07
17.925 1.5 1 -1.38067e-06 0 179.25 1.50001 -2.07101e-06
17.975 1.5 1 -2.56019e-06 0 179.75 1.50001 -3.84029e-06
18.025 1.5 1 -3.29923e-06 0 180.25 1.5 -4.94885e-06
18.075 1.5 1 -3.49085e-06 0 180.75 1.5 -5.23628e-06
18.125 1.5 0.999998 -3.10933e-06 0 181.25 1.5 -4.664e-06
18.175 1.5 0.999997 -2.23109e-06 0 181.75 1.5 -3.34663e-06
18.225 1.5 0.999997 -1.00765e-06 0 182.25 1.49999 -1.51147e-06
18.275 1.5 0.999997 3.34707e-07 0 182.75 1.49999 5.02061e-07
18.325 1.5 0.999997 1.53095e-06 0 183.25 1.49999 2.29642e-06
18.375 1.5 0.999998 2.42738e-06 0 183.75 1.5 3.64107e-06
18.425 1.5 0.999999 2.88851e-06 0 184.25 1.5 4.33277e-06
18.475 1.5 1 2.85025e-06 0 184.75 1.5 4.27537e-06
18.525 1.5 1 2.32926e-06 0 185.25 1.5 3.49389e-06
18.575 1.5 1 1.42679e-06 0 185.75 1.5 2.14018e-06
18.625 1.5 1 3.15325e-07 0 186.25 1.50001 4.72987e-07
18.675 1.5 1 -7.82829e-07 0 186.75 1.5 -1.17424e-06
18.725 1.5 1 -1.67421e-06 0 187.25 1.5 -2.51132e-06
18.775 1.5 1 -2.23928e-06 0 187.75 1.5 -3.35892e-06
18.825 1.5 1 -2.39411e-06 0 188.25 1.5 -3.59117e-06
18.875 1.5 0.999999 -2.11965e-06 0 188.75 1.5 -3.17948e-06
18.925 1.5 0.999998 -1.48183e-06 0 189.25 1.5 -2.22274e-06
18.975 1.5 0.999998 -6.05244e-07 0 189.75 1.5 -9.07866e-07
19.025 1.5 0.999998 3.31149e-07 0 190.25 1.5 4.96724e-07
19.075 1.5 0.999998 1.13245e-06 0 190.75 1.5 1.69868e-06
19.125 1.5 0.999999 1.69129e-06 0 191.25 1.5 2.53693e-06
19.175 1.5 1 1.92034e-06 0 191.75 1.5 2.88051e-06
19.225 1.5 1 1.78714e-06 0 192.25 1.5 2.68071e-06
19.275 1.5 1 1.33375e-06 0 192.75 1.5 2.00062e-06
19.325 1.5 1 6.52958e-07 0 193.25 1.5 9.79437e-07
19.375 1.5 1 -1.10851e-07 0 193.75 1.5 -1.66276e-07
19.425 1.5 1 -7.87091e-07 0 194.25 1.5 -1.18064e-06
19.475 1.5 1 -1.27767e-06 0 194.75 1.5 -1.91651e-06
19.525 1.5 1 -1.50347e-06 0 195.25 1.5 -2.25521e-06
19.575 1.5 1 -1.43243e-06 0 195.75 1.5 -2.14865e-06
19.625 1.5 0.999999 -1.09298e-06 0 196.25 1.5 -1.63947e-06
19.675 1.5 0.999999 -5.5954e-07 0 196.75 1.5 -8.3931e-07
19.725 1.5 0.999999 4.94442e-08 0 197.25 1.5 7.41662e-08
19.775 1.5 0.999999 5.92738e-07 0 197.75 1.5 8.89107e-07
19.825 1.5 0.999999 9.86392e-07 0 198.25 1.5 1.47959e-06
19.875 1.5 1 1.1658e-06 0 198.75 1.5 1.7487e-06
19.925 1.5 1 1.10497e-06 0 199.25 1.5 1.65745e-06
19.975 1.5 1 8.29831e-07 0 199.75 1.5 1.24475e-06
