-19.975 1.50007 1.00008 -0.000105394 0 -71.3393 1.50019 -0.000158098
-19.925 1.50005 1.00006 -0.000109827 0 -71.1607 1.50015 -0.000164747
-19.875 1.50004 1.00005 -0.000112473 0 -70.9821 1.50011 -0.000168714
-19.825 1.50002 1.00003 -0.000113366 0 -70.8036 1.50006 -0.000170051
-19.775 1.5 1.00001 -0.000112539 0 -70.625 1.50002 -0.000168809
-19.725 1.49998 0.999993 -0.000110029 0 -70.4464 1.49997 -0.000165042
-19.675 1.49997 0.999974 -0.000105914 0 -70.2679 1.49993 -0.000158868
-19.625 1.49995 0.999956 -0.000100291 0 -70.0893 1.49989 -0.000150431
-19.575 1.49994 0.999938 -9.32735e-05 0 -69.9107 1.49984 -0.000139904
-19.525 1.49992 0.999921 -8.49974e-05 0 -69.7321 1.49981 -0.00012749
-19.475 1.49991 0.999904 -7.56117e-05 0 -69.5536 1.49977 -0.000113411
-19.425 1.4999 0.99989 -6.52798e-05 0 -69.375 1.49974 -9.79134e-05
-19.375 1.49989 0.999877 -5.41769e-05 0 -69.1964 1.49971 -8.12596e-05
-19.325 1.49989 0.999865 -4.24837e-05 0 -69.0179 1.49969 -6.37208e-05
-19.275 1.49988 0.999856 -3.03835e-05 0 -68.8393 1.49967 -4.55717e-05
-19.225 1.49988 0.99985 -1.80607e-05 0 -68.6607 1.49965 -2.70889e-05
-19.175 1.49988 0.999846 -5.70096e-06 0 -68.4821 1.49965 -8.55073e-06
-19.125 1.49988 0.999844 6.53783e-06 0 -68.3036 1.49964 9.80593e-06
-19.075 1.49988 0.999846 1.82962e-05 0 -68.125 1.49965 2.7442e-05
-19.025 1.49988 0.99985 2.94739e-05 0 -67.9464 1.49966 4.42074e-05
-18.975 1.49989 0.999856 4.00777e-05 0 -67.7679 1.49967 6.0112e-05
-18.925 1.49989 0.999865 5.00173e-05 0 -67.5893 1.49969 7.50206e-05
-18.875 1.4999 0.999876 5.91895e-05 0 -67.4107 1.49972 8.87784e-05
-18.825 1.49991 0.99989 6.75071e-05 0 -67.2321 1.49975 0.000101255
-18.775 1.49992 0.999905 7.48943e-05 0 -67.0536 1.49978 0.000112336
-18.725 1.49994 0.999922 8.12609e-05 0 -66.875 1.49982 0.000121886
-18.675 1.49995 0.99994 8.64898e-05 0 -66.6964 1.49986 0.00012973
-18.625 1.49996 0.999959 9.04488e-05 0 -66.5179 1.4999 0.00013567
-18.575 1.49998 0.999978 9.3015e-05 0 -66.3393 1.49994 0.00013952
-18.525 1.49999 0.999998 9.40865e-05 0 -66.1607 1.49999 0.000141129
-18.475 1.5 1.00002 9.35859e-05 0 -65.9821 1.50003 0.000140379
-18.425 1.50002 1.00004 9.15319e-05 0 -65.8036 1.50007 0.000137299
-18.375 1.50003 1.00005 8.79498e-05 0 -65.625 1.50011 0.000131927
-18.325 1.50004 1.00007 8.2894e-05 0 -65.4464 1.50015 0.000124344
-18.275 1.50005 1.00008 7.64414e-05 0 -65.2679 1.50018 0.000114666
-18.225 1.50007 1.0001 6.86879e-05 0 -65.0893 1.50021 0.000103036
-18.175 1.50008 1.00011 5.97394e-05 0 -64.9107 1.50024 8.96137e-05
-18.125 1.50008 1.00011 4.9711e-05 0 -64.7321 1.50026 7.45706e-05
-18.075 1.50009 1.00012 3.87277e-05 0 -64.5536 1.50027 5.80951e-05
-18.025 1.5001 1.00012 2.69337e-05 0 -64.375 1.50028 4.04031e-05
-17.975 1.5001 1.00012 1.45542e-05 0 -64.1964 1.50028 2.18327e-05
-17.925 1.5001 1.00012 1.95512e-06 0 -64.0179 1.50028 2.93287e-06
-17.875 1.5001 1.00012 -1.07046e-05 0 -63.8393 1.50028 -1.60579e-05
-17.825 1.50009 1.00011 -2.32121e-05 0 -63.6607 1.50026 -3.48204e-05
-17.775 1.50009 1.0001 -3.53658e-05 0 -63.4821 1.50025 -5.30519e-05
-17.725 1.50008 1.00009 -4.68855e-05 0 -63.3036 1.50023 -7.03321e-05
-17.675 1.50008 1.00008 -5.7454e-05 0 -63.125 1.5002 -8.61854e-05
-17.625 1.50007 1.00007 -6.67894e-05 0 -62.9464 1.50017 -0.000100189
-17.575 1.50006 1.00005 -7.46744e-05 0 -62.7679 1.50014 -0.000112016
-17.525 1.50005 1.00004 -8.09571e-05 0 -62.5893 1.50011 -0.000121439
-17.475 1.50003 1.00002 -8.55394e-05 0 -62.4107 1.50007 -0.000128312
-17.425 1.50002 1.00001 -8.83518e-05 0 -62.2321 1.50003 -0.000132529
-17.375 1.50001 0.999993 -8.9344e-05 0 -62.0536 1.49999 -0.000134017
-17.325 1.49999 0.999978 -8.84575e-05 0 -61.875 1.49996 -0.000132685
-17.275 1.49998 0.999964 -8.56815e-05 0 -61.6964 1.49992 -0.00012852
-17.225 1.49997 0.999951 -8.10284e-05 0 -61.5179 1.49989 -0.00012154
-17.175 1.49995 0.999939 -7.45584e-05 0 -61.3393 1.49986 -0.000111834
-17.125 1.49994 0.999928 -6.63872e-05 0 -61.1607 1.49984 -9.95771e-05
-17.075 1.49994 0.99992 -5.66906e-05 0 -60.9821 1.49982 -8.50322e-05
-17.025 1.49993 0.999913 -4.56901e-05 0 -60.8036 1.4998 -6.85318e-05
-16.975 1.49992 0.999907 -3.36427e-05 0 -60.625 1.49978 -5.04614e-05
-16.925 1.49992 0.999904 -2.0847e-05 0 -60.4464 1.49978 -3.12689e-05
-16.875 1.49992 0.999903 -7.64441e-06 0 -60.2679 1.49977 -1.1466e-05
-16.825 1.49992 0.999904 5.5282e-06 0 -60.0893 1.49977 8.29183e-06
-16.775 1.49992 0.999907 1.83291e-05 0 -59.9107 1.49978 2.74921e-05
-16.725 1.49992 0.999912 3.05087e-05 0 -59.7321 1.49979 4.57606e-05
-16.675 1.49993 0.999918 4.18511e-05 0 -59.5536 1.4998 6.27735e-05
-16.625 1.49993 0.999927 5.21213e-05 0 -59.375 1.49982 7.81784e-05
-16.575 1.49994 0.999937 6.10834e-05 0 -59.1964 1.49985 9.16215e-05
-16.525 1.49995 0.999948 6.85283e-05 0 -59.0179 1.49987 0.000102789
-16.475 1.49996 0.99996 7.42781e-05 0 -58.8393 1.4999 0.000111414
-16.425 1.49998 0.999973 7.81873e-05 0 -58.6607 1.49993 0.000117279
-16.375 1.49999 0.999986 8.0151e-05 0 -58.4821 1.49997 0.000120225
-16.325 1.5 1 8.00969e-05 0 -58.3036 1.5 0.000120145
-16.275 1.50001 1.00001 7.80225e-05 0 -58.125 1.50003 0.000117035
-16.225 1.50002 1.00003 7.39821e-05 0 -57.9464 1.50006 0.000110975
-16.175 1.50003 1.00004 6.81045e-05 0 -57.7679 1.50009 0.000102159
-16.125 1.50004 1.00005 6.05625e-05 0 -57.5893 1.50012 9.08464e-05
-16.075 1.50005 1.00006 5.15716e-05 0 -57.4107 1.50014 7.736e-05
-16.025 1.50006 1.00007 4.13832e-05 0 -57.2321 1.50016 6.20771e-05
-15.975 1.50006 1.00007 3.02715e-05 0 -57.0536 1.50017 4.54092e-05
-15.925 1.50007 1.00008 1.85223e-05 0 -56.875 1.50018 2.77846e-05
-15.875 1.50007 1.00008 6.43628e-06 0 -56.6964 1.50019 9.65485e-06
-15.825 1.50007 1.00008 -5.64196e-06 0 -56.5179 1.50019 -8.46333e-06
-15.775 1.50007 1.00008 -1.72055e-05 0 -56.3393 1.50019 -2.58095e-05
-15.725 1.50006 1.00008 -2.8045e-05 0 -56.1607 1.50018 -4.20693e-05
-15.675 1.50006 1.00007 -3.80385e-05 0 -55.9821 1.50017 -5.706e-05
-15.625 1.50005 1.00007 -4.69595e-05 0 -55.8036 1.50015 -7.04418e-05
-15.575 1.50004 1.00006 -5.45641e-05 0 -55.625 1.50013 -8.18485e-05
-15.525 1.50003 1.00005 -6.06421e-05 0 -55.4464 1.50011 -9.09653e-05
-15.475 1.50003 1.00004 -6.50325e-05 0 -55.2679 1.50008 -9.75503e-05
-15.425 1.50002 1.00002 -6.76268e-05 0 -55.0893 1.50005 -0.000101441
-15.375 1.5 1.00001 -6.8368e-05 0 -54.9107 1.50002 -0.000102552
-15.325 1.49999 1 -6.7234e-05 0 -54.7321 1.49999 -0.000100851
-15.275 1.49999 0.999988 -6.4255e-05 0 -54.5536 1.49997 -9.63815e-05
-15.225 1.49998 0.999976 -5.95097e-05 0 -54.375 1.49994 -8.92631e-05
-15.175 1.49997 0.999965 -5.31399e-05 0 -54.1964 1.49991 -7.97081e-05
-15.125 1.49996 0.999955 -4.53436e-05 0 -54.0179 1.49989 -6.80136e-05
-15.075 1.49995 0.999946 -3.63606e-05 0 -53.8393 1.49987 -5.45392e-05
-15.025 1.49995 0.999939 -2.64577e-05 0 -53.6607 1.49986 -3.96852e-05
-14.975 1.49995 0.999934 -1.59286e-05 0 -53.4821 1.49985 -2.38921e-05
-14.925 1.49994 0.99993 -5.10131e-06 0 -53.3036 1.49984 -7.65169e-06
-14.875 1.49994 0.999929 5.7016e-06 0 -53.125 1.49984 8.55209e-06
-14.825 1.49995 0.99993 1.59989e-05 0 -52.9464 1.49984 2.39974e-05
-14.775 1.49995 0.999932 2.55343e-05 0 -52.7679 1.49985 3.83001e-05
-14.725 1.49995 0.999937 3.41941e-05 0 -52.5893 1.49986 5.12896e-05
-14.675 1.49996 0.999943 4.17654e-05 0 -52.4107 1.49988 6.26465e-05
-14.625 1.49997 0.999951 4.80306e-05 0 -52.2321 1.49989 7.20444e-05
-14.575 1.49997 0.99996 5.28153e-05 0 -52.0536 1.49992 7.92217e-05
-14.525 1.49998 0.99997 5.59964e-05 0 -51.875 1.49994 8.39937e-05
-14.475 1.49999 0.999981 5.74983e-05 0 -51.6964 1.49996 8.62469e-05
-14.425 1.5 0.999993 5.73018e-05 0 -51.5179 1.49999 8.59527e-05
-14.375 1.50001 1 5.54223e-05 0 -51.3393 1.50001 8.3134e-05
-14.325 1.50002 1.00001 5.18851e-05 0 -51.1607 1.50004 7.78285e-05
-14.275 1.50002 1.00003 4.68068e-05 0 -50.9821 1.50006 7.02114e-05
-14.225 1.50003 1.00003 4.03512e-05 0 -50.8036 1.50008 6.05281e-05
-14.175 1.50004 1.00004 3.27176e-05 0 -50.625 1.5001 4.90776e-05
-14.125 1.50004 1.00005 2.41402e-05 0 -50.4464 1.50012 3.62113e-05
-14.075 1.50004 1.00006 1.48923e-05 0 -50.2679 1.50013 2.23391e-05
-14.025 1.50004 1.00006 5.28486e-06 0 -50.0893 1.50013 7.92752e-06
-13.975 1.50004 1.00006 -4.38469e-06 0 -49.9107 1.50014 -6.57723e-06
-13.925 1.50004 1.00006 -1.36544e-05 0 -49.7321 1.50013 -2.04822e-05
-13.875 1.50004 1.00006 -2.22181e-05 0 -49.5536 1.50013 -3.33281e-05
-13.825 1.50004 1.00005 -2.99572e-05 0 -49.375 1.50012 -4.4937e-05
-13.775 1.50003 1.00005 -3.66459e-05 0 -49.1964 1.5001 -5.49701e-05
-13.725 1.50003 1.00004 -4.20597e-05 0 -49.0179 1.50009 -6.30906e-05
-13.675 1.50002 1.00003 -4.60288e-05 0 -48.8393 1.50007 -6.90441e-05
-13.625 1.50001 1.00002 -4.84509e-05 0 -48.6607 1.50005 -7.26769e-05
-13.575 1.5 1.00001 -4.92721e-05 0 -48.4821 1.50002 -7.39084e-05
-13.525 1.5 1 -4.84754e-05 0 -48.3036 1.5 -7.27129e-05
-13.475 1.49999 0.999994 -4.61008e-05 0 -48.125 1.49998 -6.91506e-05
-13.425 1.49998 0.999984 -4.22343e-05 0 -47.9464 1.49996 -6.33507e-05
-13.375 1.49998 0.999976 -3.70186e-05 0 -47.7679 1.49994 -5.5527e-05
-13.325 1.49997 0.999968 -3.06371e-05 0 -47.5893 1.49992 -4.59548e-05
-13.275 1.49997 0.999961 -2.33143e-05 0 -47.4107 1.49991 -3.49707e-05
-13.225 1.49997 0.999956 -1.53053e-05 0 -47.2321 1.4999 -2.29574e-05
-13.175 1.49996 0.999953 -6.88488e-06 0 -47.0536 1.49989 -1.03271e-05
-13.125 1.49996 0.999951 1.68415e-06 0 -46.875 1.49989 2.52616e-06
-13.075 1.49996 0.999951 1.00225e-05 0 -46.6964 1.49989 1.50333e-05
-13.025 1.49997 0.999952 1.77532e-05 0 -46.5179 1.49989 2.66292e-05
-12.975 1.49997 0.999955 2.47866e-05 0 -46.3393 1.4999 3.71792e-05
-12.925 1.49997 0.99996 3.09172e-05 0 -46.1607 1.49991 4.63749e-05
-12.875 1.49998 0.999966 3.59298e-05 0 -45.9821 1.49993 5.3894e-05
-12.825 1.49998 0.999973 3.96497e-05 0 -45.8036 1.49994 5.94739e-05
-12.775 1.49999 0.99998 4.19546e-05 0 -45.625 1.49996 6.29316e-05
-12.725 1.5 0.999989 4.27712e-05 0 -45.4464 1.49998 6.41567e-05
-12.675 1.5 0.999997 4.20693e-05 0 -45.2679 1.5 6.31042e-05
-12.625 1.50001 1.00001 3.98692e-05 0 -45.0893 1.50002 5.98042e-05
-12.575 1.50002 1.00001 3.624e-05 0 -44.9107 1.50004 5.43606e-05
-12.525 1.50002 1.00002 3.13214e-05 0 -44.7321 1.50005 4.69828e-05
-12.475 1.50002 1.00003 2.53083e-05 0 -44.5536 1.50006 3.79631e-05
-12.425 1.50003 1.00003 1.84362e-05 0 -44.375 1.50008 2.76548e-05
-12.375 1.50003 1.00004 1.09653e-05 0 -44.1964 1.50008 1.64482e-05
-12.325 1.50003 1.00004 3.18365e-06 0 -44.0179 1.50009 4.77557e-06
-12.275 1.50003 1.00004 -4.59763e-06 0 -43.8393 1.50009 -6.89658e-06
-12.225 1.50003 1.00004 -1.19683e-05 0 -43.6607 1.50009 -1.79528e-05
-12.175 1.50003 1.00004 -1.87065e-05 0 -43.4821 1.50008 -2.80603e-05
-12.125 1.50002 1.00003 -2.46842e-05 0 -43.3036 1.50007 -3.70269e-05
-12.075 1.50002 1.00003 -2.97116e-05 0 -43.125 1.50006 -4.4568e-05
-12.025 1.50002 1.00002 -3.36114e-05 0 -42.9464 1.50005 -5.04176e-05
-11.975 1.50001 1.00002 -3.62531e-05 0 -42.7679 1.50004 -5.43799e-05
-11.925 1.5 1.00001 -3.75556e-05 0 -42.5893 1.50002 -5.63336e-05
-11.875 1.5 1 -3.74931e-05 0 -42.4107 1.5 -5.62396e-05
-11.825 1.49999 0.999997 -3.60669e-05 0 -42.2321 1.49999 -5.41001e-05
-11.775 1.49999 0.999991 -3.3308e-05 0 -42.0536 1.49997 -4.99615e-05
-11.725 1.49998 0.999985 -2.93203e-05 0 -41.875 1.49996 -4.39799e-05
-11.675 1.49998 0.99998 -2.42579e-05 0 -41.6964 1.49995 -3.63863e-05
-11.625 1.49998 0.999976 -1.83159e-05 0 -41.5179 1.49994 -2.74735e-05
-11.575 1.49997 0.999973 -1.17191e-05 0 -41.3393 1.49993 -1.75784e-05
-11.525 1.49997 0.999971 -4.71476e-06 0 -41.1607 1.49993 -7.07201e-06
-11.475 1.49997 0.999971 2.39749e-06 0 -40.9821 1.49993 3.59617e-06
-11.425 1.49997 0.999971 9.21898e-06 0 -40.8036 1.49993 1.38282e-05
-11.375 1.49997 0.999973 1.5546e-05 0 -40.625 1.49993 2.33186e-05
-11.325 1.49998 0.999977 2.12115e-05 0 -40.4464 1.49994 3.18168e-05
-11.275 1.49998 0.999981 2.60144e-05 0 -40.2679 1.49995 3.90211e-05
-11.225 1.49999 0.999986 2.97689e-05 0 -40.0893 1.49996 4.46529e-05
-11.175 1.49999 0.999991 3.23305e-05 0 -39.9107 1.49998 4.84954e-05
-11.125 1.5 0.999996 3.36085e-05 0 -39.7321 1.49999 5.04126e-05
-11.075 1.5 1 3.35762e-05 0 -39.5536 1.5 5.03643e-05
-11.025 1.50001 1.00001 3.22522e-05 0 -39.375 1.50002 4.83785e-05
-10.975 1.50001 1.00001 2.97043e-05 0 -39.1964 1.50003 4.45568e-05
-10.925 1.50001 1.00002 2.60578e-05 0 -39.0179 1.50004 3.90871e-05
-10.875 1.50002 1.00002 2.14814e-05 0 -38.8393 1.50005 3.22225e-05
-10.825 1.50002 1.00002 1.6177e-05 0 -38.6607 1.50005 2.42659e-05
-10.775 1.50002 1.00002 1.03589e-05 0 -38.4821 1.50006 1.55386e-05
-10.725 1.50002 1.00002 4.2982e-06 0 -38.3036 1.50006 6.4474e-06
-10.675 1.50002 1.00002 -1.72564e-06 0 -38.125 1.50006 -2.5885e-06
-10.625 1.50002 1.00002 -7.52918e-06 0 -37.9464 1.50005 -1.12939e-05
-10.575 1.50002 1.00002 -1.28962e-05 0 -37.7679 1.50005 -1.93446e-05
-10.525 1.50002 1.00001 -1.76615e-05 0 -37.5893 1.50004 -2.64925e-05
-10.475 1.50002 1.00001 -2.16584e-05 0 -37.4107 1.50003 -3.2488e-05
-10.425 1.50001 1 -2.47364e-05 0 -37.2321 1.50002 -3.71049e-05
-10.375 1.50001 0.999998 -2.67748e-05 0 -37.0536 1.50001 -4.01624e-05
-10.325 1.5 0.999993 -2.76877e-05 0 -36.875 1.49999 -4.15317e-05
-10.275 1.5 0.999988 -2.7445e-05 0 -36.6964 1.49998 -4.11675e-05
-10.225 1.5 0.999984 -2.61023e-05 0 -36.5179 1.49997 -3.91533e-05
-10.175 1.49999 0.999981 -2.37477e-05 0 -36.3393 1.49996 -3.56214e-05
-10.125 1.49999 0.999978 -2.05144e-05 0 -36.1607 1.49996 -3.07714e-05
-10.075 1.49999 0.999977 -1.65619e-05 0 -35.9821 1.49995 -2.48427e-05
-10.025 1.49998 0.999976 -1.21128e-05 0 -35.8036 1.49995 -1.81691e-05
-9.975 1.49998 0.999977 -7.45919e-06 0 -35.625 1.49995 -1.11887e-05
-9.925 1.49998 0.999979 -2.74237e-06 0 -35.4464 1.49995 -4.11351e-06
-9.875 1.49998 0.999982 1.86073e-06 0 -35.2679 1.49996 2.79106e-06
-9.825 1.49998 0.999986 6.11027e-06 0 -35.0893 1.49996 9.1653e-06
-9.775 1.49998 0.999991 9.84909e-06 0 -34.9107 1.49997 1.47735e-05
-9.725 1.49999 0.999996 1.29528e-05 0 -34.7321 1.49998 1.9429e-05
-9.675 1.49999 1 1.53149e-05 0 -34.5536 1.49999 2.29722e-05
-9.625 1.49999 1.00001 1.68531e-05 0 -34.375 1.5 2.52795e-05
-9.575 1.49999 1.00001 1.75106e-05 0 -34.1964 1.50001 2.62658e-05
-9.525 1.5 1.00002 1.72934e-05 0 -34.0179 1.50002 2.594e-05
-9.475 1.5 1.00002 1.62758e-05 0 -33.8393 1.50003 2.44137e-05
-9.425 1.5 1.00002 1.45485e-05 0 -33.6607 1.50004 2.18228e-05
-9.375 1.5 1.00003 1.22376e-05 0 -33.4821 1.50004 1.83565e-05
-9.325 1.5 1.00003 9.48486e-06 0 -33.3036 1.50005 1.42273e-05
-9.275 1.50001 1.00003 6.48721e-06 0 -33.125 1.50005 9.73085e-06
-9.225 1.50001 1.00003 3.49045e-06 0 -32.9464 1.50005 5.23569e-06
-9.175 1.50001 1.00003 5.66471e-07 0 -32.7679 1.50004 8.49711e-07
-9.125 1.50001 1.00002 -2.13273e-06 0 -32.5893 1.50004 -3.19911e-06
-9.075 1.50001 1.00002 -4.44817e-06 0 -32.4107 1.50003 -6.67229e-06
-9.025 1.50001 1.00001 -6.27997e-06 0 -32.2321 1.50003 -9.41998e-06
-8.975 1.5 1.00001 -7.54217e-06 0 -32.0536 1.50002 -1.13133e-05
-8.925 1.5 1 -8.16691e-06 0 -31.875 1.50001 -1.22504e-05
-8.875 1.5 0.999997 -8.12634e-06 0 -31.6964 1.5 -1.21895e-05
-8.825 1.5 0.999991 -7.42657e-06 0 -31.5179 1.49999 -1.11398e-05
-8.775 1.5 0.999986 -6.11606e-06 0 -31.3393 1.49998 -9.17408e-06
-8.725 1.5 0.999982 -4.27869e-06 0 -31.1607 1.49997 -6.41803e-06
-8.675 1.5 0.999978 -2.02707e-06 0 -30.9821 1.49996 -3.0406e-06
-8.625 1.5 0.999975 4.97192e-07 0 -30.8036 1.49996 7.45787e-07
-8.575 1.5 0.999974 3.10854e-06 0 -30.625 1.49996 4.6628e-06
-8.525 1.5 0.999973 5.63109e-06 0 -30.4464 1.49996 8.44663e-06
-8.475 1.5 0.999973 7.86321e-06 0 -30.2679 1.49996 1.17948e-05
-8.425 1.5 0.999975 9.64095e-06 0 -30.0893 1.49996 1.44614e-05
-8.375 1.5 0.999977 1.08804e-05 0 -29.9107 1.49997 1.63207e-05
-8.325 1.5 0.99998 1.14991e-05 0 -29.7321 1.49997 1.72486e-05
-8.275 1.50001 0.999984 1.14498e-05 0 -29.5536 1.49998 1.71748e-05
-8.225 1.50001 0.999987 1.07248e-05 0 -29.375 1.49999 1.60873e-05
-8.175 1.50001 0.999991 9.34094e-06 0 -29.1964 1.5 1.40115e-05
-8.125 1.50001 0.999995 7.3529e-06 0 -29.0179 1.5 1.10294e-05
-8.075 1.50001 0.999999 4.83122e-06 0 -28.8393 1.50001 7.24688e-06
-8.025 1.50001 1 1.88818e-06 0 -28.6607 1.50002 2.83229e-06
-7.975 1.50001 1.00001 -1.34073e-06 0 -28.4821 1.50002 -2.01111e-06
-7.925 1.50001 1.00001 -4.69044e-06 0 -28.3036 1.50002 -7.03572e-06
-7.875 1.50001 1.00001 -8.00337e-06 0 -28.125 1.50003 -1.20051e-05
-7.825 1.50001 1.00001 -1.11438e-05 0 -27.9464 1.50003 -1.67158e-05
-7.775 1.50001 1.00001 -1.39586e-05 0 -27.7679 1.50002 -2.0938e-05
-7.725 1.50001 1.00001 -1.62808e-05 0 -27.5893 1.50002 -2.44213e-05
-7.675 1.5 1.00001 -1.79827e-05 0 -27.4107 1.50002 -2.69741e-05
-7.625 1.5 1.00001 -1.90054e-05 0 -27.2321 1.50001 -2.85081e-05
-7.575 1.5 1.00001 -1.92946e-05 0 -27.0536 1.50001 -2.89418e-05
-7.525 1.49999 1.00001 -1.88142e-05 0 -26.875 1.5 -2.82213e-05
-7.475 1.49999 1 -1.75802e-05 0 -26.6964 1.5 -2.63701e-05
-7.425 1.49999 1 -1.56378e-05 0 -26.5179 1.49999 -2.34566e-05
-7.375 1.49999 1 -1.30762e-05 0 -26.3393 1.49999 -1.96141e-05
-7.325 1.49999 1 -1.00204e-05 0 -26.1607 1.49999 -1.50305e-05
-7.275 1.49998 1 -6.62429e-06 0 -25.9821 1.49999 -9.93632e-06
-7.225 1.49998 1 -3.06989e-06 0 -25.8036 1.49999 -4.60478e-06
-7.175 1.49998 1 4.79752e-07 0 -25.625 1.49999 7.19619e-07
-7.125 1.49998 1 3.88463e-06 0 -25.4464 1.49999 5.82688e-06
-7.075 1.49998 1 6.98546e-06 0 -25.2679 1.49999 1.04781e-05
-7.025 1.49998 1.00001 9.6774e-06 0 -25.0893 1.49999 1.4516e-05
-6.975 1.49999 1.00001 1.18799e-05 0 -24.9107 1.5 1.78197e-05
-6.925 1.49999 1.00001 1.35231e-05 0 -24.7321 1.5 2.02845e-05
-6.875 1.49999 1.00001 1.4552e-05 0 -24.5536 1.50001 2.18278e-05
-6.825 1.49999 1.00001 1.49562e-05 0 -24.375 1.50001 2.24342e-05
-6.775 1.5 1.00001 1.47749e-05 0 -24.1964 1.50002 2.21623e-05
-6.725 1.5 1.00001 1.40726e-05 0 -24.0179 1.50002 2.11089e-05
-6.675 1.5 1.00001 1.29549e-05 0 -23.8393 1.50002 1.94323e-05
-6.625 1.5 1.00001 1.15419e-05 0 -23.6607 1.50002 1.73129e-05
-6.575 1.5 1.00001 9.89753e-06 0 -23.4821 1.50002 1.48463e-05
-6.525 1.5 1.00001 8.12631e-06 0 -23.3036 1.50002 1.21895e-05
-6.475 1.50001 1.00001 6.33814e-06 0 -23.125 1.50002 9.50724e-06
-6.425 1.50001 1 4.64225e-06 0 -22.9464 1.50001 6.9634e-06
-6.375 1.50001 1 3.13693e-06 0 -22.7679 1.50001 4.70542e-06
-6.325 1.50001 0.999998 1.90433e-06 0 -22.5893 1.5 2.8565e-06
-6.275 1.50001 0.999994 1.00372e-06 0 -22.4107 1.5 1.50559e-06
-6.225 1.50001 0.999991 4.71768e-07 0 -22.2321 1.49999 7.07655e-07
-6.175 1.50001 0.999987 3.10268e-07 0 -22.0536 1.49999 4.65404e-07
-6.125 1.50001 0.999984 4.77165e-07 0 -21.875 1.49998 7.15751e-07
-6.075 1.50001 0.999982 8.95443e-07 0 -21.6964 1.49998 1.34317e-06
-6.025 1.50001 0.99998 1.48216e-06 0 -21.5179 1.49998 2.22324e-06
-5.975 1.50001 0.999979 2.14784e-06 0 -21.3393 1.49998 3.22178e-06
-5.925 1.50001 0.999978 2.8021e-06 0 -21.1607 1.49998 4.20318e-06
-5.875 1.50001 0.999978 3.34279e-06 0 -20.9821 1.49998 5.01421e-06
-5.825 1.50001 0.999979 3.65248e-06 0 -20.8036 1.49998 5.47875e-06
-5.775 1.50001 0.99998 3.69086e-06 0 -20.625 1.49998 5.53633e-06
-5.725 1.50001 0.999982 3.40192e-06 0 -20.4464 1.49998 5.10292e-06
-5.675 1.50001 0.999984 2.74742e-06 0 -20.2679 1.49999 4.12116e-06
-5.625 1.50001 0.999987 1.7211e-06 0 -20.0893 1.49999 2.58166e-06
-5.575 1.50001 0.999989 3.4282e-07 0 -19.9107 1.49999 5.14234e-07
-5.525 1.50001 0.999992 -1.34535e-06 0 -19.7321 1.5 -2.01804e-06
-5.475 1.50001 0.999994 -3.27358e-06 0 -19.5536 1.5 -4.91041e-06
-5.425 1.50001 0.999996 -5.35067e-06 0 -19.375 1.50001 -8.02606e-06
-5.375 1.50001 0.999998 -7.48979e-06 0 -19.1964 1.50001 -1.12348e-05
-5.325 1.50001 1 -9.60103e-06 0 -19.0179 1.50001 -1.44016e-05
-5.275 1.50001 1 -1.15841e-05 0 -18.8393 1.50001 -1.73763e-05
-5.225 1.5 1 -1.3337e-05 0 -18.6607 1.50001 -2.00056e-05
-5.175 1.5 1 -1.47665e-05 0 -18.4821 1.50001 -2.21498e-05
-5.125 1.5 1 -1.57949e-05 0 -18.3036 1.50001 -2.36924e-05
-5.075 1.5 1 -1.63661e-05 0 -18.125 1.5 -2.45491e-05
-5.025 1.5 1 -1.64544e-05 0 -17.9464 1.5 -2.46816e-05
-4.975 1.49999 1 -1.60682e-05 0 -17.7679 1.5 -2.41023e-05
-4.925 1.49999 1.00001 -1.52379e-05 0 -17.5893 1.5 -2.28567e-05
-4.875 1.49999 1.00001 -1.40131e-05 0 -17.4107 1.5 -2.10195e-05
-4.825 1.49999 1.00001 -1.24603e-05 0 -17.2321 1.5 -1.86903e-05
-4.775 1.49998 1.00001 -1.0658e-05 0 -17.0536 1.5 -1.59869e-05
-4.725 1.49998 1.00001 -8.69145e-06 0 -16.875 1.5 -1.3037e-05
-4.675 1.49998 1.00001 -6.64801e-06 0 -16.6964 1.5 -9.9719e-06
-4.625 1.49998 1.00001 -4.61488e-06 0 -16.5179 1.5 -6.92224e-06
-4.575 1.49998 1.00001 -2.67565e-06 0 -16.3393 1.5 -4.01342e-06
-4.525 1.49998 1.00002 -8.99087e-07 0 -16.1607 1.5 -1.34861e-06
-4.475 1.49998 1.00002 6.60979e-07 0 -15.9821 1.50001 9.91455e-07
-4.425 1.49998 1.00002 1.95123e-06 0 -15.8036 1.50001 2.9268e-06
-4.375 1.49998 1.00002 2.95724e-06 0 -15.625 1.50001 4.43581e-06
-4.325 1.49998 1.00002 3.68955e-06 0 -15.4464 1.50002 5.53426e-06
-4.275 1.49998 1.00002 4.17958e-06 0 -15.2679 1.50002 6.2693e-06
-4.225 1.49998 1.00002 4.48127e-06 0 -15.0893 1.50002 6.72183e-06
-4.175 1.49998 1.00002 4.67449e-06 0 -14.9107 1.50002 7.01166e-06
-4.125 1.49998 1.00002 4.85457e-06 0 -14.7321 1.50002 7.28177e-06
-4.075 1.49999 1.00002 5.06744e-06 0 -14.5536 1.50002 7.60109e-06
-4.025 1.49999 1.00002 5.35924e-06 0 -14.375 1.50002 8.03879e-06
-3.975 1.49999 1.00002 5.77048e-06 0 -14.1964 1.50001 8.65564e-06
-3.925 1.49999 1.00002 6.33032e-06 0 -14.0179 1.50001 9.49539e-06
-3.875 1.49999 1.00001 7.05482e-06 0 -13.8393 1.50001 1.05821e-05
-3.825 1.49999 1.00001 7.95091e-06 0 -13.6607 1.50001 1.19263e-05
-3.775 1.49999 1.00001 9.01352e-06 0 -13.4821 1.5 1.35202e-05
-3.725 1.49999 1.00001 1.02218e-05 0 -13.3036 1.5 1.53327e-05
-3.675 1.49999 1 1.15385e-05 0 -13.125 1.5 1.73077e-05
-3.625 1.5 1 1.29052e-05 0 -12.9464 1.5 1.93578e-05
-3.575 1.5 0.999998 1.42532e-05 0 -12.7679 1.5 2.13797e-05
-3.525 1.5 0.999996 1.55097e-05 0 -12.5893 1.49999 2.32646e-05
-3.475 1.5 0.999994 1.66069e-05 0 -12.4107 1.49999 2.49104e-05
-3.425 1.5 0.999993 1.74855e-05 0 -12.2321 1.49999 2.62283e-05
-3.375 1.50001 0.999991 1.80994e-05 0 -12.0536 1.49999 2.71493e-05
-3.325 1.50001 0.99999 1.84176e-05 0 -11.875 1.5 2.76266e-05
-3.275 1.50001 0.999989 1.84229e-05 0 -11.6964 1.5 2.76346e-05
-3.225 1.50002 0.999987 1.81103e-05 0 -11.5179 1.5 2.71658e-05
-3.175 1.50002 0.999986 1.74917e-05 0 -11.3393 1.5 2.62378e-05
-3.125 1.50002 0.999984 1.6601e-05 0 -11.1607 1.5 2.49019e-05
-3.075 1.50002 0.999983 1.54879e-05 0 -10.9821 1.5 2.32323e-05
-3.025 1.50003 0.999981 1.4214e-05 0 -10.8036 1.5 2.13214e-05
-2.975 1.50003 0.999979 1.28472e-05 0 -10.625 1.5 1.92711e-05
-2.925 1.50003 0.999977 1.14555e-05 0 -10.4464 1.5 1.71836e-05
-2.875 1.50003 0.999975 1.0102e-05 0 -10.2679 1.49999 1.51533e-05
-2.825 1.50003 0.999973 8.84013e-06 0 -10.0893 1.49999 1.32605e-05
-2.775 1.50003 0.999971 7.71264e-06 0 -9.91071 1.49999 1.15692e-05
-2.725 1.50004 0.999968 6.75143e-06 0 -9.73214 1.49999 1.01274e-05
-2.675 1.50004 0.999966 5.96769e-06 0 -9.55357 1.49999 8.95175e-06
-2.625 1.50004 0.999965 5.35645e-06 0 -9.375 1.49998 8.03487e-06
-2.575 1.50004 0.999963 4.89649e-06 0 -9.19643 1.49998 7.34491e-06
-2.525 1.50004 0.999962 4.55069e-06 0 -9.01786 1.49998 6.8262e-06
-2.475 1.50004 0.999961 4.27137e-06 0 -8.83929 1.49998 6.40722e-06
-2.425 1.50004 0.99996 4.00892e-06 0 -8.66071 1.49998 6.01354e-06
-2.375 1.50004 0.99996 3.71575e-06 0 -8.48214 1.49998 5.57378e-06
-2.325 1.50004 0.99996 3.32932e-06 0 -8.30357 1.49998 4.99412e-06
-2.275 1.50004 0.999961 2.81192e-06 0 -8.125 1.49998 4.21799e-06
-2.225 1.50004 0.999961 2.14954e-06 0 -7.94643 1.49998 3.2244e-06
-2.175 1.50004 0.999962 1.32638e-06 0 -7.76786 1.49999 1.98962e-06
-2.125 1.50004 0.999963 3.43484e-07 0 -7.58929 1.49999 5.15241e-07
-2.075 1.50004 0.999964 -7.78795e-07 0 -7.41071 1.49999 -1.16823e-06
-2.025 1.50004 0.999965 -2.00177e-06 0 -7.23214 1.49999 -3.00274e-06
-1.975 1.50004 0.999966 -3.2848e-06 0 -7.05357 1.49999 -4.92734e-06
-1.925 1.50004 0.999967 -4.58372e-06 0 -6.875 1.49999 -6.87577e-06
-1.875 1.50004 0.999968 -5.85258e-06 0 -6.69643 1.49999 -8.77911e-06
-1.825 1.50004 0.999968 -7.04224e-06 0 -6.51786 1.49999 -1.05636e-05
-1.775 1.50004 0.999969 -8.10446e-06 0 -6.33929 1.49999 -1.2157e-05
-1.725 1.50004 0.999969 -8.9962e-06 0 -6.16071 1.49999 -1.34946e-05
-1.675 1.50004 0.99997 -9.68596e-06 0 -5.98214 1.49999 -1.45293e-05
-1.625 1.50003 0.99997 -1.01601e-05 0 -5.80357 1.49999 -1.52405e-05
-1.575 1.50003 0.999971 -1.04208e-05 0 -5.625 1.49999 -1.56316e-05
-1.525 1.50003 0.999972 -1.04866e-05 0 -5.44643 1.49999 -1.57302e-05
-1.475 1.50003 0.999973 -1.03907e-05 0 -5.26786 1.49999 -1.55864e-05
-1.425 1.50003 0.999974 -1.01731e-05 0 -5.08929 1.49999 -1.52599e-05
-1.375 1.50003 0.999975 -9.87521e-06 0 -4.91071 1.49999 -1.48131e-05
-1.325 1.50002 0.999976 -9.54128e-06 0 -4.73214 1.49999 -1.43121e-05
-1.275 1.50002 0.999978 -9.21501e-06 0 -4.55357 1.49999 -1.38227e-05
-1.225 1.50002 0.99998 -8.9361e-06 0 -4.375 1.49999 -1.34043e-05
-1.175 1.50002 0.999982 -8.73519e-06 0 -4.19643 1.49999 -1.3103e-05
-1.125 1.50002 0.999984 -8.63398e-06 0 -4.01786 1.5 -1.29511e-05
-1.075 1.50002 0.999986 -8.64365e-06 0 -3.83929 1.5 -1.29656e-05
-1.025 1.50002 0.999987 -8.75783e-06 0 -3.66071 1.5 -1.31369e-05
-0.975 1.50002 0.999989 -8.96053e-06 0 -3.48214 1.5 -1.34409e-05
-0.925 1.50001 0.999991 -9.22516e-06 0 -3.30357 1.5 -1.38379e-05
-0.875 1.50001 0.999992 -9.51858e-06 0 -3.125 1.5 -1.4278e-05
-0.825 1.50001 0.999993 -9.80271e-06 0 -2.94643 1.5 -1.47042e-05
-0.775 1.50001 0.999994 -1.00351e-05 0 -2.76786 1.5 -1.50528e-05
-0.725 1.50001 0.999995 -1.01744e-05 0 -2.58929 1.5 -1.52617e-05
-0.675 1.50001 0.999996 -1.01858e-05 0 -2.41071 1.5 -1.52788e-05
-0.625 1.50001 0.999996 -1.00481e-05 0 -2.23214 1.5 -1.50722e-05
-0.575 1.5 0.999997 -9.75039e-06 0 -2.05357 1.5 -1.46256e-05
-0.525 1.5 0.999997 -9.29818e-06 0 -1.875 1.5 -1.39473e-05
-0.475 1.5 0.999998 -8.71286e-06 0 -1.69643 1.5 -1.30693e-05
-0.425 1.5 0.999998 -8.02394e-06 0 -1.51786 1.5 -1.20359e-05
-0.375 1.5 0.999999 -7.26948e-06 0 -1.33929 1.5 -1.09042e-05
-0.325 1.5 1 -6.49279e-06 0 -1.16071 1.5 -9.73917e-06
-0.275 1.5 1 -5.73803e-06 0 -0.982143 1.5 -8.60703e-06
-0.225 1.5 1 -5.04701e-06 0 -0.803571 1.5 -7.5705e-06
-0.175 1.5 1 -4.45446e-06 0 -0.625 1.5 -6.68167e-06
-0.125 1.5 1 -3.9866e-06 0 -0.446429 1.5 -5.97988e-06
-0.075 1.5 1 -3.65891e-06 0 -0.267857 1.5 -5.48835e-06
-0.025 1.5 1.00001 -3.46964e-06 0 -0.0892857 1.5 -5.20444e-06
0.025 1.5 1.00001 -3.40367e-06 0 0.0892857 1.5 -5.10548e-06
0.075 1.49999 1.00001 -3.43364e-06 0 0.267857 1.5 -5.15044e-06
0.125 1.49999 1.00001 -3.52221e-06 0 0.446429 1.5 -5.28329e-06
0.175 1.49999 1.00001 -3.63084e-06 0 0.625 1.5 -5.44623e-06
0.225 1.49999 1.00001 -3.7169e-06 0 0.803571 1.5 -5.57532e-06
0.275 1.49999 1.00001 -3.73468e-06 0 0.982143 1.5 -5.60199e-06
0.325 1.49999 1.00001 -3.67192e-06 0 1.16071 1.5 -5.50785e-06
0.375 1.49999 1.00001 -3.51419e-06 0 1.33929 1.5 -5.27126e-06
0.425 1.49999 1.00001 -3.25855e-06 0 1.51786 1.5 -4.8878e-06
0.475 1.49999 1.00001 -2.91473e-06 0 1.69643 1.5 -4.37207e-06
0.525 1.49999 1.00001 -2.50179e-06 0 1.875 1.5 -3.75266e-06
0.575 1.49999 1 -2.04886e-06 0 2.05357 1.5 -3.07327e-06
0.625 1.49999 1 -1.59408e-06 0 2.23214 1.5 -2.3911e-06
0.675 1.49999 1 -1.1798e-06 0 2.41071 1.5 -1.76969e-06
0.725 1.49999 1 -8.46097e-07 0 2.58929 1.5 -1.26914e-06
0.775 1.49999 1 -6.32605e-07 0 2.76786 1.5 -9.48902e-07
0.825 1.49999 1 -5.64263e-07 0 2.94643 1.5 -8.4639e-07
0.875 1.49999 1 -6.46741e-07 0 3.125 1.5 -9.70106e-07
0.925 1.49999 1 -8.7286e-07 0 3.30357 1.5 -1.30928e-06
0.975 1.49999 1 -1.22671e-06 0 3.48214 1.5 -1.84006e-06
1.025 1.49999 1 -1.69059e-06 0 3.66071 1.5 -2.53587e-06
1.075 1.49999 1 -2.23874e-06 0 3.83929 1.5 -3.35809e-06
1.125 1.49999 1 -2.84044e-06 0 4.01786 1.5 -4.26065e-06
1.175 1.49999 1 -3.4647e-06 0 4.19643 1.5 -5.19703e-06
1.225 1.49999 1 -4.08289e-06 0 4.375 1.5 -6.1243e-06
1.275 1.49999 1 -4.66961e-06 0 4.55357 1.49999 -7.00438e-06
1.325 1.49999 1 -5.20784e-06 0 4.73214 1.49999 -7.81172e-06
1.375 1.49999 1 -5.69393e-06 0 4.91071 1.49999 -8.54084e-06
1.425 1.49999 0.999999 -6.13274e-06 0 5.08929 1.49999 -9.19907e-06
1.475 1.49999 0.999998 -6.53554e-06 0 5.26786 1.49999 -9.80326e-06
1.525 1.49999 0.999997 -6.92406e-06 0 5.44643 1.49999 -1.0386e-05
1.575 1.49999 0.999997 -7.32636e-06 0 5.625 1.49999 -1.09895e-05
1.625 1.49999 0.999996 -7.7738e-06 0 5.80357 1.49999 -1.16606e-05
1.675 1.49999 0.999996 -8.29888e-06 0 5.98214 1.49998 -1.24482e-05
1.725 1.49999 0.999995 -8.93173e-06 0 6.16071 1.49998 -1.33975e-05
1.775 1.49999 0.999995 -9.69707e-06 0 6.33929 1.49998 -1.45455e-05
1.825 1.49999 0.999995 -1.06124e-05 0 6.51786 1.49998 -1.59185e-05
1.875 1.49999 0.999995 -1.16852e-05 0 6.69643 1.49998 -1.75276e-05
1.925 1.49999 0.999994 -1.29117e-05 0 6.875 1.49998 -1.93674e-05
1.975 1.49999 0.999994 -1.42829e-05 0 7.05357 1.49998 -2.14242e-05
2.025 1.49999 0.999994 -1.57843e-05 0 7.23214 1.49998 -2.36763e-05
2.075 1.49999 0.999993 -1.73977e-05 0 7.41071 1.49998 -2.60963e-05
2.125 1.49999 0.999992 -1.91033e-05 0 7.58929 1.49998 -2.86547e-05
2.175 1.49999 0.999992 -2.08818e-05 0 7.76786 1.49997 -3.13224e-05
2.225 1.49999 0.999991 -2.27158e-05 0 7.94643 1.49997 -3.40734e-05
2.275 1.49999 0.99999 -2.45916e-05 0 8.125 1.49997 -3.68871e-05
2.325 1.49998 0.999989 -2.65006e-05 0 8.30357 1.49997 -3.97504e-05
2.375 1.49998 0.999988 -2.84404e-05 0 8.48214 1.49996 -4.26601e-05
2.425 1.49998 0.999987 -3.04159e-05 0 8.66071 1.49996 -4.56233e-05
2.475 1.49998 0.999986 -3.24422e-05 0 8.83929 1.49996 -4.86626e-05
2.525 1.49998 0.999985 -3.45415e-05 0 9.01786 1.49996 -5.18115e-05
2.575 1.49998 0.999984 -3.67417e-05 0 9.19643 1.49995 -5.51117e-05
2.625 1.49998 0.999984 -3.90736e-05 0 9.375 1.49995 -5.86095e-05
2.675 1.49998 0.999983 -4.15684e-05 0 9.55357 1.49995 -6.23515e-05
2.725 1.49997 0.999982 -4.42547e-05 0 9.73214 1.49995 -6.63809e-05
2.775 1.49997 0.999982 -4.71553e-05 0 9.91071 1.49994 -7.07316e-05
2.825 1.49997 0.999981 -5.02857e-05 0 10.0893 1.49994 -7.5427e-05
2.875 1.49997 0.99998 -5.36532e-05 0 10.2679 1.49994 -8.04782e-05
2.925 1.49997 0.99998 -5.72549e-05 0 10.4464 1.49994 -8.58805e-05
2.975 1.49996 0.999979 -6.10762e-05 0 10.625 1.49993 -9.16122e-05
3.025 1.49996 0.999977 -6.50925e-05 0 10.8036 1.49993 -9.76364e-05
3.075 1.49996 0.999976 -6.92724e-05 0 10.9821 1.49993 -0.000103906
3.125 1.49996 0.999975 -7.35811e-05 0 11.1607 1.49992 -0.000110369
3.175 1.49996 0.999973 -7.7985e-05 0 11.3393 1.49992 -0.000116974
3.225 1.49995 0.999971 -8.24507e-05 0 11.5179 1.49991 -0.000123672
3.275 1.49995 0.99997 -8.69346e-05 0 11.6964 1.49991 -0.000130398
3.325 1.49995 0.999968 -9.14009e-05 0 11.875 1.4999 -0.000137097
3.375 1.49995 0.999966 -9.58359e-05 0 12.0536 1.4999 -0.000143749
3.425 1.49995 0.999965 -0.000100248 0 12.2321 1.49989 -0.000150366
3.475 1.49994 0.999963 -0.000104658 0 12.4107 1.49989 -0.000156981
3.525 1.49994 0.999961 -0.000109033 0 12.5893 1.49988 -0.000163543
3.575 1.49994 0.999959 -0.000113311 0 12.7679 1.49988 -0.00016996
3.625 1.49994 0.999957 -0.000117463 0 12.9464 1.49988 -0.000176188
3.675 1.49994 0.999955 -0.000121477 0 13.125 1.49988 -0.000182209
3.725 1.49994 0.999953 -0.000125308 0 13.3036 1.49987 -0.000187955
3.775 1.49995 0.999951 -0.000128884 0 13.4821 1.49987 -0.000193319
3.825 1.49995 0.999948 -0.000132113 0 13.6607 1.49987 -0.000198163
3.875 1.49995 0.999945 -0.000134877 0 13.8393 1.49987 -0.000202309
3.925 1.49996 0.999942 -0.000137033 0 14.0179 1.49987 -0.000205544
3.975 1.49996 0.999938 -0.000138416 0 14.1964 1.49987 -0.000207618
4.025 1.49997 0.999934 -0.000138847 0 14.375 1.49987 -0.000208267
4.075 1.49998 0.99993 -0.000138151 0 14.5536 1.49987 -0.000207223
4.125 1.49999 0.999926 -0.000136143 0 14.7321 1.49987 -0.000204212
4.175 1.5 0.999921 -0.000132637 0 14.9107 1.49988 -0.000198955
4.225 1.50001 0.999917 -0.000127456 0 15.0893 1.49988 -0.000191185
4.275 1.50002 0.999911 -0.000120429 0 15.2679 1.49989 -0.000180646
4.325 1.50003 0.999906 -0.000111387 0 15.4464 1.49989 -0.000167085
4.375 1.50005 0.9999 -0.000100227 0 15.625 1.4999 -0.000150346
4.425 1.50006 0.999894 -8.71427e-05 0 15.8036 1.4999 -0.000130719
4.475 1.50007 0.999887 -7.23835e-05 0 15.9821 1.4999 -0.00010858
4.525 1.50008 0.99988 -5.62331e-05 0 16.1607 1.4999 -8.43538e-05
4.575 1.50008 0.999873 -3.89837e-05 0 16.3393 1.49989 -5.84786e-05
4.625 1.50008 0.999864 -2.09024e-05 0 16.5179 1.49988 -3.13553e-05
4.675 1.50008 0.999855 -2.11292e-06 0 16.6964 1.49986 -3.16955e-06
4.725 1.50007 0.999845 1.72199e-05 0 16.875 1.49984 2.58311e-05
4.775 1.50006 0.999835 3.66464e-05 0 17.0536 1.49981 5.49719e-05
4.825 1.50004 0.999824 5.54738e-05 0 17.2321 1.49978 8.3213e-05
4.875 1.50001 0.999812 7.28751e-05 0 17.4107 1.49973 0.000109313
4.925 1.49997 0.999799 8.80087e-05 0 17.5893 1.49967 0.00013201
4.975 1.49992 0.999786 0.000100118 0 17.7679 1.4996 0.000150169
5.025 1.49987 0.999772 0.000108584 0 17.9464 1.49953 0.000162862
5.075 1.49981 0.999756 0.000112944 0 18.125 1.49944 0.000169394
5.125 1.49975 0.99974 0.000112886 0 18.3036 1.49935 0.000169301
5.175 1.49968 0.999721 0.000108191 0 18.4821 1.49926 0.000162251
5.225 1.49961 0.999702 9.85508e-05 0 18.6607 1.49916 0.000147788
5.275 1.49954 0.999681 8.40274e-05 0 18.8393 1.49906 0.000126003
5.325 1.49948 0.999658 6.51005e-05 0 19.0179 1.49896 9.76166e-05
5.375 1.49941 0.999634 4.21646e-05 0 19.1964 1.49887 6.32221e-05
5.425 1.49935 0.999609 1.55079e-05 0 19.375 1.49877 2.32519e-05
5.475 1.49929 0.999581 -1.46642e-05 0 19.5536 1.49866 -2.1986e-05
5.525 1.49923 0.999551 -4.81764e-05 0 19.7321 1.49856 -7.22276e-05
5.575 1.49917 0.999519 -8.48833e-05 0 19.9107 1.49845 -0.000127254
5.625 1.49911 0.999485 -0.000124745 0 20.0893 1.49833 -0.000187006
5.675 1.49904 0.999448 -0.000167886 0 20.2679 1.49821 -0.000251668
5.725 1.49896 0.999409 -0.00021462 0 20.4464 1.49807 -0.000321707
5.775 1.49887 0.999366 -0.00026543 0 20.625 1.49792 -0.000397845
5.825 1.49878 0.999321 -0.000320911 0 20.8036 1.49776 -0.000480974
5.875 1.49867 0.999272 -0.000381708 0 20.9821 1.49758 -0.000572053
5.925 1.49855 0.99922 -0.000448465 0 21.1607 1.49739 -0.000672049
5.975 1.49844 0.999164 -0.000521366 0 21.3393 1.49719 -0.000781238
6.025 1.49834 0.999104 -0.000598827 0 21.5179 1.497 -0.000897249
6.075 1.49825 0.999039 -0.000679294 0 21.6964 1.49681 -0.00101775
6.125 1.49817 0.99897 -0.000761461 0 21.875 1.49663 -0.0011408
6.175 1.49809 0.998896 -0.000844306 0 22.0536 1.49644 -0.00126485
6.225 1.49802 0.998816 -0.000927065 0 22.2321 1.49625 -0.00138876
6.275 1.49794 0.998731 -0.00100919 0 22.4107 1.49604 -0.00151171
6.325 1.49786 0.998639 -0.00109019 0 22.5893 1.49583 -0.00163295
6.375 1.49778 0.99854 -0.00116982 0 22.7679 1.49559 -0.00175213
6.425 1.49768 0.998434 -0.00124829 0 22.9464 1.49534 -0.00186955
6.475 1.49757 0.99832 -0.00132642 0 23.125 1.49505 -0.0019864
6.525 1.49743 0.998198 -0.00140559 0 23.3036 1.49473 -0.00210477
6.575 1.49726 0.998068 -0.00148771 0 23.4821 1.49436 -0.00222748
6.625 1.49705 0.997927 -0.00157497 0 23.6607 1.49395 -0.00235782
6.675 1.49682 0.997777 -0.00166959 0 23.8393 1.49349 -0.00249908
6.725 1.49656 0.997615 -0.00177352 0 24.0179 1.49299 -0.00265417
6.775 1.49627 0.997442 -0.00188822 0 24.1964 1.49244 -0.00282528
6.825 1.49596 0.997256 -0.00201458 0 24.375 1.49186 -0.00301374
6.875 1.49564 0.997056 -0.00215294 0 24.5536 1.49124 -0.00322002
6.925 1.49531 0.996842 -0.0023032 0 24.7321 1.49058 -0.00344399
6.975 1.49496 0.996612 -0.00246507 0 24.9107 1.4899 -0.00368519
7.025 1.4946 0.996366 -0.00263831 0 25.0893 1.48917 -0.00394321
7.075 1.49422 0.996101 -0.00282289 0 25.2679 1.48839 -0.00421802
7.125 1.49381 0.995816 -0.00301925 0 25.4464 1.48756 -0.00451019
7.175 1.49338 0.995511 -0.00322823 0 25.625 1.48667 -0.00482097
7.225 1.4929 0.995184 -0.00345116 0 25.8036 1.48571 -0.00515224
7.275 1.49239 0.994832 -0.00368964 0 25.9821 1.48468 -0.00550637
7.325 1.49183 0.994455 -0.00394546 0 26.1607 1.48356 -0.00588595
7.375 1.49123 0.994051 -0.00422043 0 26.3393 1.48235 -0.00629361
7.425 1.49058 0.993617 -0.00451624 0 26.5179 1.48106 -0.0067318
7.475 1.48988 0.993152 -0.00483445 0 26.6964 1.47968 -0.00720274
7.525 1.48913 0.992653 -0.00517643 0 26.875 1.47819 -0.00770839
7.575 1.48834 0.992118 -0.00554347 0 27.0536 1.47661 -0.00825056
7.625 1.48749 0.991544 -0.00593689 0 27.2321 1.47491 -0.00883107
7.675 1.48658 0.990928 -0.00635814 0 27.4107 1.4731 -0.0094519
7.725 1.48561 0.990268 -0.00680888 0 27.5893 1.47115 -0.0101154
7.775 1.48457 0.98956 -0.00729103 0 27.7679 1.46907 -0.0108241
7.825 1.48346 0.988801 -0.00780679 0 27.9464 1.46685 -0.0115811
7.875 1.48227 0.987986 -0.00835856 0 28.125 1.46446 -0.0123896
7.925 1.48099 0.987112 -0.00894893 0 28.3036 1.4619 -0.0132532
7.975 1.47962 0.986176 -0.00958064 0 28.4821 1.45916 -0.0141757
8.025 1.47815 0.985171 -0.0102565 0 28.6607 1.45623 -0.0151606
8.075 1.47658 0.984094 -0.0109794 0 28.8393 1.45309 -0.0162119
8.125 1.4749 0.982939 -0.0117522 0 29.0179 1.44974 -0.0173334
8.175 1.47311 0.9817 -0.0125781 0 29.1964 1.44615 -0.0185289
8.225 1.4712 0.980373 -0.0134602 0 29.375 1.44232 -0.0198025
8.275 1.46915 0.978951 -0.0144018 0 29.5536 1.43822 -0.0211583
8.325 1.46696 0.977427 -0.0154064 0 29.7321 1.43385 -0.0226006
8.375 1.46462 0.975795 -0.0164777 0 29.9107 1.42917 -0.0241337
8.425 1.46212 0.974046 -0.0176195 0 30.0893 1.42418 -0.0257619
8.475 1.45946 0.972173 -0.0188355 0 30.2679 1.41885 -0.0274897
8.525 1.45662 0.970167 -0.0201299 0 30.4464 1.41316 -0.0293215
8.575 1.45358 0.96802 -0.0215068 0 30.625 1.4071 -0.0312619
8.625 1.45035 0.965721 -0.0229704 0 30.8036 1.40063 -0.0333151
8.675 1.44691 0.96326 -0.0245249 0 30.9821 1.39375 -0.0354852
8.725 1.44324 0.960626 -0.0261746 0 31.1607 1.38641 -0.0377761
8.775 1.43933 0.957808 -0.0279238 0 31.3393 1.37861 -0.0401916
8.825 1.43518 0.954794 -0.029777 0 31.5179 1.3703 -0.0427353
8.875 1.43077 0.951571 -0.0317382 0 31.6964 1.36147 -0.04541
8.925 1.42608 0.948124 -0.0338116 0 31.875 1.3521 -0.048218
8.975 1.4211 0.944442 -0.0360008 0 32.0536 1.34214 -0.0511607
9.025 1.41582 0.940507 -0.0383091 0 32.2321 1.33159 -0.0542388
9.075 1.41022 0.936305 -0.0407396 0 32.4107 1.3204 -0.057452
9.125 1.4043 0.93182 -0.0432948 0 32.5893 1.30856 -0.0607989
9.175 1.39804 0.927036 -0.0459762 0 32.7679 1.29603 -0.0642764
9.225 1.39141 0.921933 -0.0487846 0 32.9464 1.28279 -0.0678797
9.275 1.38443 0.916496 -0.0517196 0 33.125 1.26882 -0.0716021
9.325 1.37706 0.910705 -0.0547798 0 33.3036 1.2541 -0.0754351
9.375 1.3693 0.904541 -0.0579625 0 33.4821 1.23859 -0.0793683
9.425 1.36115 0.897986 -0.0612633 0 33.6607 1.22229 -0.0833885
9.475 1.35259 0.89102 -0.0646757 0 33.8393 1.20518 -0.0874795
9.525 1.34361 0.883624 -0.0681907 0 34.0179 1.18725 -0.091622
9.575 1.33422 0.875778 -0.0717973 0 34.1964 1.16848 -0.0957936
9.625 1.32441 0.867465 -0.0754818 0 34.375 1.14888 -0.0999691
9.675 1.31419 0.858667 -0.0792276 0 34.5536 1.12845 -0.10412
9.725 1.30355 0.849367 -0.0830143 0 34.7321 1.10719 -0.108213
9.775 1.2925 0.839552 -0.0868174 0 34.9107 1.08512 -0.112212
9.825 1.28106 0.829207 -0.0906079 0 35.0893 1.06227 -0.116074
9.875 1.26924 0.818322 -0.0943531 0 35.2679 1.03865 -0.119757
9.925 1.25706 0.80689 -0.0980159 0 35.4464 1.01431 -0.123212
9.975 1.24454 0.79491 -0.101554 0 35.625 0.989294 -0.126388
10.025 1.23171 0.782386 -0.10492 0 35.8036 0.963673 -0.129232
10.075 1.21862 0.769329 -0.108061 0 35.9821 0.937516 -0.131684
10.125 1.20529 0.755756 -0.110916 0 36.1607 0.910907 -0.133686
10.175 1.19179 0.741691 -0.113424 0 36.3393 0.883941 -0.135178
10.225 1.17817 0.72717 -0.115518 0 36.5179 0.856726 -0.1361
10.275 1.16449 0.712239 -0.117129 0 36.6964 0.829393 -0.136395
10.325 1.15084 0.696958 -0.118179 0 36.875 0.802085 -0.136005
10.375 1.13728 0.681407 -0.11859 0 37.0536 0.774951 -0.13487
10.425 1.1239 0.665691 -0.118288 0 37.2321 0.748171 -0.132944
10.475 1.11077 0.649908 -0.117206 0 37.4107 0.721899 -0.130188
10.525 1.09797 0.634149 -0.115269 0 37.5893 0.696274 -0.126562
10.575 1.08558 0.61854 -0.112414 0 37.7679 0.671476 -0.122034
10.625 1.0737 0.603223 -0.108588 0 37.9464 0.647679 -0.116591
10.675 1.06241 0.588347 -0.103755 0 38.125 0.625065 -0.11023
10.725 1.0518 0.574077 -0.0978941 0 38.3036 0.603815 -0.102965
10.775 1.04197 0.560583 -0.091006 0 38.4821 0.584109 -0.0948254
10.825 1.03299 0.548037 -0.083109 0 38.6607 0.566118 -0.085851
10.875 1.02495 0.536611 -0.0742434 0 38.8393 0.550001 -0.0760961
10.925 1.01793 0.526467 -0.0644744 0 39.0179 0.535906 -0.0656303
10.975 1.01198 0.517761 -0.053893 0 39.1964 0.523964 -0.0545386
11.025 1.00717 0.51063 -0.0426132 0 39.375 0.514291 -0.0429187
11.075 1.00354 0.505194 -0.0307684 0 39.5536 0.506982 -0.0308773
11.125 1.00112 0.501544 -0.0185099 0 39.7321 0.502107 -0.0185307
11.175 0.999997 0.499745 -0.00599037 0 39.9107 0.499744 -0.00599035
11.225 0.999851 0.499827 0.00657367 0 40.0893 0.499752 0.00657269
11.275 1.00072 0.50178 0.0189101 0 40.2679 0.502141 0.0189237
11.325 1.00323 0.505561 0.0309484 0 40.4464 0.507192 0.0310483
11.375 1.00708 0.511103 0.0425794 0 40.625 0.514724 0.0428811
11.425 1.01205 0.518315 0.0536592 0 40.8036 0.524563 0.054306
11.475 1.01811 0.527079 0.0640507 0 40.9821 0.536624 0.0652105
11.525 1.02523 0.537258 0.0736451 0 41.1607 0.550815 0.0755034
11.575 1.03337 0.548698 0.0823589 0 41.3393 0.567007 0.085107
11.625 1.04243 0.561238 0.0901306 0 41.5179 0.585049 0.0939544
11.675 1.05233 0.574707 0.096921 0 41.6964 0.604779 0.101993
11.725 1.06299 0.588934 0.102713 0 41.875 0.62603 0.109183
11.775 1.07433 0.603754 0.107509 0 42.0536 0.648628 0.1155
11.825 1.08625 0.619011 0.11133 0 42.2321 0.672398 0.120932
11.875 1.09866 0.634555 0.114211 0 42.4107 0.697161 0.125479
11.925 1.11149 0.650249 0.116204 0 42.5893 0.722742 0.129159
11.975 1.12465 0.665965 0.117364 0 42.7679 0.748975 0.131993
12.025 1.13802 0.681586 0.117751 0 42.9464 0.775661 0.134003
12.075 1.15152 0.696993 0.117433 0 43.125 0.802599 0.135227
12.125 1.16506 0.712117 0.116487 0 43.3036 0.829659 0.135715
12.175 1.1786 0.72691 0.114984 0 43.4821 0.856734 0.13552
12.225 1.19207 0.741314 0.112992 0 43.6607 0.883698 0.134694
12.275 1.20543 0.755284 0.110581 0 43.8393 0.910442 0.133298
12.325 1.21863 0.768782 0.107816 0 44.0179 0.936857 0.131387
12.375 1.23161 0.781781 0.10476 0 44.1964 0.962848 0.129023
12.425 1.24434 0.794262 0.101471 0 44.375 0.98833 0.126265
12.475 1.25678 0.806215 0.0980028 0 44.5536 1.01323 0.123168
12.525 1.26889 0.817634 0.0944019 0 44.7321 1.03749 0.119786
12.575 1.28066 0.82852 0.0907113 0 44.9107 1.06105 0.11617
12.625 1.29206 0.838875 0.0869693 0 45.0893 1.08388 0.11237
12.675 1.30307 0.848709 0.0832094 0 45.2679 1.10593 0.108428
12.725 1.31369 0.858031 0.0794604 0 45.4464 1.12719 0.104386
12.775 1.3239 0.866854 0.0757469 0 45.625 1.14763 0.100281
12.825 1.33369 0.875194 0.0720897 0 45.8036 1.16724 0.0961456
12.875 1.34308 0.883066 0.0685063 0 45.9821 1.18603 0.0920092
12.925 1.35205 0.89049 0.0650109 0 46.1607 1.20398 0.0878978
12.975 1.36061 0.897484 0.0616149 0 46.3393 1.22112 0.0838338
13.025 1.36877 0.904067 0.0583271 0 46.5179 1.23746 0.0798362
13.075 1.37653 0.910258 0.0551539 0 46.6964 1.253 0.0759211
13.125 1.38391 0.916076 0.0521002 0 46.875 1.26777 0.072102
13.175 1.39091 0.921539 0.049169 0 47.0536 1.28178 0.0683897
13.225 1.39755 0.926667 0.0463619 0 47.2321 1.29506 0.0647931
13.275 1.40383 0.931478 0.0436794 0 47.4107 1.30764 0.0613186
13.325 1.40978 0.935988 0.0411207 0 47.5893 1.31954 0.0579711
13.375 1.4154 0.940215 0.0386846 0 47.7679 1.33078 0.054754
13.425 1.4207 0.944174 0.0363689 0 47.9464 1.34139 0.0516692
13.475 1.4257 0.947883 0.034171 0 48.125 1.3514 0.0487176
13.525 1.43041 0.951354 0.0320878 0 48.3036 1.36083 0.0458988
13.575 1.43485 0.954603 0.0301158 0 48.4821 1.36972 0.0432118
13.625 1.43903 0.957643 0.0282515 0 48.6607 1.37808 0.0406548
13.675 1.44296 0.960487 0.0264908 0 48.8393 1.38595 0.0382252
13.725 1.44666 0.963146 0.0248297 0 49.0179 1.39334 0.0359201
13.775 1.45013 0.965632 0.0232642 0 49.1964 1.40029 0.033736
13.825 1.45338 0.967956 0.02179 0 49.375 1.40681 0.0316692
13.875 1.45644 0.970128 0.0204029 0 49.5536 1.41294 0.0297156
13.925 1.45931 0.972157 0.0190987 0 49.7321 1.41868 0.0278709
13.975 1.462 0.974053 0.0178733 0 49.9107 1.42407 0.0261308
14.025 1.46452 0.975823 0.0167226 0 50.0893 1.42911 0.0244906
14.075 1.46689 0.977476 0.0156425 0 50.2679 1.43384 0.0229457
14.125 1.4691 0.979019 0.0146292 0 50.4464 1.43828 0.0214917
14.175 1.47117 0.980459 0.0136789 0 50.625 1.44242 0.020124
14.225 1.47311 0.981804 0.0127879 0 50.8036 1.44631 0.018838
14.275 1.47493 0.983058 0.0119528 0 50.9821 1.44994 0.0176295
14.325 1.47663 0.984229 0.0111702 0 51.1607 1.45334 0.0164942
14.375 1.47822 0.985322 0.0104369 0 51.3393 1.45652 0.0154281
14.425 1.4797 0.986341 0.00975009 0 51.5179 1.45949 0.0144273
14.475 1.4811 0.987293 0.00910682 0 51.6964 1.46227 0.0134881
14.525 1.48239 0.988181 0.0085045 0 51.875 1.46487 0.012607
14.575 1.48361 0.98901 0.00794064 0 52.0536 1.46731 0.0117808
14.625 1.48474 0.989784 0.00741293 0 52.2321 1.46958 0.0110063
14.675 1.4858 0.990507 0.00691921 0 52.4107 1.4717 0.0102806
14.725 1.48679 0.991182 0.00645743 0 52.5893 1.47368 0.00960088
14.775 1.48772 0.991812 0.00602569 0 52.7679 1.47554 0.00896454
14.825 1.48858 0.9924 0.00562217 0 52.9464 1.47727 0.00836907
14.875 1.48939 0.992949 0.00524517 0 53.125 1.47889 0.0078121
14.925 1.49014 0.993461 0.00489306 0 53.3036 1.4804 0.00729135
14.975 1.49084 0.99394 0.00456428 0 53.4821 1.48181 0.00680462
15.025 1.4915 0.994386 0.00425733 0 53.6607 1.48312 0.0063498
15.075 1.49211 0.994802 0.0039708 0 53.8393 1.48435 0.00592486
15.125 1.49268 0.995189 0.00370329 0 54.0179 1.4855 0.00552782
15.175 1.49321 0.99555 0.00345349 0 54.1964 1.48657 0.00515679
15.225 1.49371 0.995886 0.00322014 0 54.375 1.48756 0.00480994
15.275 1.49417 0.996199 0.00300203 0 54.5536 1.48849 0.00448555
15.325 1.4946 0.996489 0.00279803 0 54.7321 1.48936 0.00418195
15.375 1.49501 0.99676 0.00260708 0 54.9107 1.49016 0.0038976
15.425 1.49538 0.997011 0.00242819 0 55.0893 1.49091 0.00363107
15.475 1.49573 0.997244 0.00226044 0 55.2679 1.49161 0.00338101
15.525 1.49605 0.997461 0.00210302 0 55.4464 1.49226 0.00314623
15.575 1.49636 0.997662 0.00195517 0 55.625 1.49286 0.00292563
15.625 1.49664 0.997848 0.00181623 0 55.8036 1.49342 0.00271824
15.675 1.4969 0.998022 0.00168562 0 55.9821 1.49394 0.0025232
15.725 1.49714 0.998182 0.00156282 0 56.1607 1.49442 0.00233976
15.775 1.49737 0.998332 0.00144737 0 56.3393 1.49487 0.00216725
15.825 1.49757 0.99847 0.00133889 0 56.5179 1.49528 0.00200508
15.875 1.49776 0.998598 0.001237 0 56.6964 1.49566 0.00185274
15.925 1.49794 0.998717 0.0011414 0 56.875 1.49602 0.00170974
15.975 1.49811 0.998826 0.00105178 0 57.0536 1.49635 0.00157568
16.025 1.49826 0.998928 0.000967889 0 57.2321 1.49665 0.00145015
16.075 1.49839 0.999021 0.000889451 0 57.4107 1.49693 0.00133275
16.125 1.49852 0.999106 0.0008162 0 57.5893 1.49718 0.00122309
16.175 1.49864 0.999184 0.000747864 0 57.7679 1.49742 0.00112078
16.225 1.49875 0.999255 0.000684171 0 57.9464 1.49763 0.0010254
16.275 1.49884 0.999319 0.000624846 0 58.125 1.49782 0.000936545
16.325 1.49893 0.999377 0.00056961 0 58.3036 1.498 0.000853806
16.375 1.49901 0.999429 0.00051818 0 58.4821 1.49816 0.000776759
16.425 1.49909 0.999474 0.000470276 0 58.6607 1.4983 0.000704984
16.475 1.49915 0.999514 0.000425627 0 58.8393 1.49842 0.00063808
16.525 1.49921 0.999549 0.000383974 0 59.0179 1.49854 0.000575659
16.575 1.49927 0.999579 0.000345072 0 59.1964 1.49864 0.000517355
16.625 1.49932 0.999605 0.000308695 0 59.375 1.49872 0.000462831
16.675 1.49936 0.999626 0.000274663 0 59.5536 1.4988 0.000411819
16.725 1.4994 0.999644 0.000242847 0 59.7321 1.49886 0.000364125
16.775 1.49943 0.999658 0.000213149 0 59.9107 1.49892 0.000319602
16.825 1.49946 0.99967 0.000185483 0 60.0893 1.49897 0.000278125
16.875 1.49949 0.999678 0.000159786 0 60.2679 1.49901 0.000239598
16.925 1.49951 0.999685 0.000136035 0 60.4464 1.49904 0.000203986
16.975 1.49953 0.99969 0.000114251 0 60.625 1.49906 0.000171323
17.025 1.49954 0.999693 9.44859e-05 0 60.8036 1.49908 0.000141686
17.075 1.49956 0.999695 7.67937e-05 0 60.9821 1.4991 0.000115156
17.125 1.49957 0.999696 6.12115e-05 0 61.1607 1.49911 9.17906e-05
17.175 1.49957 0.999696 4.77891e-05 0 61.3393 1.49912 7.16634e-05
17.225 1.49958 0.999696 3.65731e-05 0 61.5179 1.49912 5.48443e-05
17.275 1.49958 0.999694 2.74917e-05 0 61.6964 1.49913 4.12261e-05
17.325 1.49959 0.999693 2.05129e-05 0 61.875 1.49913 3.07609e-05
17.375 1.49959 0.999691 1.55873e-05 0 62.0536 1.49913 2.33746e-05
17.425 1.49959 0.999689 1.2649e-05 0 62.2321 1.49913 1.89683e-05
17.475 1.49959 0.999687 1.16064e-05 0 62.4107 1.49913 1.74049e-05
17.525 1.4996 0.999685 1.23365e-05 0 62.5893 1.49912 1.84998e-05
17.575 1.4996 0.999683 1.46743e-05 0 62.7679 1.49912 2.20055e-05
17.625 1.4996 0.999681 1.84393e-05 0 62.9464 1.49912 2.76516e-05
17.675 1.4996 0.999679 2.34192e-05 0 63.125 1.49912 3.51195e-05
17.725 1.49961 0.999678 2.93883e-05 0 63.3036 1.49913 4.40709e-05
17.775 1.49961 0.999677 3.61276e-05 0 63.4821 1.49913 5.41774e-05
17.825 1.49962 0.999677 4.342e-05 0 63.6607 1.49914 6.51135e-05
17.875 1.49963 0.999678 5.10518e-05 0 63.8393 1.49914 7.65586e-05
17.925 1.49963 0.99968 5.88964e-05 0 64.0179 1.49916 8.83231e-05
17.975 1.49964 0.999684 6.68074e-05 0 64.1964 1.49917 0.000100187
18.025 1.49965 0.999689 7.46517e-05 0 64.375 1.49919 0.000111952
18.075 1.49967 0.999695 8.23161e-05 0 64.5536 1.49921 0.000123447
18.125 1.49968 0.999703 8.97098e-05 0 64.7321 1.49923 0.000134536
18.175 1.49969 0.999713 9.67635e-05 0 64.9107 1.49926 0.000145116
18.225 1.49971 0.999725 0.000103429 0 65.0893 1.4993 0.000155113
18.275 1.49972 0.999739 0.000109676 0 65.2679 1.49933 0.000164483
18.325 1.49974 0.999754 0.000115489 0 65.4464 1.49937 0.000173204
18.375 1.49976 0.999771 0.000120862 0 65.625 1.49942 0.000181264
18.425 1.49978 0.99979 0.000125787 0 65.8036 1.49946 0.000188653
18.475 1.4998 0.999811 0.000130254 0 65.9821 1.49951 0.000195354
18.525 1.49982 0.999833 0.000134239 0 66.1607 1.49957 0.000201334
18.575 1.49984 0.999855 0.000137701 0 66.3393 1.49962 0.000206529
18.625 1.49986 0.999879 0.000140578 0 66.5179 1.49968 0.000210847
18.675 1.49988 0.999903 0.000142796 0 66.6964 1.49973 0.000214176
18.725 1.4999 0.999927 0.000144272 0 66.875 1.49979 0.000216394
18.775 1.49992 0.999951 0.000144912 0 67.0536 1.49985 0.000217356
18.825 1.49995 0.999975 0.000144594 0 67.2321 1.49991 0.000216883
18.875 1.49997 0.999998 0.000143227 0 67.4107 1.49996 0.000214835
18.925 1.49999 1.00002 0.000140695 0 67.5893 1.50002 0.000211041
18.975 1.50001 1.00004 0.000136902 0 67.7679 1.50007 0.000205354
19.025 1.50003 1.00006 0.000131784 0 67.9464 1.50012 0.00019768
19.075 1.50005 1.00008 0.000125317 0 68.125 1.50017 0.000187982
19.125 1.50007 1.0001 0.000117504 0 68.3036 1.50021 0.000176263
19.175 1.50008 1.00011 0.000108365 0 68.4821 1.50025 0.000162556
19.225 1.5001 1.00012 9.79408e-05 0 68.6607 1.50028 0.000146921
19.275 1.50011 1.00013 8.63013e-05 0 68.8393 1.50031 0.000129462
19.325 1.50012 1.00014 7.35484e-05 0 69.0179 1.50034 0.000110332
19.375 1.50013 1.00015 5.98192e-05 0 69.1964 1.50036 8.97368e-05
19.425 1.50014 1.00016 4.52875e-05 0 69.375 1.50038 6.79376e-05
19.475 1.50015 1.00016 3.01609e-05 0 69.5536 1.50039 4.52458e-05
19.525 1.50015 1.00016 1.46583e-05 0 69.7321 1.50039 2.19897e-05
19.575 1.50015 1.00016 -8.93822e-07 0 69.9107 1.50039 -1.34087e-06
19.625 1.50015 1.00016 -1.61622e-05 0 70.0893 1.50039 -2.42457e-05
19.675 1.50015 1.00015 -3.09315e-05 0 70.2679 1.50038 -4.64018e-05
19.725 1.50014 1.00015 -4.50549e-05 0 70.4464 1.50036 -6.75887e-05
19.775 1.50013 1.00014 -5.83667e-05 0 70.625 1.50035 -8.75578e-05
19.825 1.50012 1.00013 -7.06471e-05 0 70.8036 1.50032 -0.000105979
19.875 1.50011 1.00012 -8.16697e-05 0 70.9821 1.50029 -0.000122514
19.925 1.5001 1.00011 -9.12339e-05 0 71.1607 1.50026 -0.00013686
19.975 1.50008 1.0001 -9.91784e-05 0 71.3393 1.50023 -0.000148776
