-19.975 1.49364 0.99581 0.00322019 0 -49.9375 1.48738 0.00480978
-19.925 1.4941 0.996123 0.00300412 0 -49.8125 1.48831 0.00448846
-19.875 1.49453 0.996415 0.00280245 0 -49.6875 1.48917 0.00418834
-19.825 1.49493 0.996687 0.00261419 0 -49.5625 1.48998 0.00390805
-19.775 1.49531 0.996941 0.00243848 0 -49.4375 1.49074 0.00364628
-19.725 1.49566 0.997177 0.00227446 0 -49.3125 1.49144 0.00340181
-19.675 1.49599 0.997398 0.00212134 0 -49.1875 1.4921 0.00317351
-19.625 1.49629 0.997603 0.00197839 0 -49.0625 1.49271 0.00296026
-19.575 1.49658 0.997794 0.00184491 0 -48.9375 1.49328 0.00276105
-19.525 1.49684 0.997972 0.00172021 0 -48.8125 1.49381 0.00257489
-19.475 1.49709 0.998138 0.00160369 0 -48.6875 1.4943 0.00240088
-19.425 1.49732 0.998292 0.00149476 0 -48.5625 1.49477 0.00223814
-19.375 1.49754 0.998436 0.00139287 0 -48.4375 1.4952 0.00208588
-19.325 1.49774 0.99857 0.00129753 0 -48.3125 1.4956 0.00194337
-19.275 1.49793 0.998695 0.00120828 0 -48.1875 1.49597 0.00180992
-19.225 1.4981 0.99881 0.00112469 0 -48.0625 1.49632 0.0016849
-19.175 1.49826 0.998918 0.00104636 0 -47.9375 1.49664 0.00156772
-19.125 1.49841 0.999019 0.000972921 0 -47.8125 1.49694 0.00145784
-19.075 1.49855 0.999112 0.000904025 0 -47.6875 1.49722 0.00135473
-19.025 1.49868 0.999199 0.000839345 0 -47.5625 1.49748 0.00125791
-18.975 1.4988 0.999279 0.000778581 0 -47.4375 1.49772 0.00116694
-18.925 1.49892 0.999354 0.000721456 0 -47.3125 1.49795 0.0010814
-18.875 1.49902 0.999423 0.00066772 0 -47.1875 1.49815 0.00100093
-18.825 1.49912 0.999487 0.000617153 0 -47.0625 1.49835 0.000925184
-18.775 1.4992 0.999546 0.00056956 0 -46.9375 1.49852 0.000853886
-18.725 1.49929 0.9996 0.000524769 0 -46.8125 1.49869 0.000786779
-18.675 1.49936 0.999651 0.00048263 0 -46.6875 1.49884 0.000723636
-18.625 1.49943 0.999697 0.000443002 0 -46.5625 1.49898 0.00066425
-18.575 1.49949 0.99974 0.000405754 0 -46.4375 1.4991 0.000608425
-18.525 1.49955 0.999778 0.000370758 0 -46.3125 1.49922 0.000555971
-18.475 1.4996 0.999814 0.000337889 0 -46.1875 1.49933 0.000506699
-18.425 1.49965 0.999846 0.000307019 0 -46.0625 1.49942 0.000460422
-18.375 1.4997 0.999875 0.000278022 0 -45.9375 1.49951 0.000416949
-18.325 1.49974 0.999902 0.00025077 0 -45.8125 1.49959 0.000376088
-18.275 1.49977 0.999925 0.000225137 0 -45.6875 1.49966 0.000337654
-18.225 1.4998 0.999946 0.000201009 0 -45.5625 1.49972 0.000301474
-18.175 1.49983 0.999964 0.000178284 0 -45.4375 1.49978 0.000267397
-18.125 1.49986 0.99998 0.000156876 0 -45.3125 1.49983 0.000235292
-18.075 1.49988 0.999993 0.000136713 0 -45.1875 1.49987 0.000205053
-18.025 1.4999 1 0.000117733 0 -45.0625 1.4999 0.000176588
-17.975 1.49991 1.00001 9.98845e-05 0 -44.9375 1.49993 0.000149818
-17.925 1.49993 1.00002 8.31227e-05 0 -44.8125 1.49996 0.000124678
-17.875 1.49994 1.00002 6.74099e-05 0 -44.6875 1.49997 0.000101111
-17.825 1.49995 1.00003 5.27114e-05 0 -44.5625 1.49999 7.90643e-05
-17.775 1.49995 1.00003 3.89835e-05 0 -44.4375 1.5 5.84733e-05
-17.725 1.49996 1.00003 2.62881e-05 0 -44.3125 1.5 3.9431e-05
-17.675 1.49996 1.00003 1.45684e-05 0 -44.1875 1.5 2.18521e-05
-17.625 1.49996 1.00002 3.70617e-06 0 -44.0625 1.5 5.55912e-06
-17.575 1.49996 1.00002 -6.34944e-06 0 -43.9375 1.49999 -9.52392e-06
-17.525 1.49996 1.00001 -1.55532e-05 0 -43.8125 1.49998 -2.33291e-05
-17.475 1.49996 1 -2.39843e-05 0 -43.6875 1.49996 -3.59755e-05
-17.425 1.49995 0.999995 -3.17412e-05 0 -43.5625 1.49995 -4.76103e-05
-17.375 1.49995 0.999986 -3.88643e-05 0 -43.4375 1.49993 -5.82944e-05
-17.325 1.49994 0.999976 -4.53533e-05 0 -43.3125 1.49991 -6.80273e-05
-17.275 1.49993 0.999966 -5.12016e-05 0 -43.1875 1.49988 -7.6799e-05
-17.225 1.49993 0.999955 -5.64072e-05 0 -43.0625 1.49986 -8.46066e-05
-17.175 1.49992 0.999943 -6.09664e-05 0 -42.9375 1.49983 -9.14445e-05
-17.125 1.49991 0.999932 -6.48695e-05 0 -42.8125 1.4998 -9.72982e-05
-17.075 1.4999 0.99992 -6.81048e-05 0 -42.6875 1.49978 -0.00010215
-17.025 1.49989 0.999908 -7.06632e-05 0 -42.5625 1.49975 -0.000105987
-16.975 1.49988 0.999895 -7.25339e-05 0 -42.4375 1.49972 -0.000108792
-16.925 1.49987 0.999883 -7.36994e-05 0 -42.3125 1.49969 -0.000110539
-16.875 1.49985 0.999872 -7.41438e-05 0 -42.1875 1.49966 -0.000111205
-16.825 1.49984 0.99986 -7.38565e-05 0 -42.0625 1.49963 -0.000110773
-16.775 1.49983 0.999849 -7.28357e-05 0 -41.9375 1.49961 -0.000109241
-16.725 1.49982 0.999838 -7.10793e-05 0 -41.8125 1.49958 -0.000106606
-16.675 1.49981 0.999828 -6.8594e-05 0 -41.6875 1.49955 -0.000102878
-16.625 1.4998 0.999819 -6.53913e-05 0 -41.5625 1.49953 -9.80739e-05
-16.575 1.49979 0.99981 -6.14892e-05 0 -41.4375 1.49951 -9.2221e-05
-16.525 1.49978 0.999802 -5.69121e-05 0 -41.3125 1.49949 -8.53558e-05
-16.475 1.49977 0.999795 -5.16907e-05 0 -41.1875 1.49947 -7.75245e-05
-16.425 1.49977 0.999788 -4.58641e-05 0 -41.0625 1.49945 -6.87855e-05
-16.375 1.49976 0.999783 -3.94802e-05 0 -40.9375 1.49944 -5.92109e-05
-16.325 1.49976 0.999779 -3.2593e-05 0 -40.8125 1.49942 -4.88816e-05
-16.275 1.49975 0.999775 -2.52564e-05 0 -40.6875 1.49941 -3.78783e-05
-16.225 1.49975 0.999773 -1.75201e-05 0 -40.5625 1.49941 -2.62758e-05
-16.175 1.49975 0.999771 -9.43286e-06 0 -40.4375 1.4994 -1.41469e-05
-16.125 1.49975 0.999771 -1.0745e-06 0 -40.3125 1.4994 -1.61147e-06
-16.075 1.49975 0.999772 7.43091e-06 0 -40.1875 1.4994 1.11445e-05
-16.025 1.49975 0.999774 1.60029e-05 0 -40.0625 1.49941 2.40002e-05
-15.975 1.49975 0.999776 2.46495e-05 0 -39.9375 1.49941 3.69681e-05
-15.925 1.49975 0.99978 3.33631e-05 0 -39.8125 1.49942 5.00364e-05
-15.875 1.49976 0.999785 4.20916e-05 0 -39.6875 1.49944 6.31273e-05
-15.825 1.49977 0.999791 5.07548e-05 0 -39.5625 1.49945 7.61204e-05
-15.775 1.49978 0.999798 5.92656e-05 0 -39.4375 1.49947 8.88852e-05
-15.725 1.49979 0.999806 6.75342e-05 0 -39.3125 1.4995 0.000101287
-15.675 1.4998 0.999815 7.54648e-05 0 -39.1875 1.49952 0.000113182
-15.625 1.49981 0.999825 8.29566e-05 0 -39.0625 1.49955 0.000124419
-15.575 1.49982 0.999836 8.9909e-05 0 -38.9375 1.49958 0.000134847
-15.525 1.49984 0.999848 9.62294e-05 0 -38.8125 1.49961 0.000144328
-15.475 1.49985 0.999861 0.000101842 0 -38.6875 1.49964 0.000152747
-15.425 1.49986 0.999874 0.000106691 0 -38.5625 1.49968 0.000160023
-15.375 1.49988 0.999888 0.000110747 0 -38.4375 1.49971 0.000166107
-15.325 1.4999 0.999903 0.000113993 0 -38.3125 1.49975 0.000170977
-15.275 1.49992 0.999919 0.000116427 0 -38.1875 1.49979 0.000174631
-15.225 1.49993 0.999935 0.000118055 0 -38.0625 1.49984 0.000177075
-15.175 1.49995 0.999951 0.00011889 0 -37.9375 1.49988 0.000178329
-15.125 1.49997 0.999967 0.000118925 0 -37.8125 1.49992 0.000178385
-15.075 1.49999 0.999984 0.000118137 0 -37.6875 1.49996 0.000177204
-15.025 1.50001 1 0.000116494 0 -37.5625 1.50001 0.000174741
-14.975 1.50002 1.00002 0.000113985 0 -37.4375 1.50005 0.00017098
-14.925 1.50004 1.00003 0.000110605 0 -37.3125 1.50009 0.000165912
-14.875 1.50006 1.00005 0.000106361 0 -37.1875 1.50013 0.000159547
-14.825 1.50007 1.00006 0.000101268 0 -37.0625 1.50017 0.000151909
-14.775 1.50009 1.00008 9.53539e-05 0 -36.9375 1.50021 0.000143039
-14.725 1.5001 1.00009 8.8658e-05 0 -36.8125 1.50024 0.000132996
-14.675 1.50011 1.00011 8.12364e-05 0 -36.6875 1.50027 0.000121864
-14.625 1.50012 1.00012 7.3158e-05 0 -36.5625 1.5003 0.000109746
-14.575 1.50013 1.00013 6.44993e-05 0 -36.4375 1.50033 9.67575e-05
-14.525 1.50014 1.00014 5.53412e-05 0 -36.3125 1.50036 8.30196e-05
-14.475 1.50015 1.00015 4.57712e-05 0 -36.1875 1.50038 6.86637e-05
-14.425 1.50016 1.00016 3.58842e-05 0 -36.0625 1.5004 5.38319e-05
-14.375 1.50016 1.00017 2.57782e-05 0 -35.9375 1.50041 3.86715e-05
-14.325 1.50016 1.00017 1.55498e-05 0 -35.8125 1.50042 2.33272e-05
-14.275 1.50017 1.00018 5.29354e-06 0 -35.6875 1.50043 7.94119e-06
-14.225 1.50017 1.00018 -4.92729e-06 0 -35.5625 1.50043 -7.39176e-06
-14.175 1.50017 1.00018 -1.49014e-05 0 -35.4375 1.50043 -2.23545e-05
-14.125 1.50016 1.00018 -2.44726e-05 0 -35.3125 1.50043 -3.67129e-05
-14.075 1.50016 1.00017 -3.37372e-05 0 -35.1875 1.50042 -5.06112e-05
-14.025 1.50015 1.00017 -4.26616e-05 0 -35.0625 1.50041 -6.39989e-05
-13.975 1.50014 1.00016 -5.11683e-05 0 -34.9375 1.50039 -7.67598e-05
-13.925 1.50014 1.00015 -5.91729e-05 0 -34.8125 1.50037 -8.87674e-05
-13.875 1.50013 1.00015 -6.66056e-05 0 -34.6875 1.50034 -9.99169e-05
-13.825 1.50012 1.00013 -7.34064e-05 0 -34.5625 1.50032 -0.000110118
-13.775 1.5001 1.00012 -7.95155e-05 0 -34.4375 1.50029 -0.000119282
-13.725 1.50009 1.00011 -8.48749e-05 0 -34.3125 1.50025 -0.00012732
-13.675 1.50008 1.00009 -8.94319e-05 0 -34.1875 1.50022 -0.000134155
-13.625 1.50006 1.00008 -9.31397e-05 0 -34.0625 1.50018 -0.000139715
-13.575 1.50005 1.00006 -9.59542e-05 0 -33.9375 1.50014 -0.000143936
-13.525 1.50004 1.00005 -9.78367e-05 0 -33.8125 1.5001 -0.000146759
-13.475 1.50002 1.00003 -9.8757e-05 0 -33.6875 1.50006 -0.000148138
-13.425 1.50001 1.00001 -9.87045e-05 0 -33.5625 1.50002 -0.000148057
-13.375 1.49999 0.999993 -9.76741e-05 0 -33.4375 1.49998 -0.00014651
-13.325 1.49998 0.999976 -9.56434e-05 0 -33.3125 1.49994 -0.000143463
-13.275 1.49996 0.999959 -9.26247e-05 0 -33.1875 1.4999 -0.000138934
-13.225 1.49995 0.999942 -8.86483e-05 0 -33.0625 1.49986 -0.000132968
-13.175 1.49994 0.999926 -8.37548e-05 0 -32.9375 1.49983 -0.000125627
-13.125 1.49992 0.999911 -7.7995e-05 0 -32.8125 1.49979 -0.000116987
-13.075 1.49991 0.999897 -7.14291e-05 0 -32.6875 1.49976 -0.000107137
-13.025 1.4999 0.999884 -6.41263e-05 0 -32.5625 1.49973 -9.61833e-05
-12.975 1.49989 0.999872 -5.61643e-05 0 -32.4375 1.4997 -8.42405e-05
-12.925 1.49989 0.999862 -4.76278e-05 0 -32.3125 1.49968 -7.14363e-05
-12.875 1.49988 0.999854 -3.86052e-05 0 -32.1875 1.49966 -5.79031e-05
-12.825 1.49987 0.999847 -2.91845e-05 0 -32.0625 1.49965 -4.37731e-05
-12.775 1.49987 0.999843 -1.94565e-05 0 -31.9375 1.49964 -2.91822e-05
-12.725 1.49987 0.99984 -9.52207e-06 0 -31.8125 1.49963 -1.42819e-05
-12.675 1.49987 0.999839 5.0294e-07 0 -31.6875 1.49963 7.54344e-07
-12.625 1.49987 0.99984 1.0363e-05 0 -31.5625 1.49963 1.55432e-05
-12.575 1.49987 0.999843 1.99587e-05 0 -31.4375 1.49964 2.99355e-05
-12.525 1.49988 0.999848 2.93077e-05 0 -31.3125 1.49965 4.39578e-05
-12.475 1.49988 0.999855 3.83405e-05 0 -31.1875 1.49966 5.75061e-05
-12.425 1.49989 0.999863 4.69389e-05 0 -31.0625 1.49968 7.0403e-05
-12.375 1.49989 0.999873 5.49841e-05 0 -30.9375 1.4997 8.24704e-05
-12.325 1.4999 0.999885 6.23763e-05 0 -30.8125 1.49973 9.35584e-05
-12.275 1.49991 0.999898 6.9026e-05 0 -30.6875 1.49976 0.000103533
-12.225 1.49992 0.999912 7.48469e-05 0 -30.5625 1.49979 0.000112265
-12.175 1.49994 0.999927 7.97582e-05 0 -30.4375 1.49983 0.000119632
-12.125 1.49995 0.999943 8.36921e-05 0 -30.3125 1.49986 0.000125534
-12.075 1.49996 0.99996 8.65977e-05 0 -30.1875 1.4999 0.000129893
-12.025 1.49997 0.999977 8.84346e-05 0 -30.0625 1.49994 0.00013265
-11.975 1.49999 0.999994 8.91723e-05 0 -29.9375 1.49998 0.000133757
-11.925 1.5 1.00001 8.87952e-05 0 -29.8125 1.50002 0.000133193
-11.875 1.50001 1.00003 8.72996e-05 0 -29.6875 1.50006 0.000130951
-11.825 1.50003 1.00005 8.46953e-05 0 -29.5625 1.5001 0.000127045
-11.775 1.50004 1.00006 8.1008e-05 0 -29.4375 1.50013 0.000121515
-11.725 1.50005 1.00008 7.62772e-05 0 -29.3125 1.50017 0.00011442
-11.675 1.50006 1.00009 7.05592e-05 0 -29.1875 1.5002 0.000105843
-11.625 1.50007 1.0001 6.39211e-05 0 -29.0625 1.50023 9.58863e-05
-11.575 1.50008 1.00011 5.64377e-05 0 -28.9375 1.50025 8.46611e-05
-11.525 1.50009 1.00012 4.81972e-05 0 -28.8125 1.50027 7.23001e-05
-11.475 1.5001 1.00013 3.93043e-05 0 -28.6875 1.50029 5.89603e-05
-11.425 1.5001 1.00014 2.98743e-05 0 -28.5625 1.50031 4.48144e-05
-11.375 1.5001 1.00014 2.00337e-05 0 -28.4375 1.50031 3.00526e-05
-11.325 1.50011 1.00014 9.90133e-06 0 -28.3125 1.50032 1.4853e-05
-11.275 1.50011 1.00014 -2.90579e-07 0 -28.1875 1.50032 -4.35899e-07
-11.225 1.50011 1.00014 -1.03001e-05 0 -28.0625 1.50032 -1.54512e-05
-11.175 1.5001 1.00014 -2.00623e-05 0 -27.9375 1.50031 -3.00956e-05
-11.125 1.5001 1.00013 -2.95051e-05 0 -27.8125 1.50029 -4.42607e-05
-11.075 1.5001 1.00012 -3.85186e-05 0 -27.6875 1.50028 -5.77816e-05
-11.025 1.50009 1.00011 -4.69556e-05 0 -27.5625 1.50026 -7.04376e-05
-10.975 1.50008 1.0001 -5.46728e-05 0 -27.4375 1.50023 -8.20137e-05
-10.925 1.50007 1.00009 -6.15489e-05 0 -27.3125 1.5002 -9.23278e-05
-10.875 1.50006 1.00007 -6.74839e-05 0 -27.1875 1.50017 -0.00010123
-10.825 1.50005 1.00006 -7.23931e-05 0 -27.0625 1.50014 -0.000108593
-10.775 1.50004 1.00004 -7.62035e-05 0 -26.9375 1.5001 -0.000114308
-10.725 1.50003 1.00003 -7.88558e-05 0 -26.8125 1.50007 -0.000118286
-10.675 1.50002 1.00001 -8.03136e-05 0 -26.6875 1.50003 -0.000120472
-10.625 1.5 0.999993 -8.05655e-05 0 -26.5625 1.49999 -0.000120849
-10.575 1.49999 0.999976 -7.95872e-05 0 -26.4375 1.49996 -0.00011938
-10.525 1.49998 0.999961 -7.73992e-05 0 -26.3125 1.49992 -0.000116097
-10.475 1.49997 0.999945 -7.40272e-05 0 -26.1875 1.49989 -0.000111039
-10.425 1.49996 0.999931 -6.95182e-05 0 -26.0625 1.49986 -0.000104274
-10.375 1.49995 0.999918 -6.39344e-05 0 -25.9375 1.49983 -9.58983e-05
-10.325 1.49994 0.999906 -5.73553e-05 0 -25.8125 1.4998 -8.60295e-05
-10.275 1.49993 0.999896 -4.98795e-05 0 -25.6875 1.49978 -7.48158e-05
-10.225 1.49993 0.999888 -4.16201e-05 0 -25.5625 1.49976 -6.24271e-05
-10.175 1.49992 0.999881 -3.27002e-05 0 -25.4375 1.49974 -4.90477e-05
-10.125 1.49992 0.999877 -2.32522e-05 0 -25.3125 1.49973 -3.48763e-05
-10.075 1.49991 0.999874 -1.34238e-05 0 -25.1875 1.49972 -2.01345e-05
-10.025 1.49991 0.999873 -3.42229e-06 0 -25.0625 1.49972 -5.13313e-06
-9.975 1.49991 0.999875 6.45913e-06 0 -24.9375 1.49972 9.68813e-06
-9.925 1.49991 0.999878 1.60686e-05 0 -24.8125 1.49973 2.41015e-05
-9.875 1.49992 0.999883 2.53382e-05 0 -24.6875 1.49974 3.80052e-05
-9.825 1.49992 0.999891 3.41476e-05 0 -24.5625 1.49976 5.12187e-05
-9.775 1.49993 0.9999 4.23309e-05 0 -24.4375 1.49978 6.34933e-05
-9.725 1.49993 0.999911 4.97313e-05 0 -24.3125 1.4998 7.45937e-05
-9.675 1.49994 0.999923 5.62161e-05 0 -24.1875 1.49983 8.43209e-05
-9.625 1.49995 0.999936 6.16693e-05 0 -24.0625 1.49986 9.2501e-05
-9.575 1.49996 0.999951 6.59935e-05 0 -23.9375 1.49989 9.89877e-05
-9.525 1.49997 0.999966 6.91188e-05 0 -23.8125 1.49992 0.000103676
-9.475 1.49998 0.999982 7.10019e-05 0 -23.6875 1.49995 0.000106502
-9.425 1.49999 0.999998 7.16126e-05 0 -23.5625 1.49999 0.000107418
-9.375 1.5 1.00001 7.09272e-05 0 -23.4375 1.50002 0.000106391
-9.325 1.50001 1.00003 6.89658e-05 0 -23.3125 1.50006 0.00010345
-9.275 1.50002 1.00004 6.57623e-05 0 -23.1875 1.50009 9.86451e-05
-9.225 1.50003 1.00006 6.13713e-05 0 -23.0625 1.50012 9.20591e-05
-9.175 1.50004 1.00007 5.58688e-05 0 -22.9375 1.50015 8.38055e-05
-9.125 1.50005 1.00008 4.93519e-05 0 -22.8125 1.50017 7.40303e-05
-9.075 1.50006 1.00009 4.19391e-05 0 -22.6875 1.50019 6.2911e-05
-9.025 1.50006 1.0001 3.37672e-05 0 -22.5625 1.50021 5.0653e-05
-8.975 1.50007 1.00011 2.49856e-05 0 -22.4375 1.50023 3.748e-05
-8.925 1.50007 1.00011 1.57493e-05 0 -22.3125 1.50024 2.3625e-05
-8.875 1.50007 1.00011 6.21487e-06 0 -22.1875 1.50024 9.32275e-06
-8.825 1.50007 1.00011 -3.39428e-06 0 -22.0625 1.50024 -5.09166e-06
-8.775 1.50007 1.00011 -1.26948e-05 0 -21.9375 1.50024 -1.90431e-05
-8.725 1.50007 1.00011 -2.1636e-05 0 -21.8125 1.50023 -3.24554e-05
-8.675 1.50006 1.0001 -3.01251e-05 0 -21.6875 1.50022 -4.51896e-05
-8.625 1.50006 1.0001 -3.79996e-05 0 -21.5625 1.5002 -5.70016e-05
-8.575 1.50005 1.00009 -4.50843e-05 0 -21.4375 1.50018 -6.76288e-05
-8.525 1.50004 1.00008 -5.12272e-05 0 -21.3125 1.50016 -7.68431e-05
-8.475 1.50004 1.00006 -5.63027e-05 0 -21.1875 1.50013 -8.44562e-05
-8.425 1.50003 1.00005 -6.02044e-05 0 -21.0625 1.50011 -9.03082e-05
-8.375 1.50002 1.00004 -6.28466e-05 0 -20.9375 1.50008 -9.4271e-05
-8.325 1.50001 1.00002 -6.41715e-05 0 -20.8125 1.50004 -9.62578e-05
-8.275 1.5 1.00001 -6.41661e-05 0 -20.6875 1.50001 -9.62491e-05
-8.225 1.49999 0.999994 -6.28352e-05 0 -20.5625 1.49998 -9.42522e-05
-8.175 1.49998 0.999979 -6.01739e-05 0 -20.4375 1.49995 -9.02597e-05
-8.125 1.49997 0.999965 -5.62406e-05 0 -20.3125 1.49992 -8.43593e-05
-8.075 1.49996 0.999952 -5.11202e-05 0 -20.1875 1.49989 -7.66785e-05
-8.025 1.49996 0.99994 -4.49174e-05 0 -20.0625 1.49987 -6.73742e-05
-7.975 1.49995 0.999929 -3.77552e-05 0 -19.9375 1.49984 -5.6631e-05
-7.925 1.49995 0.99992 -2.97783e-05 0 -19.8125 1.49983 -4.46658e-05
-7.875 1.49994 0.999912 -2.11539e-05 0 -19.6875 1.49981 -3.17296e-05
-7.825 1.49994 0.999906 -1.20615e-05 0 -19.5625 1.4998 -1.80916e-05
-7.775 1.49994 0.999902 -2.69007e-06 0 -19.4375 1.49979 -4.03494e-06
-7.725 1.49994 0.999901 6.76997e-06 0 -19.3125 1.49979 1.01545e-05
-7.675 1.49994 0.999901 1.60092e-05 0 -19.1875 1.49979 2.40129e-05
-7.625 1.49994 0.999903 2.47881e-05 0 -19.0625 1.4998 3.71808e-05
-7.575 1.49995 0.999907 3.30562e-05 0 -18.9375 1.49981 4.95825e-05
-7.525 1.49995 0.999912 4.06532e-05 0 -18.8125 1.49982 6.09779e-05
-7.475 1.49996 0.99992 4.74127e-05 0 -18.6875 1.49984 7.11172e-05
-7.425 1.49997 0.999929 5.31714e-05 0 -18.5625 1.49986 7.97554e-05
-7.375 1.49998 0.999939 5.77818e-05 0 -18.4375 1.49988 8.66714e-05
-7.325 1.49999 0.99995 6.11254e-05 0 -18.3125 1.49991 9.16871e-05
-7.275 1.5 0.999962 6.31183e-05 0 -18.1875 1.49994 9.46771e-05
-7.225 1.5 0.999974 6.37047e-05 0 -18.0625 1.49997 9.55574e-05
-7.175 1.50001 0.999986 6.28458e-05 0 -17.9375 1.49999 9.42696e-05
-7.125 1.50002 0.999999 6.05488e-05 0 -17.8125 1.50002 9.08247e-05
-7.075 1.50003 1.00001 5.68404e-05 0 -17.6875 1.50005 8.52623e-05
-7.025 1.50004 1.00002 5.17971e-05 0 -17.5625 1.50007 7.76977e-05
-6.975 1.50005 1.00003 4.55307e-05 0 -17.4375 1.5001 6.82982e-05
-6.925 1.50005 1.00004 3.81834e-05 0 -17.3125 1.50012 5.72772e-05
-6.875 1.50006 1.00005 2.99252e-05 0 -17.1875 1.50014 4.48895e-05
-6.825 1.50006 1.00006 2.09481e-05 0 -17.0625 1.50015 3.14235e-05
-6.775 1.50006 1.00007 1.14555e-05 0 -16.9375 1.50016 1.7184e-05
-6.725 1.50007 1.00007 1.66067e-06 0 -16.8125 1.50017 2.49112e-06
-6.675 1.50007 1.00007 -8.2145e-06 0 -16.6875 1.50018 -1.23223e-05
-6.625 1.50006 1.00007 -1.78475e-05 0 -16.5625 1.50018 -2.67723e-05
-6.575 1.50006 1.00007 -2.70097e-05 0 -16.4375 1.50017 -4.05161e-05
-6.525 1.50006 1.00007 -3.55747e-05 0 -16.3125 1.50016 -5.3364e-05
-6.475 1.50005 1.00007 -4.34309e-05 0 -16.1875 1.50015 -6.51485e-05
-6.425 1.50004 1.00006 -5.0414e-05 0 -16.0625 1.50013 -7.56231e-05
-6.375 1.50003 1.00005 -5.63656e-05 0 -15.9375 1.50011 -8.45502e-05
-6.325 1.50002 1.00005 -6.11532e-05 0 -15.8125 1.50009 -9.17313e-05
-6.275 1.50001 1.00004 -6.46718e-05 0 -15.6875 1.50007 -9.70086e-05
-6.225 1.5 1.00003 -6.68367e-05 0 -15.5625 1.50004 -0.000100255
-6.175 1.49999 1.00002 -6.75841e-05 0 -15.4375 1.50002 -0.000101376
-6.125 1.49998 1.00001 -6.6871e-05 0 -15.3125 1.49999 -0.000100305
-6.075 1.49997 0.999996 -6.46941e-05 0 -15.1875 1.49997 -9.70395e-05
-6.025 1.49997 0.999987 -6.10835e-05 0 -15.0625 1.49995 -9.16231e-05
-5.975 1.49996 0.999978 -5.61047e-05 0 -14.9375 1.49992 -8.41546e-05
-5.925 1.49995 0.99997 -4.98649e-05 0 -14.8125 1.4999 -7.47948e-05
-5.875 1.49994 0.999964 -4.25101e-05 0 -14.6875 1.49989 -6.37627e-05
-5.825 1.49994 0.999958 -3.42118e-05 0 -14.5625 1.49987 -5.13155e-05
-5.775 1.49993 0.999955 -2.51613e-05 0 -14.4375 1.49986 -3.77403e-05
-5.725 1.49993 0.999952 -1.55769e-05 0 -14.3125 1.49986 -2.33642e-05
-5.675 1.49993 0.999951 -5.71993e-06 0 -14.1875 1.49986 -8.57949e-06
-5.625 1.49993 0.999952 4.077e-06 0 -14.0625 1.49986 6.1152e-06
-5.575 1.49993 0.999955 1.35677e-05 0 -13.9375 1.49986 2.03505e-05
-5.525 1.49993 0.999959 2.25789e-05 0 -13.8125 1.49987 3.38668e-05
-5.475 1.49994 0.999964 3.0949e-05 0 -13.6875 1.49988 4.64215e-05
-5.425 1.49994 0.99997 3.84881e-05 0 -13.5625 1.4999 5.77299e-05
-5.375 1.49995 0.999978 4.50102e-05 0 -13.4375 1.49991 6.7513e-05
-5.325 1.49995 0.999986 5.03646e-05 0 -13.3125 1.49993 7.55447e-05
-5.275 1.49996 0.999995 5.44386e-05 0 -13.1875 1.49995 8.16559e-05
-5.225 1.49997 1 5.71558e-05 0 -13.0625 1.49998 8.5732e-05
-5.175 1.49998 1.00001 5.8477e-05 0 -12.9375 1.5 8.77143e-05
-5.125 1.49999 1.00002 5.83993e-05 0 -12.8125 1.50002 8.75984e-05
-5.075 1.5 1.00003 5.69529e-05 0 -12.6875 1.50005 8.54292e-05
-5.025 1.50001 1.00004 5.41963e-05 0 -12.5625 1.50007 8.12948e-05
-4.975 1.50001 1.00005 5.0234e-05 0 -12.4375 1.50009 7.53517e-05
-4.925 1.50002 1.00006 4.52009e-05 0 -12.3125 1.5001 6.78023e-05
-4.875 1.50003 1.00006 3.92546e-05 0 -12.1875 1.50012 5.8883e-05
-4.825 1.50003 1.00006 3.25699e-05 0 -12.0625 1.50013 4.88559e-05
-4.775 1.50004 1.00007 2.53197e-05 0 -11.9375 1.50014 3.79805e-05
-4.725 1.50004 1.00007 1.77507e-05 0 -11.8125 1.50014 2.66267e-05
-4.675 1.50004 1.00006 1.01881e-05 0 -11.6875 1.50014 1.52826e-05
-4.625 1.50004 1.00006 2.69758e-06 0 -11.5625 1.50013 4.04649e-06
-4.575 1.50004 1.00006 -4.54206e-06 0 -11.4375 1.50013 -6.81329e-06
-4.525 1.50004 1.00005 -1.12916e-05 0 -11.3125 1.50012 -1.69379e-05
-4.475 1.50004 1.00004 -1.74123e-05 0 -11.1875 1.5001 -2.61191e-05
-4.425 1.50004 1.00003 -2.27637e-05 0 -11.0625 1.50008 -3.41463e-05
-4.375 1.50003 1.00002 -2.71999e-05 0 -10.9375 1.50007 -4.08007e-05
-4.325 1.50003 1.00001 -3.05954e-05 0 -10.8125 1.50004 -4.58939e-05
-4.275 1.50002 1 -3.28467e-05 0 -10.6875 1.50002 -4.92708e-05
-4.225 1.50002 0.999989 -3.38714e-05 0 -10.5625 1.5 -5.08076e-05
-4.175 1.50001 0.999977 -3.36215e-05 0 -10.4375 1.49998 -5.04326e-05
-4.125 1.50001 0.999966 -3.21098e-05 0 -10.3125 1.49996 -4.81649e-05
-4.075 1.5 0.999956 -2.93757e-05 0 -10.1875 1.49994 -4.40636e-05
-4.025 1.5 0.999947 -2.55003e-05 0 -10.0625 1.49992 -3.82504e-05
-3.975 1.5 0.999939 -2.05986e-05 0 -9.9375 1.4999 -3.08978e-05
-3.925 1.49999 0.999933 -1.48235e-05 0 -9.8125 1.49989 -2.22352e-05
-3.875 1.49999 0.999927 -8.36017e-06 0 -9.6875 1.49988 -1.25402e-05
-3.825 1.49999 0.999924 -1.41297e-06 0 -9.5625 1.49988 -2.11944e-06
-3.775 1.49999 0.999921 5.78207e-06 0 -9.4375 1.49987 8.67305e-06
-3.725 1.49999 0.999921 1.29119e-05 0 -9.3125 1.49987 1.93678e-05
-3.675 1.49999 0.999922 1.96909e-05 0 -9.1875 1.49988 2.95362e-05
-3.625 1.5 0.999924 2.59461e-05 0 -9.0625 1.49988 3.89191e-05
-3.575 1.5 0.999928 3.15168e-05 0 -8.9375 1.49989 4.72752e-05
-3.525 1.50001 0.999933 3.62192e-05 0 -8.8125 1.49991 5.4329e-05
-3.475 1.50001 0.999939 3.98905e-05 0 -8.6875 1.49992 5.98363e-05
-3.425 1.50002 0.999947 4.2405e-05 0 -8.5625 1.49994 6.36083e-05
-3.375 1.50003 0.999954 4.36781e-05 0 -8.4375 1.49996 6.55183e-05
-3.325 1.50003 0.999963 4.36841e-05 0 -8.3125 1.49998 6.55275e-05
-3.275 1.50004 0.999971 4.24336e-05 0 -8.1875 1.5 6.36521e-05
-3.225 1.50005 0.999979 3.99455e-05 0 -8.0625 1.50001 5.99201e-05
-3.175 1.50005 0.999987 3.62947e-05 0 -7.9375 1.50003 5.44439e-05
-3.125 1.50006 0.999995 3.15961e-05 0 -7.8125 1.50005 4.7396e-05
-3.075 1.50006 1 2.59948e-05 0 -7.6875 1.50006 3.89938e-05
-3.025 1.50006 1.00001 1.96669e-05 0 -7.5625 1.50007 2.95017e-05
-2.975 1.50007 1.00001 1.28121e-05 0 -7.4375 1.50008 1.9219e-05
-2.925 1.50007 1.00001 5.64044e-06 0 -7.3125 1.50009 8.46104e-06
-2.875 1.50007 1.00002 -1.65924e-06 0 -7.1875 1.50009 -2.48897e-06
-2.825 1.50007 1.00002 -8.79869e-06 0 -7.0625 1.50009 -1.31986e-05
-2.775 1.50007 1.00002 -1.54991e-05 0 -6.9375 1.50009 -2.32496e-05
-2.725 1.50006 1.00001 -2.17272e-05 0 -6.8125 1.50008 -3.25922e-05
-2.675 1.50006 1.00001 -2.73496e-05 0 -6.6875 1.50007 -4.10259e-05
-2.625 1.50005 1 -3.2222e-05 0 -6.5625 1.50006 -4.83348e-05
-2.575 1.50005 0.999997 -3.62209e-05 0 -6.4375 1.50004 -5.43332e-05
-2.525 1.50004 0.99999 -3.92508e-05 0 -6.3125 1.50003 -5.88779e-05
-2.475 1.50004 0.999983 -4.12341e-05 0 -6.1875 1.50001 -6.18526e-05
-2.425 1.50003 0.999976 -4.21069e-05 0 -6.0625 1.49999 -6.31616e-05
-2.375 1.50002 0.999968 -4.18273e-05 0 -5.9375 1.49998 -6.2742e-05
-2.325 1.50002 0.999962 -4.04136e-05 0 -5.8125 1.49996 -6.06211e-05
-2.275 1.50001 0.999956 -3.79041e-05 0 -5.6875 1.49995 -5.68566e-05
-2.225 1.50001 0.999951 -3.43756e-05 0 -5.5625 1.49993 -5.15636e-05
-2.175 1.5 0.999947 -2.99368e-05 0 -5.4375 1.49992 -4.49052e-05
-2.125 1.5 0.999944 -2.47295e-05 0 -5.3125 1.49991 -3.70942e-05
-2.075 1.49999 0.999943 -1.89109e-05 0 -5.1875 1.49991 -2.83663e-05
-2.025 1.49999 0.999943 -1.27198e-05 0 -5.0625 1.49991 -1.90796e-05
-1.975 1.49999 0.999944 -6.41956e-06 0 -4.9375 1.49991 -9.62929e-06
-1.925 1.49999 0.999947 -1.17646e-07 0 -4.8125 1.49991 -1.76468e-07
-1.875 1.49999 0.999951 5.94406e-06 0 -4.6875 1.49992 8.91603e-06
-1.825 1.49999 0.999956 1.15319e-05 0 -4.5625 1.49993 1.72978e-05
-1.775 1.49999 0.999962 1.64672e-05 0 -4.4375 1.49994 2.47007e-05
-1.725 1.5 0.999968 2.05686e-05 0 -4.3125 1.49995 3.08529e-05
-1.675 1.5 0.999976 2.36741e-05 0 -4.1875 1.49996 3.55112e-05
-1.625 1.5 0.999983 2.56668e-05 0 -4.0625 1.49998 3.85003e-05
-1.575 1.50001 0.999991 2.64772e-05 0 -3.9375 1.49999 3.97161e-05
-1.525 1.50001 0.999998 2.6085e-05 0 -3.8125 1.50001 3.91278e-05
-1.475 1.50002 1.00001 2.45109e-05 0 -3.6875 1.50002 3.67667e-05
-1.425 1.50002 1.00001 2.18182e-05 0 -3.5625 1.50004 3.27277e-05
-1.375 1.50002 1.00002 1.81212e-05 0 -3.4375 1.50005 2.71821e-05
-1.325 1.50003 1.00002 1.35745e-05 0 -3.3125 1.50006 2.03621e-05
-1.275 1.50003 1.00003 8.36869e-06 0 -3.1875 1.50007 1.25533e-05
-1.225 1.50003 1.00003 2.72705e-06 0 -3.0625 1.50007 4.09065e-06
-1.175 1.50003 1.00003 -3.11498e-06 0 -2.9375 1.50008 -4.67256e-06
-1.125 1.50003 1.00003 -8.84693e-06 0 -2.8125 1.50008 -1.32706e-05
-1.075 1.50003 1.00003 -1.42156e-05 0 -2.6875 1.50007 -2.13237e-05
-1.025 1.50002 1.00003 -1.9029e-05 0 -2.5625 1.50007 -2.85439e-05
-0.975 1.50002 1.00003 -2.31615e-05 0 -2.4375 1.50006 -3.47426e-05
-0.925 1.50002 1.00002 -2.64655e-05 0 -2.3125 1.50005 -3.96986e-05
-0.875 1.50001 1.00002 -2.8828e-05 0 -2.1875 1.50004 -4.32424e-05
-0.825 1.50001 1.00001 -3.01914e-05 0 -2.0625 1.50003 -4.52874e-05
-0.775 1.5 1.00001 -3.05465e-05 0 -1.9375 1.50001 -4.58198e-05
-0.725 1.5 1 -2.98913e-05 0 -1.8125 1.5 -4.48369e-05
-0.675 1.49999 0.999996 -2.827e-05 0 -1.6875 1.49999 -4.24048e-05
-0.625 1.49999 0.99999 -2.57388e-05 0 -1.5625 1.49997 -3.8608e-05
-0.575 1.49999 0.999985 -2.2408e-05 0 -1.4375 1.49996 -3.36117e-05
-0.525 1.49998 0.99998 -1.84226e-05 0 -1.3125 1.49995 -2.76335e-05
-0.475 1.49998 0.999976 -1.39474e-05 0 -1.1875 1.49994 -2.09208e-05
-0.425 1.49998 0.999973 -9.153e-06 0 -1.0625 1.49994 -1.37293e-05
-0.375 1.49998 0.999972 -4.20337e-06 0 -0.9375 1.49993 -6.30496e-06
-0.325 1.49998 0.999971 7.13426e-07 0 -0.8125 1.49993 1.07012e-06
-0.275 1.49998 0.999972 5.34917e-06 0 -0.6875 1.49994 8.02363e-06
-0.225 1.49998 0.999974 9.62414e-06 0 -0.5625 1.49994 1.4436e-05
-0.175 1.49998 0.999978 1.34896e-05 0 -0.4375 1.49995 2.02342e-05
-0.125 1.49998 0.999982 1.68577e-05 0 -0.3125 1.49996 2.52863e-05
-0.075 1.49999 0.999987 1.96316e-05 0 -0.1875 1.49997 2.94471e-05
-0.025 1.49999 0.999993 2.17283e-05 0 -0.0625 1.49998 3.25922e-05
0.025 1.49999 0.999999 2.30824e-05 0 0.0625 1.49999 3.46234e-05
0.075 1.5 1 2.36376e-05 0 0.1875 1.5 3.54563e-05
0.125 1.5 1.00001 2.33626e-05 0 0.3125 1.50002 3.50439e-05
0.175 1.5 1.00002 2.22924e-05 0 0.4375 1.50003 3.34387e-05
0.225 1.50001 1.00002 2.04678e-05 0 0.5625 1.50004 3.07019e-05
0.275 1.50001 1.00002 1.79462e-05 0 0.6875 1.50005 2.69194e-05
0.325 1.50001 1.00003 1.48011e-05 0 0.8125 1.50005 2.22018e-05
0.375 1.50001 1.00003 1.11296e-05 0 0.9375 1.50006 1.66946e-05
0.425 1.50001 1.00003 7.07285e-06 0 1.0625 1.50006 1.06094e-05
0.475 1.50002 1.00003 2.85152e-06 0 1.1875 1.50006 4.27732e-06
0.525 1.50002 1.00003 -1.43357e-06 0 1.3125 1.50006 -2.15038e-06
0.575 1.50001 1.00002 -5.61618e-06 0 1.4375 1.50005 -8.42435e-06
0.625 1.50001 1.00002 -9.53624e-06 0 1.5625 1.50004 -1.43045e-05
0.675 1.50001 1.00002 -1.30189e-05 0 1.6875 1.50004 -1.95285e-05
0.725 1.50001 1.00001 -1.58919e-05 0 1.8125 1.50003 -2.38381e-05
0.775 1.50001 1.00001 -1.80215e-05 0 1.9375 1.50002 -2.70325e-05
0.825 1.5 1 -1.93157e-05 0 2.0625 1.50001 -2.89737e-05
0.875 1.5 0.999996 -1.97088e-05 0 2.1875 1.5 -2.95632e-05
0.925 1.5 0.999991 -1.91841e-05 0 2.3125 1.49998 -2.87762e-05
0.975 1.5 0.999987 -1.77587e-05 0 2.4375 1.49998 -2.66379e-05
1.025 1.49999 0.999983 -1.54691e-05 0 2.5625 1.49997 -2.32035e-05
1.075 1.49999 0.99998 -1.23877e-05 0 2.6875 1.49996 -1.85815e-05
1.125 1.49999 0.999978 -8.63309e-06 0 2.8125 1.49996 -1.29496e-05
1.175 1.49999 0.999977 -4.37332e-06 0 2.9375 1.49995 -6.55994e-06
1.225 1.49999 0.999976 1.91132e-07 0 3.0625 1.49995 2.86695e-07
1.275 1.49999 0.999976 4.79159e-06 0 3.1875 1.49995 7.18733e-06
1.325 1.49999 0.999977 9.18049e-06 0 3.3125 1.49996 1.37706e-05
1.375 1.49999 0.999978 1.32104e-05 0 3.4375 1.49996 1.98155e-05
1.425 1.49999 0.999981 1.66929e-05 0 3.5625 1.49996 2.50393e-05
1.475 1.5 0.999983 1.9454e-05 0 3.6875 1.49997 2.9181e-05
1.525 1.5 0.999986 2.13669e-05 0 3.8125 1.49998 3.20503e-05
1.575 1.5 0.999989 2.23575e-05 0 3.9375 1.49999 3.35364e-05
1.625 1.50001 0.999993 2.23987e-05 0 4.0625 1.5 3.35982e-05
1.675 1.50001 0.999996 2.14753e-05 0 4.1875 1.5 3.22132e-05
1.725 1.50001 0.999999 1.96217e-05 0 4.3125 1.50001 2.94329e-05
1.775 1.50002 1 1.69427e-05 0 4.4375 1.50002 2.54144e-05
1.825 1.50002 1 1.35899e-05 0 4.5625 1.50003 2.03851e-05
1.875 1.50002 1.00001 9.75014e-06 0 4.6875 1.50003 1.46254e-05
1.925 1.50002 1.00001 5.62726e-06 0 4.8125 1.50003 8.441e-06
1.975 1.50002 1.00001 1.42616e-06 0 4.9375 1.50004 2.13927e-06
2.025 1.50002 1.00001 -2.63321e-06 0 5.0625 1.50004 -3.94988e-06
2.075 1.50002 1.00001 -6.2993e-06 0 5.1875 1.50004 -9.44909e-06
2.125 1.50002 1.00001 -9.45169e-06 0 5.3125 1.50003 -1.41777e-05
2.175 1.50002 1.00001 -1.20149e-05 0 5.4375 1.50003 -1.80225e-05
2.225 1.50002 1 -1.39229e-05 0 5.5625 1.50002 -2.08845e-05
2.275 1.50001 1 -1.51253e-05 0 5.6875 1.50002 -2.26882e-05
2.325 1.50001 0.999997 -1.5563e-05 0 5.8125 1.50001 -2.33447e-05
2.375 1.50001 0.999993 -1.52205e-05 0 5.9375 1.5 -2.28308e-05
2.425 1.50001 0.999989 -1.41484e-05 0 6.0625 1.49999 -2.12227e-05
2.475 1.50001 0.999985 -1.24291e-05 0 6.1875 1.49998 -1.86437e-05
2.525 1.50001 0.999981 -1.01689e-05 0 6.3125 1.49998 -1.52534e-05
2.575 1.5 0.999977 -7.5121e-06 0 6.4375 1.49997 -1.12682e-05
2.625 1.5 0.999974 -4.62416e-06 0 6.5625 1.49996 -6.93626e-06
2.675 1.5 0.999972 -1.67827e-06 0 6.6875 1.49996 -2.51741e-06
2.725 1.5 0.99997 1.17278e-06 0 6.8125 1.49996 1.75917e-06
2.775 1.5 0.99997 3.75839e-06 0 6.9375 1.49996 5.6376e-06
2.825 1.5 0.99997 5.9613e-06 0 7.0625 1.49996 8.94198e-06
2.875 1.50001 0.999971 7.71208e-06 0 7.1875 1.49996 1.15682e-05
2.925 1.50001 0.999973 8.99815e-06 0 7.3125 1.49997 1.34973e-05
2.975 1.50001 0.999976 9.78884e-06 0 7.4375 1.49997 1.46833e-05
3.025 1.50001 0.999979 1.00636e-05 0 7.5625 1.49998 1.50955e-05
3.075 1.50001 0.999983 9.83106e-06 0 7.6875 1.49999 1.47467e-05
3.125 1.50001 0.999987 9.13194e-06 0 7.8125 1.49999 1.3698e-05
3.175 1.50002 0.999991 8.00736e-06 0 7.9375 1.5 1.20112e-05
3.225 1.50002 0.999995 6.4971e-06 0 8.0625 1.50001 9.74576e-06
3.275 1.50002 0.999998 4.66604e-06 0 8.1875 1.50002 6.99914e-06
3.325 1.50002 1 2.58529e-06 0 8.3125 1.50002 3.87799e-06
3.375 1.50002 1 3.23546e-07 0 8.4375 1.50002 4.85326e-07
3.425 1.50002 1 -2.05832e-06 0 8.5625 1.50003 -3.08752e-06
3.475 1.50002 1 -4.46002e-06 0 8.6875 1.50003 -6.69012e-06
3.525 1.50002 1 -6.75505e-06 0 8.8125 1.50003 -1.01327e-05
3.575 1.50002 1 -8.91629e-06 0 8.9375 1.50002 -1.33746e-05
3.625 1.50002 1 -1.08945e-05 0 9.0625 1.50002 -1.6342e-05
3.675 1.50002 0.999997 -1.2631e-05 0 9.1875 1.50001 -1.89468e-05
3.725 1.50002 0.999993 -1.40891e-05 0 9.3125 1.5 -2.11338e-05
3.775 1.50001 0.999989 -1.52548e-05 0 9.4375 1.5 -2.28824e-05
3.825 1.50001 0.999985 -1.6123e-05 0 9.5625 1.49999 -2.41846e-05
3.875 1.50001 0.999982 -1.66904e-05 0 9.6875 1.49998 -2.50358e-05
3.925 1.50001 0.999978 -1.69656e-05 0 9.8125 1.49998 -2.54486e-05
3.975 1.50001 0.999975 -1.69719e-05 0 9.9375 1.49997 -2.54579e-05
4.025 1.50001 0.999973 -1.67382e-05 0 10.0625 1.49996 -2.51075e-05
4.075 1.5 0.999972 -1.62686e-05 0 10.1875 1.49996 -2.4403e-05
4.125 1.5 0.999971 -1.55593e-05 0 10.3125 1.49996 -2.3339e-05
4.175 1.5 0.999971 -1.46887e-05 0 10.4375 1.49996 -2.20331e-05
4.225 1.5 0.999972 -1.3744e-05 0 10.5625 1.49996 -2.0616e-05
4.275 1.5 0.999974 -1.27693e-05 0 10.6875 1.49996 -1.91539e-05
4.325 1.5 0.999977 -1.18705e-05 0 10.8125 1.49997 -1.78057e-05
4.375 1.5 0.999979 -1.11538e-05 0 10.9375 1.49997 -1.67307e-05
4.425 1.5 0.999983 -1.07214e-05 0 11.0625 1.49997 -1.60821e-05
4.475 1.5 0.999986 -1.06655e-05 0 11.1875 1.49998 -1.59982e-05
4.525 1.5 0.999989 -1.10348e-05 0 11.3125 1.49999 -1.65522e-05
4.575 1.5 0.999992 -1.18771e-05 0 11.4375 1.49999 -1.78157e-05
4.625 1.5 0.999995 -1.32246e-05 0 11.5625 1.5 -1.9837e-05
4.675 1.5 0.999997 -1.5095e-05 0 11.6875 1.5 -2.26426e-05
4.725 1.5 0.999998 -1.74811e-05 0 11.8125 1.5 -2.62217e-05
4.775 1.5 0.999999 -2.03733e-05 0 11.9375 1.5 -3.056e-05
4.825 1.5 0.999998 -2.36919e-05 0 12.0625 1.5 -3.5538e-05
4.875 1.5 0.999998 -2.73659e-05 0 12.1875 1.5 -4.10489e-05
4.925 1.5 0.999996 -3.13495e-05 0 12.3125 1.5 -4.70243e-05
4.975 1.5 0.999994 -3.5565e-05 0 12.4375 1.49999 -5.33476e-05
5.025 1.5 0.999992 -3.99217e-05 0 12.5625 1.49999 -5.98825e-05
5.075 1.5 0.999989 -4.43071e-05 0 12.6875 1.49998 -6.64606e-05
5.125 1.5 0.999987 -4.85926e-05 0 12.8125 1.49998 -7.28887e-05
5.175 1.49999 0.999984 -5.26478e-05 0 12.9375 1.49997 -7.89713e-05
5.225 1.49999 0.999982 -5.63601e-05 0 13.0625 1.49996 -8.45397e-05
5.275 1.49999 0.99998 -5.96573e-05 0 13.1875 1.49996 -8.94852e-05
5.325 1.49999 0.999978 -6.25102e-05 0 13.3125 1.49995 -9.37644e-05
5.375 1.49998 0.999977 -6.49164e-05 0 13.4375 1.49995 -9.73734e-05
5.425 1.49998 0.999977 -6.69021e-05 0 13.5625 1.49995 -0.000100352
5.475 1.49998 0.999977 -6.85615e-05 0 13.6875 1.49994 -0.000102841
5.525 1.49998 0.999977 -6.99815e-05 0 13.8125 1.49994 -0.000104971
5.575 1.49998 0.999979 -7.12e-05 0 13.9375 1.49994 -0.000106798
5.625 1.49998 0.99998 -7.23009e-05 0 14.0625 1.49995 -0.000108449
5.675 1.49998 0.999982 -7.33889e-05 0 14.1875 1.49995 -0.000110082
5.725 1.49998 0.999984 -7.45903e-05 0 14.3125 1.49995 -0.000111884
5.775 1.49998 0.999985 -7.5988e-05 0 14.4375 1.49996 -0.00011398
5.825 1.49998 0.999987 -7.76511e-05 0 14.5625 1.49996 -0.000116475
5.875 1.49998 0.999989 -7.96402e-05 0 14.6875 1.49996 -0.000119459
5.925 1.49999 0.99999 -8.20027e-05 0 14.8125 1.49997 -0.000123003
5.975 1.49999 0.999991 -8.47527e-05 0 14.9375 1.49998 -0.000127128
6.025 1.49999 0.999991 -8.78577e-05 0 15.0625 1.49998 -0.000131786
6.075 1.5 0.999992 -9.12323e-05 0 15.1875 1.49999 -0.000136848
6.125 1.5 0.999991 -9.47308e-05 0 15.3125 1.49999 -0.000142097
6.175 1.50001 0.999991 -9.81657e-05 0 15.4375 1.5 -0.000147249
6.225 1.50002 0.99999 -0.000101328 0 15.5625 1.5 -0.000151994
6.275 1.50002 0.999989 -0.000103976 0 15.6875 1.50001 -0.000155967
6.325 1.50003 0.999987 -0.000105846 0 15.8125 1.50001 -0.000158772
6.375 1.50004 0.999986 -0.00010666 0 15.9375 1.50002 -0.000159995
6.425 1.50005 0.999984 -0.000106145 0 16.0625 1.50003 -0.000159222
6.475 1.50006 0.999983 -0.000104028 0 16.1875 1.50004 -0.000156048
6.525 1.50008 0.999982 -0.000100035 0 16.3125 1.50005 -0.00015006
6.575 1.50009 0.999981 -9.39165e-05 0 16.4375 1.50006 -0.000140883
6.625 1.50011 0.99998 -8.54382e-05 0 16.5625 1.50008 -0.000128167
6.675 1.50013 0.99998 -7.43671e-05 0 16.6875 1.5001 -0.00011156
6.725 1.50015 0.99998 -6.04807e-05 0 16.8125 1.50012 -9.07302e-05
6.775 1.50017 0.99998 -4.35561e-05 0 16.9375 1.50014 -6.53417e-05
6.825 1.50019 0.99998 -2.39152e-05 0 17.0625 1.50016 -3.58774e-05
6.875 1.50021 0.999981 -2.12913e-06 0 17.1875 1.50018 -3.19415e-06
6.925 1.50022 0.999981 2.11935e-05 0 17.3125 1.50019 3.1795e-05
6.975 1.50023 0.999981 4.54739e-05 0 17.4375 1.5002 6.82213e-05
7.025 1.50023 0.999982 7.0207e-05 0 17.5625 1.50021 0.000105327
7.075 1.50024 0.999982 9.49778e-05 0 17.6875 1.50021 0.000142489
7.125 1.50024 0.999982 0.000119452 0 17.8125 1.50021 0.000179207
7.175 1.50024 0.999983 0.000143357 0 17.9375 1.50021 0.000215069
7.225 1.50024 0.999983 0.000166549 0 18.0625 1.50021 0.000249863
7.275 1.50023 0.999982 0.000188785 0 18.1875 1.50021 0.000283222
7.325 1.50022 0.999982 0.000209708 0 18.3125 1.5002 0.000314609
7.375 1.50021 0.999981 0.000228891 0 18.4375 1.50018 0.000343384
7.425 1.50019 0.999981 0.000245862 0 18.5625 1.50016 0.000368839
7.475 1.50016 0.99998 0.000260124 0 18.6875 1.50013 0.000390229
7.525 1.50013 0.999979 0.000271187 0 18.8125 1.5001 0.000406816
7.575 1.50009 0.999978 0.000278606 0 18.9375 1.50006 0.000417935
7.625 1.50005 0.999977 0.000282007 0 19.0625 1.50002 0.000423025
7.675 1.50001 0.999976 0.000281846 0 19.1875 1.49998 0.000422773
7.725 1.49998 0.999975 0.00027875 0 19.3125 1.49994 0.000418119
7.775 1.49995 0.999973 0.000273103 0 19.4375 1.49991 0.000409641
7.825 1.49992 0.999972 0.000265207 0 19.5625 1.49988 0.000397789
7.875 1.49989 0.999971 0.00025522 0 19.6875 1.49985 0.000382803
7.925 1.49986 0.99997 0.000243196 0 19.8125 1.49982 0.000364761
7.975 1.49984 0.999969 0.000229116 0 19.9375 1.49979 0.000343636
8.025 1.49981 0.999968 0.000212887 0 20.0625 1.49976 0.00031929
8.075 1.49978 0.999967 0.000194306 0 20.1875 1.49973 0.000291416
8.125 1.49974 0.999966 0.000172938 0 20.3125 1.49969 0.000259363
8.175 1.49972 0.999965 0.00014877 0 20.4375 1.49966 0.000223112
8.225 1.4997 0.999964 0.000122365 0 20.5625 1.49964 0.00018351
8.275 1.49968 0.999963 9.44414e-05 0 20.6875 1.49963 0.000141632
8.325 1.49968 0.999962 6.56749e-05 0 20.8125 1.49962 9.84913e-05
8.375 1.49968 0.999961 3.65198e-05 0 20.9375 1.49962 5.4768e-05
8.425 1.49968 0.999959 7.051e-06 0 21.0625 1.49962 1.05743e-05
8.475 1.49969 0.999957 -2.2511e-05 0 21.1875 1.49962 -3.37594e-05
8.525 1.4997 0.999955 -5.17569e-05 0 21.3125 1.49963 -7.76196e-05
8.575 1.49971 0.999952 -8.01277e-05 0 21.4375 1.49964 -0.000120168
8.625 1.49974 0.999949 -0.000106926 0 21.5625 1.49966 -0.00016036
8.675 1.49977 0.999946 -0.000131332 0 21.6875 1.49968 -0.000196967
8.725 1.4998 0.999942 -0.000152442 0 21.8125 1.49972 -0.000228633
8.775 1.49985 0.999938 -0.000169285 0 21.9375 1.49975 -0.000253902
8.825 1.49989 0.999934 -0.000181401 0 22.0625 1.49979 -0.000272081
8.875 1.49992 0.99993 -0.000189535 0 22.1875 1.49981 -0.000284287
8.925 1.49994 0.999925 -0.000194393 0 22.3125 1.49983 -0.000291579
8.975 1.49996 0.99992 -0.000196631 0 22.4375 1.49984 -0.000294938
9.025 1.49997 0.999915 -0.000196847 0 22.5625 1.49984 -0.000295264
9.075 1.49997 0.99991 -0.00019552 0 22.6875 1.49983 -0.000293274
9.125 1.49997 0.999905 -0.000192964 0 22.8125 1.49983 -0.00028944
9.175 1.49997 0.999899 -0.000189262 0 22.9375 1.49982 -0.000283886
9.225 1.49996 0.999893 -0.000184708 0 23.0625 1.4998 -0.000277055
9.275 1.49995 0.999887 -0.000179859 0 23.1875 1.49978 -0.000269779
9.325 1.49993 0.99988 -0.000175488 0 23.3125 1.49975 -0.000263219
9.375 1.4999 0.999873 -0.000172511 0 23.4375 1.49971 -0.000258749
9.425 1.49986 0.999866 -0.000171887 0 23.5625 1.49966 -0.000257808
9.475 1.49983 0.999857 -0.000173936 0 23.6875 1.49962 -0.000260875
9.525 1.49981 0.999848 -0.000177881 0 23.8125 1.49958 -0.000266787
9.575 1.49979 0.999838 -0.000183102 0 23.9375 1.49955 -0.000274615
9.625 1.49977 0.999828 -0.000189195 0 24.0625 1.49952 -0.00028375
9.675 1.49976 0.999816 -0.000195917 0 24.1875 1.49949 -0.000293829
9.725 1.49975 0.999803 -0.000203136 0 24.3125 1.49945 -0.000304653
9.775 1.49974 0.999789 -0.000210787 0 24.4375 1.49942 -0.000316126
9.825 1.49972 0.999774 -0.0002188 0 24.5625 1.49939 -0.00032814
9.875 1.49971 0.999758 -0.000227136 0 24.6875 1.49935 -0.000340639
9.925 1.49969 0.99974 -0.000235837 0 24.8125 1.4993 -0.000353684
9.975 1.49967 0.999721 -0.000245053 0 24.9375 1.49925 -0.000367499
10.025 1.49965 0.999701 -0.000255037 0 25.0625 1.4992 -0.000382466
10.075 1.49961 0.999679 -0.000266119 0 25.1875 1.49913 -0.000399076
10.125 1.49958 0.999656 -0.000278652 0 25.3125 1.49906 -0.00041786
10.175 1.49953 0.999631 -0.000292948 0 25.4375 1.49898 -0.000439285
10.225 1.49948 0.999605 -0.00030922 0 25.5625 1.49889 -0.000463671
10.275 1.49943 0.999577 -0.000327542 0 25.6875 1.4988 -0.000491127
10.325 1.49938 0.999548 -0.000347841 0 25.8125 1.4987 -0.000521546
10.375 1.49933 0.999516 -0.000369928 0 25.9375 1.4986 -0.000554643
10.425 1.49927 0.999483 -0.000393561 0 26.0625 1.4985 -0.000590055
10.475 1.49922 0.999447 -0.000418522 0 26.1875 1.49839 -0.000627455
10.525 1.49916 0.999408 -0.00044469 0 26.3125 1.49827 -0.000666662
10.575 1.4991 0.999367 -0.000472097 0 26.4375 1.49815 -0.000707721
10.625 1.49904 0.999323 -0.000500938 0 26.5625 1.49802 -0.000750925
10.675 1.49897 0.999276 -0.000531561 0 26.6875 1.49788 -0.000796792
10.725 1.49889 0.999225 -0.000564413 0 26.8125 1.49773 -0.000845993
10.775 1.4988 0.99917 -0.000599988 0 26.9375 1.49756 -0.000899264
10.825 1.49871 0.99911 -0.000638757 0 27.0625 1.49738 -0.000957311
10.875 1.49861 0.999046 -0.00068113 0 27.1875 1.49718 -0.00102075
10.925 1.4985 0.998977 -0.000727436 0 27.3125 1.49697 -0.00109007
10.975 1.49839 0.998903 -0.000777919 0 27.4375 1.49675 -0.00116563
11.025 1.49827 0.998823 -0.000832774 0 27.5625 1.49651 -0.00124772
11.075 1.49814 0.998737 -0.000892172 0 27.6875 1.49625 -0.0013366
11.125 1.49801 0.998644 -0.0009563 0 27.8125 1.49598 -0.00143254
11.175 1.49786 0.998544 -0.00102538 0 27.9375 1.49568 -0.00153588
11.225 1.49771 0.998437 -0.00109969 0 28.0625 1.49536 -0.00164701
11.275 1.49754 0.998322 -0.00117955 0 28.1875 1.49502 -0.00176642
11.325 1.49736 0.998199 -0.00126534 0 28.3125 1.49466 -0.00189467
11.375 1.49716 0.998067 -0.00135747 0 28.4375 1.49427 -0.00203235
11.425 1.49695 0.997925 -0.00145637 0 28.5625 1.49384 -0.00218011
11.475 1.49672 0.997774 -0.00156247 0 28.6875 1.49339 -0.00233858
11.525 1.49648 0.997611 -0.00167623 0 28.8125 1.49291 -0.00250845
11.575 1.49622 0.997438 -0.00179815 0 28.9375 1.49239 -0.00269043
11.625 1.49594 0.997252 -0.00192873 0 29.0625 1.49183 -0.00288527
11.675 1.49564 0.997052 -0.00206856 0 29.1875 1.49124 -0.00309382
11.725 1.49532 0.996839 -0.00221826 0 29.3125 1.4906 -0.00331702
11.775 1.49498 0.99661 -0.00237855 0 29.4375 1.48991 -0.00355589
11.825 1.49461 0.996365 -0.00255022 0 29.5625 1.48918 -0.00381159
11.875 1.49422 0.996101 -0.00273412 0 29.6875 1.48839 -0.00408536
11.925 1.49379 0.995819 -0.00293118 0 29.8125 1.48755 -0.00437858
11.975 1.49334 0.995516 -0.0031424 0 29.9375 1.48664 -0.00469268
12.025 1.49285 0.99519 -0.00336885 0 30.0625 1.48567 -0.00502921
12.075 1.49233 0.99484 -0.00361166 0 30.1875 1.48463 -0.0053898
12.125 1.49177 0.994465 -0.003872 0 30.3125 1.48352 -0.00577615
12.175 1.49118 0.994062 -0.00415114 0 30.4375 1.48232 -0.00619008
12.225 1.49053 0.993629 -0.00445042 0 30.5625 1.48104 -0.0066335
12.275 1.48985 0.993163 -0.00477126 0 30.6875 1.47966 -0.00710844
12.325 1.48911 0.992664 -0.00511516 0 30.8125 1.47818 -0.00761703
12.375 1.48832 0.992128 -0.00548372 0 30.9375 1.4766 -0.00816151
12.425 1.48747 0.991553 -0.0058786 0 31.0625 1.47491 -0.00874425
12.475 1.48657 0.990936 -0.0063016 0 31.1875 1.47309 -0.00936774
12.525 1.48559 0.990274 -0.00675462 0 31.3125 1.47114 -0.0100346
12.575 1.48455 0.989564 -0.00723968 0 31.4375 1.46906 -0.0107477
12.625 1.48344 0.988802 -0.00775886 0 31.5625 1.46683 -0.0115098
12.675 1.48224 0.987986 -0.00831442 0 31.6875 1.46444 -0.012324
12.725 1.48097 0.987111 -0.00890872 0 31.8125 1.46188 -0.0131935
12.775 1.4796 0.986173 -0.00954426 0 31.9375 1.45914 -0.0141217
12.825 1.47814 0.985167 -0.0102237 0 32.0625 1.45621 -0.015112
12.875 1.47657 0.98409 -0.0109498 0 32.1875 1.45308 -0.0161682
12.925 1.47489 0.982935 -0.0117256 0 32.3125 1.44972 -0.017294
12.975 1.4731 0.981698 -0.012554 0 32.4375 1.44614 -0.0184933
13.025 1.47118 0.980372 -0.0134384 0 32.5625 1.44231 -0.0197703
13.075 1.46914 0.978951 -0.014382 0 32.6875 1.43821 -0.0211291
13.125 1.46695 0.977429 -0.0153885 0 32.8125 1.43384 -0.0225742
13.175 1.46461 0.975798 -0.0164616 0 32.9375 1.42916 -0.0241098
13.225 1.46211 0.974051 -0.0176049 0 33.0625 1.42417 -0.0257404
13.275 1.45945 0.972179 -0.0188225 0 33.1875 1.41884 -0.0274704
13.325 1.4566 0.970175 -0.0201184 0 33.3125 1.41316 -0.0293044
13.375 1.45357 0.968028 -0.0214967 0 33.4375 1.4071 -0.031247
13.425 1.45034 0.965729 -0.0229618 0 33.5625 1.40063 -0.0333024
13.475 1.44689 0.963268 -0.0245179 0 33.6875 1.39374 -0.0354748
13.525 1.44322 0.960634 -0.0261693 0 33.8125 1.38641 -0.0377681
13.575 1.43932 0.957815 -0.0279203 0 33.9375 1.3786 -0.0401861
13.625 1.43516 0.954799 -0.0297752 0 34.0625 1.37029 -0.0427322
13.675 1.43075 0.951574 -0.0317382 0 34.1875 1.36146 -0.0454094
13.725 1.42606 0.948127 -0.0338134 0 34.3125 1.35208 -0.0482198
13.775 1.42108 0.944442 -0.0360042 0 34.4375 1.34213 -0.0511648
13.825 1.4158 0.940506 -0.0383141 0 34.5625 1.33156 -0.054245
13.875 1.4102 0.936302 -0.0407462 0 34.6875 1.32037 -0.0574603
13.925 1.40428 0.931815 -0.0433029 0 34.8125 1.30852 -0.0608092
13.975 1.39801 0.927028 -0.045986 0 34.9375 1.29599 -0.0642888
14.025 1.39138 0.921923 -0.0487962 0 35.0625 1.28275 -0.0678943
14.075 1.38439 0.916483 -0.0517332 0 35.1875 1.26877 -0.0716192
14.125 1.37703 0.910689 -0.0547957 0 35.3125 1.25404 -0.075455
14.175 1.36927 0.904522 -0.057981 0 35.4375 1.23853 -0.0793915
14.225 1.36111 0.897963 -0.0612849 0 35.5625 1.22223 -0.0834154
14.275 1.35254 0.890993 -0.0647009 0 35.6875 1.20511 -0.0875108
14.325 1.34357 0.883593 -0.06822 0 35.8125 1.18717 -0.0916581
14.375 1.33417 0.875743 -0.0718311 0 35.9375 1.16839 -0.095835
14.425 1.32436 0.867424 -0.0755206 0 36.0625 1.14878 -0.100016
14.475 1.31413 0.858621 -0.0792718 0 36.1875 1.12834 -0.104173
14.525 1.30348 0.849316 -0.0830641 0 36.3125 1.10707 -0.108272
14.575 1.29243 0.839495 -0.0868729 0 36.4375 1.08499 -0.112277
14.625 1.28098 0.829145 -0.0906692 0 36.5625 1.06212 -0.116145
14.675 1.26915 0.818253 -0.0944199 0 36.6875 1.03849 -0.119833
14.725 1.25696 0.806815 -0.0980879 0 36.8125 1.01413 -0.123292
14.775 1.24443 0.794828 -0.101631 0 36.9375 0.989108 -0.126473
14.825 1.2316 0.782298 -0.105001 0 37.0625 0.963474 -0.129319
14.875 1.21849 0.769233 -0.108145 0 37.1875 0.937304 -0.131773
14.925 1.20516 0.755652 -0.111002 0 37.3125 0.910681 -0.133775
14.975 1.19165 0.741578 -0.113512 0 37.4375 0.883701 -0.135266
15.025 1.17802 0.727046 -0.115606 0 37.5625 0.856472 -0.136186
15.075 1.16433 0.712105 -0.117217 0 37.6875 0.829123 -0.136479
15.125 1.15067 0.696813 -0.118266 0 37.8125 0.801801 -0.136085
15.175 1.13711 0.681249 -0.118675 0 37.9375 0.774652 -0.134946
15.225 1.12372 0.665521 -0.11837 0 38.0625 0.747858 -0.133015
15.275 1.11058 0.649725 -0.117284 0 38.1875 0.721571 -0.130253
15.325 1.09777 0.633952 -0.115343 0 38.3125 0.695933 -0.12662
15.375 1.08538 0.618329 -0.112482 0 38.4375 0.671122 -0.122086
15.425 1.07349 0.602998 -0.108651 0 38.5625 0.647313 -0.116635
15.475 1.0622 0.58811 -0.10381 0 38.6875 0.624689 -0.110267
15.525 1.05159 0.573828 -0.0979419 0 38.8125 0.603431 -0.102994
15.575 1.04175 0.560323 -0.0910452 0 38.9375 0.583717 -0.0948464
15.625 1.03277 0.547768 -0.0831386 0 39.0625 0.565721 -0.0858634
15.675 1.02473 0.536335 -0.0742626 0 39.1875 0.549601 -0.0760994
15.725 1.01771 0.526187 -0.0644822 0 39.3125 0.535505 -0.0656241
15.775 1.01176 0.517479 -0.0538887 0 39.4375 0.523565 -0.0545225
15.825 1.00695 0.510349 -0.0425961 0 39.5625 0.513897 -0.0428922
15.875 1.00333 0.504915 -0.030738 0 39.6875 0.506594 -0.0308402
15.925 1.00091 0.501271 -0.018466 0 39.8125 0.501729 -0.0184829
15.975 0.999794 0.499481 -0.00593331 0 39.9375 0.499378 -0.00593209
16.025 0.999651 0.499574 0.00664315 0 40.0625 0.499399 0.00664083
16.075 1.00053 0.50154 0.0189913 0 40.1875 0.501805 0.0190013
16.125 1.00305 0.505336 0.0310404 0 40.3125 0.506875 0.031135
16.175 1.00691 0.510895 0.0426812 0 40.4375 0.514426 0.0429762
16.225 1.01189 0.518125 0.0537691 0 40.5625 0.524285 0.0544084
16.275 1.01796 0.526907 0.0641669 0 40.6875 0.536368 0.0653191
16.325 1.02509 0.537103 0.0737659 0 40.8125 0.55058 0.0756168
16.375 1.03324 0.548563 0.0824823 0 40.9375 0.566795 0.0852238
16.425 1.04231 0.56112 0.0902547 0 41.0625 0.58486 0.0940731
16.475 1.05222 0.574607 0.0970442 0 41.1875 0.604613 0.102112
16.525 1.0629 0.588851 0.102834 0 41.3125 0.625887 0.109302
16.575 1.07424 0.603687 0.107627 0 41.4375 0.648507 0.115617
16.625 1.08617 0.618959 0.111442 0 41.5625 0.672298 0.121046
16.675 1.0986 0.634518 0.114318 0 41.6875 0.697082 0.12559
16.725 1.11144 0.650225 0.116304 0 41.8125 0.722684 0.129265
16.775 1.12461 0.665954 0.117458 0 41.9375 0.748937 0.132094
16.825 1.13799 0.681586 0.117838 0 42.0625 0.775641 0.134099
16.875 1.1515 0.697003 0.117513 0 42.1875 0.802596 0.135316
16.925 1.16505 0.712137 0.116561 0 42.3125 0.829674 0.135799
16.975 1.17859 0.726939 0.115051 0 42.4375 0.856764 0.135598
17.025 1.19207 0.741351 0.113053 0 42.5625 0.883744 0.134767
17.075 1.20544 0.755327 0.110636 0 42.6875 0.910501 0.133365
17.125 1.21864 0.768831 0.107866 0 42.8125 0.936929 0.13145
17.175 1.23163 0.781834 0.104805 0 42.9375 0.96293 0.129081
17.225 1.24436 0.794318 0.101512 0 43.0625 0.988422 0.126317
17.275 1.25681 0.806273 0.0980385 0 43.1875 1.01333 0.123216
17.325 1.26893 0.817693 0.0944333 0 43.3125 1.03759 0.119829
17.375 1.2807 0.828578 0.0907385 0 43.4375 1.06116 0.116209
17.425 1.2921 0.838933 0.0869923 0 43.5625 1.08399 0.112403
17.475 1.30312 0.848765 0.0832283 0 43.6875 1.10604 0.108457
17.525 1.31374 0.858085 0.079475 0 43.8125 1.1273 0.104409
17.575 1.32395 0.866905 0.0757571 0 43.9375 1.14774 0.100299
17.625 1.33375 0.875242 0.0720955 0 44.0625 1.16735 0.0961572
17.675 1.34313 0.883113 0.0685077 0 44.1875 1.18614 0.0920148
17.725 1.3521 0.890534 0.065008 0 44.3125 1.20409 0.0878974
17.775 1.36066 0.897526 0.0616079 0 44.4375 1.22123 0.0838276
17.825 1.36882 0.904108 0.0583161 0 44.5625 1.23756 0.0798243
17.875 1.37658 0.910298 0.0551394 0 44.6875 1.2531 0.0759039
17.925 1.38396 0.916115 0.0520825 0 44.8125 1.26787 0.07208
17.975 1.39096 0.921578 0.0491486 0 44.9375 1.28188 0.0683637
18.025 1.39759 0.926706 0.0463395 0 45.0625 1.29516 0.0647638
18.075 1.40387 0.931517 0.0436554 0 45.1875 1.30773 0.0612868
18.125 1.40982 0.936027 0.0410959 0 45.3125 1.31963 0.0579376
18.175 1.41543 0.940254 0.0386594 0 45.4375 1.33086 0.0547196
18.225 1.42073 0.944213 0.0363438 0 45.5625 1.34147 0.0516347
18.275 1.42573 0.94792 0.0341465 0 45.6875 1.35147 0.0486836
18.325 1.43044 0.95139 0.0320642 0 45.8125 1.3609 0.0458658
18.375 1.43487 0.954637 0.0300933 0 45.9375 1.36978 0.0431801
18.425 1.43905 0.957673 0.0282301 0 46.0625 1.37814 0.0406245
18.475 1.44298 0.960513 0.0264705 0 46.1875 1.386 0.0381963
18.525 1.44667 0.963168 0.0248104 0 46.3125 1.39338 0.0358924
18.575 1.45013 0.96565 0.0232456 0 46.4375 1.40032 0.0337093
18.625 1.45339 0.967969 0.0217718 0 46.5625 1.40684 0.031643
18.675 1.45644 0.970135 0.0203848 0 46.6875 1.41295 0.0296893
18.725 1.45931 0.972159 0.0190803 0 46.8125 1.41868 0.0278441
18.775 1.462 0.974049 0.0178543 0 46.9375 1.42406 0.0261029
18.825 1.46452 0.975814 0.0167026 0 47.0625 1.4291 0.0244612
18.875 1.46688 0.977463 0.0156213 0 47.1875 1.43382 0.0229145
18.925 1.46909 0.979001 0.0146067 0 47.3125 1.43824 0.0214584
18.975 1.47116 0.980438 0.013655 0 47.4375 1.44238 0.0200886
19.025 1.47309 0.981779 0.0127627 0 47.5625 1.44625 0.0188006
19.075 1.47491 0.983031 0.0119265 0 47.6875 1.44988 0.0175904
19.125 1.4766 0.984199 0.011143 0 47.8125 1.45327 0.0164537
19.175 1.47819 0.985289 0.0104092 0 47.9375 1.45644 0.0153868
19.225 1.47967 0.986306 0.00972224 0 48.0625 1.45941 0.0143857
19.275 1.48106 0.987256 0.00907925 0 48.1875 1.46218 0.0134469
19.325 1.48235 0.988142 0.00847764 0 48.3125 1.46477 0.0125668
19.375 1.48356 0.988968 0.0079149 0 48.4375 1.4672 0.0117422
19.425 1.48469 0.98974 0.00738869 0 48.5625 1.46946 0.0109699
19.475 1.48575 0.990459 0.00689677 0 48.6875 1.47158 0.0102469
19.525 1.48674 0.991131 0.00643704 0 48.8125 1.47355 0.00957019
19.575 1.48766 0.991757 0.00600749 0 48.9375 1.4754 0.00893709
19.625 1.48852 0.992342 0.00560623 0 49.0625 1.47712 0.00834499
19.675 1.48932 0.992888 0.00523149 0 49.1875 1.47873 0.00779138
19.725 1.49007 0.993397 0.00488158 0 49.3125 1.48023 0.00727391
19.775 1.49077 0.993872 0.00455491 0 49.4375 1.48164 0.00679033
19.825 1.49143 0.994315 0.00424996 0 49.5625 1.48295 0.00633851
19.875 1.49204 0.994728 0.00396532 0 49.6875 1.48417 0.00591641
19.925 1.49261 0.995114 0.00369964 0 49.8125 1.48532 0.00552211
19.975 1.49314 0.995474 0.00345166 0 49.9375 1.48638 0.0051538
