-19.975 1.33379 0.875284 0.0720905 0 -43.4239 1.16744 0.0961534
-19.925 1.34317 0.883154 0.0685017 0 -43.3152 1.18623 0.0920094
-19.875 1.35214 0.890575 0.065001 0 -43.2065 1.20418 0.0878905
-19.825 1.3607 0.897567 0.0615999 0 -43.0978 1.22132 0.0838191
-19.775 1.36886 0.904147 0.0583072 0 -42.9891 1.23765 0.0798143
-19.725 1.37662 0.910336 0.0551296 0 -42.8804 1.25319 0.0758925
-19.675 1.38399 0.916152 0.052072 0 -42.7717 1.26795 0.0720674
-19.625 1.39099 0.921614 0.0491376 0 -42.663 1.28196 0.06835
-19.575 1.39763 0.92674 0.046328 0 -42.5543 1.29524 0.0647492
-19.525 1.40391 0.931548 0.0436437 0 -42.4457 1.30781 0.0612716
-19.475 1.40985 0.936056 0.041084 0 -42.337 1.31969 0.0579221
-19.425 1.41546 0.940281 0.0386476 0 -42.2283 1.33093 0.054704
-19.375 1.42075 0.944238 0.0363323 0 -42.1196 1.34153 0.0516193
-19.325 1.42575 0.947943 0.0341354 0 -42.0109 1.35153 0.0486686
-19.275 1.43046 0.951411 0.0320536 0 -41.9022 1.36096 0.0458514
-19.225 1.4349 0.954656 0.0300833 0 -41.7935 1.36983 0.0431664
-19.175 1.43907 0.957691 0.0282206 0 -41.6848 1.37818 0.0406115
-19.125 1.443 0.96053 0.0264616 0 -41.5761 1.38604 0.038184
-19.075 1.44669 0.963184 0.024802 0 -41.4674 1.39342 0.0358807
-19.025 1.45015 0.965664 0.0232375 0 -41.3587 1.40036 0.0336979
-18.975 1.45341 0.967982 0.0217639 0 -41.25 1.40687 0.0316318
-18.925 1.45646 0.970148 0.0203769 0 -41.1413 1.41298 0.0296781
-18.875 1.45932 0.972171 0.0190723 0 -41.0326 1.41871 0.0278327
-18.825 1.46201 0.97406 0.0178461 0 -40.9239 1.42409 0.0260912
-18.775 1.46453 0.975825 0.0166941 0 -40.8152 1.42912 0.024449
-18.725 1.46689 0.977472 0.0156126 0 -40.7065 1.43384 0.0229019
-18.675 1.46909 0.97901 0.0145976 0 -40.5978 1.43826 0.0214453
-18.625 1.47116 0.980445 0.0136457 0 -40.4891 1.44239 0.0200751
-18.575 1.4731 0.981784 0.0127533 0 -40.3804 1.44627 0.0187868
-18.525 1.47491 0.983035 0.0119169 0 -40.2717 1.44989 0.0175764
-18.475 1.4766 0.984201 0.0111335 0 -40.163 1.45328 0.0164397
-18.425 1.47819 0.98529 0.0103998 0 -40.0543 1.45644 0.0153729
-18.375 1.47967 0.986305 0.00971302 0 -39.9457 1.45941 0.0143721
-18.325 1.48105 0.987253 0.00907032 0 -39.837 1.46218 0.0134336
-18.275 1.48235 0.988137 0.00846906 0 -39.7283 1.46476 0.0125541
-18.225 1.48356 0.988962 0.00790671 0 -39.6196 1.46718 0.0117301
-18.175 1.48469 0.989732 0.00738091 0 -39.5109 1.46944 0.0109584
-18.125 1.48574 0.99045 0.0068894 0 -39.4022 1.47156 0.0102359
-18.075 1.48673 0.99112 0.00643004 0 -39.2935 1.47353 0.00955973
-18.025 1.48765 0.991746 0.00600079 0 -39.1848 1.47537 0.00892709
-17.975 1.48851 0.992329 0.00559977 0 -39.0761 1.47709 0.00833531
-17.925 1.48931 0.992874 0.00522514 0 -38.9674 1.4787 0.00778187
-17.875 1.49006 0.993382 0.00487522 0 -38.8587 1.4802 0.00726439
-17.825 1.49076 0.993857 0.00454841 0 -38.75 1.4816 0.0067806
-17.775 1.49142 0.994299 0.00424321 0 -38.6413 1.48291 0.00632839
-17.725 1.49202 0.994712 0.00395823 0 -38.5326 1.48413 0.00590577
-17.675 1.49259 0.995097 0.00369217 0 -38.4239 1.48527 0.0055109
-17.625 1.49312 0.995456 0.00344381 0 -38.3152 1.48634 0.00514204
-17.575 1.49362 0.995791 0.00321204 0 -38.2065 1.48733 0.00479756
-17.525 1.49408 0.996104 0.00299579 0 -38.0978 1.48826 0.00447595
-17.475 1.49451 0.996395 0.00279408 0 -37.9891 1.48912 0.00417578
-17.425 1.49491 0.996667 0.00260597 0 -37.8804 1.48993 0.0038957
-17.375 1.49529 0.99692 0.00243058 0 -37.7717 1.49068 0.00363443
-17.325 1.49564 0.997157 0.00226709 0 -37.663 1.49139 0.00339074
-17.275 1.49597 0.997377 0.00211468 0 -37.5543 1.49204 0.00316349
-17.225 1.49627 0.997582 0.00197262 0 -37.4457 1.49265 0.00295157
-17.175 1.49655 0.997774 0.00184019 0 -37.337 1.49322 0.00275394
-17.125 1.49682 0.997952 0.00171671 0 -37.2283 1.49375 0.0025696
-17.075 1.49707 0.998119 0.00160155 0 -37.1196 1.49425 0.00239763
-17.025 1.4973 0.998274 0.00149412 0 -37.0109 1.49471 0.00223714
-16.975 1.49751 0.998418 0.00139386 0 -36.9022 1.49514 0.00208732
-16.925 1.49771 0.998553 0.00130023 0 -36.7935 1.49555 0.00194738
-16.875 1.4979 0.998679 0.00121277 0 -36.6848 1.49592 0.00181661
-16.825 1.49808 0.998795 0.00113101 0 -36.5761 1.49627 0.00169434
-16.775 1.49824 0.998904 0.00105455 0 -36.4674 1.4966 0.00157996
-16.725 1.49839 0.999005 0.000982981 0 -36.3587 1.4969 0.00147289
-16.675 1.49853 0.999099 0.000915959 0 -36.25 1.49718 0.00137259
-16.625 1.49866 0.999187 0.000853152 0 -36.1413 1.49745 0.00127859
-16.575 1.49879 0.999268 0.000794255 0 -36.0326 1.49769 0.00119042
-16.525 1.4989 0.999343 0.00073899 0 -35.9239 1.49792 0.00110767
-16.475 1.49901 0.999413 0.000687102 0 -35.8152 1.49813 0.00102997
-16.425 1.49911 0.999478 0.000638357 0 -35.7065 1.49833 0.000956966
-16.375 1.4992 0.999538 0.000592544 0 -35.5978 1.49851 0.000888341
-16.325 1.49928 0.999594 0.000549469 0 -35.4891 1.49868 0.00082381
-16.275 1.49936 0.999646 0.000508956 0 -35.3804 1.49883 0.00076311
-16.225 1.49944 0.999693 0.000470843 0 -35.2717 1.49898 0.000706
-16.175 1.4995 0.999737 0.000434978 0 -35.163 1.49911 0.000652251
-16.125 1.49957 0.999778 0.000401213 0 -35.0543 1.49923 0.000601646
-16.075 1.49962 0.999816 0.000369411 0 -34.9457 1.49935 0.000553977
-16.025 1.49968 0.999851 0.000339437 0 -34.837 1.49945 0.000509046
-15.975 1.49973 0.999883 0.000311163 0 -34.7283 1.49955 0.00046666
-15.925 1.49977 0.999912 0.000284468 0 -34.6196 1.49964 0.000426637
-15.875 1.49981 0.999939 0.000259235 0 -34.5109 1.49972 0.000388804
-15.825 1.49985 0.999964 0.000235357 0 -34.4022 1.49979 0.000353
-15.775 1.49988 0.999986 0.000212737 0 -34.2935 1.49986 0.00031908
-15.725 1.49991 1.00001 0.00019129 0 -34.1848 1.49992 0.000286919
-15.675 1.49994 1.00002 0.000170946 0 -34.0761 1.49998 0.000256409
-15.625 1.49996 1.00004 0.000151644 0 -33.9674 1.50002 0.00022746
-15.575 1.49998 1.00006 0.000133335 0 -33.8587 1.50007 0.0002
-15.525 1.5 1.00007 0.000115984 0 -33.75 1.5001 0.000173976
-15.475 1.50002 1.00008 9.95658e-05 0 -33.6413 1.50014 0.00014935
-15.425 1.50003 1.00009 8.40648e-05 0 -33.5326 1.50016 0.0001261
-15.375 1.50004 1.0001 6.94695e-05 0 -33.4239 1.50019 0.000104207
-15.325 1.50005 1.0001 5.57673e-05 0 -33.3152 1.50021 8.36538e-05
-15.275 1.50006 1.00011 4.29406e-05 0 -33.2065 1.50022 6.44134e-05
-15.225 1.50006 1.00011 3.09659e-05 0 -33.0978 1.50023 4.64508e-05
-15.175 1.50007 1.00011 1.98157e-05 0 -32.9891 1.50024 2.97249e-05
-15.125 1.50007 1.00011 9.47128e-06 0 -32.8804 1.50024 1.42076e-05
-15.075 1.50007 1.00011 -9.97272e-09 0 -32.7717 1.50024 -1.49598e-08
-15.025 1.50007 1.00011 -8.73382e-06 0 -32.663 1.50024 -1.31014e-05
-14.975 1.50007 1.00011 -1.67159e-05 0 -32.5543 1.50023 -2.5075e-05
-14.925 1.50007 1.0001 -2.40606e-05 0 -32.4457 1.50022 -3.60926e-05
-14.875 1.50006 1.0001 -3.08671e-05 0 -32.337 1.50021 -4.63026e-05
-14.825 1.50006 1.00009 -3.71778e-05 0 -32.2283 1.50019 -5.57689e-05
-14.775 1.50005 1.00008 -4.30032e-05 0 -32.1196 1.50018 -6.4507e-05
-14.725 1.50004 1.00008 -4.83549e-05 0 -32.0109 1.50016 -7.25345e-05
-14.675 1.50004 1.00007 -5.32526e-05 0 -31.9022 1.50014 -7.98809e-05
-14.625 1.50003 1.00006 -5.77146e-05 0 -31.7935 1.50011 -8.65735e-05
-14.575 1.50002 1.00005 -6.175e-05 0 -31.6848 1.50009 -9.26262e-05
-14.525 1.50001 1.00003 -6.53604e-05 0 -31.5761 1.50006 -9.80412e-05
-14.475 1.5 1.00002 -6.85447e-05 0 -31.4674 1.50003 -0.000102817
-14.425 1.49999 1.00001 -7.13029e-05 0 -31.3587 1.5 -0.000106954
-14.375 1.49998 0.999998 -7.36362e-05 0 -31.25 1.49997 -0.000110453
-14.325 1.49997 0.999985 -7.55444e-05 0 -31.1413 1.49994 -0.000113314
-14.275 1.49995 0.999971 -7.70244e-05 0 -31.0326 1.49991 -0.000115533
-14.225 1.49994 0.999957 -7.8071e-05 0 -30.9239 1.49988 -0.000117102
-14.175 1.49993 0.999944 -7.86682e-05 0 -30.8152 1.49985 -0.000117997
-14.125 1.49992 0.99993 -7.88063e-05 0 -30.7065 1.49981 -0.000118203
-14.075 1.49991 0.999916 -7.84736e-05 0 -30.5978 1.49978 -0.000117703
-14.025 1.4999 0.999903 -7.76785e-05 0 -30.4891 1.49975 -0.00011651
-13.975 1.49988 0.999889 -7.64238e-05 0 -30.3804 1.49972 -0.000114627
-13.925 1.49987 0.999877 -7.47212e-05 0 -30.2717 1.49969 -0.000112072
-13.875 1.49986 0.999864 -7.25884e-05 0 -30.163 1.49966 -0.000108873
-13.825 1.49985 0.999853 -7.00461e-05 0 -30.0543 1.49963 -0.000105059
-13.775 1.49984 0.999841 -6.71156e-05 0 -29.9457 1.4996 -0.000100663
-13.725 1.49983 0.999831 -6.38169e-05 0 -29.837 1.49958 -9.57147e-05
-13.675 1.49982 0.999821 -6.0167e-05 0 -29.7283 1.49956 -9.02399e-05
-13.625 1.49981 0.999813 -5.61797e-05 0 -29.6196 1.49953 -8.42591e-05
-13.575 1.49981 0.999805 -5.18658e-05 0 -29.5109 1.49951 -7.77885e-05
-13.525 1.4998 0.999798 -4.72306e-05 0 -29.4022 1.49949 -7.08363e-05
-13.475 1.49979 0.999792 -4.22732e-05 0 -29.2935 1.49948 -6.3401e-05
-13.425 1.49978 0.999786 -3.69893e-05 0 -29.1848 1.49946 -5.5476e-05
-13.375 1.49978 0.999782 -3.13767e-05 0 -29.0761 1.49945 -4.70582e-05
-13.325 1.49977 0.999779 -2.54384e-05 0 -28.9674 1.49944 -3.81518e-05
-13.275 1.49977 0.999777 -1.91858e-05 0 -28.8587 1.49944 -2.87742e-05
-13.225 1.49977 0.999776 -1.26274e-05 0 -28.75 1.49943 -1.89382e-05
-13.175 1.49977 0.999776 -5.83758e-06 0 -28.6413 1.49943 -8.75503e-06
-13.125 1.49977 0.999777 1.11358e-06 0 -28.5326 1.49943 1.67011e-06
-13.075 1.49977 0.99978 8.20637e-06 0 -28.4239 1.49944 1.23077e-05
-13.025 1.49977 0.999783 1.54182e-05 0 -28.3152 1.49945 2.31237e-05
-12.975 1.49977 0.999788 2.27422e-05 0 -28.2065 1.49946 3.41081e-05
-12.925 1.49978 0.999794 3.01245e-05 0 -28.0978 1.49947 4.51801e-05
-12.875 1.49978 0.999801 3.74875e-05 0 -27.9891 1.49949 5.62231e-05
-12.825 1.49979 0.999809 4.47591e-05 0 -27.8804 1.4995 6.71292e-05
-12.775 1.4998 0.999818 5.18819e-05 0 -27.7717 1.49952 7.78124e-05
-12.725 1.49981 0.999828 5.88056e-05 0 -27.663 1.49955 8.8197e-05
-12.675 1.49981 0.999838 6.54812e-05 0 -27.5543 1.49957 9.82096e-05
-12.625 1.49982 0.99985 7.18611e-05 0 -27.4457 1.4996 0.000107779
-12.575 1.49984 0.999862 7.79008e-05 0 -27.337 1.49963 0.000116838
-12.525 1.49985 0.999875 8.35589e-05 0 -27.2283 1.49966 0.000125326
-12.475 1.49986 0.999889 8.87953e-05 0 -27.1196 1.49969 0.000133181
-12.425 1.49987 0.999902 9.35694e-05 0 -27.0109 1.49973 0.000140342
-12.375 1.49989 0.999917 9.78393e-05 0 -26.9022 1.49976 0.000146748
-12.325 1.4999 0.999931 0.000101564 0 -26.7935 1.4998 0.000152337
-12.275 1.49992 0.999946 0.000104708 0 -26.6848 1.49984 0.000157054
-12.225 1.49994 0.999961 0.000107238 0 -26.5761 1.49988 0.00016085
-12.175 1.49995 0.999976 0.000109123 0 -26.4674 1.49992 0.000163679
-12.125 1.49997 0.999991 0.00011033 0 -26.3587 1.49996 0.000165492
-12.075 1.49999 1.00001 0.000110831 0 -26.25 1.49999 0.000166245
-12.025 1.5 1.00002 0.000110595 0 -26.1413 1.50003 0.000165894
-11.975 1.50002 1.00003 0.000109601 0 -26.0326 1.50007 0.000164403
-11.925 1.50004 1.00005 0.000107826 0 -25.9239 1.50011 0.000161743
-11.875 1.50005 1.00006 0.000105262 0 -25.8152 1.50015 0.000157899
-11.825 1.50007 1.00008 0.000101909 0 -25.7065 1.50018 0.00015287
-11.775 1.50008 1.00009 9.77774e-05 0 -25.5978 1.50021 0.000146674
-11.725 1.5001 1.0001 9.28887e-05 0 -25.4891 1.50025 0.000139342
-11.675 1.50011 1.00011 8.72711e-05 0 -25.3804 1.50028 0.000130916
-11.625 1.50012 1.00012 8.09582e-05 0 -25.2717 1.5003 0.000121447
-11.575 1.50013 1.00013 7.39901e-05 0 -25.163 1.50033 0.000110995
-11.525 1.50014 1.00014 6.64149e-05 0 -25.0543 1.50035 9.96318e-05
-11.475 1.50015 1.00015 5.82869e-05 0 -24.9457 1.50037 8.74393e-05
-11.425 1.50016 1.00015 4.96632e-05 0 -24.837 1.50039 7.45027e-05
-11.375 1.50017 1.00016 4.06022e-05 0 -24.7283 1.5004 6.09101e-05
-11.325 1.50017 1.00016 3.11699e-05 0 -24.6196 1.50041 4.67602e-05
-11.275 1.50018 1.00016 2.14441e-05 0 -24.5109 1.50042 3.21699e-05
-11.225 1.50018 1.00016 1.15073e-05 0 -24.4022 1.50042 1.7263e-05
-11.175 1.50018 1.00016 1.51607e-06 0 -24.2935 1.50042 2.27438e-06
-11.125 1.50018 1.00016 -8.45858e-06 0 -24.1848 1.50042 -1.26894e-05
-11.075 1.50018 1.00016 -1.83064e-05 0 -24.0761 1.50041 -2.74628e-05
-11.025 1.50017 1.00015 -2.7987e-05 0 -23.9674 1.50041 -4.19854e-05
-10.975 1.50017 1.00015 -3.74647e-05 0 -23.8587 1.50039 -5.62034e-05
-10.925 1.50016 1.00014 -4.66611e-05 0 -23.75 1.50038 -6.99993e-05
-10.875 1.50016 1.00014 -5.54787e-05 0 -23.6413 1.50036 -8.32267e-05
-10.825 1.50015 1.00013 -6.38271e-05 0 -23.5326 1.50034 -9.57501e-05
-10.775 1.50014 1.00012 -7.16269e-05 0 -23.4239 1.50031 -0.00010745
-10.725 1.50012 1.00011 -7.88057e-05 0 -23.3152 1.50029 -0.000118218
-10.675 1.50011 1.0001 -8.52973e-05 0 -23.2065 1.50026 -0.000127955
-10.625 1.5001 1.00008 -9.1042e-05 0 -23.0978 1.50023 -0.000136572
-10.575 1.50008 1.00007 -9.59853e-05 0 -22.9891 1.50019 -0.000143986
-10.525 1.50007 1.00006 -0.000100077 0 -22.8804 1.50016 -0.000150123
-10.475 1.50005 1.00004 -0.000103276 0 -22.7717 1.50012 -0.000154919
-10.425 1.50004 1.00003 -0.000105549 0 -22.663 1.50008 -0.000158328
-10.375 1.50002 1.00002 -0.000106878 0 -22.5543 1.50005 -0.000160319
-10.325 1.50001 1 -0.000107241 0 -22.4457 1.50001 -0.000160863
-10.275 1.49999 0.999988 -0.000106607 0 -22.337 1.49997 -0.00015991
-10.225 1.49997 0.999974 -0.000104978 0 -22.2283 1.49993 -0.000157464
-10.175 1.49996 0.99996 -0.000102355 0 -22.1196 1.4999 -0.000153528
-10.125 1.49994 0.999946 -9.87511e-05 0 -22.0109 1.49986 -0.000148121
-10.075 1.49993 0.999934 -9.41889e-05 0 -21.9022 1.49983 -0.000141277
-10.025 1.49992 0.999922 -8.86989e-05 0 -21.7935 1.4998 -0.000133041
-9.975 1.4999 0.999911 -8.23211e-05 0 -21.6848 1.49977 -0.000123474
-9.925 1.49989 0.999901 -7.51067e-05 0 -21.5761 1.49974 -0.000112652
-9.875 1.49988 0.999892 -6.71167e-05 0 -21.4674 1.49972 -0.000100667
-9.825 1.49987 0.999884 -5.84218e-05 0 -21.3587 1.4997 -8.76253e-05
-9.775 1.49986 0.999877 -4.91043e-05 0 -21.25 1.49968 -7.36498e-05
-9.725 1.49986 0.999872 -3.92582e-05 0 -21.1413 1.49967 -5.88817e-05
-9.675 1.49985 0.999868 -2.89846e-05 0 -21.0326 1.49965 -4.34727e-05
-9.625 1.49985 0.999865 -1.83904e-05 0 -20.9239 1.49965 -2.75829e-05
-9.575 1.49985 0.999863 -7.57967e-06 0 -20.8152 1.49964 -1.13683e-05
-9.525 1.49985 0.999863 3.29038e-06 0 -20.7065 1.49964 4.93506e-06
-9.475 1.49985 0.999864 1.39598e-05 0 -20.5978 1.49964 2.09376e-05
-9.425 1.49985 0.999867 2.43712e-05 0 -20.4891 1.49965 3.65532e-05
-9.375 1.49985 0.99987 3.4492e-05 0 -20.3804 1.49966 5.17329e-05
-9.325 1.49986 0.999875 4.42531e-05 0 -20.2717 1.49967 6.63735e-05
-9.275 1.49987 0.999882 5.35446e-05 0 -20.163 1.49969 8.03099e-05
-9.225 1.49988 0.999889 6.22494e-05 0 -20.0543 1.49971 9.33664e-05
-9.175 1.49989 0.999898 7.02661e-05 0 -19.9457 1.49973 0.000105391
-9.125 1.4999 0.999908 7.75121e-05 0 -19.837 1.49976 0.00011626
-9.075 1.49991 0.999919 8.3917e-05 0 -19.7283 1.49979 0.000125868
-9.025 1.49992 0.999931 8.94177e-05 0 -19.6196 1.49982 0.00013412
-8.975 1.49994 0.999944 9.39582e-05 0 -19.5109 1.49985 0.000140931
-8.925 1.49995 0.999957 9.74905e-05 0 -19.4022 1.49989 0.000146231
-8.875 1.49997 0.999971 9.99768e-05 0 -19.2935 1.49992 0.000149962
-8.825 1.49998 0.999985 0.000101392 0 -19.1848 1.49996 0.000152087
-8.775 1.5 0.999999 0.00010172 0 -19.0761 1.5 0.00015258
-8.725 1.50001 1.00001 0.000100922 0 -18.9674 1.50003 0.000151384
-8.675 1.50003 1.00003 9.90023e-05 0 -18.8587 1.50007 0.000148506
-8.625 1.50004 1.00004 9.59602e-05 0 -18.75 1.5001 0.000143944
-8.575 1.50006 1.00005 9.18106e-05 0 -18.6413 1.50013 0.000137721
-8.525 1.50007 1.00006 8.65843e-05 0 -18.5326 1.50017 0.000129882
-8.475 1.50008 1.00007 8.03252e-05 0 -18.4239 1.50019 0.000120494
-8.425 1.50009 1.00008 7.30891e-05 0 -18.3152 1.50022 0.00010964
-8.375 1.5001 1.00009 6.49475e-05 0 -18.2065 1.50024 9.7428e-05
-8.325 1.50011 1.0001 5.59903e-05 0 -18.0978 1.50026 8.39917e-05
-8.275 1.50012 1.00011 4.63237e-05 0 -17.9891 1.50028 6.94911e-05
-8.225 1.50013 1.00011 3.60649e-05 0 -17.8804 1.50029 5.4102e-05
-8.175 1.50013 1.00011 2.53385e-05 0 -17.7717 1.5003 3.8011e-05
-8.125 1.50013 1.00012 1.42793e-05 0 -17.663 1.50031 2.14209e-05
-8.075 1.50013 1.00012 3.07287e-06 0 -17.5543 1.50031 4.60972e-06
-8.025 1.50013 1.00012 -8.04023e-06 0 -17.4457 1.50031 -1.20614e-05
-7.975 1.50013 1.00011 -1.88851e-05 0 -17.337 1.5003 -2.83301e-05
-7.925 1.50013 1.00011 -2.93973e-05 0 -17.2283 1.50029 -4.40997e-05
-7.875 1.50012 1.0001 -3.94956e-05 0 -17.1196 1.50028 -5.92483e-05
-7.825 1.50012 1.0001 -4.90548e-05 0 -17.0109 1.50026 -7.3588e-05
-7.775 1.50011 1.00009 -5.7938e-05 0 -16.9022 1.50024 -8.69134e-05
-7.725 1.5001 1.00008 -6.60273e-05 0 -16.7935 1.50022 -9.90475e-05
-7.675 1.50009 1.00007 -7.32281e-05 0 -16.6848 1.5002 -0.000109849
-7.625 1.50008 1.00006 -7.94616e-05 0 -16.5761 1.50017 -0.000119199
-7.575 1.50006 1.00005 -8.46613e-05 0 -16.4674 1.50014 -0.000126997
-7.525 1.50005 1.00003 -8.8778e-05 0 -16.3587 1.5001 -0.000133172
-7.475 1.50004 1.00002 -9.17816e-05 0 -16.25 1.50007 -0.000137676
-7.425 1.50002 1.00001 -9.36521e-05 0 -16.1413 1.50004 -0.00014048
-7.375 1.50001 0.999994 -9.43719e-05 0 -16.0326 1.5 -0.000141559
-7.325 1.5 0.99998 -9.39199e-05 0 -15.9239 1.49997 -0.000140879
-7.275 1.49998 0.999967 -9.23096e-05 0 -15.8152 1.49993 -0.000138463
-7.225 1.49997 0.999955 -8.95541e-05 0 -15.7065 1.4999 -0.000134328
-7.175 1.49996 0.999943 -8.5674e-05 0 -15.5978 1.49987 -0.000128507
-7.125 1.49994 0.999932 -8.06982e-05 0 -15.4891 1.49984 -0.000121043
-7.075 1.49993 0.999922 -7.46733e-05 0 -15.3804 1.49981 -0.000112005
-7.025 1.49992 0.999913 -6.76639e-05 0 -15.2717 1.49979 -0.00010149
-6.975 1.49991 0.999906 -5.97458e-05 0 -15.163 1.49977 -8.96133e-05
-6.925 1.4999 0.999901 -5.10041e-05 0 -15.0543 1.49975 -7.65013e-05
-6.875 1.4999 0.999896 -4.15406e-05 0 -14.9457 1.49974 -6.23066e-05
-6.825 1.49989 0.999894 -3.14836e-05 0 -14.837 1.49973 -4.7222e-05
-6.775 1.49989 0.999893 -2.09894e-05 0 -14.7283 1.49973 -3.14817e-05
-6.725 1.49988 0.999894 -1.03043e-05 0 -14.6196 1.49973 -1.54552e-05
-6.675 1.49988 0.999896 4.44112e-07 0 -14.5109 1.49973 6.66117e-07
-6.625 1.49988 0.9999 1.11169e-05 0 -14.4022 1.49973 1.66741e-05
-6.575 1.49989 0.999906 2.14904e-05 0 -14.2935 1.49974 3.22331e-05
-6.525 1.49989 0.999912 3.14395e-05 0 -14.1848 1.49976 4.71557e-05
-6.475 1.4999 0.999921 4.0825e-05 0 -14.0761 1.49978 6.12332e-05
-6.425 1.4999 0.99993 4.94851e-05 0 -13.9674 1.4998 7.42229e-05
-6.375 1.49991 0.999941 5.72678e-05 0 -13.8587 1.49982 8.58966e-05
-6.325 1.49992 0.999952 6.40436e-05 0 -13.75 1.49985 9.60603e-05
-6.275 1.49993 0.999965 6.97064e-05 0 -13.6413 1.49988 0.000104555
-6.225 1.49994 0.999978 7.41773e-05 0 -13.5326 1.49991 0.000111262
-6.175 1.49995 0.999991 7.74098e-05 0 -13.4239 1.49994 0.000116111
-6.125 1.49997 1.00001 7.93838e-05 0 -13.3152 1.49997 0.000119073
-6.075 1.49998 1.00002 8.00983e-05 0 -13.2065 1.50001 0.000120146
-6.025 1.49999 1.00003 7.95575e-05 0 -13.0978 1.50004 0.000119335
-5.975 1.5 1.00005 7.78024e-05 0 -12.9891 1.50007 0.000116704
-5.925 1.50001 1.00006 7.48864e-05 0 -12.8804 1.5001 0.000112331
-5.875 1.50002 1.00007 7.08807e-05 0 -12.7717 1.50013 0.000106323
-5.825 1.50003 1.00008 6.58689e-05 0 -12.663 1.50016 9.88056e-05
-5.775 1.50004 1.00009 5.99458e-05 0 -12.5543 1.50018 8.99212e-05
-5.725 1.50005 1.0001 5.32148e-05 0 -12.4457 1.5002 7.98249e-05
-5.675 1.50006 1.00011 4.57871e-05 0 -12.337 1.50022 6.86832e-05
-5.625 1.50006 1.00011 3.77771e-05 0 -12.2283 1.50024 5.66681e-05
-5.575 1.50007 1.00012 2.93036e-05 0 -12.1196 1.50025 4.39574e-05
-5.525 1.50007 1.00012 2.04697e-05 0 -12.0109 1.50025 3.0706e-05
-5.475 1.50008 1.00012 1.14844e-05 0 -11.9022 1.50025 1.72275e-05
-5.425 1.50008 1.00012 2.52421e-06 0 -11.7935 1.50025 3.78651e-06
-5.375 1.50008 1.00011 -6.40673e-06 0 -11.6848 1.50025 -9.61058e-06
-5.325 1.50008 1.00011 -1.51101e-05 0 -11.5761 1.50024 -2.26663e-05
-5.275 1.50007 1.0001 -2.34932e-05 0 -11.4674 1.50022 -3.52415e-05
-5.225 1.50007 1.00009 -3.14436e-05 0 -11.3587 1.5002 -4.71676e-05
-5.175 1.50006 1.00008 -3.88087e-05 0 -11.25 1.50018 -5.82154e-05
-5.125 1.50006 1.00007 -4.54302e-05 0 -11.1413 1.50016 -6.81478e-05
-5.075 1.50005 1.00005 -5.11634e-05 0 -11.0326 1.50013 -7.67476e-05
-5.025 1.50004 1.00004 -5.58776e-05 0 -10.9239 1.5001 -8.38187e-05
-4.975 1.50003 1.00003 -5.94528e-05 0 -10.8152 1.50007 -8.91811e-05
-4.925 1.50002 1.00001 -6.17822e-05 0 -10.7065 1.50004 -9.26747e-05
-4.875 1.50001 0.999997 -6.27823e-05 0 -10.5978 1.50001 -9.41743e-05
-4.825 1.5 0.999982 -6.24024e-05 0 -10.4891 1.49998 -9.36038e-05
-4.775 1.49999 0.999968 -6.06427e-05 0 -10.3804 1.49995 -9.09636e-05
-4.725 1.49999 0.999955 -5.75332e-05 0 -10.2717 1.49992 -8.62989e-05
-4.675 1.49998 0.999942 -5.31458e-05 0 -10.163 1.49989 -7.97175e-05
-4.625 1.49997 0.99993 -4.75785e-05 0 -10.0543 1.49986 -7.13663e-05
-4.575 1.49996 0.999919 -4.09512e-05 0 -9.94565 1.49984 -6.14252e-05
-4.525 1.49996 0.999909 -3.3407e-05 0 -9.83696 1.49982 -5.01091e-05
-4.475 1.49995 0.9999 -2.51137e-05 0 -9.72826 1.4998 -3.76693e-05
-4.425 1.49995 0.999894 -1.62601e-05 0 -9.61957 1.49979 -2.43893e-05
-4.375 1.49995 0.999888 -7.04885e-06 0 -9.51087 1.49978 -1.05729e-05
-4.325 1.49995 0.999885 2.31576e-06 0 -9.40217 1.49978 3.47353e-06
-4.275 1.49995 0.999883 1.15939e-05 0 -9.29348 1.49977 1.73903e-05
-4.225 1.49995 0.999883 2.05396e-05 0 -9.18478 1.49978 3.08084e-05
-4.175 1.49996 0.999884 2.89437e-05 0 -9.07609 1.49978 4.34143e-05
-4.125 1.49996 0.999888 3.67795e-05 0 -8.96739 1.49979 5.51677e-05
-4.075 1.49997 0.999893 4.39206e-05 0 -8.8587 1.49981 6.58794e-05
-4.025 1.49997 0.9999 5.02484e-05 0 -8.75 1.49982 7.53713e-05
-3.975 1.49998 0.999908 5.56632e-05 0 -8.6413 1.49984 8.34938e-05
-3.925 1.49999 0.999918 6.00891e-05 0 -8.53261 1.49987 9.01331e-05
-3.875 1.5 0.999929 6.34682e-05 0 -8.42391 1.49989 9.52024e-05
-3.825 1.50001 0.99994 6.57538e-05 0 -8.31522 1.49992 9.86314e-05
-3.775 1.50002 0.999953 6.69105e-05 0 -8.20652 1.49995 0.000100367
-3.725 1.50003 0.999965 6.69237e-05 0 -8.09783 1.49998 0.000100388
-3.675 1.50004 0.999978 6.57987e-05 0 -7.98913 1.50001 9.87007e-05
-3.625 1.50005 0.999991 6.35074e-05 0 -7.88043 1.50004 9.52643e-05
-3.575 1.50006 1 6.00687e-05 0 -7.77174 1.50006 9.01066e-05
-3.525 1.50007 1.00001 5.5521e-05 0 -7.66304 1.50009 8.32853e-05
-3.475 1.50008 1.00002 4.99245e-05 0 -7.55435 1.50011 7.48905e-05
-3.425 1.50008 1.00003 4.3364e-05 0 -7.44565 1.50013 6.50496e-05
-3.375 1.50009 1.00004 3.59425e-05 0 -7.33696 1.50015 5.39169e-05
-3.325 1.50009 1.00005 2.77731e-05 0 -7.22826 1.50016 4.16622e-05
-3.275 1.5001 1.00005 1.89836e-05 0 -7.11957 1.50017 2.84772e-05
-3.225 1.5001 1.00006 9.72506e-06 0 -7.01087 1.50018 1.45886e-05
-3.175 1.5001 1.00006 1.6824e-07 0 -6.90217 1.50018 2.52377e-07
-3.125 1.5001 1.00006 -9.39488e-06 0 -6.79348 1.50018 -1.40932e-05
-3.075 1.5001 1.00005 -1.87304e-05 0 -6.68478 1.50018 -2.80974e-05
-3.025 1.50009 1.00005 -2.7777e-05 0 -6.57609 1.50017 -4.16681e-05
-2.975 1.50009 1.00004 -3.6385e-05 0 -6.46739 1.50015 -5.45807e-05
-2.925 1.50008 1.00004 -4.43557e-05 0 -6.3587 1.50014 -6.65372e-05
-2.875 1.50007 1.00003 -5.14883e-05 0 -6.25 1.50012 -7.72362e-05
-2.825 1.50007 1.00002 -5.76036e-05 0 -6.1413 1.5001 -8.64092e-05
-2.775 1.50006 1.00001 -6.25465e-05 0 -6.03261 1.50008 -9.38233e-05
-2.725 1.50005 1 -6.61892e-05 0 -5.92391 1.50005 -9.9287e-05
-2.675 1.50004 0.999993 -6.84359e-05 0 -5.81522 1.50003 -0.000102656
-2.625 1.50003 0.999982 -6.92272e-05 0 -5.70652 1.5 -0.000103843
-2.575 1.50002 0.999972 -6.85349e-05 0 -5.59783 1.49997 -0.000102803
-2.525 1.50001 0.999962 -6.63741e-05 0 -5.48913 1.49995 -9.95616e-05
-2.475 1.5 0.999953 -6.28008e-05 0 -5.38043 1.49993 -9.4201e-05
-2.425 1.49999 0.999944 -5.79157e-05 0 -5.27174 1.4999 -8.68728e-05
-2.375 1.49998 0.999937 -5.18516e-05 0 -5.16304 1.49988 -7.77763e-05
-2.325 1.49997 0.99993 -4.47681e-05 0 -5.05435 1.49987 -6.7151e-05
-2.275 1.49997 0.999924 -3.68501e-05 0 -4.94565 1.49985 -5.52739e-05
-2.225 1.49996 0.99992 -2.83052e-05 0 -4.83696 1.49984 -4.24568e-05
-2.175 1.49996 0.999917 -1.9359e-05 0 -4.72826 1.49983 -2.90377e-05
-2.125 1.49996 0.999915 -1.02294e-05 0 -4.61957 1.49983 -1.53436e-05
-2.075 1.49996 0.999915 -1.21055e-06 0 -4.51087 1.49983 -1.81576e-06
-2.025 1.49996 0.999917 7.42168e-06 0 -4.40217 1.49983 1.11322e-05
-1.975 1.49996 0.999921 1.55211e-05 0 -4.29348 1.49984 2.3281e-05
-1.925 1.49996 0.999926 2.29706e-05 0 -4.18478 1.49985 3.44549e-05
-1.875 1.49996 0.999932 2.96552e-05 0 -4.07609 1.49986 4.44817e-05
-1.825 1.49997 0.99994 3.54505e-05 0 -3.96739 1.49988 5.31746e-05
-1.775 1.49997 0.999949 4.02554e-05 0 -3.8587 1.4999 6.03821e-05
-1.725 1.49998 0.99996 4.40046e-05 0 -3.75 1.49992 6.6006e-05
-1.675 1.49999 0.999971 4.66594e-05 0 -3.6413 1.49994 6.99885e-05
-1.625 1.5 0.999982 4.8201e-05 0 -3.53261 1.49997 7.23013e-05
-1.575 1.5 0.999994 4.86102e-05 0 -3.42391 1.49999 7.29155e-05
-1.525 1.50001 1.00001 4.78753e-05 0 -3.31522 1.50002 7.18135e-05
-1.475 1.50002 1.00002 4.60243e-05 0 -3.20652 1.50004 6.90372e-05
-1.425 1.50002 1.00003 4.31001e-05 0 -3.09783 1.50007 6.46512e-05
-1.375 1.50003 1.00004 3.91772e-05 0 -2.98913 1.50009 5.8767e-05
-1.325 1.50004 1.00005 3.43518e-05 0 -2.88043 1.50011 5.15289e-05
-1.275 1.50004 1.00006 2.87318e-05 0 -2.77174 1.50012 4.30988e-05
-1.225 1.50004 1.00006 2.24328e-05 0 -2.66304 1.50014 3.36502e-05
-1.175 1.50005 1.00007 1.55787e-05 0 -2.55435 1.50015 2.33687e-05
-1.125 1.50005 1.00007 8.30588e-06 0 -2.44565 1.50015 1.24592e-05
-1.075 1.50005 1.00007 7.72019e-07 0 -2.33696 1.50015 1.15807e-06
-1.025 1.50005 1.00007 -6.74816e-06 0 -2.22826 1.50015 -1.01226e-05
-0.975 1.50005 1.00007 -1.40799e-05 0 -2.11957 1.50015 -2.11205e-05
-0.925 1.50004 1.00006 -2.11666e-05 0 -2.01087 1.50014 -3.17509e-05
-0.875 1.50004 1.00006 -2.78748e-05 0 -1.90217 1.50013 -4.18133e-05
-0.825 1.50004 1.00005 -3.4031e-05 0 -1.79348 1.50011 -5.10477e-05
-0.775 1.50003 1.00004 -3.94607e-05 0 -1.68478 1.50009 -5.91922e-05
-0.725 1.50002 1.00003 -4.4005e-05 0 -1.57609 1.50007 -6.60086e-05
-0.675 1.50002 1.00002 -4.75175e-05 0 -1.46739 1.50005 -7.12771e-05
-0.625 1.50001 1.00001 -4.98676e-05 0 -1.3587 1.50003 -7.48018e-05
-0.575 1.5 1 -5.09512e-05 0 -1.25 1.50001 -7.64268e-05
-0.525 1.49999 0.999993 -5.07069e-05 0 -1.1413 1.49998 -7.60601e-05
-0.475 1.49999 0.999984 -4.91392e-05 0 -1.03261 1.49996 -7.37081e-05
-0.425 1.49998 0.999976 -4.6265e-05 0 -0.923913 1.49994 -6.93965e-05
-0.375 1.49997 0.999968 -4.21431e-05 0 -0.815217 1.49992 -6.32136e-05
-0.325 1.49997 0.999961 -3.68648e-05 0 -0.706522 1.49991 -5.52959e-05
-0.275 1.49996 0.999956 -3.05574e-05 0 -0.597826 1.4999 -4.5835e-05
-0.225 1.49996 0.999951 -2.33831e-05 0 -0.48913 1.49988 -3.50736e-05
-0.175 1.49996 0.999948 -1.55286e-05 0 -0.380435 1.49988 -2.32923e-05
-0.125 1.49995 0.999946 -7.20505e-06 0 -0.271739 1.49987 -1.08072e-05
-0.075 1.49995 0.999945 1.32585e-06 0 -0.163043 1.49987 1.98872e-06
-0.025 1.49995 0.999946 9.69634e-06 0 -0.0543478 1.49987 1.45441e-05
0.025 1.49996 0.999948 1.77033e-05 0 0.0543478 1.49988 2.65541e-05
0.075 1.49996 0.999952 2.51994e-05 0 0.163043 1.49989 3.7798e-05
0.125 1.49996 0.999956 3.19691e-05 0 0.271739 1.4999 4.79526e-05
0.175 1.49997 0.999962 3.77918e-05 0 0.380435 1.49991 5.66865e-05
0.225 1.49997 0.999968 4.24891e-05 0 0.48913 1.49993 6.37325e-05
0.275 1.49998 0.999975 4.59398e-05 0 0.597826 1.49994 6.89089e-05
0.325 1.49999 0.999983 4.80752e-05 0 0.706522 1.49996 7.21123e-05
0.375 1.5 0.999991 4.88734e-05 0 0.815217 1.49998 7.33099e-05
0.425 1.5 1 4.83425e-05 0 0.923913 1.5 7.2514e-05
0.475 1.50001 1.00001 4.65042e-05 0 1.03261 1.50002 6.97568e-05
0.525 1.50002 1.00002 4.34161e-05 0 1.1413 1.50004 6.51249e-05
0.575 1.50002 1.00002 3.91916e-05 0 1.25 1.50006 5.87884e-05
0.625 1.50003 1.00003 3.39745e-05 0 1.3587 1.50008 5.09628e-05
0.675 1.50003 1.00004 2.79372e-05 0 1.46739 1.50009 4.19068e-05
0.725 1.50004 1.00004 2.12801e-05 0 1.57609 1.5001 3.1921e-05
0.775 1.50004 1.00005 1.42263e-05 0 1.68478 1.50011 2.134e-05
0.825 1.50004 1.00005 7.00778e-06 0 1.79348 1.50011 1.0512e-05
0.875 1.50004 1.00005 -1.59242e-07 0 1.90217 1.50012 -2.3887e-07
0.925 1.50004 1.00005 -6.99178e-06 0 2.01087 1.50012 -1.0488e-05
0.975 1.50004 1.00005 -1.32465e-05 0 2.11957 1.50011 -1.98702e-05
1.025 1.50004 1.00004 -1.88851e-05 0 2.22826 1.5001 -2.83284e-05
1.075 1.50003 1.00004 -2.38251e-05 0 2.33696 1.50009 -3.57384e-05
1.125 1.50003 1.00003 -2.79801e-05 0 2.44565 1.50008 -4.1971e-05
1.175 1.50003 1.00003 -3.12778e-05 0 2.55435 1.50006 -4.69175e-05
1.225 1.50002 1.00002 -3.36634e-05 0 2.66304 1.50005 -5.04958e-05
1.275 1.50001 1.00001 -3.50892e-05 0 2.77174 1.50003 -5.26344e-05
1.325 1.50001 0.999999 -3.55107e-05 0 2.88043 1.50001 -5.32664e-05
1.375 1.5 0.99999 -3.49241e-05 0 2.98913 1.49999 -5.23863e-05
1.425 1.5 0.99998 -3.33567e-05 0 3.09783 1.49997 -5.00351e-05
1.475 1.5 0.999971 -3.08541e-05 0 3.20652 1.49995 -4.6281e-05
1.525 1.49999 0.999963 -2.74994e-05 0 3.31522 1.49994 -4.12488e-05
1.575 1.49999 0.999956 -2.34017e-05 0 3.42391 1.49992 -3.51023e-05
1.625 1.49998 0.99995 -1.86888e-05 0 3.53261 1.49991 -2.80329e-05
1.675 1.49998 0.999946 -1.34966e-05 0 3.6413 1.4999 -2.02446e-05
1.725 1.49998 0.999943 -7.96174e-06 0 3.75 1.49989 -1.19424e-05
1.775 1.49998 0.999941 -2.19766e-06 0 3.8587 1.49989 -3.29645e-06
1.825 1.49998 0.999941 3.59853e-06 0 3.96739 1.49989 5.39773e-06
1.875 1.49998 0.999943 9.19809e-06 0 4.07609 1.49989 1.3797e-05
1.925 1.49998 0.999946 1.45902e-05 0 4.18478 1.4999 2.1885e-05
1.975 1.49999 0.999951 1.96765e-05 0 4.29348 1.49991 2.95145e-05
2.025 1.49999 0.999957 2.43224e-05 0 4.40217 1.49992 3.64834e-05
2.075 1.49999 0.999964 2.83735e-05 0 4.51087 1.49994 4.25601e-05
2.125 1.5 0.999971 3.16785e-05 0 4.61957 1.49995 4.75177e-05
2.175 1.5 0.999979 3.41142e-05 0 4.72826 1.49997 5.11714e-05
2.225 1.50001 0.999987 3.55995e-05 0 4.83696 1.49999 5.33996e-05
2.275 1.50001 0.999995 3.60818e-05 0 4.94565 1.50001 5.41232e-05
2.325 1.50002 1 3.55398e-05 0 5.05435 1.50002 5.33103e-05
2.375 1.50002 1.00001 3.40023e-05 0 5.16304 1.50004 5.10043e-05
2.425 1.50003 1.00002 3.14796e-05 0 5.27174 1.50005 4.72203e-05
2.475 1.50003 1.00002 2.80113e-05 0 5.38043 1.50006 4.20179e-05
2.525 1.50004 1.00002 2.36682e-05 0 5.48913 1.50007 3.55032e-05
2.575 1.50004 1.00003 1.85513e-05 0 5.59783 1.50008 2.78276e-05
2.625 1.50004 1.00003 1.27814e-05 0 5.70652 1.50009 1.91726e-05
2.675 1.50004 1.00003 6.57085e-06 0 5.81522 1.50009 9.85656e-06
2.725 1.50004 1.00003 1.74212e-07 0 5.92391 1.50008 2.61325e-07
2.775 1.50004 1.00003 -6.2674e-06 0 6.03261 1.50008 -9.40138e-06
2.825 1.50004 1.00002 -1.25112e-05 0 6.1413 1.50007 -1.87673e-05
2.875 1.50004 1.00002 -1.83523e-05 0 6.25 1.50007 -2.75291e-05
2.925 1.50004 1.00001 -2.35789e-05 0 6.3587 1.50005 -3.53693e-05
2.975 1.50003 1.00001 -2.79969e-05 0 6.46739 1.50004 -4.19962e-05
3.025 1.50003 0.999999 -3.14553e-05 0 6.57609 1.50003 -4.71839e-05
3.075 1.50002 0.999993 -3.38492e-05 0 6.68478 1.50001 -5.07746e-05
3.125 1.50002 0.999986 -3.51063e-05 0 6.79348 1.5 -5.26601e-05
3.175 1.50001 0.99998 -3.51829e-05 0 6.90217 1.49998 -5.27748e-05
3.225 1.50001 0.999974 -3.40584e-05 0 7.01087 1.49997 -5.10878e-05
3.275 1.5 0.999969 -3.17482e-05 0 7.11957 1.49996 -4.76223e-05
3.325 1.5 0.999964 -2.83232e-05 0 7.22826 1.49995 -4.24848e-05
3.375 1.5 0.99996 -2.39017e-05 0 7.33696 1.49994 -3.58524e-05
3.425 1.49999 0.999957 -1.86466e-05 0 7.44565 1.49993 -2.79697e-05
3.475 1.49999 0.999955 -1.27598e-05 0 7.55435 1.49992 -1.91396e-05
3.525 1.49999 0.999954 -6.4615e-06 0 7.66304 1.49992 -9.69219e-06
3.575 1.49999 0.999954 -2.49907e-08 0 7.77174 1.49992 -3.74858e-08
3.625 1.49999 0.999955 6.24106e-06 0 7.88043 1.49992 9.36152e-06
3.675 1.49999 0.999957 1.21434e-05 0 7.98913 1.49993 1.8215e-05
3.725 1.49999 0.99996 1.74984e-05 0 8.09783 1.49993 2.62474e-05
3.775 1.5 0.999963 2.21317e-05 0 8.20652 1.49994 3.31975e-05
3.825 1.5 0.999967 2.58797e-05 0 8.31522 1.49995 3.88195e-05
3.875 1.5 0.999972 2.86119e-05 0 8.42391 1.49996 4.2918e-05
3.925 1.50001 0.999977 3.024e-05 0 8.53261 1.49998 4.53603e-05
3.975 1.50001 0.999983 3.06883e-05 0 8.6413 1.49999 4.60329e-05
4.025 1.50002 0.999988 2.99076e-05 0 8.75 1.5 4.4862e-05
4.075 1.50002 0.999994 2.79212e-05 0 8.8587 1.50001 4.18825e-05
4.125 1.50003 0.999999 2.48114e-05 0 8.96739 1.50003 3.72178e-05
4.175 1.50003 1 2.07149e-05 0 9.07609 1.50004 3.1073e-05
4.225 1.50003 1.00001 1.58114e-05 0 9.18478 1.50004 2.37176e-05
4.275 1.50004 1.00001 1.03072e-05 0 9.29348 1.50005 1.54611e-05
4.325 1.50004 1.00001 4.42426e-06 0 9.40217 1.50006 6.63655e-06
4.375 1.50004 1.00002 -1.60373e-06 0 9.51087 1.50006 -2.40566e-06
4.425 1.50004 1.00002 -7.5423e-06 0 9.61957 1.50006 -1.13137e-05
4.475 1.50004 1.00002 -1.31132e-05 0 9.72826 1.50006 -1.96703e-05
4.525 1.50003 1.00002 -1.81345e-05 0 9.83696 1.50006 -2.72023e-05
4.575 1.50003 1.00001 -2.25414e-05 0 9.94565 1.50005 -3.38128e-05
4.625 1.50003 1.00001 -2.62264e-05 0 10.0543 1.50004 -3.93404e-05
4.675 1.50002 1.00001 -2.90825e-05 0 10.163 1.50003 -4.36245e-05
4.725 1.50002 1 -3.1019e-05 0 10.2717 1.50002 -4.65291e-05
4.775 1.50002 0.999997 -3.19716e-05 0 10.3804 1.50001 -4.7958e-05
4.825 1.50001 0.999991 -3.1927e-05 0 10.4891 1.5 -4.78909e-05
4.875 1.50001 0.999986 -3.09323e-05 0 10.5978 1.49999 -4.63987e-05
4.925 1.5 0.99998 -2.90461e-05 0 10.7065 1.49997 -4.35693e-05
4.975 1.5 0.999975 -2.6368e-05 0 10.8152 1.49996 -3.9552e-05
5.025 1.5 0.99997 -2.3045e-05 0 10.9239 1.49995 -3.45674e-05
5.075 1.49999 0.999965 -1.92525e-05 0 11.0326 1.49994 -2.88787e-05
5.125 1.49999 0.999961 -1.5184e-05 0 11.1413 1.49994 -2.27759e-05
5.175 1.49999 0.999959 -1.10416e-05 0 11.25 1.49993 -1.65623e-05
5.225 1.49999 0.999957 -7.02344e-06 0 11.3587 1.49993 -1.05351e-05
5.275 1.49999 0.999957 -3.34779e-06 0 11.4674 1.49993 -5.02166e-06
5.325 1.49999 0.999957 -2.33149e-07 0 11.5761 1.49993 -3.49721e-07
5.375 1.49999 0.999959 2.24278e-06 0 11.6848 1.49993 3.36416e-06
5.425 1.5 0.999962 4.03654e-06 0 11.7935 1.49994 6.05479e-06
5.475 1.5 0.999965 5.07291e-06 0 11.9022 1.49995 7.60935e-06
5.525 1.5 0.99997 5.29493e-06 0 12.0109 1.49996 7.9424e-06
5.575 1.5 0.999975 4.68079e-06 0 12.1196 1.49997 7.0212e-06
5.625 1.50001 0.99998 3.24491e-06 0 12.2283 1.49998 4.86738e-06
5.675 1.50001 0.999986 1.02216e-06 0 12.337 1.49999 1.53324e-06
5.725 1.50001 0.999991 -1.93658e-06 0 12.4457 1.5 -2.90489e-06
5.775 1.50001 0.999997 -5.57408e-06 0 12.5543 1.50001 -8.36118e-06
5.825 1.50001 1 -9.79734e-06 0 12.663 1.50002 -1.46961e-05
5.875 1.50001 1.00001 -1.44974e-05 0 12.7717 1.50002 -2.17462e-05
5.925 1.50001 1.00001 -1.95576e-05 0 12.8804 1.50003 -2.93367e-05
5.975 1.50001 1.00001 -2.48511e-05 0 12.9891 1.50003 -3.7277e-05
6.025 1.50001 1.00001 -3.02295e-05 0 13.0978 1.50003 -4.53447e-05
6.075 1.50001 1.00001 -3.55619e-05 0 13.2065 1.50003 -5.33432e-05
6.125 1.50001 1.00001 -4.06827e-05 0 13.3152 1.50003 -6.10244e-05
6.175 1.50001 1.00001 -4.54934e-05 0 13.4239 1.50003 -6.82405e-05
6.225 1.5 1.00001 -4.99257e-05 0 13.5326 1.50002 -7.48888e-05
6.275 1.5 1.00001 -5.39166e-05 0 13.6413 1.50001 -8.08749e-05
6.325 1.5 1 -5.74311e-05 0 13.75 1.5 -8.61465e-05
6.375 1.49999 0.999995 -6.04667e-05 0 13.8587 1.49999 -9.06997e-05
6.425 1.49999 0.99999 -6.30389e-05 0 13.9674 1.49997 -9.45578e-05
6.475 1.49999 0.999984 -6.5163e-05 0 14.0761 1.49996 -9.77436e-05
6.525 1.49998 0.999979 -6.6864e-05 0 14.1848 1.49995 -0.000100295
6.575 1.49998 0.999974 -6.81926e-05 0 14.2935 1.49994 -0.000102288
6.625 1.49998 0.999969 -6.92174e-05 0 14.4022 1.49993 -0.000103825
6.675 1.49997 0.999965 -7.00131e-05 0 14.5109 1.49992 -0.000105018
6.725 1.49997 0.999963 -7.0654e-05 0 14.6196 1.49992 -0.000105979
6.775 1.49997 0.999961 -7.12141e-05 0 14.7283 1.49991 -0.000106819
6.825 1.49997 0.99996 -7.17556e-05 0 14.837 1.49991 -0.000107631
6.875 1.49997 0.99996 -7.24133e-05 0 14.9457 1.49991 -0.000108618
6.925 1.49997 0.999962 -7.32801e-05 0 15.0543 1.49992 -0.000109918
6.975 1.49997 0.999964 -7.43449e-05 0 15.163 1.49992 -0.000111515
7.025 1.49998 0.999968 -7.56389e-05 0 15.2717 1.49993 -0.000113457
7.075 1.49998 0.999972 -7.71949e-05 0 15.3804 1.49994 -0.000115791
7.125 1.49998 0.999977 -7.90276e-05 0 15.4891 1.49995 -0.00011854
7.175 1.49999 0.999982 -8.11261e-05 0 15.5978 1.49996 -0.000121688
7.225 1.49999 0.999987 -8.34556e-05 0 15.7065 1.49997 -0.000125183
7.275 1.5 0.999992 -8.59604e-05 0 15.8152 1.49999 -0.000128941
7.325 1.50001 0.999997 -8.85577e-05 0 15.9239 1.5 -0.000132837
7.375 1.50001 1 -9.11234e-05 0 16.0326 1.50001 -0.000136686
7.425 1.50002 1 -9.34963e-05 0 16.1413 1.50003 -0.000140246
7.475 1.50003 1.00001 -9.54881e-05 0 16.25 1.50004 -0.000143235
7.525 1.50004 1.00001 -9.68947e-05 0 16.3587 1.50005 -0.000145346
7.575 1.50005 1.00001 -9.7498e-05 0 16.4674 1.50006 -0.000146252
7.625 1.50006 1.00001 -9.70621e-05 0 16.5761 1.50007 -0.000145599
7.675 1.50007 1.00001 -9.53433e-05 0 16.6848 1.50008 -0.000143022
7.725 1.50009 1.00001 -9.21139e-05 0 16.7935 1.50009 -0.000138179
7.775 1.5001 1 -8.71133e-05 0 16.9022 1.50011 -0.000130679
7.825 1.50012 0.999999 -8.00602e-05 0 17.0109 1.50012 -0.0001201
7.875 1.50014 0.999995 -7.06502e-05 0 17.1196 1.50013 -0.000105985
7.925 1.50016 0.99999 -5.85436e-05 0 17.2283 1.50015 -8.7825e-05
7.975 1.50018 0.999986 -4.35072e-05 0 17.337 1.50016 -6.52689e-05
8.025 1.5002 0.999981 -2.59068e-05 0 17.4457 1.50017 -3.88655e-05
8.075 1.50021 0.999977 -6.17041e-06 0 17.5543 1.50018 -9.25694e-06
8.125 1.50022 0.999973 1.52866e-05 0 17.663 1.50018 2.29333e-05
8.175 1.50023 0.99997 3.80608e-05 0 17.7717 1.50018 5.70999e-05
8.225 1.50023 0.999967 6.17186e-05 0 17.8804 1.50018 9.25922e-05
8.275 1.50023 0.999965 8.58472e-05 0 17.9891 1.50018 0.000128791
8.325 1.50023 0.999965 0.000110245 0 18.0978 1.50018 0.000165392
8.375 1.50023 0.999965 0.000134644 0 18.2065 1.50018 0.000201997
8.425 1.50023 0.999966 0.000158749 0 18.3152 1.50017 0.00023816
8.475 1.50022 0.999968 0.000182311 0 18.4239 1.50017 0.000273507
8.525 1.50021 0.999971 0.000204995 0 18.5326 1.50017 0.000307537
8.575 1.5002 0.999974 0.000226385 0 18.6413 1.50016 0.000339623
8.625 1.50018 0.999978 0.000245975 0 18.75 1.50015 0.000369007
8.675 1.50016 0.999982 0.000263205 0 18.8587 1.50013 0.00039485
8.725 1.50013 0.999987 0.000277517 0 18.9674 1.50011 0.000416313
8.775 1.5001 0.999991 0.000288412 0 19.0761 1.50009 0.000432648
8.825 1.50007 0.999995 0.000295511 0 19.1848 1.50006 0.000443287
8.875 1.50004 0.999998 0.000298631 0 19.2935 1.50004 0.000447958
8.925 1.50001 1 0.000298077 0 19.4022 1.50001 0.000447117
8.975 1.49998 1 0.000294059 0 19.5109 1.49998 0.000441081
9.025 1.49995 1 0.000286656 0 19.6196 1.49995 0.000429968
9.075 1.49992 1 0.000275978 0 19.7283 1.49992 0.000413943
9.125 1.49988 1 0.000262107 0 19.837 1.49989 0.00039313
9.175 1.49985 1 0.000244964 0 19.9457 1.49985 0.000367409
9.225 1.49982 0.999998 0.000224479 0 20.0543 1.49982 0.000336678
9.275 1.49979 0.999995 0.000201125 0 20.163 1.49978 0.000301645
9.325 1.49977 0.999991 0.000175558 0 20.2717 1.49976 0.000263296
9.375 1.49975 0.999987 0.0001485 0 20.3804 1.49973 0.000222713
9.425 1.49974 0.999983 0.00012063 0 20.4891 1.49972 0.000180914
9.475 1.49974 0.999979 9.25115e-05 0 20.5978 1.49971 0.000138743
9.525 1.49973 0.999975 6.45585e-05 0 20.7065 1.4997 9.68206e-05
9.575 1.49973 0.999972 3.70444e-05 0 20.8152 1.49969 5.55567e-05
9.625 1.49973 0.999969 1.00731e-05 0 20.9239 1.49969 1.5107e-05
9.675 1.49974 0.999967 -1.62219e-05 0 21.0326 1.49969 -2.43287e-05
9.725 1.49975 0.999965 -4.15035e-05 0 21.1413 1.49969 -6.22448e-05
9.775 1.49976 0.999964 -6.52781e-05 0 21.25 1.49971 -9.79017e-05
9.825 1.49978 0.999964 -8.69701e-05 0 21.3587 1.49973 -0.000130436
9.875 1.49981 0.999964 -0.000105964 0 21.4674 1.49976 -0.000158926
9.925 1.49985 0.999966 -0.00012158 0 21.5761 1.4998 -0.000182352
9.975 1.49989 0.999967 -0.000133152 0 21.6848 1.49984 -0.000199715
10.025 1.49994 0.999969 -0.000140074 0 21.7935 1.49989 -0.000210103
10.075 1.49997 0.999972 -0.000143215 0 21.9022 1.49993 -0.000214819
10.125 1.5 0.999974 -0.000143504 0 22.0109 1.49996 -0.000215257
10.175 1.50002 0.999977 -0.000141763 0 22.1196 1.49999 -0.000212647
10.225 1.50004 0.99998 -0.000138678 0 22.2283 1.5 -0.000208022
10.275 1.50004 0.999982 -0.00013482 0 22.337 1.50002 -0.000202237
10.325 1.50005 0.999983 -0.000130597 0 22.4457 1.50003 -0.000195902
10.375 1.50005 0.999985 -0.000126279 0 22.5543 1.50003 -0.000189426
10.425 1.50005 0.999985 -0.000122036 0 22.663 1.50003 -0.00018306
10.475 1.50005 0.999984 -0.000117889 0 22.7717 1.50003 -0.00017684
10.525 1.50005 0.999983 -0.0001139 0 22.8804 1.50003 -0.000170856
10.575 1.50004 0.999981 -0.00011033 0 22.9891 1.50002 -0.000165499
10.625 1.50003 0.999978 -0.000107533 0 23.0978 1.5 -0.000161304
10.675 1.50002 0.999974 -0.00010589 0 23.2065 1.49998 -0.000158836
10.725 1.5 0.99997 -0.000105478 0 23.3152 1.49996 -0.000158217
10.775 1.5 0.999965 -0.000105751 0 23.4239 1.49994 -0.000158626
10.825 1.49999 0.99996 -0.000106267 0 23.5326 1.49993 -0.0001594
10.875 1.49999 0.999954 -0.000106693 0 23.6413 1.49992 -0.000160037
10.925 1.49998 0.999949 -0.000106803 0 23.75 1.49991 -0.000160203
10.975 1.49998 0.999943 -0.000106468 0 23.8587 1.4999 -0.0001597
11.025 1.49998 0.999938 -0.000105625 0 23.9674 1.49989 -0.000158436
11.075 1.49998 0.999933 -0.000104267 0 24.0761 1.49988 -0.000156398
11.125 1.49998 0.999928 -0.000102416 0 24.1848 1.49987 -0.000153623
11.175 1.49998 0.999924 -0.000100136 0 24.2935 1.49987 -0.000150203
11.225 1.49998 0.99992 -9.75347e-05 0 24.4022 1.49986 -0.0001463
11.275 1.49997 0.999917 -9.47672e-05 0 24.5109 1.49985 -0.000142148
11.325 1.49997 0.999914 -9.20458e-05 0 24.6196 1.49984 -0.000138066
11.375 1.49996 0.999911 -8.96438e-05 0 24.7283 1.49983 -0.000134462
11.425 1.49995 0.999908 -8.78733e-05 0 24.837 1.49981 -0.000131806
11.475 1.49994 0.999906 -8.70455e-05 0 24.9457 1.4998 -0.000130563
11.525 1.49992 0.999904 -8.74151e-05 0 25.0543 1.49978 -0.000131116
11.575 1.49991 0.999901 -8.91786e-05 0 25.163 1.49976 -0.000133759
11.625 1.49989 0.999898 -9.22146e-05 0 25.2717 1.49974 -0.000138312
11.675 1.49988 0.999894 -9.62431e-05 0 25.3804 1.49972 -0.000144353
11.725 1.49987 0.999889 -0.000101048 0 25.4891 1.4997 -0.000151558
11.775 1.49985 0.999883 -0.000106458 0 25.5978 1.49968 -0.000159672
11.825 1.49984 0.999877 -0.000112335 0 25.7065 1.49966 -0.000168485
11.875 1.49983 0.999869 -0.000118552 0 25.8152 1.49964 -0.000177807
11.925 1.49982 0.99986 -0.000125 0 25.9239 1.49961 -0.000187477
11.975 1.49981 0.999849 -0.000131621 0 26.0326 1.49958 -0.000197407
12.025 1.49979 0.999837 -0.000138424 0 26.1413 1.49955 -0.000207607
12.075 1.49978 0.999824 -0.00014548 0 26.25 1.49951 -0.000218187
12.125 1.49976 0.99981 -0.000152916 0 26.3587 1.49947 -0.000229336
12.175 1.49973 0.999794 -0.000160893 0 26.4674 1.49943 -0.000241296
12.225 1.49971 0.999777 -0.000169579 0 26.5761 1.49937 -0.000254319
12.275 1.49968 0.999758 -0.00017912 0 26.6848 1.49932 -0.000268624
12.325 1.49965 0.999739 -0.000189619 0 26.7935 1.49926 -0.000284362
12.375 1.49962 0.999718 -0.000201124 0 26.9022 1.4992 -0.000301611
12.425 1.49959 0.999696 -0.000213646 0 27.0109 1.49914 -0.000320381
12.475 1.49956 0.999673 -0.000227173 0 27.1196 1.49907 -0.00034066
12.525 1.49953 0.999649 -0.00024171 0 27.2283 1.499 -0.00036245
12.575 1.49949 0.999624 -0.000257297 0 27.337 1.49893 -0.000385815
12.625 1.49945 0.999598 -0.000274032 0 27.4457 1.49885 -0.000410899
12.675 1.49942 0.999571 -0.000292067 0 27.5543 1.49877 -0.000437929
12.725 1.49937 0.999541 -0.000311596 0 27.663 1.49868 -0.000467198
12.775 1.49932 0.999511 -0.000332834 0 27.7717 1.49859 -0.000499026
12.825 1.49927 0.999478 -0.000355991 0 27.8804 1.49849 -0.000533728
12.875 1.49922 0.999443 -0.000381255 0 27.9891 1.49838 -0.000571584
12.925 1.49916 0.999406 -0.000408777 0 28.0978 1.49827 -0.000612822
12.975 1.49909 0.999366 -0.000438675 0 28.2065 1.49814 -0.000657615
13.025 1.49903 0.999323 -0.00047104 0 28.3152 1.49801 -0.000706101
13.075 1.49895 0.999277 -0.000505951 0 28.4239 1.49787 -0.000758396
13.125 1.49888 0.999227 -0.000543489 0 28.5326 1.49772 -0.000814622
13.175 1.49879 0.999173 -0.000583753 0 28.6413 1.49755 -0.000874924
13.225 1.4987 0.999114 -0.000626865 0 28.75 1.49737 -0.000939483
13.275 1.4986 0.99905 -0.000672976 0 28.8587 1.49718 -0.00100852
13.325 1.4985 0.998982 -0.000722263 0 28.9674 1.49697 -0.00108231
13.375 1.49839 0.998907 -0.000774932 0 29.0761 1.49675 -0.00116115
13.425 1.49827 0.998827 -0.00083121 0 29.1848 1.49651 -0.00124538
13.475 1.49814 0.998741 -0.000891347 0 29.2935 1.49625 -0.00133536
13.525 1.498 0.998648 -0.000955623 0 29.4022 1.49598 -0.00143152
13.575 1.49785 0.998548 -0.00102434 0 29.5109 1.49568 -0.00153431
13.625 1.49769 0.99844 -0.00109785 0 29.6196 1.49536 -0.00164424
13.675 1.49752 0.998325 -0.00117652 0 29.7283 1.49501 -0.00176187
13.725 1.49734 0.998201 -0.00126079 0 29.837 1.49465 -0.00188783
13.775 1.49715 0.998069 -0.00135113 0 29.9457 1.49425 -0.00202283
13.825 1.49694 0.997927 -0.00144804 0 30.0543 1.49383 -0.00216763
13.875 1.49671 0.997775 -0.00155211 0 30.163 1.49338 -0.00232306
13.925 1.49647 0.997612 -0.00166391 0 30.2717 1.4929 -0.00248999
13.975 1.49621 0.997438 -0.00178408 0 30.3804 1.49238 -0.00266937
14.025 1.49594 0.997252 -0.00191328 0 30.4891 1.49182 -0.00286214
14.075 1.49564 0.997052 -0.00205219 0 30.5978 1.49123 -0.00306934
14.125 1.49532 0.996838 -0.00220154 0 30.7065 1.49059 -0.00329201
14.175 1.49498 0.996608 -0.00236208 0 30.8152 1.48991 -0.00353126
14.225 1.49461 0.996362 -0.00253458 0 30.9239 1.48917 -0.00378821
14.275 1.49422 0.996098 -0.00271987 0 31.0326 1.48839 -0.00406407
14.325 1.4938 0.995815 -0.0029188 0 31.1413 1.48755 -0.00436009
14.375 1.49334 0.995512 -0.00313229 0 31.25 1.48664 -0.00467758
14.425 1.49286 0.995186 -0.00336128 0 31.3587 1.48567 -0.00501792
14.475 1.49234 0.994836 -0.0036068 0 31.4674 1.48463 -0.00538257
14.525 1.49178 0.99446 -0.0038699 0 31.5761 1.48352 -0.00577304
14.575 1.49118 0.994057 -0.00415174 0 31.6848 1.48232 -0.00619099
14.625 1.49054 0.993624 -0.00445353 0 31.7935 1.48103 -0.00663816
14.675 1.48985 0.99316 -0.0047766 0 31.9022 1.47966 -0.00711642
14.725 1.48911 0.992661 -0.00512237 0 32.0109 1.47818 -0.00762777
14.775 1.48832 0.992126 -0.00549234 0 32.1196 1.4766 -0.00817435
14.825 1.48747 0.991551 -0.00588814 0 32.2283 1.4749 -0.00875845
14.875 1.48656 0.990935 -0.00631156 0 32.337 1.47309 -0.00938253
14.925 1.48559 0.990274 -0.00676447 0 32.4457 1.47114 -0.0100492
14.975 1.48455 0.989565 -0.00724891 0 32.5543 1.46906 -0.0107614
15.025 1.48343 0.988805 -0.00776705 0 32.663 1.46682 -0.0115219
15.075 1.48224 0.98799 -0.00832117 0 32.7717 1.46444 -0.012334
15.125 1.48096 0.987116 -0.00891374 0 32.8804 1.46188 -0.0132009
15.175 1.47959 0.986178 -0.00954736 0 32.9891 1.45914 -0.0141262
15.225 1.47813 0.985173 -0.0102248 0 33.0978 1.45621 -0.0151135
15.275 1.47656 0.984096 -0.0109489 0 33.2065 1.45308 -0.0161668
15.325 1.47488 0.982942 -0.0117228 0 33.3152 1.44972 -0.0172898
15.375 1.47309 0.981704 -0.0125496 0 33.4239 1.44614 -0.0184867
15.425 1.47118 0.980378 -0.0134326 0 33.5326 1.44231 -0.0197617
15.475 1.46913 0.978956 -0.0143752 0 33.6413 1.43821 -0.0211191
15.525 1.46694 0.977433 -0.0153812 0 33.75 1.43384 -0.0225633
15.575 1.4646 0.9758 -0.0164541 0 33.8587 1.42916 -0.0240987
15.625 1.46211 0.974052 -0.0175978 0 33.9674 1.42417 -0.0257299
15.675 1.45944 0.972178 -0.0188162 0 34.0761 1.41884 -0.0274612
15.725 1.4566 0.970172 -0.0201133 0 34.1848 1.41315 -0.0292971
15.775 1.45357 0.968023 -0.0214934 0 34.2935 1.40709 -0.0312421
15.825 1.45033 0.965722 -0.0229606 0 34.4022 1.40062 -0.0333006
15.875 1.44689 0.963259 -0.0245191 0 34.5109 1.39373 -0.0354764
15.925 1.44322 0.960623 -0.026173 0 34.6196 1.38639 -0.0377735
15.975 1.43931 0.957802 -0.0279268 0 34.7283 1.37858 -0.0401954
16.025 1.43516 0.954786 -0.0297845 0 34.837 1.37027 -0.0427455
16.075 1.43074 0.951559 -0.0317503 0 34.9457 1.36144 -0.0454265
16.125 1.42605 0.948111 -0.0338281 0 35.0543 1.35205 -0.0482406
16.175 1.42107 0.944425 -0.0360215 0 35.163 1.34209 -0.051189
16.225 1.41579 0.940489 -0.0383337 0 35.2717 1.33153 -0.0542723
16.275 1.41019 0.936285 -0.0407678 0 35.3804 1.32034 -0.0574902
16.325 1.40426 0.931797 -0.0433262 0 35.4891 1.30848 -0.0608412
16.375 1.39799 0.92701 -0.0460107 0 35.5978 1.29595 -0.0643223
16.425 1.39136 0.921906 -0.0488219 0 35.7065 1.2827 -0.0679289
16.475 1.38437 0.916466 -0.0517597 0 35.8152 1.26872 -0.0716543
16.525 1.37699 0.910672 -0.0548226 0 35.9239 1.25399 -0.0754904
16.575 1.36923 0.904505 -0.0580082 0 36.0326 1.23848 -0.0794266
16.625 1.36107 0.897945 -0.0613121 0 36.1413 1.22217 -0.0834501
16.675 1.3525 0.890974 -0.064728 0 36.25 1.20504 -0.0875448
16.725 1.34352 0.883572 -0.0682471 0 36.3587 1.1871 -0.0916914
16.775 1.33412 0.875721 -0.0718582 0 36.4674 1.16832 -0.0958677
16.825 1.32431 0.8674 -0.0755478 0 36.5761 1.1487 -0.100048
16.875 1.31407 0.858594 -0.0792992 0 36.6848 1.12825 -0.104205
16.925 1.30342 0.849285 -0.0830921 0 36.7935 1.10698 -0.108304
16.975 1.29237 0.839461 -0.0869016 0 36.9022 1.08489 -0.112309
17.025 1.28092 0.829105 -0.0906989 0 37.0109 1.06201 -0.116178
17.075 1.26908 0.818209 -0.0944507 0 37.1196 1.03837 -0.119866
17.125 1.25689 0.806764 -0.0981201 0 37.2283 1.01401 -0.123326
17.175 1.24435 0.794771 -0.101665 0 37.337 0.988977 -0.126507
17.225 1.23152 0.782233 -0.105037 0 37.4457 0.963332 -0.129354
17.275 1.21841 0.769161 -0.108182 0 37.5543 0.937152 -0.13181
17.325 1.20507 0.755572 -0.111041 0 37.663 0.910518 -0.133813
17.375 1.19156 0.741489 -0.113552 0 37.7717 0.883527 -0.135304
17.425 1.17792 0.72695 -0.115648 0 37.8804 0.856288 -0.136224
17.475 1.16423 0.712 -0.117259 0 37.9891 0.82893 -0.136516
17.525 1.15057 0.696699 -0.118308 0 38.0978 0.801599 -0.136122
17.575 1.137 0.681128 -0.118717 0 38.2065 0.774442 -0.134981
17.625 1.12361 0.665393 -0.118411 0 38.3152 0.74764 -0.133048
17.675 1.11047 0.64959 -0.117323 0 38.4239 0.721348 -0.130283
17.725 1.09765 0.633811 -0.115379 0 38.5326 0.695705 -0.126646
17.775 1.08526 0.618184 -0.112515 0 38.6413 0.67089 -0.122108
17.825 1.07337 0.602848 -0.108679 0 38.75 0.64708 -0.116653
17.875 1.06208 0.587957 -0.103834 0 38.8587 0.624455 -0.110279
17.925 1.05146 0.573674 -0.09796 0 38.9674 0.603198 -0.103002
17.975 1.04163 0.560168 -0.0910572 0 39.0761 0.583487 -0.0948477
18.025 1.03265 0.547614 -0.0831441 0 39.1848 0.565494 -0.0858588
18.075 1.02461 0.536182 -0.0742611 0 39.2935 0.549379 -0.0760889
18.125 1.01759 0.526037 -0.0644735 0 39.4022 0.535289 -0.0656075
18.175 1.01164 0.517332 -0.0538726 0 39.5109 0.523356 -0.0544998
18.225 1.00684 0.510207 -0.0425725 0 39.6196 0.513695 -0.0428635
18.275 1.00321 0.504779 -0.0307068 0 39.7283 0.506401 -0.0308055
18.325 1.0008 0.501142 -0.0184275 0 39.837 0.501545 -0.0184423
18.375 0.999689 0.499359 -0.00588776 0 39.9457 0.499204 -0.00588593
18.425 0.999548 0.49946 0.00669512 0 40.0543 0.499234 0.00669209
18.475 1.00043 0.501434 0.0190492 0 40.163 0.501651 0.0190574
18.525 1.00296 0.50524 0.031104 0 40.2717 0.506733 0.0311959
18.575 1.00683 0.510808 0.0427497 0 40.3804 0.514297 0.0430417
18.625 1.01182 0.518048 0.0538418 0 40.4891 0.524169 0.0544779
18.675 1.01789 0.52684 0.0642429 0 40.5978 0.536264 0.065392
18.725 1.02503 0.537048 0.0738442 0 40.7065 0.550491 0.0756926
18.775 1.03318 0.548517 0.0825617 0 40.8152 0.566719 0.0853014
18.825 1.04226 0.561086 0.0903341 0 40.9239 0.584798 0.0941518
18.875 1.05218 0.574582 0.0971225 0 41.0326 0.604565 0.102191
18.925 1.06287 0.588835 0.10291 0 41.1413 0.625853 0.10938
18.975 1.07422 0.603681 0.1077 0 41.25 0.648487 0.115693
19.025 1.08616 0.618961 0.111511 0 41.3587 0.672291 0.121119
19.075 1.09859 0.634527 0.114382 0 41.4674 0.697087 0.125659
19.125 1.11144 0.650241 0.116363 0 41.5761 0.722701 0.12933
19.175 1.12461 0.665975 0.117511 0 41.6848 0.748965 0.132154
19.225 1.13801 0.681612 0.117885 0 41.7935 0.775678 0.134153
19.275 1.15151 0.697033 0.117554 0 41.9022 0.802642 0.135365
19.325 1.16507 0.71217 0.116596 0 42.0109 0.829726 0.135842
19.375 1.17862 0.726974 0.11508 0 42.1196 0.856823 0.135636
19.425 1.1921 0.741387 0.113077 0 42.2283 0.883808 0.1348
19.475 1.20547 0.755365 0.110656 0 42.337 0.91057 0.133392
19.525 1.21868 0.768869 0.107881 0 42.4457 0.937002 0.131472
19.575 1.23167 0.781873 0.104816 0 42.5543 0.963006 0.129099
19.625 1.2444 0.794358 0.10152 0 42.663 0.9885 0.126332
19.675 1.25685 0.806313 0.0980442 0 42.7717 1.01341 0.123226
19.725 1.26897 0.817733 0.0944366 0 42.8804 1.03768 0.119837
19.775 1.28074 0.828618 0.0907399 0 42.9891 1.06125 0.116214
19.825 1.29214 0.838973 0.0869921 0 43.0978 1.08407 0.112406
19.875 1.30316 0.848806 0.0832266 0 43.2065 1.10613 0.108458
19.925 1.31378 0.858126 0.0794721 0 43.3152 1.12739 0.104409
19.975 1.32399 0.866947 0.0757532 0 43.4239 1.14783 0.100296
