-19.975 1.49997 0.999968 -3.086e-05 0 -29.375 1.49992 -4.6289e-05
-19.925 1.49997 0.999962 -3.9384e-05 0 -29.3015 1.49991 -5.90746e-05
-19.875 1.49996 0.999956 -4.80594e-05 0 -29.2279 1.49989 -7.20872e-05
-19.825 1.49995 0.999949 -5.67365e-05 0 -29.1544 1.49987 -8.51021e-05
-19.775 1.49994 0.99994 -6.52729e-05 0 -29.0809 1.49985 -9.79056e-05
-19.725 1.49993 0.99993 -7.35391e-05 0 -29.0074 1.49983 -0.000110304
-19.675 1.49992 0.99992 -8.14216e-05 0 -28.9338 1.4998 -0.000122126
-19.625 1.49991 0.999909 -8.88294e-05 0 -28.8603 1.49977 -0.000133236
-19.575 1.49989 0.999897 -9.56979e-05 0 -28.7868 1.49974 -0.000143537
-19.525 1.49988 0.999885 -0.000101991 0 -28.7132 1.49971 -0.000152974
-19.475 1.49986 0.999872 -0.000107703 0 -28.6397 1.49967 -0.000161539
-19.425 1.49985 0.999859 -0.000112856 0 -28.5662 1.49963 -0.000169266
-19.375 1.49983 0.999845 -0.000117504 0 -28.4926 1.4996 -0.000176236
-19.325 1.49981 0.999832 -0.00012173 0 -28.4191 1.49956 -0.000182572
-19.275 1.49979 0.999818 -0.000125642 0 -28.3456 1.49952 -0.000188437
-19.225 1.49977 0.999804 -0.000129371 0 -28.2721 1.49948 -0.000194028
-19.175 1.49975 0.999791 -0.000133068 0 -28.1985 1.49944 -0.000199569
-19.125 1.49973 0.999777 -0.000136904 0 -28.125 1.4994 -0.000205319
-19.075 1.49971 0.999764 -0.000141066 0 -28.0515 1.49936 -0.000211559
-19.025 1.49969 0.99975 -0.000145754 0 -27.9779 1.49932 -0.000218586
-18.975 1.49967 0.999737 -0.000151168 0 -27.9044 1.49928 -0.000226702
-18.925 1.49965 0.999724 -0.000157501 0 -27.8309 1.49923 -0.000236197
-18.875 1.49962 0.99971 -0.000164942 0 -27.7574 1.49919 -0.000247351
-18.825 1.4996 0.999696 -0.000173668 0 -27.6838 1.49914 -0.000260432
-18.775 1.49957 0.999682 -0.000183848 0 -27.6103 1.49909 -0.000275693
-18.725 1.49954 0.999667 -0.000195637 0 -27.5368 1.49904 -0.000293365
-18.675 1.49951 0.999651 -0.000209173 0 -27.4632 1.49899 -0.000313657
-18.625 1.49948 0.999633 -0.000224579 0 -27.3897 1.49893 -0.000336751
-18.575 1.49944 0.999614 -0.000241959 0 -27.3162 1.49887 -0.000362803
-18.525 1.49941 0.999593 -0.000261402 0 -27.2426 1.4988 -0.000391948
-18.475 1.49937 0.99957 -0.000282983 0 -27.1691 1.49872 -0.000424296
-18.425 1.49932 0.999545 -0.000306765 0 -27.0956 1.49864 -0.000459939
-18.375 1.49927 0.999516 -0.000332797 0 -27.0221 1.49855 -0.000498954
-18.325 1.49922 0.999484 -0.000361125 0 -26.9485 1.49845 -0.000541406
-18.275 1.49916 0.999449 -0.000391789 0 -26.875 1.49834 -0.000587355
-18.225 1.4991 0.99941 -0.000424828 0 -26.8015 1.49822 -0.00063686
-18.175 1.49904 0.999366 -0.000460286 0 -26.7279 1.49809 -0.000689985
-18.125 1.49896 0.999318 -0.000498212 0 -26.6544 1.49794 -0.000746801
-18.075 1.49889 0.999265 -0.000538666 0 -26.5809 1.49778 -0.000807399
-18.025 1.4988 0.999207 -0.000581722 0 -26.5074 1.49761 -0.000871886
-17.975 1.49871 0.999144 -0.000627472 0 -26.4338 1.49743 -0.000940399
-17.925 1.49861 0.999076 -0.000676028 0 -26.3603 1.49723 -0.0010131
-17.875 1.49851 0.999001 -0.000727526 0 -26.2868 1.49701 -0.0010902
-17.825 1.49839 0.998921 -0.000782129 0 -26.2132 1.49678 -0.00117194
-17.775 1.49827 0.998835 -0.000840031 0 -26.1397 1.49653 -0.00125859
-17.725 1.49814 0.998743 -0.000901456 0 -26.0662 1.49626 -0.00135051
-17.675 1.498 0.998644 -0.000966665 0 -25.9926 1.49597 -0.00144807
-17.625 1.49785 0.998539 -0.00103596 0 -25.9191 1.49566 -0.00155171
-17.575 1.49769 0.998426 -0.00110967 0 -25.8456 1.49533 -0.00166194
-17.525 1.49752 0.998306 -0.00118818 0 -25.7721 1.49498 -0.00177932
-17.475 1.49733 0.998178 -0.00127191 0 -25.6985 1.49461 -0.00190448
-17.425 1.49714 0.998043 -0.00136134 0 -25.625 1.49421 -0.00203811
-17.375 1.49692 0.997898 -0.00145697 0 -25.5515 1.49378 -0.00218098
-17.325 1.4967 0.997744 -0.00155938 0 -25.4779 1.49332 -0.00233393
-17.275 1.49646 0.99758 -0.00166918 0 -25.4044 1.49284 -0.00249785
-17.225 1.4962 0.997406 -0.00178702 0 -25.3309 1.49232 -0.00267374
-17.175 1.49592 0.997219 -0.00191362 0 -25.2574 1.49176 -0.00286263
-17.125 1.49562 0.99702 -0.00204974 0 -25.1838 1.49117 -0.00306565
-17.075 1.49531 0.996808 -0.0021962 0 -25.1103 1.49053 -0.00328399
-17.025 1.49497 0.99658 -0.00235383 0 -25.0368 1.48985 -0.0035189
-16.975 1.4946 0.996337 -0.00252355 0 -24.9632 1.48913 -0.0037717
-16.925 1.49421 0.996076 -0.00270628 0 -24.8897 1.48835 -0.00404375
-16.875 1.49379 0.995797 -0.00290302 0 -24.8162 1.48751 -0.0043365
-16.825 1.49334 0.995496 -0.00311478 0 -24.7426 1.48661 -0.00465142
-16.775 1.49286 0.995174 -0.00334264 0 -24.6691 1.48565 -0.00499007
-16.725 1.49234 0.994828 -0.00358769 0 -24.5956 1.48462 -0.00535404
-16.675 1.49178 0.994457 -0.00385108 0 -24.5221 1.48351 -0.00574497
-16.625 1.49119 0.994057 -0.004134 0 -24.4485 1.48232 -0.00616457
-16.575 1.49055 0.993628 -0.00443772 0 -24.375 1.48105 -0.00661462
-16.525 1.48986 0.993167 -0.00476354 0 -24.3015 1.47968 -0.007097
-16.475 1.48912 0.992671 -0.00511284 0 -24.2279 1.47821 -0.00761364
-16.425 1.48833 0.992138 -0.00548707 0 -24.1544 1.47663 -0.00816658
-16.375 1.48748 0.991565 -0.00588776 0 -24.0809 1.47494 -0.00875794
-16.325 1.48658 0.99095 -0.00631654 0 -24.0074 1.47312 -0.00939001
-16.275 1.4856 0.99029 -0.00677517 0 -23.9338 1.47117 -0.0100652
-16.225 1.48456 0.98958 -0.0072655 0 -23.8603 1.46909 -0.010786
-16.175 1.48344 0.988819 -0.00778951 0 -23.7868 1.46685 -0.0115553
-16.125 1.48224 0.988001 -0.00834932 0 -23.7132 1.46445 -0.0123757
-16.075 1.48096 0.987124 -0.00894719 0 -23.6397 1.46189 -0.0132504
-16.025 1.47958 0.986184 -0.00958556 0 -23.5662 1.45914 -0.0141826
-15.975 1.47811 0.985175 -0.010267 0 -23.4926 1.4562 -0.0151758
-15.925 1.47654 0.984093 -0.0109944 0 -23.4191 1.45305 -0.0162337
-15.875 1.47485 0.982933 -0.0117706 0 -23.3456 1.44968 -0.0173599
-15.825 1.47306 0.98169 -0.0125987 0 -23.2721 1.44608 -0.0185586
-15.775 1.47113 0.980358 -0.0134821 0 -23.1985 1.44224 -0.019834
-15.725 1.46908 0.978931 -0.0144243 0 -23.125 1.43813 -0.0211904
-15.675 1.46688 0.977403 -0.0154289 0 -23.0515 1.43373 -0.0226323
-15.625 1.46454 0.975765 -0.0164997 0 -22.9779 1.42905 -0.0241644
-15.575 1.46204 0.974012 -0.0176407 0 -22.9044 1.42404 -0.0257913
-15.525 1.45937 0.972134 -0.0188559 0 -22.8309 1.4187 -0.0275177
-15.475 1.45652 0.970124 -0.0201498 0 -22.7574 1.413 -0.0293485
-15.425 1.45348 0.967972 -0.0215265 0 -22.6838 1.40693 -0.0312883
-15.375 1.45024 0.965668 -0.0229905 0 -22.6103 1.40045 -0.0333418
-15.325 1.44679 0.963204 -0.0245462 0 -22.5368 1.39356 -0.0355133
-15.275 1.44312 0.960566 -0.0261981 0 -22.4632 1.38621 -0.0378071
-15.225 1.43921 0.957745 -0.0279506 0 -22.3897 1.3784 -0.0402269
-15.175 1.43505 0.954728 -0.0298082 0 -22.3162 1.37009 -0.0427763
-15.125 1.43063 0.951501 -0.031775 0 -22.2426 1.36125 -0.0454584
-15.075 1.42594 0.948052 -0.0338551 0 -22.1691 1.35186 -0.0482753
-15.025 1.42095 0.944365 -0.0360521 0 -22.0956 1.3419 -0.0512283
-14.975 1.41566 0.940426 -0.0383693 0 -22.0221 1.33133 -0.0543181
-14.925 1.41006 0.93622 -0.0408098 0 -21.9485 1.32013 -0.0575442
-14.875 1.40413 0.931729 -0.0433758 0 -21.875 1.30826 -0.0609051
-14.825 1.39785 0.926936 -0.0460691 0 -21.8015 1.29571 -0.0643975
-14.775 1.39121 0.921825 -0.0488901 0 -21.7279 1.28245 -0.0680166
-14.725 1.38421 0.916376 -0.0518385 0 -21.6544 1.26846 -0.0717553
-14.675 1.37683 0.910571 -0.0549127 0 -21.5809 1.2537 -0.0756052
-14.625 1.36905 0.904391 -0.0581099 0 -21.5074 1.23816 -0.0795554
-14.575 1.36088 0.897817 -0.0614257 0 -21.4338 1.22182 -0.0835927
-14.525 1.35229 0.89083 -0.0648534 0 -21.3603 1.20466 -0.0877008
-14.475 1.3433 0.883409 -0.068384 0 -21.2868 1.18668 -0.0918599
-14.425 1.33388 0.875537 -0.0720062 0 -21.2132 1.16786 -0.0960476
-14.375 1.32404 0.867194 -0.0757061 0 -21.1397 1.1482 -0.100238
-14.325 1.31379 0.858364 -0.0794671 0 -21.0662 1.12771 -0.104403
-14.275 1.30312 0.849031 -0.0832685 0 -20.9926 1.10639 -0.108509
-14.225 1.29204 0.839179 -0.0870854 0 -20.9191 1.08426 -0.112518
-14.175 1.28057 0.828797 -0.0908889 0 -20.8456 1.06133 -0.11639
-14.125 1.26872 0.817873 -0.0946455 0 -20.7721 1.03765 -0.120078
-14.075 1.2565 0.806401 -0.0983181 0 -20.6985 1.01324 -0.123537
-14.025 1.24395 0.794379 -0.101864 0 -20.625 0.988167 -0.126714
-13.975 1.23109 0.781813 -0.105236 0 -20.5515 0.962482 -0.129555
-13.925 1.21796 0.768714 -0.10838 0 -20.4779 0.936264 -0.132002
-13.875 1.20461 0.755098 -0.111236 0 -20.4044 0.909597 -0.133995
-13.825 1.19108 0.74099 -0.113741 0 -20.3309 0.882575 -0.135474
-13.775 1.17742 0.726426 -0.11583 0 -20.2574 0.855309 -0.13638
-13.725 1.16371 0.711453 -0.117432 0 -20.1838 0.827927 -0.136657
-13.675 1.15004 0.69613 -0.11847 0 -20.1103 0.800577 -0.136245
-13.625 1.13646 0.680538 -0.118865 0 -20.0368 0.773406 -0.135085
-13.575 1.12306 0.664786 -0.118543 0 -19.9632 0.746595 -0.133131
-13.525 1.10991 0.648966 -0.117437 0 -19.8897 0.720296 -0.130344
-13.475 1.0971 0.633173 -0.115473 0 -19.8162 0.694652 -0.126685
-13.425 1.0847 0.617535 -0.112586 0 -19.7426 0.66984 -0.122122
-13.375 1.07281 0.602191 -0.108725 0 -19.6691 0.646036 -0.116642
-13.325 1.06152 0.587295 -0.103853 0 -19.5956 0.623423 -0.110242
-13.275 1.05091 0.57301 -0.0979497 0 -19.5221 0.602182 -0.102936
-13.225 1.04108 0.559506 -0.0910158 0 -19.4485 0.582492 -0.094755
-13.175 1.03212 0.546958 -0.0830704 0 -19.375 0.564524 -0.0857383
-13.125 1.02409 0.535537 -0.0741542 0 -19.3015 0.548439 -0.0759406
-13.075 1.01708 0.525408 -0.0643327 0 -19.2279 0.534383 -0.0654317
-13.025 1.01116 0.516724 -0.0536977 0 -19.1544 0.522489 -0.0542969
-12.975 1.00637 0.509624 -0.0423643 0 -19.0809 0.512872 -0.0426343
-12.925 1.00277 0.504227 -0.0304668 0 -19.0074 0.505626 -0.0305513
-12.875 1.00039 0.500625 -0.0181576 0 -18.9338 0.500821 -0.0181647
-12.825 0.999307 0.498882 -0.00559151 0 -18.8603 0.498537 -0.00558764
-12.775 0.999182 0.499027 0.00701296 0 -18.7868 0.498619 0.00700722
-12.725 1.0001 0.50105 0.0193846 0 -18.7132 0.501102 0.0193866
-12.675 1.00267 0.504905 0.0314544 0 -18.6397 0.506254 0.0315384
-12.625 1.00658 0.510526 0.0431112 0 -18.5662 0.513885 0.0433948
-12.575 1.0116 0.51782 0.0542095 0 -18.4926 0.523826 0.0548383
-12.525 1.01771 0.526667 0.0646123 0 -18.4191 0.535992 0.0657564
-12.475 1.02489 0.536928 0.0742107 0 -18.3456 0.550291 0.0760576
-12.425 1.03308 0.548452 0.0829209 0 -18.2721 0.566593 0.0856637
-12.375 1.04219 0.561071 0.0906816 0 -18.1985 0.584744 0.0945076
-12.325 1.05215 0.574617 0.0974548 0 -18.125 0.604582 0.102537
-12.275 1.06286 0.588917 0.103224 0 -18.0515 0.625939 0.109713
-12.225 1.07425 0.603806 0.107993 0 -17.9779 0.648641 0.116012
-12.175 1.08622 0.619126 0.111782 0 -17.9044 0.672509 0.12142
-12.125 1.09869 0.634727 0.114628 0 -17.8309 0.697366 0.125941
-12.075 1.11156 0.650471 0.116584 0 -17.7574 0.723036 0.129589
-12.025 1.12476 0.666233 0.117705 0 -17.6838 0.749352 0.13239
-11.975 1.13817 0.681891 0.118053 0 -17.6103 0.77611 0.134365
-11.925 1.1517 0.697329 0.117697 0 -17.5368 0.803111 0.135551
-11.875 1.16527 0.712479 0.116714 0 -17.4632 0.83023 0.136003
-11.825 1.17883 0.727293 0.115174 0 -17.3897 0.857356 0.135771
-11.775 1.19233 0.741712 0.113149 0 -17.3162 0.884364 0.134911
-11.725 1.20571 0.755692 0.110706 0 -17.2426 0.911144 0.133479
-11.675 1.21892 0.769195 0.107912 0 -17.1691 0.937587 0.131536
-11.625 1.23192 0.782195 0.104831 0 -17.0956 0.963598 0.129142
-11.575 1.24466 0.794673 0.101519 0 -17.0221 0.989094 0.126356
-11.525 1.2571 0.806619 0.0980304 0 -16.9485 1.014 0.123234
-11.475 1.26922 0.818029 0.0944118 0 -16.875 1.03826 0.11983
-11.425 1.28099 0.828903 0.0907062 0 -16.8015 1.06182 0.116194
-11.375 1.29239 0.839245 0.0869514 0 -16.7279 1.08464 0.112376
-11.325 1.30341 0.849064 0.0831808 0 -16.6544 1.10668 0.108419
-11.275 1.31402 0.858371 0.0794228 0 -16.5809 1.12792 0.104363
-11.225 1.32423 0.867178 0.0757017 0 -16.5074 1.14834 0.100246
-11.175 1.33402 0.875501 0.0720382 0 -16.4338 1.16794 0.0961004
-11.125 1.3434 0.883359 0.0684496 0 -16.3603 1.1867 0.091955
-11.075 1.35236 0.890768 0.06495 0 -16.2868 1.20464 0.087836
-11.025 1.36092 0.897749 0.0615506 0 -16.2132 1.22176 0.0837653
-10.975 1.36907 0.90432 0.05826 0 -16.1397 1.23808 0.079762
-10.925 1.37683 0.910499 0.0550846 0 -16.0662 1.2536 0.075842
-10.875 1.3842 0.916307 0.0520293 0 -15.9926 1.26835 0.0720188
-10.825 1.39119 0.921762 0.049097 0 -15.9191 1.28235 0.0683032
-10.775 1.39782 0.926881 0.0462891 0 -15.8456 1.29561 0.0647038
-10.725 1.40409 0.931684 0.0436061 0 -15.7721 1.30817 0.0612271
-10.675 1.41003 0.936187 0.0410473 0 -15.6985 1.32005 0.0578779
-10.625 1.41564 0.940406 0.0386112 0 -15.625 1.33127 0.0546594
-10.575 1.42093 0.944358 0.0362956 0 -15.5515 1.34187 0.0515736
-10.525 1.42592 0.948058 0.0340979 0 -15.4779 1.35186 0.0486209
-10.475 1.43063 0.951521 0.0320147 0 -15.4044 1.36127 0.0458011
-10.425 1.43506 0.954761 0.0300427 0 -15.3309 1.37014 0.043113
-10.375 1.43922 0.95779 0.028178 0 -15.2574 1.37848 0.0405545
-10.325 1.44314 0.960623 0.0264167 0 -15.1838 1.38632 0.0381231
-10.275 1.44683 0.96327 0.0247548 0 -15.1103 1.39369 0.0358159
-10.225 1.45029 0.965744 0.0231881 0 -15.0368 1.4006 0.0336294
-10.175 1.45353 0.968055 0.0217124 0 -14.9632 1.4071 0.0315597
-10.125 1.45658 0.970213 0.0203237 0 -14.8897 1.41319 0.0296031
-10.075 1.45944 0.972228 0.0190177 0 -14.8162 1.41891 0.0277552
-10.025 1.46212 0.97411 0.0177906 0 -14.7426 1.42426 0.0260118
-9.975 1.46462 0.975867 0.0166382 0 -14.6691 1.42928 0.0243687
-9.925 1.46698 0.977508 0.0155567 0 -14.5956 1.43398 0.0228213
-9.875 1.46918 0.979039 0.0145424 0 -14.5221 1.43838 0.0213654
-9.825 1.47124 0.980469 0.0135917 0 -14.4485 1.4425 0.0199966
-9.775 1.47317 0.981803 0.0127009 0 -14.375 1.44636 0.0187105
-9.725 1.47497 0.983049 0.0118667 0 -14.3015 1.44997 0.017503
-9.675 1.47666 0.984212 0.0110858 0 -14.2279 1.45334 0.0163699
-9.625 1.47824 0.985298 0.010355 0 -14.1544 1.4565 0.0153071
-9.575 1.47971 0.986312 0.00967132 0 -14.0809 1.45946 0.0143108
-9.525 1.48109 0.987258 0.00903186 0 -14.0074 1.46222 0.013377
-9.475 1.48238 0.988142 0.00843386 0 -13.9338 1.4648 0.0125022
-9.425 1.48358 0.988967 0.0078747 0 -13.8603 1.46721 0.0116828
-9.375 1.48471 0.989738 0.0073519 0 -13.7868 1.46947 0.0109154
-9.325 1.48576 0.990457 0.00686311 0 -13.7132 1.47158 0.0101969
-9.275 1.48674 0.991128 0.00640612 0 -13.6397 1.47355 0.00952423
-9.225 1.48766 0.991755 0.00597884 0 -13.5662 1.47539 0.00889447
-9.175 1.48851 0.99234 0.00557935 0 -13.4926 1.47711 0.00830494
-9.125 1.48931 0.992885 0.00520583 0 -13.4191 1.47872 0.00775311
-9.075 1.49006 0.993394 0.00485661 0 -13.3456 1.48022 0.00723663
-9.025 1.49076 0.993868 0.00453011 0 -13.2721 1.48162 0.00675329
-8.975 1.49141 0.99431 0.00422489 0 -13.1985 1.48292 0.00630102
-8.925 1.49201 0.994722 0.0039396 0 -13.125 1.48414 0.00587793
-8.875 1.49258 0.995106 0.003673 0 -13.0515 1.48527 0.00548224
-8.825 1.49311 0.995463 0.00342393 0 -12.9779 1.48633 0.0051123
-8.775 1.4936 0.995796 0.00319132 0 -12.9044 1.48732 0.00476656
-8.725 1.49406 0.996105 0.00297418 0 -12.8309 1.48824 0.0044436
-8.675 1.49449 0.996393 0.00277158 0 -12.7574 1.4891 0.00414208
-8.625 1.49489 0.996661 0.00258264 0 -12.6838 1.4899 0.00386075
-8.575 1.49526 0.996911 0.00240654 0 -12.6103 1.49064 0.0035984
-8.525 1.4956 0.997143 0.00224252 0 -12.5368 1.49133 0.00335393
-8.475 1.49593 0.997359 0.00208984 0 -12.4632 1.49198 0.00312625
-8.425 1.49623 0.997561 0.00194781 0 -12.3897 1.49258 0.00291437
-8.375 1.49651 0.997748 0.00181576 0 -12.3162 1.49314 0.0027173
-8.325 1.49677 0.997924 0.00169305 0 -12.2426 1.49366 0.00253411
-8.275 1.49701 0.998087 0.00157908 0 -12.1691 1.49415 0.00236391
-8.225 1.49724 0.99824 0.00147326 0 -12.0956 1.49461 0.00220582
-8.175 1.49745 0.998383 0.001375 0 -12.0221 1.49503 0.00205899
-8.125 1.49765 0.998516 0.00128376 0 -11.9485 1.49543 0.00192262
-8.075 1.49783 0.998641 0.00119901 0 -11.875 1.4958 0.00179592
-8.025 1.49801 0.998758 0.00112025 0 -11.8015 1.49615 0.00167814
-7.975 1.49817 0.998868 0.00104699 0 -11.7279 1.49647 0.00156857
-7.925 1.49832 0.99897 0.000978801 0 -11.6544 1.49678 0.00146656
-7.875 1.49846 0.999067 0.000915244 0 -11.5809 1.49706 0.00137146
-7.825 1.49859 0.999156 0.000855922 0 -11.5074 1.49733 0.00128268
-7.775 1.49872 0.999241 0.00080046 0 -11.4338 1.49758 0.00119966
-7.725 1.49883 0.999319 0.000748513 0 -11.3603 1.49781 0.0011219
-7.675 1.49894 0.999392 0.000699768 0 -11.2868 1.49803 0.00104891
-7.625 1.49904 0.999461 0.000653949 0 -11.2132 1.49823 0.000980297
-7.575 1.49914 0.999524 0.000610818 0 -11.1397 1.49842 0.0009157
-7.525 1.49923 0.999583 0.000570174 0 -11.0662 1.4986 0.000854819
-7.475 1.49931 0.999637 0.000531848 0 -10.9926 1.49876 0.000797404
-7.425 1.49939 0.999687 0.000495703 0 -10.9191 1.49892 0.000743249
-7.375 1.49946 0.999734 0.000461625 0 -10.8456 1.49906 0.000692187
-7.325 1.49952 0.999776 0.000429524 0 -10.7721 1.49919 0.000644082
-7.275 1.49959 0.999815 0.000399328 0 -10.6985 1.49931 0.000598826
-7.225 1.49964 0.999851 0.000370976 0 -10.625 1.49942 0.000556332
-7.175 1.4997 0.999884 0.000344421 0 -10.5515 1.49952 0.000516527
-7.125 1.49975 0.999914 0.000319619 0 -10.4779 1.49962 0.000479348
-7.075 1.49979 0.999941 0.000296532 0 -10.4044 1.4997 0.000444736
-7.025 1.49984 0.999966 0.000275118 0 -10.3309 1.49978 0.000412632
-6.975 1.49987 0.99999 0.000255331 0 -10.2574 1.49986 0.000382965
-6.925 1.49991 1.00001 0.000237107 0 -10.1838 1.49993 0.00035564
-6.875 1.49995 1.00003 0.000220371 0 -10.1103 1.49999 0.000330544
-6.825 1.49998 1.00005 0.000205032 0 -10.0368 1.50005 0.000307544
-6.775 1.50001 1.00007 0.000190995 0 -9.96324 1.50011 0.000286494
-6.725 1.50003 1.00008 0.000178151 0 -9.88971 1.50016 0.000267233
-6.675 1.50006 1.0001 0.000166382 0 -9.81618 1.50021 0.000249584
-6.625 1.50008 1.00011 0.000155558 0 -9.74265 1.50025 0.000233351
-6.575 1.50011 1.00013 0.000145543 0 -9.66912 1.5003 0.000218331
-6.525 1.50013 1.00014 0.000136203 0 -9.59559 1.50034 0.000204322
-6.475 1.50015 1.00015 0.00012741 0 -9.52206 1.50037 0.000191133
-6.425 1.50017 1.00016 0.000119044 0 -9.44853 1.50041 0.000178585
-6.375 1.50018 1.00017 0.000110997 0 -9.375 1.50044 0.000166516
-6.325 1.5002 1.00018 0.000103174 0 -9.30147 1.50047 0.000154781
-6.275 1.50021 1.00019 9.54903e-05 0 -9.22794 1.5005 0.000143256
-6.225 1.50023 1.0002 8.78744e-05 0 -9.15441 1.50053 0.000131832
-6.175 1.50024 1.00021 8.02637e-05 0 -9.08088 1.50055 0.000120415
-6.125 1.50025 1.00021 7.2609e-05 0 -9.00735 1.50057 0.000108932
-6.075 1.50026 1.00022 6.48822e-05 0 -8.93382 1.50059 9.73403e-05
-6.025 1.50027 1.00022 5.70822e-05 0 -8.86029 1.50061 8.56387e-05
-5.975 1.50028 1.00023 4.9234e-05 0 -8.78676 1.50062 7.38646e-05
-5.925 1.50028 1.00023 4.13847e-05 0 -8.71324 1.50063 6.20888e-05
-5.875 1.50029 1.00023 3.35882e-05 0 -8.63971 1.50064 5.03921e-05
-5.825 1.50029 1.00023 2.59437e-05 0 -8.56618 1.50064 3.89232e-05
-5.775 1.5003 1.00023 1.85627e-05 0 -8.49265 1.50064 2.78495e-05
-5.725 1.5003 1.00023 1.14275e-05 0 -8.41912 1.50064 1.71447e-05
-5.675 1.5003 1.00023 4.59312e-06 0 -8.34559 1.50064 6.89106e-06
-5.625 1.5003 1.00022 -1.88472e-06 0 -8.27206 1.50064 -2.82766e-06
-5.575 1.5003 1.00022 -7.92643e-06 0 -8.19853 1.50063 -1.1892e-05
-5.525 1.5003 1.00021 -1.34709e-05 0 -8.125 1.50062 -2.02104e-05
-5.475 1.5003 1.00021 -1.85301e-05 0 -8.05147 1.50061 -2.78006e-05
-5.425 1.50029 1.00021 -2.31298e-05 0 -7.97794 1.5006 -3.47015e-05
-5.375 1.50029 1.0002 -2.72848e-05 0 -7.90441 1.50059 -4.09352e-05
-5.325 1.50029 1.0002 -3.10072e-05 0 -7.83088 1.50058 -4.65196e-05
-5.275 1.50028 1.00019 -3.43222e-05 0 -7.75735 1.50057 -5.1493e-05
-5.225 1.50028 1.00019 -3.7275e-05 0 -7.68382 1.50056 -5.59228e-05
-5.175 1.50027 1.00018 -3.99257e-05 0 -7.61029 1.50054 -5.98994e-05
-5.125 1.50026 1.00018 -4.23428e-05 0 -7.53676 1.50053 -6.35254e-05
-5.075 1.50026 1.00017 -4.4596e-05 0 -7.46324 1.50052 -6.69055e-05
-5.025 1.50025 1.00017 -4.67523e-05 0 -7.38971 1.5005 -7.01402e-05
-4.975 1.50024 1.00016 -4.88742e-05 0 -7.31618 1.50049 -7.33232e-05
-4.925 1.50024 1.00016 -5.10191e-05 0 -7.24265 1.50047 -7.65407e-05
-4.875 1.50023 1.00015 -5.32375e-05 0 -7.16912 1.50046 -7.98684e-05
-4.825 1.50022 1.00015 -5.55716e-05 0 -7.09559 1.50044 -8.33696e-05
-4.775 1.50021 1.00014 -5.80519e-05 0 -7.02206 1.50042 -8.70902e-05
-4.725 1.5002 1.00013 -6.06951e-05 0 -6.94853 1.5004 -9.10549e-05
-4.675 1.50019 1.00013 -6.35011e-05 0 -6.875 1.50038 -9.52639e-05
-4.625 1.50018 1.00012 -6.64525e-05 0 -6.80147 1.50036 -9.96909e-05
-4.575 1.50017 1.00011 -6.95153e-05 0 -6.72794 1.50034 -0.000104285
-4.525 1.50016 1.0001 -7.26416e-05 0 -6.65441 1.50031 -0.000108974
-4.475 1.50015 1.00009 -7.57721e-05 0 -6.58088 1.50029 -0.00011367
-4.425 1.50014 1.00008 -7.884e-05 0 -6.50735 1.50026 -0.000118271
-4.375 1.50013 1.00007 -8.17773e-05 0 -6.43382 1.50023 -0.000122676
-4.325 1.50011 1.00006 -8.4516e-05 0 -6.36029 1.5002 -0.000126784
-4.275 1.5001 1.00005 -8.6987e-05 0 -6.28676 1.50017 -0.000130489
-4.225 1.50009 1.00003 -8.91201e-05 0 -6.21324 1.50014 -0.000133688
-4.175 1.50007 1.00002 -9.08498e-05 0 -6.13971 1.50011 -0.000136281
-4.125 1.50006 1.00001 -9.21218e-05 0 -6.06618 1.50008 -0.000138188
-4.075 1.50005 0.999998 -9.28964e-05 0 -5.99265 1.50004 -0.000139349
-4.025 1.50003 0.999987 -9.31537e-05 0 -5.91912 1.50001 -0.000139734
-3.975 1.50002 0.999975 -9.29012e-05 0 -5.84559 1.49998 -0.000139354
-3.925 1.50001 0.999964 -9.21597e-05 0 -5.77206 1.49995 -0.00013824
-3.875 1.49999 0.999953 -9.0956e-05 0 -5.69853 1.49992 -0.000136433
-3.825 1.49998 0.999943 -8.93278e-05 0 -5.625 1.49989 -0.00013399
-3.775 1.49996 0.999933 -8.73211e-05 0 -5.55147 1.49987 -0.000130979
-3.725 1.49995 0.999924 -8.49866e-05 0 -5.47794 1.49984 -0.000127476
-3.675 1.49994 0.999915 -8.2376e-05 0 -5.40441 1.49981 -0.000123559
-3.625 1.49993 0.999907 -7.95409e-05 0 -5.33088 1.49979 -0.000119306
-3.575 1.49992 0.999899 -7.65324e-05 0 -5.25735 1.49976 -0.000114792
-3.525 1.4999 0.999892 -7.34001e-05 0 -5.18382 1.49974 -0.000110093
-3.475 1.49989 0.999885 -7.0189e-05 0 -5.11029 1.49972 -0.000105276
-3.425 1.49988 0.999878 -6.69377e-05 0 -5.03676 1.4997 -0.000100399
-3.375 1.49987 0.999871 -6.36762e-05 0 -4.96324 1.49968 -9.55062e-05
-3.325 1.49986 0.999865 -6.0423e-05 0 -4.88971 1.49966 -9.06264e-05
-3.275 1.49986 0.999858 -5.71833e-05 0 -4.81618 1.49964 -8.57667e-05
-3.225 1.49985 0.999852 -5.3948e-05 0 -4.74265 1.49963 -8.09137e-05
-3.175 1.49984 0.999846 -5.06968e-05 0 -4.66912 1.49961 -7.6037e-05
-3.125 1.49983 0.99984 -4.73992e-05 0 -4.59559 1.49959 -7.10909e-05
-3.075 1.49983 0.999834 -4.40182e-05 0 -4.52206 1.49958 -6.60196e-05
-3.025 1.49982 0.999828 -4.05127e-05 0 -4.44853 1.49956 -6.07618e-05
-2.975 1.49981 0.999823 -3.68418e-05 0 -4.375 1.49955 -5.52558e-05
-2.925 1.49981 0.999818 -3.29686e-05 0 -4.30147 1.49953 -4.94466e-05
-2.875 1.4998 0.999813 -2.88647e-05 0 -4.22794 1.49952 -4.32913e-05
-2.825 1.4998 0.999809 -2.45124e-05 0 -4.15441 1.49951 -3.67637e-05
-2.775 1.4998 0.999805 -1.99048e-05 0 -4.08088 1.4995 -2.98531e-05
-2.725 1.49979 0.999802 -1.5043e-05 0 -4.00735 1.4995 -2.25615e-05
-2.675 1.49979 0.9998 -9.93364e-06 0 -3.93382 1.49949 -1.48984e-05
-2.625 1.49979 0.999799 -4.58763e-06 0 -3.86029 1.49949 -6.88049e-06
-2.575 1.49979 0.999799 9.46956e-07 0 -3.78676 1.49949 1.42024e-06
-2.525 1.49979 0.999799 6.54545e-06 0 -3.71324 1.49949 9.8168e-06
-2.475 1.49979 0.999801 1.21973e-05 0 -3.63971 1.49949 1.82934e-05
-2.425 1.49979 0.999804 1.79113e-05 0 -3.56618 1.4995 2.68633e-05
-2.375 1.4998 0.999808 2.36528e-05 0 -3.49265 1.49951 3.54744e-05
-2.325 1.4998 0.999813 2.9356e-05 0 -3.41912 1.49952 4.40282e-05
-2.275 1.49981 0.999819 3.49533e-05 0 -3.34559 1.49953 5.24232e-05
-2.225 1.49981 0.999826 4.03894e-05 0 -3.27206 1.49955 6.05765e-05
-2.175 1.49982 0.999833 4.56172e-05 0 -3.19853 1.49957 6.84176e-05
-2.125 1.49983 0.999842 5.05953e-05 0 -3.125 1.49959 7.58842e-05
-2.075 1.49983 0.999851 5.52886e-05 0 -3.05147 1.49961 8.29238e-05
-2.025 1.49984 0.99986 5.96697e-05 0 -2.97794 1.49963 8.94952e-05
-1.975 1.49985 0.99987 6.3718e-05 0 -2.90441 1.49966 9.55676e-05
-1.925 1.49986 0.99988 6.74181e-05 0 -2.83088 1.49968 0.000101118
-1.875 1.49987 0.99989 7.07602e-05 0 -2.75735 1.49971 0.000106131
-1.825 1.49988 0.999901 7.37406e-05 0 -2.68382 1.49974 0.000110602
-1.775 1.49989 0.999912 7.63622e-05 0 -2.61029 1.49976 0.000114535
-1.725 1.49991 0.999922 7.86339e-05 0 -2.53676 1.49979 0.000117943
-1.675 1.49992 0.999933 8.05685e-05 0 -2.46324 1.49982 0.000120846
-1.625 1.49993 0.999943 8.21831e-05 0 -2.38971 1.49985 0.000123269
-1.575 1.49994 0.999954 8.34946e-05 0 -2.31618 1.49987 0.000125237
-1.525 1.49996 0.999964 8.45151e-05 0 -2.24265 1.4999 0.000126769
-1.475 1.49997 0.999975 8.525e-05 0 -2.16912 1.49993 0.000127872
-1.425 1.49998 0.999985 8.56981e-05 0 -2.09559 1.49996 0.000128546
-1.375 1.49999 0.999995 8.58533e-05 0 -2.02206 1.49999 0.000128779
-1.325 1.50001 1.00001 8.57028e-05 0 -1.94853 1.50002 0.000128555
-1.275 1.50002 1.00002 8.52241e-05 0 -1.875 1.50004 0.000127838
-1.225 1.50003 1.00003 8.43973e-05 0 -1.80147 1.50007 0.000126599
-1.175 1.50005 1.00004 8.32068e-05 0 -1.72794 1.5001 0.000124814
-1.125 1.50006 1.00005 8.16347e-05 0 -1.65441 1.50013 0.000122457
-1.075 1.50007 1.00006 7.96592e-05 0 -1.58088 1.50016 0.000119494
-1.025 1.50008 1.00007 7.72537e-05 0 -1.50735 1.50019 0.000115887
-0.975 1.50009 1.00008 7.43933e-05 0 -1.43382 1.50021 0.000111597
-0.925 1.5001 1.00009 7.10616e-05 0 -1.36029 1.50024 0.0001066
-0.875 1.50011 1.0001 6.72512e-05 0 -1.28676 1.50026 0.000100885
-0.825 1.50012 1.00011 6.29639e-05 0 -1.21324 1.50029 9.44537e-05
-0.775 1.50013 1.00012 5.82104e-05 0 -1.13971 1.50031 8.73233e-05
-0.725 1.50014 1.00013 5.30119e-05 0 -1.06618 1.50033 7.95253e-05
-0.675 1.50015 1.00014 4.7403e-05 0 -0.992647 1.50035 7.11115e-05
-0.625 1.50015 1.00014 4.14321e-05 0 -0.919118 1.50037 6.21546e-05
-0.575 1.50016 1.00015 3.51588e-05 0 -0.845588 1.50038 5.27438e-05
-0.525 1.50017 1.00015 2.86482e-05 0 -0.772059 1.5004 4.29771e-05
-0.475 1.50017 1.00016 2.19677e-05 0 -0.698529 1.50041 3.29553e-05
-0.425 1.50017 1.00016 1.51851e-05 0 -0.625 1.50041 2.27802e-05
-0.375 1.50017 1.00016 8.37018e-06 0 -0.551471 1.50042 1.25567e-05
-0.325 1.50017 1.00016 1.60034e-06 0 -0.477941 1.50042 2.40078e-06
-0.275 1.50017 1.00016 -4.99588e-06 0 -0.404412 1.50042 -7.4947e-06
-0.225 1.50017 1.00016 -1.13466e-05 0 -0.330882 1.50042 -1.70218e-05
-0.175 1.50017 1.00016 -1.74835e-05 0 -0.257353 1.50041 -2.62282e-05
-0.125 1.50017 1.00015 -2.34135e-05 0 -0.183824 1.5004 -3.51242e-05
-0.075 1.50016 1.00015 -2.91052e-05 0 -0.110294 1.50039 -4.36625e-05
-0.025 1.50016 1.00014 -3.45236e-05 0 -0.0367647 1.50037 -5.17909e-05
0.025 1.50015 1.00014 -3.96529e-05 0 0.0367647 1.50036 -5.94855e-05
0.075 1.50015 1.00013 -4.44917e-05 0 0.110294 1.50034 -6.67441e-05
0.125 1.50014 1.00012 -4.90431e-05 0 0.183824 1.50032 -7.35715e-05
0.175 1.50013 1.00011 -5.3313e-05 0 0.257353 1.5003 -7.99766e-05
0.225 1.50012 1.0001 -5.73112e-05 0 0.330882 1.50028 -8.59739e-05
0.275 1.50011 1.00009 -6.10511e-05 0 0.404412 1.50025 -9.15836e-05
0.325 1.50011 1.00008 -6.4546e-05 0 0.477941 1.50023 -9.68258e-05
0.375 1.5001 1.00007 -6.78043e-05 0 0.551471 1.5002 -0.000101713
0.425 1.50008 1.00006 -7.08243e-05 0 0.625 1.50017 -0.000106242
0.475 1.50007 1.00005 -7.35918e-05 0 0.698529 1.50015 -0.000110393
0.525 1.50006 1.00004 -7.60806e-05 0 0.772059 1.50012 -0.000114126
0.575 1.50005 1.00003 -7.82541e-05 0 0.845588 1.50009 -0.000117385
0.625 1.50004 1.00001 -8.00682e-05 0 0.919118 1.50006 -0.000120105
0.675 1.50003 1 -8.14727e-05 0 0.992647 1.50003 -0.000122211
0.725 1.50001 0.999991 -8.24158e-05 0 1.06618 1.5 -0.000123625
0.775 1.5 0.999979 -8.28457e-05 0 1.13971 1.49997 -0.000124269
0.825 1.49999 0.999967 -8.2715e-05 0 1.21324 1.49994 -0.000124072
0.875 1.49998 0.999955 -8.19789e-05 0 1.28676 1.49991 -0.000122967
0.925 1.49997 0.999944 -8.05951e-05 0 1.36029 1.49988 -0.00012089
0.975 1.49995 0.999932 -7.85335e-05 0 1.43382 1.49985 -0.000117797
1.025 1.49994 0.999921 -7.57723e-05 0 1.50735 1.49982 -0.000113654
1.075 1.49993 0.999911 -7.22984e-05 0 1.58088 1.4998 -0.000108443
1.125 1.49992 0.9999 -6.81104e-05 0 1.65441 1.49977 -0.00010216
1.175 1.49991 0.999891 -6.32224e-05 0 1.72794 1.49975 -9.48279e-05
1.225 1.4999 0.999882 -5.76668e-05 0 1.80147 1.49972 -8.64945e-05
1.275 1.49989 0.999874 -5.14949e-05 0 1.875 1.4997 -7.72368e-05
1.325 1.49989 0.999867 -4.47741e-05 0 1.94853 1.49969 -6.7156e-05
1.375 1.49988 0.99986 -3.75832e-05 0 2.02206 1.49967 -5.63702e-05
1.425 1.49988 0.999855 -3.00101e-05 0 2.09559 1.49966 -4.50115e-05
1.475 1.49987 0.99985 -2.21531e-05 0 2.16912 1.49965 -3.32268e-05
1.525 1.49987 0.999847 -1.41176e-05 0 2.24265 1.49964 -2.11745e-05
1.575 1.49987 0.999845 -6.01359e-06 0 2.31618 1.49963 -9.01958e-06
1.625 1.49987 0.999844 2.06079e-06 0 2.38971 1.49963 3.0909e-06
1.675 1.49987 0.999844 9.92324e-06 0 2.46324 1.49963 1.48835e-05
1.725 1.49987 0.999846 1.74363e-05 0 2.53676 1.49964 2.61521e-05
1.775 1.49987 0.999848 2.46418e-05 0 2.61029 1.49964 3.69596e-05
1.825 1.49988 0.999851 3.15163e-05 0 2.68382 1.49965 4.72706e-05
1.875 1.49988 0.999856 3.80042e-05 0 2.75735 1.49967 5.70018e-05
1.925 1.49989 0.999861 4.40489e-05 0 2.83088 1.49968 6.60684e-05
1.975 1.4999 0.999868 4.9613e-05 0 2.90441 1.4997 7.44144e-05
2.025 1.4999 0.999875 5.46773e-05 0 2.97794 1.49972 8.20107e-05
2.075 1.49991 0.999883 5.92329e-05 0 3.05147 1.49974 8.88442e-05
2.125 1.49992 0.999891 6.32783e-05 0 3.125 1.49976 9.49124e-05
2.175 1.49993 0.999901 6.68191e-05 0 3.19853 1.49978 0.000100224
2.225 1.49994 0.999911 6.98671e-05 0 3.27206 1.49981 0.000104796
2.275 1.49995 0.999921 7.24355e-05 0 3.34559 1.49983 0.00010865
2.325 1.49996 0.999933 7.45361e-05 0 3.41912 1.49986 0.000111801
2.375 1.49998 0.999944 7.61771e-05 0 3.49265 1.49989 0.000114264
2.425 1.49999 0.999956 7.73632e-05 0 3.56618 1.49992 0.000116044
2.475 1.5 0.999968 7.80912e-05 0 3.63971 1.49995 0.000117137
2.525 1.50001 0.99998 7.835e-05 0 3.71324 1.49998 0.000117526
2.575 1.50002 0.999993 7.81229e-05 0 3.78676 1.50001 0.000117186
2.625 1.50003 1.00001 7.73982e-05 0 3.86029 1.50004 0.0001161
2.675 1.50005 1.00002 7.61505e-05 0 3.93382 1.50007 0.000114229
2.725 1.50006 1.00003 7.43562e-05 0 4.00735 1.5001 0.000111538
2.775 1.50007 1.00004 7.19935e-05 0 4.08088 1.50013 0.000107995
2.825 1.50008 1.00005 6.90456e-05 0 4.15441 1.50016 0.000103574
2.875 1.50009 1.00006 6.55028e-05 0 4.22794 1.50018 9.82599e-05
2.925 1.5001 1.00007 6.13634e-05 0 4.30147 1.50021 9.20511e-05
2.975 1.50011 1.00008 5.66348e-05 0 4.375 1.50023 8.49582e-05
3.025 1.50011 1.00009 5.1333e-05 0 4.44853 1.50025 7.70053e-05
3.075 1.50012 1.0001 4.54838e-05 0 4.52206 1.50027 6.82312e-05
3.125 1.50013 1.00011 3.91248e-05 0 4.59559 1.50029 5.86922e-05
3.175 1.50013 1.00011 3.23058e-05 0 4.66912 1.5003 4.8463e-05
3.225 1.50014 1.00012 2.50877e-05 0 4.74265 1.50031 3.7635e-05
3.275 1.50014 1.00012 1.75431e-05 0 4.81618 1.50032 2.63172e-05
3.325 1.50014 1.00012 9.74035e-06 0 4.88971 1.50032 1.46119e-05
3.375 1.50014 1.00012 1.81529e-06 0 4.96324 1.50032 2.72319e-06
3.425 1.50014 1.00012 -6.06645e-06 0 5.03676 1.50032 -9.10055e-06
3.475 1.50014 1.00012 -1.38514e-05 0 5.11029 1.50032 -2.0779e-05
3.525 1.50014 1.00011 -2.14945e-05 0 5.18382 1.50031 -3.22448e-05
3.575 1.50014 1.00011 -2.89477e-05 0 5.25735 1.5003 -4.34254e-05
3.625 1.50013 1.0001 -3.61286e-05 0 5.33088 1.50028 -5.41976e-05
3.675 1.50012 1.00009 -4.29505e-05 0 5.40441 1.50027 -6.4431e-05
3.725 1.50012 1.00009 -4.93392e-05 0 5.47794 1.50025 -7.40146e-05
3.775 1.50011 1.00008 -5.52316e-05 0 5.55147 1.50022 -8.28534e-05
3.825 1.5001 1.00007 -6.05708e-05 0 5.625 1.5002 -9.08622e-05
3.875 1.50009 1.00006 -6.53051e-05 0 5.69853 1.50018 -9.79635e-05
3.925 1.50008 1.00005 -6.93898e-05 0 5.77206 1.50015 -0.00010409
3.975 1.50007 1.00004 -7.27897e-05 0 5.84559 1.50012 -0.00010919
4.025 1.50006 1.00002 -7.54801e-05 0 5.91912 1.50009 -0.000113225
4.075 1.50005 1.00001 -7.74438e-05 0 5.99265 1.50007 -0.000116169
4.125 1.50004 1 -7.86696e-05 0 6.06618 1.50004 -0.000118007
4.175 1.50002 0.999989 -7.91525e-05 0 6.13971 1.50001 -0.000118731
4.225 1.50001 0.999977 -7.88886e-05 0 6.21324 1.49998 -0.000118334
4.275 1.5 0.999966 -7.78822e-05 0 6.28676 1.49995 -0.000116823
4.325 1.49999 0.999954 -7.61374e-05 0 6.36029 1.49992 -0.000114205
4.375 1.49998 0.999944 -7.36659e-05 0 6.43382 1.49989 -0.000110497
4.425 1.49997 0.999933 -7.04828e-05 0 6.50735 1.49987 -0.000105722
4.475 1.49996 0.999923 -6.66072e-05 0 6.58088 1.49984 -9.99079e-05
4.525 1.49995 0.999914 -6.20623e-05 0 6.65441 1.49982 -9.30901e-05
4.575 1.49994 0.999905 -5.68742e-05 0 6.72794 1.4998 -8.53078e-05
4.625 1.49993 0.999897 -5.10738e-05 0 6.80147 1.49978 -7.66071e-05
4.675 1.49992 0.99989 -4.46991e-05 0 6.875 1.49976 -6.70451e-05
4.725 1.49992 0.999884 -3.77966e-05 0 6.94853 1.49974 -5.66917e-05
4.775 1.49991 0.999879 -3.04198e-05 0 7.02206 1.49973 -4.5627e-05
4.825 1.49991 0.999874 -2.26303e-05 0 7.09559 1.49972 -3.39433e-05
4.875 1.4999 0.999871 -1.45041e-05 0 7.16912 1.49971 -2.17548e-05
4.925 1.4999 0.999869 -6.13673e-06 0 7.24265 1.49971 -9.20449e-06
4.975 1.4999 0.999868 2.36932e-06 0 7.31618 1.49971 3.55375e-06
5.025 1.4999 0.999869 1.07935e-05 0 7.38971 1.49971 1.61892e-05
5.075 1.49991 0.999871 1.90189e-05 0 7.46324 1.49971 2.85266e-05
5.125 1.49991 0.999874 2.70418e-05 0 7.53676 1.49972 4.05603e-05
5.175 1.49991 0.999878 3.47746e-05 0 7.61029 1.49973 5.21589e-05
5.225 1.49992 0.999883 4.20877e-05 0 7.68382 1.49974 6.31281e-05
5.275 1.49993 0.99989 4.8856e-05 0 7.75735 1.49976 7.32804e-05
5.325 1.49993 0.999897 5.49814e-05 0 7.83088 1.49978 8.24685e-05
5.375 1.49994 0.999906 6.03877e-05 0 7.90441 1.4998 9.05781e-05
5.425 1.49995 0.999916 6.50138e-05 0 7.97794 1.49983 9.75176e-05
5.475 1.49996 0.999926 6.88137e-05 0 8.05147 1.49985 0.000103218
5.525 1.49997 0.999937 7.17593e-05 0 8.125 1.49988 0.000107637
5.575 1.49998 0.999949 7.38411e-05 0 8.19853 1.49991 0.00011076
5.625 1.5 0.999961 7.50629e-05 0 8.27206 1.49994 0.000112594
5.675 1.50001 0.999973 7.5436e-05 0 8.34559 1.49997 0.000113155
5.725 1.50002 0.999985 7.49569e-05 0 8.41912 1.5 0.000112437
5.775 1.50003 0.999997 7.36418e-05 0 8.49265 1.50003 0.000110465
5.825 1.50004 1.00001 7.15101e-05 0 8.56618 1.50006 0.000107268
5.875 1.50005 1.00002 6.85919e-05 0 8.63971 1.50008 0.000102891
5.925 1.50006 1.00003 6.4926e-05 0 8.71324 1.50011 9.73931e-05
5.975 1.50007 1.00004 6.05605e-05 0 8.78676 1.50014 9.0845e-05
6.025 1.50008 1.00005 5.55517e-05 0 8.86029 1.50016 8.3332e-05
6.075 1.50009 1.00006 4.99637e-05 0 8.93382 1.50018 7.49498e-05
6.125 1.50009 1.00007 4.38663e-05 0 9.00735 1.5002 6.58035e-05
6.175 1.5001 1.00008 3.73343e-05 0 9.08088 1.50022 5.60052e-05
6.225 1.5001 1.00008 3.04465e-05 0 9.15441 1.50023 4.56729e-05
6.275 1.50011 1.00009 2.32825e-05 0 9.22794 1.50024 3.49263e-05
6.325 1.50011 1.00009 1.592e-05 0 9.30147 1.50025 2.38818e-05
6.375 1.50011 1.0001 8.43318e-06 0 9.375 1.50026 1.26507e-05
6.425 1.50011 1.0001 8.81167e-07 0 9.44853 1.50026 1.32185e-06
6.475 1.50011 1.0001 -6.62798e-06 0 9.52206 1.50026 -9.94273e-06
6.525 1.50011 1.0001 -1.38945e-05 0 9.59559 1.50026 -2.08433e-05
6.575 1.50011 1.00009 -2.09721e-05 0 9.66912 1.50025 -3.14605e-05
6.625 1.50011 1.00009 -2.78543e-05 0 9.74265 1.50024 -4.17845e-05
6.675 1.5001 1.00008 -3.44947e-05 0 9.81618 1.50023 -5.17456e-05
6.725 1.5001 1.00008 -4.08202e-05 0 9.88971 1.50021 -6.12342e-05
6.775 1.50009 1.00007 -4.67508e-05 0 9.96324 1.50019 -7.01303e-05
6.825 1.50008 1.00006 -5.22012e-05 0 10.0368 1.50017 -7.8306e-05
6.875 1.50007 1.00005 -5.70822e-05 0 10.1103 1.50015 -8.56274e-05
6.925 1.50006 1.00004 -6.1307e-05 0 10.1838 1.50013 -9.19644e-05
6.975 1.50005 1.00003 -6.4797e-05 0 10.2574 1.5001 -9.71991e-05
7.025 1.50004 1.00002 -6.74856e-05 0 10.3309 1.50007 -0.000101231
7.075 1.50003 1.00001 -6.93233e-05 0 10.4044 1.50004 -0.000103987
7.125 1.50002 0.999994 -7.02815e-05 0 10.4779 1.50002 -0.000105424
7.175 1.50001 0.999981 -7.03527e-05 0 10.5515 1.49999 -0.00010553
7.225 1.5 0.999968 -6.95414e-05 0 10.625 1.49996 -0.000104312
7.275 1.49999 0.999956 -6.78437e-05 0 10.6985 1.49993 -0.000101765
7.325 1.49998 0.999944 -6.5283e-05 0 10.7721 1.4999 -9.79234e-05
7.375 1.49997 0.999933 -6.18942e-05 0 10.8456 1.49987 -9.28396e-05
7.425 1.49996 0.999923 -5.77192e-05 0 10.9191 1.49985 -8.65767e-05
7.475 1.49996 0.999914 -5.28064e-05 0 10.9926 1.49983 -7.92073e-05
7.525 1.49995 0.999906 -4.72128e-05 0 11.0662 1.49981 -7.08168e-05
7.575 1.49994 0.999899 -4.10051e-05 0 11.1397 1.49979 -6.15053e-05
7.625 1.49994 0.999893 -3.42592e-05 0 11.2132 1.49978 -5.13867e-05
7.675 1.49993 0.999889 -2.70593e-05 0 11.2868 1.49977 -4.05871e-05
7.725 1.49993 0.999886 -1.94999e-05 0 11.3603 1.49976 -2.92485e-05
7.775 1.49993 0.999884 -1.16708e-05 0 11.4338 1.49975 -1.75054e-05
7.825 1.49993 0.999884 -3.73153e-06 0 11.5074 1.49975 -5.59702e-06
7.875 1.49993 0.999886 4.12808e-06 0 11.5809 1.49976 6.19181e-06
7.925 1.49993 0.999888 1.1844e-05 0 11.6544 1.49976 1.77651e-05
7.975 1.49993 0.999892 1.93538e-05 0 11.7279 1.49977 2.90293e-05
8.025 1.49993 0.999897 2.65814e-05 0 11.8015 1.49978 3.98703e-05
8.075 1.49994 0.999904 3.34212e-05 0 11.875 1.49979 5.01297e-05
8.125 1.49994 0.999911 3.97713e-05 0 11.9485 1.49981 5.96548e-05
8.175 1.49995 0.999919 4.55495e-05 0 12.0221 1.49983 6.8322e-05
8.225 1.49996 0.999928 5.0689e-05 0 12.0956 1.49985 7.60314e-05
8.275 1.49997 0.999938 5.5132e-05 0 12.1691 1.49987 8.26962e-05
8.325 1.49998 0.999948 5.88255e-05 0 12.2426 1.4999 8.82368e-05
8.375 1.49998 0.999959 6.17204e-05 0 12.3162 1.49992 9.25796e-05
8.425 1.49999 0.99997 6.37751e-05 0 12.3897 1.49995 9.56623e-05
8.475 1.5 0.999982 6.49614e-05 0 12.4632 1.49998 9.74425e-05
8.525 1.50001 0.999993 6.52575e-05 0 12.5368 1.5 9.78873e-05
8.575 1.50002 1 6.46231e-05 0 12.6103 1.50003 9.69363e-05
8.625 1.50003 1.00002 6.30556e-05 0 12.6838 1.50006 9.45856e-05
8.675 1.50004 1.00003 6.05476e-05 0 12.7574 1.50008 9.08241e-05
8.725 1.50005 1.00004 5.71058e-05 0 12.8309 1.50011 8.56617e-05
8.775 1.50006 1.00004 5.27553e-05 0 12.9044 1.50013 7.91362e-05
8.825 1.50007 1.00005 4.75382e-05 0 12.9779 1.50015 7.13105e-05
8.875 1.50008 1.00006 4.15099e-05 0 13.0515 1.50017 6.2268e-05
8.925 1.50008 1.00007 3.47382e-05 0 13.125 1.50018 5.21102e-05
8.975 1.50009 1.00007 2.73063e-05 0 13.1985 1.50019 4.09619e-05
9.025 1.50009 1.00007 1.93153e-05 0 13.2721 1.5002 2.89746e-05
9.075 1.50009 1.00008 1.08822e-05 0 13.3456 1.50021 1.63243e-05
9.125 1.50009 1.00008 2.12878e-06 0 13.4191 1.50021 3.19338e-06
9.175 1.50009 1.00008 -6.74697e-06 0 13.4926 1.50021 -1.01211e-05
9.225 1.50009 1.00008 -1.55488e-05 0 13.5662 1.50021 -2.33247e-05
9.275 1.50009 1.00007 -2.41978e-05 0 13.6397 1.5002 -3.62989e-05
9.325 1.50009 1.00007 -3.2614e-05 0 13.7132 1.50019 -4.89238e-05
9.375 1.50008 1.00006 -4.06808e-05 0 13.7868 1.50018 -6.10246e-05
9.425 1.50008 1.00006 -4.82582e-05 0 13.8603 1.50016 -7.2391e-05
9.475 1.50007 1.00005 -5.52193e-05 0 13.9338 1.50014 -8.28329e-05
9.525 1.50006 1.00004 -6.14597e-05 0 14.0074 1.50012 -9.21933e-05
9.575 1.50005 1.00003 -6.68892e-05 0 14.0809 1.5001 -0.000100337
9.625 1.50004 1.00002 -7.14304e-05 0 14.1544 1.50008 -0.000107149
9.675 1.50003 1.00001 -7.50243e-05 0 14.2279 1.50005 -0.000112539
9.725 1.50002 1 -7.76339e-05 0 14.3015 1.50003 -0.000116453
9.775 1.50001 0.999991 -7.92384e-05 0 14.375 1.5 -0.000118859
9.825 1.5 0.99998 -7.98224e-05 0 14.4485 1.49997 -0.000119734
9.875 1.49999 0.99997 -7.93792e-05 0 14.5221 1.49995 -0.000119068
9.925 1.49998 0.99996 -7.79544e-05 0 14.5956 1.49992 -0.00011693
9.975 1.49997 0.99995 -7.55991e-05 0 14.6691 1.4999 -0.000113397
10.025 1.49996 0.999941 -7.23816e-05 0 14.7426 1.49988 -0.00010857
10.075 1.49995 0.999933 -6.83808e-05 0 14.8162 1.49985 -0.000102568
10.125 1.49995 0.999926 -6.36888e-05 0 14.8897 1.49984 -9.55298e-05
10.175 1.49994 0.99992 -5.84109e-05 0 14.9632 1.49982 -8.76129e-05
10.225 1.49993 0.999914 -5.2661e-05 0 15.0368 1.49981 -7.8988e-05
10.275 1.49993 0.99991 -4.6557e-05 0 15.1103 1.4998 -6.98322e-05
10.325 1.49993 0.999907 -4.02185e-05 0 15.1838 1.49979 -6.03247e-05
10.375 1.49992 0.999906 -3.37656e-05 0 15.2574 1.49978 -5.06458e-05
10.425 1.49992 0.999905 -2.73509e-05 0 15.3309 1.49978 -4.10242e-05
10.475 1.49992 0.999906 -2.11848e-05 0 15.4044 1.49978 -3.17756e-05
10.525 1.49992 0.999908 -1.53627e-05 0 15.4779 1.49979 -2.30429e-05
10.575 1.49992 0.999911 -9.97677e-06 0 15.5515 1.49979 -1.49644e-05
10.625 1.49993 0.999916 -5.09741e-06 0 15.625 1.4998 -7.64574e-06
10.675 1.49993 0.999922 -8.2415e-07 0 15.6985 1.49982 -1.23617e-06
10.725 1.49994 0.999928 2.72708e-06 0 15.7721 1.49983 4.09045e-06
10.775 1.49994 0.999936 5.44628e-06 0 15.8456 1.49985 8.16912e-06
10.825 1.49995 0.999944 7.23502e-06 0 15.9191 1.49987 1.08522e-05
10.875 1.49996 0.999954 8.00753e-06 0 15.9926 1.49989 1.2011e-05
10.925 1.49997 0.999963 7.69663e-06 0 16.0662 1.49991 1.15447e-05
10.975 1.49998 0.999973 6.2526e-06 0 16.1397 1.49993 9.37874e-06
11.025 1.49998 0.999983 3.62508e-06 0 16.2132 1.49996 5.43756e-06
11.075 1.49999 0.999993 -1.95742e-07 0 16.2868 1.49998 -2.93612e-07
11.125 1.5 1 -5.20256e-06 0 16.3603 1.50001 -7.80385e-06
11.175 1.50001 1.00001 -1.13581e-05 0 16.4338 1.50003 -1.70372e-05
11.225 1.50002 1.00002 -1.85894e-05 0 16.5074 1.50005 -2.78844e-05
11.275 1.50003 1.00003 -2.67935e-05 0 16.5809 1.50007 -4.0191e-05
11.325 1.50003 1.00004 -3.58398e-05 0 16.6544 1.50009 -5.37609e-05
11.375 1.50004 1.00005 -4.55758e-05 0 16.7279 1.50011 -6.83654e-05
11.425 1.50005 1.00005 -5.58307e-05 0 16.8015 1.50012 -8.37486e-05
11.475 1.50005 1.00006 -6.6414e-05 0 16.875 1.50014 -9.96244e-05
11.525 1.50006 1.00006 -7.71157e-05 0 16.9485 1.50015 -0.000115678
11.575 1.50006 1.00006 -8.77171e-05 0 17.0221 1.50015 -0.000131581
11.625 1.50006 1.00006 -9.80082e-05 0 17.0956 1.50016 -0.000147019
11.675 1.50007 1.00006 -0.000107711 0 17.1691 1.50016 -0.000161574
11.725 1.50007 1.00006 -0.000116573 0 17.2426 1.50016 -0.000174868
11.775 1.50007 1.00006 -0.000124448 0 17.3162 1.50016 -0.000186681
11.825 1.50008 1.00005 -0.000131117 0 17.3897 1.50016 -0.000196686
11.875 1.50008 1.00005 -0.00013638 0 17.4632 1.50015 -0.000204581
11.925 1.50008 1.00004 -0.000140051 0 17.5368 1.50015 -0.000210088
11.975 1.50008 1.00004 -0.000141967 0 17.6103 1.50014 -0.000212962
12.025 1.50009 1.00003 -0.000141985 0 17.6838 1.50013 -0.00021299
12.075 1.50009 1.00002 -0.000139953 0 17.7574 1.50012 -0.000209942
12.125 1.5001 1.00001 -0.000135632 0 17.8309 1.50011 -0.000203462
12.175 1.5001 1 -0.000128801 0 17.9044 1.50011 -0.000193216
12.225 1.50011 0.99999 -0.000119247 0 17.9779 1.5001 -0.000178885
12.275 1.50013 0.999981 -0.000106791 0 18.0515 1.5001 -0.0001602
12.325 1.50014 0.999971 -9.12599e-05 0 18.125 1.50009 -0.000136902
12.375 1.50015 0.999961 -7.28677e-05 0 18.1985 1.50009 -0.000109312
12.425 1.50016 0.999953 -5.20016e-05 0 18.2721 1.50008 -7.80104e-05
12.475 1.50016 0.999944 -2.9024e-05 0 18.3456 1.50008 -4.35407e-05
12.525 1.50016 0.999937 -4.26864e-06 0 18.4191 1.50007 -6.40366e-06
12.575 1.50017 0.99993 2.18902e-05 0 18.4926 1.50006 3.2839e-05
12.625 1.50017 0.999925 4.90427e-05 0 18.5662 1.50005 7.35722e-05
12.675 1.50016 0.99992 7.68811e-05 0 18.6397 1.50004 0.000115334
12.725 1.50016 0.999917 0.000105056 0 18.7132 1.50004 0.0001576
12.775 1.50016 0.999916 0.000133197 0 18.7868 1.50003 0.000199816
12.825 1.50015 0.999915 0.000160902 0 18.8603 1.50003 0.000241377
12.875 1.50015 0.999916 0.000187756 0 18.9338 1.50002 0.000281661
12.925 1.50014 0.999919 0.000213481 0 19.0074 1.50002 0.000320252
12.975 1.50014 0.999922 0.000237777 0 19.0809 1.50002 0.000356698
13.025 1.50013 0.999927 0.000260291 0 19.1544 1.50002 0.00039047
13.075 1.50012 0.999933 0.000280625 0 19.2279 1.50002 0.00042097
13.125 1.5001 0.99994 0.000298336 0 19.3015 1.50001 0.000447535
13.175 1.50009 0.999947 0.000312942 0 19.375 1.50001 0.00046944
13.225 1.50007 0.999956 0.000323958 0 19.4485 1.5 0.000485959
13.275 1.50004 0.999965 0.000330948 0 19.5221 1.49999 0.000496436
13.325 1.50002 0.999974 0.000333559 0 19.5956 1.49998 0.000500344
13.375 1.49999 0.999984 0.00033152 0 19.6691 1.49996 0.000497275
13.425 1.49995 0.999993 0.000324555 0 19.7426 1.49994 0.000486817
13.475 1.49992 1 0.000312366 0 19.8162 1.49993 0.000468525
13.525 1.4999 1.00001 0.000295537 0 19.8897 1.49991 0.000443275
13.575 1.49987 1.00002 0.000274764 0 19.9632 1.4999 0.000412112
13.625 1.49986 1.00003 0.00025073 0 20.0368 1.4999 0.000376059
13.675 1.49985 1.00003 0.000224056 0 20.1103 1.4999 0.00033605
13.725 1.49984 1.00004 0.000195294 0 20.1838 1.4999 0.000292909
13.775 1.49983 1.00005 0.000164944 0 20.2574 1.4999 0.000247388
13.825 1.49982 1.00005 0.000133527 0 20.3309 1.4999 0.000200267
13.875 1.49982 1.00005 0.000101629 0 20.4044 1.4999 0.000152425
13.925 1.49982 1.00005 6.97328e-05 0 20.4779 1.4999 0.000104587
13.975 1.49982 1.00005 3.82444e-05 0 20.5515 1.49991 5.73599e-05
14.025 1.49983 1.00005 7.59507e-06 0 20.625 1.49991 1.13913e-05
14.075 1.49983 1.00005 -2.19448e-05 0 20.6985 1.49991 -3.29136e-05
14.125 1.49984 1.00005 -5.00444e-05 0 20.7721 1.49991 -7.50585e-05
14.175 1.49985 1.00004 -7.63449e-05 0 20.8456 1.49991 -0.000114506
14.225 1.49986 1.00003 -0.000100431 0 20.9191 1.49991 -0.000150631
14.275 1.49987 1.00003 -0.00012181 0 20.9926 1.49991 -0.0001827
14.325 1.49989 1.00002 -0.000139918 0 21.0662 1.49992 -0.000209861
14.375 1.49992 1.00001 -0.000154163 0 21.1397 1.49993 -0.000231231
14.425 1.49994 1 -0.000163965 0 21.2132 1.49995 -0.000245938
14.475 1.49996 0.999992 -0.000169717 0 21.2868 1.49995 -0.000254569
14.525 1.49998 0.999983 -0.000172013 0 21.3603 1.49995 -0.000258016
14.575 1.49999 0.999974 -0.000171351 0 21.4338 1.49995 -0.000257025
14.625 1.5 0.999965 -0.000168192 0 21.5074 1.49995 -0.000252288
14.675 1.5 0.999957 -0.000162913 0 21.5809 1.49994 -0.00024437
14.725 1.50001 0.999949 -0.000155871 0 21.6544 1.49993 -0.000233808
14.775 1.50001 0.999943 -0.000147396 0 21.7279 1.49992 -0.000221095
14.825 1.50001 0.999937 -0.000137788 0 21.8015 1.49992 -0.000206684
14.875 1.50001 0.999933 -0.000127334 0 21.875 1.49991 -0.000191003
14.925 1.50001 0.999929 -0.000116303 0 21.9485 1.4999 -0.000174455
14.975 1.50001 0.999927 -0.000104966 0 22.0221 1.4999 -0.00015745
15.025 1.50001 0.999926 -9.35933e-05 0 22.0956 1.4999 -0.000140391
15.075 1.50001 0.999927 -8.2489e-05 0 22.1691 1.4999 -0.000123734
15.125 1.50001 0.999928 -7.18987e-05 0 22.2426 1.4999 -0.000107849
15.175 1.50001 0.999931 -6.19533e-05 0 22.3162 1.49991 -9.29307e-05
15.225 1.50001 0.999935 -5.27993e-05 0 22.3897 1.49992 -7.91997e-05
15.275 1.50002 0.99994 -4.45611e-05 0 22.4632 1.49993 -6.68424e-05
15.325 1.50002 0.999946 -3.73259e-05 0 22.5368 1.49994 -5.59897e-05
15.375 1.50003 0.999953 -3.11326e-05 0 22.6103 1.49996 -4.66997e-05
15.425 1.50003 0.999961 -2.5979e-05 0 22.6838 1.49997 -3.89693e-05
15.475 1.50004 0.999969 -2.18383e-05 0 22.7574 1.49999 -3.27583e-05
15.525 1.50005 0.999977 -1.867e-05 0 22.8309 1.50002 -2.8006e-05
15.575 1.50006 0.999986 -1.647e-05 0 22.9044 1.50004 -2.4706e-05
15.625 1.50006 0.999994 -1.52513e-05 0 22.9779 1.50006 -2.2878e-05
15.675 1.50007 1 -1.5e-05 0 23.0515 1.50007 -2.25011e-05
15.725 1.50008 1.00001 -1.56674e-05 0 23.125 1.50009 -2.35023e-05
15.775 1.50008 1.00002 -1.71781e-05 0 23.1985 1.50011 -2.57685e-05
15.825 1.50008 1.00002 -1.94606e-05 0 23.2721 1.50012 -2.91925e-05
15.875 1.50008 1.00003 -2.24223e-05 0 23.3456 1.50013 -3.36353e-05
15.925 1.50009 1.00003 -2.59499e-05 0 23.4191 1.50014 -3.89271e-05
15.975 1.50009 1.00004 -2.98984e-05 0 23.4926 1.50014 -4.48502e-05
16.025 1.50008 1.00004 -3.41039e-05 0 23.5662 1.50015 -5.11587e-05
16.075 1.50008 1.00004 -3.84962e-05 0 23.6397 1.50014 -5.77473e-05
16.125 1.50008 1.00004 -4.29599e-05 0 23.7132 1.50014 -6.44432e-05
16.175 1.50007 1.00004 -4.72855e-05 0 23.7868 1.50013 -7.09316e-05
16.225 1.50007 1.00004 -5.1357e-05 0 23.8603 1.50012 -7.70389e-05
16.275 1.50006 1.00003 -5.50042e-05 0 23.9338 1.50011 -8.25096e-05
16.325 1.50006 1.00003 -5.8076e-05 0 24.0074 1.5001 -8.71172e-05
16.375 1.50005 1.00002 -6.04445e-05 0 24.0809 1.50009 -9.06698e-05
16.425 1.50004 1.00002 -6.20065e-05 0 24.1544 1.50007 -9.30124e-05
16.475 1.50004 1.00001 -6.26866e-05 0 24.2279 1.50005 -9.40323e-05
16.525 1.50003 1 -6.24462e-05 0 24.3015 1.50004 -9.36713e-05
16.575 1.50003 0.999995 -6.12791e-05 0 24.375 1.50002 -9.19202e-05
16.625 1.50002 0.999987 -5.9183e-05 0 24.4485 1.5 -8.87756e-05
16.675 1.50001 0.999979 -5.61914e-05 0 24.5221 1.49998 -8.42878e-05
16.725 1.50001 0.999972 -5.23409e-05 0 24.5956 1.49996 -7.85117e-05
16.775 1.5 0.999964 -4.76948e-05 0 24.6691 1.49995 -7.15423e-05
16.825 1.49999 0.999958 -4.23372e-05 0 24.7426 1.49993 -6.35055e-05
16.875 1.49999 0.999952 -3.63685e-05 0 24.8162 1.49992 -5.45523e-05
16.925 1.49998 0.999947 -2.99023e-05 0 24.8897 1.49991 -4.4853e-05
16.975 1.49998 0.999943 -2.30618e-05 0 24.9632 1.4999 -3.45923e-05
17.025 1.49998 0.99994 -1.5975e-05 0 25.0368 1.49989 -2.39622e-05
17.075 1.49998 0.999939 -8.77613e-06 0 25.1103 1.49989 -1.3164e-05
17.125 1.49998 0.999938 -1.6281e-06 0 25.1838 1.49988 -2.44211e-06
17.175 1.49998 0.999939 5.20237e-06 0 25.2574 1.49989 7.80343e-06
17.225 1.49998 0.999941 1.16263e-05 0 25.3309 1.49989 1.74392e-05
17.275 1.49998 0.999944 1.76029e-05 0 25.4044 1.4999 2.64041e-05
17.325 1.49999 0.999947 2.30225e-05 0 25.4779 1.49991 3.45335e-05
17.375 1.49999 0.999952 2.77483e-05 0 25.5515 1.49992 4.16223e-05
17.425 1.5 0.999957 3.1651e-05 0 25.625 1.49994 4.74765e-05
17.475 1.50001 0.999963 3.46177e-05 0 25.6985 1.49995 5.19267e-05
17.525 1.50001 0.99997 3.65575e-05 0 25.7721 1.49997 5.48366e-05
17.575 1.50002 0.999976 3.741e-05 0 25.8456 1.49998 5.61156e-05
17.625 1.50002 0.999983 3.71445e-05 0 25.9191 1.5 5.57176e-05
17.675 1.50003 0.999989 3.57663e-05 0 25.9926 1.50001 5.36505e-05
17.725 1.50003 0.999996 3.33074e-05 0 26.0662 1.50003 4.99622e-05
17.775 1.50004 1 2.98416e-05 0 26.1397 1.50004 4.47636e-05
17.825 1.50004 1.00001 2.54664e-05 0 26.2132 1.50005 3.82007e-05
17.875 1.50005 1.00001 2.03015e-05 0 26.2868 1.50007 3.04532e-05
17.925 1.50005 1.00002 1.44915e-05 0 26.3603 1.50007 2.1738e-05
17.975 1.50005 1.00002 8.19955e-06 0 26.4338 1.50008 1.22998e-05
18.025 1.50005 1.00002 1.59732e-06 0 26.5074 1.50009 2.39606e-06
18.075 1.50005 1.00002 -5.14934e-06 0 26.5809 1.50009 -7.72428e-06
18.125 1.50005 1.00002 -1.17908e-05 0 26.6544 1.50009 -1.76869e-05
18.175 1.50005 1.00002 -1.81064e-05 0 26.7279 1.50009 -2.71605e-05
18.225 1.50005 1.00002 -2.40313e-05 0 26.8015 1.50008 -3.60481e-05
18.275 1.50004 1.00002 -2.94697e-05 0 26.875 1.50007 -4.42059e-05
18.325 1.50004 1.00002 -3.42952e-05 0 26.9485 1.50006 -5.14442e-05
18.375 1.50003 1.00001 -3.84008e-05 0 27.0221 1.50005 -5.76024e-05
18.425 1.50003 1.00001 -4.17107e-05 0 27.0956 1.50003 -6.25672e-05
18.475 1.50002 0.999999 -4.41744e-05 0 27.1691 1.50002 -6.62625e-05
18.525 1.50001 0.999992 -4.57568e-05 0 27.2426 1.5 -6.86359e-05
18.575 1.50001 0.999986 -4.64368e-05 0 27.3162 1.49999 -6.96556e-05
18.625 1.5 0.999979 -4.6196e-05 0 27.3897 1.49997 -6.92939e-05
18.675 1.49999 0.999972 -4.50486e-05 0 27.4632 1.49995 -6.75726e-05
18.725 1.49999 0.999965 -4.30237e-05 0 27.5368 1.49993 -6.4535e-05
18.775 1.49998 0.999959 -4.0183e-05 0 27.6103 1.49992 -6.02738e-05
18.825 1.49998 0.999953 -3.6605e-05 0 27.6838 1.49991 -5.49066e-05
18.875 1.49997 0.999948 -3.23896e-05 0 27.7574 1.49989 -4.85835e-05
18.925 1.49997 0.999944 -2.76587e-05 0 27.8309 1.49988 -4.14872e-05
18.975 1.49996 0.999941 -2.25461e-05 0 27.9044 1.49987 -3.38182e-05
19.025 1.49996 0.999939 -1.71883e-05 0 27.9779 1.49987 -2.57817e-05
19.075 1.49996 0.999937 -1.17174e-05 0 28.0515 1.49986 -1.75757e-05
19.125 1.49996 0.999937 -6.30637e-06 0 28.125 1.49986 -9.45928e-06
19.175 1.49996 0.999938 -1.17121e-06 0 28.1985 1.49986 -1.75677e-06
19.225 1.49996 0.99994 3.62078e-06 0 28.2721 1.49987 5.43101e-06
19.275 1.49996 0.999942 7.92234e-06 0 28.3456 1.49987 1.18832e-05
19.325 1.49996 0.999945 1.16358e-05 0 28.4191 1.49988 1.74532e-05
19.375 1.49996 0.999949 1.46548e-05 0 28.4926 1.49988 2.19817e-05
19.425 1.49996 0.999953 1.68654e-05 0 28.5662 1.49989 2.52975e-05
19.475 1.49997 0.999957 1.81746e-05 0 28.6397 1.4999 2.72613e-05
19.525 1.49997 0.999962 1.85148e-05 0 28.7132 1.49991 2.77717e-05
19.575 1.49997 0.999966 1.78273e-05 0 28.7868 1.49992 2.67405e-05
19.625 1.49997 0.999969 1.60956e-05 0 28.8603 1.49993 2.4143e-05
19.675 1.49998 0.999972 1.33033e-05 0 28.9338 1.49994 1.99547e-05
19.725 1.49998 0.999975 9.45961e-06 0 29.0074 1.49994 1.41892e-05
19.775 1.49998 0.999976 4.60684e-06 0 29.0809 1.49994 6.91017e-06
19.825 1.49998 0.999977 -1.17745e-06 0 29.1544 1.49994 -1.76615e-06
19.875 1.49998 0.999976 -7.71542e-06 0 29.2279 1.49994 -1.1573e-05
19.925 1.49998 0.999974 -1.48907e-05 0 29.3015 1.49994 -2.23357e-05
19.975 1.49998 0.999972 -2.26447e-05 0 29.375 1.49993 -3.39665e-05
