-19.975 1.49998 0.999926 -1.10407e-05 0 -27.363 1.49986 -1.65608e-05
-19.925 1.49997 0.999927 -5.09302e-06 0 -27.2945 1.49986 -7.6394e-06
-19.875 1.49997 0.999928 7.88675e-07 0 -27.226 1.49987 1.18299e-06
-19.825 1.49997 0.999931 6.46349e-06 0 -27.1575 1.49987 9.69507e-06
-19.775 1.49998 0.999935 1.17798e-05 0 -27.089 1.49988 1.76694e-05
-19.725 1.49998 0.99994 1.66184e-05 0 -27.0205 1.49989 2.49272e-05
-19.675 1.49998 0.999946 2.08536e-05 0 -26.9521 1.4999 3.128e-05
-19.625 1.49998 0.999952 2.43737e-05 0 -26.8836 1.49991 3.65601e-05
-19.575 1.49999 0.99996 2.70935e-05 0 -26.8151 1.49993 4.06399e-05
-19.525 1.49999 0.999967 2.89536e-05 0 -26.7466 1.49994 4.34301e-05
-19.475 1.5 0.999975 2.99161e-05 0 -26.6781 1.49996 4.4874e-05
-19.425 1.5 0.999983 2.99719e-05 0 -26.6096 1.49998 4.4958e-05
-19.375 1.50001 0.999991 2.91136e-05 0 -26.5411 1.49999 4.36706e-05
-19.325 1.50001 0.999999 2.73474e-05 0 -26.4726 1.50001 4.10214e-05
-19.275 1.50001 1.00001 2.47193e-05 0 -26.4041 1.50002 3.70794e-05
-19.225 1.50002 1.00001 2.12965e-05 0 -26.3356 1.50004 3.19451e-05
-19.175 1.50002 1.00002 1.71655e-05 0 -26.2671 1.50005 2.57486e-05
-19.125 1.50002 1.00002 1.24325e-05 0 -26.1986 1.50006 1.8649e-05
-19.075 1.50002 1.00003 7.21853e-06 0 -26.1301 1.50007 1.0828e-05
-19.025 1.50003 1.00003 1.65427e-06 0 -26.0616 1.50007 2.48144e-06
-18.975 1.50003 1.00003 -4.14141e-06 0 -25.9932 1.50007 -6.21223e-06
-18.925 1.50002 1.00003 -9.96897e-06 0 -25.9247 1.50007 -1.49537e-05
-18.875 1.50002 1.00003 -1.56509e-05 0 -25.8562 1.50007 -2.34767e-05
-18.825 1.50002 1.00003 -2.11616e-05 0 -25.7877 1.50006 -3.17428e-05
-18.775 1.50002 1.00002 -2.64057e-05 0 -25.7192 1.50005 -3.9609e-05
-18.725 1.50001 1.00002 -3.12916e-05 0 -25.6507 1.50004 -4.69378e-05
-18.675 1.50001 1.00001 -3.57382e-05 0 -25.5822 1.50003 -5.36076e-05
-18.625 1.5 1.00001 -3.96797e-05 0 -25.5137 1.50001 -5.95195e-05
-18.575 1.5 0.999996 -4.30654e-05 0 -25.4452 1.49999 -6.45979e-05
-18.525 1.49999 0.999987 -4.58569e-05 0 -25.3767 1.49997 -6.87848e-05
-18.475 1.49998 0.999977 -4.80251e-05 0 -25.3082 1.49995 -7.20368e-05
-18.425 1.49997 0.999966 -4.9555e-05 0 -25.2397 1.49992 -7.43312e-05
-18.375 1.49997 0.999955 -5.0453e-05 0 -25.1712 1.4999 -7.56779e-05
-18.325 1.49996 0.999945 -5.07409e-05 0 -25.1027 1.49988 -7.61093e-05
-18.275 1.49995 0.999934 -5.04451e-05 0 -25.0342 1.49985 -7.56652e-05
-18.225 1.49994 0.999924 -4.96312e-05 0 -24.9658 1.49983 -7.4444e-05
-18.175 1.49994 0.999914 -4.83573e-05 0 -24.8973 1.49981 -7.25328e-05
-18.125 1.49993 0.999905 -4.66951e-05 0 -24.8288 1.49979 -7.00393e-05
-18.075 1.49992 0.999897 -4.47323e-05 0 -24.7603 1.49977 -6.70949e-05
-18.025 1.49992 0.99989 -4.25713e-05 0 -24.6918 1.49975 -6.38534e-05
-17.975 1.49991 0.999883 -4.03256e-05 0 -24.6233 1.49974 -6.04849e-05
-17.925 1.4999 0.999878 -3.81157e-05 0 -24.5548 1.49972 -5.717e-05
-17.875 1.4999 0.999874 -3.60707e-05 0 -24.4863 1.49971 -5.41024e-05
-17.825 1.49989 0.99987 -3.43253e-05 0 -24.4178 1.4997 -5.14843e-05
-17.775 1.49989 0.999868 -3.3017e-05 0 -24.3493 1.49969 -4.95218e-05
-17.725 1.49988 0.999866 -3.22827e-05 0 -24.2808 1.49968 -4.84203e-05
-17.675 1.49988 0.999865 -3.22529e-05 0 -24.2123 1.49968 -4.83755e-05
-17.625 1.49987 0.999865 -3.30381e-05 0 -24.1438 1.49967 -4.9553e-05
-17.575 1.49987 0.999864 -3.47577e-05 0 -24.0753 1.49967 -5.21319e-05
-17.525 1.49986 0.999864 -3.75172e-05 0 -24.0068 1.49966 -5.62706e-05
-17.475 1.49986 0.999864 -4.14055e-05 0 -23.9384 1.49965 -6.21023e-05
-17.425 1.49985 0.999863 -4.64941e-05 0 -23.8699 1.49965 -6.97342e-05
-17.375 1.49984 0.999862 -5.2842e-05 0 -23.8014 1.49964 -7.92547e-05
-17.325 1.49983 0.99986 -6.04902e-05 0 -23.7329 1.49962 -9.07254e-05
-17.275 1.49983 0.999857 -6.94595e-05 0 -23.6644 1.49961 -0.000104177
-17.225 1.49981 0.999853 -7.97477e-05 0 -23.5959 1.49959 -0.000119607
-17.175 1.4998 0.999848 -9.13298e-05 0 -23.5274 1.49957 -0.000136976
-17.125 1.49979 0.999841 -0.000104158 0 -23.4589 1.49955 -0.000156215
-17.075 1.49977 0.999832 -0.000118167 0 -23.3904 1.49952 -0.000177223
-17.025 1.49975 0.999822 -0.000133271 0 -23.3219 1.49948 -0.000199873
-16.975 1.49973 0.999809 -0.000149374 0 -23.2534 1.49944 -0.000224021
-16.925 1.49971 0.999795 -0.00016637 0 -23.1849 1.4994 -0.000249506
-16.875 1.49968 0.999779 -0.000184148 0 -23.1164 1.49935 -0.000276162
-16.825 1.49965 0.99976 -0.0002026 0 -23.0479 1.49929 -0.00030383
-16.775 1.49962 0.999739 -0.000221629 0 -22.9795 1.49923 -0.000332358
-16.725 1.49958 0.999716 -0.000241148 0 -22.911 1.49916 -0.000361622
-16.675 1.49955 0.99969 -0.000261093 0 -22.8425 1.49908 -0.000391521
-16.625 1.4995 0.999663 -0.000281424 0 -22.774 1.499 -0.000421996
-16.575 1.49946 0.999633 -0.000302128 0 -22.7055 1.49891 -0.000453029
-16.525 1.49941 0.9996 -0.000323227 0 -22.637 1.49881 -0.000484652
-16.475 1.49936 0.999566 -0.000344776 0 -22.5685 1.49871 -0.000516945
-16.425 1.49931 0.999529 -0.000366863 0 -22.5 1.4986 -0.000550042
-16.375 1.49925 0.999489 -0.000389614 0 -22.4315 1.49849 -0.00058413
-16.325 1.49919 0.999447 -0.000413187 0 -22.363 1.49836 -0.000619447
-16.275 1.49913 0.999403 -0.000437777 0 -22.2945 1.49823 -0.000656285
-16.225 1.49906 0.999356 -0.00046361 0 -22.226 1.4981 -0.00069498
-16.175 1.49899 0.999307 -0.000490942 0 -22.1575 1.49795 -0.000735917
-16.125 1.49891 0.999254 -0.000520056 0 -22.089 1.4978 -0.00077952
-16.075 1.49883 0.999199 -0.000551262 0 -22.0205 1.49763 -0.00082625
-16.025 1.49875 0.999141 -0.000584889 0 -21.9521 1.49746 -0.000876602
-15.975 1.49866 0.999079 -0.000621287 0 -21.8836 1.49728 -0.000931097
-15.925 1.49856 0.999014 -0.00066082 0 -21.8151 1.49708 -0.00099028
-15.875 1.49846 0.998945 -0.000703866 0 -21.7466 1.49688 -0.00105471
-15.825 1.49835 0.998872 -0.000750809 0 -21.6781 1.49666 -0.00112497
-15.775 1.49823 0.998794 -0.000802042 0 -21.6096 1.49643 -0.00120165
-15.725 1.49811 0.998711 -0.00085796 0 -21.5411 1.49618 -0.00128532
-15.675 1.49798 0.998623 -0.000918961 0 -21.4726 1.49591 -0.00137658
-15.625 1.49783 0.998528 -0.000985444 0 -21.4041 1.49563 -0.00147603
-15.575 1.49768 0.998427 -0.00105781 0 -21.3356 1.49532 -0.00158425
-15.525 1.49752 0.998319 -0.00113645 0 -21.2671 1.495 -0.00170185
-15.475 1.49734 0.998202 -0.00122177 0 -21.1986 1.49465 -0.00182941
-15.425 1.49715 0.998076 -0.00131419 0 -21.1301 1.49427 -0.00196753
-15.375 1.49694 0.997941 -0.00141411 0 -21.0616 1.49386 -0.00211684
-15.325 1.49672 0.997795 -0.00152197 0 -20.9932 1.49342 -0.00227797
-15.275 1.49649 0.997638 -0.00163821 0 -20.9247 1.49295 -0.00245157
-15.225 1.49623 0.997468 -0.00176331 0 -20.8562 1.49244 -0.00263832
-15.175 1.49596 0.997285 -0.00189774 0 -20.7877 1.4919 -0.00283894
-15.125 1.49566 0.997088 -0.00204205 0 -20.7192 1.49131 -0.00305421
-15.075 1.49534 0.996875 -0.00219678 0 -20.6507 1.49067 -0.00328494
-15.025 1.495 0.996645 -0.00236254 0 -20.5822 1.48999 -0.003532
-14.975 1.49464 0.996397 -0.00253998 0 -20.5137 1.48925 -0.00379635
-14.925 1.49424 0.99613 -0.00272981 0 -20.4452 1.48846 -0.004079
-14.875 1.49382 0.995843 -0.0029328 0 -20.3767 1.48761 -0.00438107
-14.825 1.49336 0.995534 -0.00314979 0 -20.3082 1.48669 -0.00470378
-14.775 1.49287 0.995202 -0.0033817 0 -20.2397 1.48571 -0.00504845
-14.725 1.49235 0.994845 -0.00362952 0 -20.1712 1.48466 -0.00541652
-14.675 1.49179 0.994462 -0.00389433 0 -20.1027 1.48353 -0.00580952
-14.625 1.49118 0.994051 -0.0041773 0 -20.0342 1.48231 -0.00622913
-14.575 1.49054 0.993611 -0.00447971 0 -19.9658 1.48102 -0.00667718
-14.525 1.48985 0.993139 -0.00480293 0 -19.8973 1.47962 -0.00715562
-14.475 1.4891 0.992633 -0.00514843 0 -19.8288 1.47813 -0.00766655
-14.425 1.48831 0.992091 -0.00551782 0 -19.7603 1.47654 -0.00821221
-14.375 1.48746 0.99151 -0.00591278 0 -19.6918 1.47483 -0.008795
-14.325 1.48654 0.990889 -0.00633515 0 -19.6233 1.473 -0.00941748
-14.275 1.48557 0.990224 -0.00678689 0 -19.5548 1.47104 -0.0100824
-14.225 1.48452 0.989511 -0.00727011 0 -19.4863 1.46895 -0.0107926
-14.175 1.4834 0.988748 -0.00778702 0 -19.4178 1.46671 -0.0115513
-14.125 1.48221 0.987932 -0.00833998 0 -19.3493 1.46432 -0.0123616
-14.075 1.48092 0.987057 -0.00893148 0 -19.2808 1.46176 -0.0132268
-14.025 1.47955 0.98612 -0.00956419 0 -19.2123 1.45902 -0.0141507
-13.975 1.47809 0.985117 -0.0102409 0 -19.1438 1.45609 -0.0151369
-13.925 1.47652 0.984041 -0.0109646 0 -19.0753 1.45295 -0.0161894
-13.875 1.47484 0.98289 -0.0117383 0 -19.0068 1.4496 -0.0173121
-13.825 1.47304 0.981655 -0.0125652 0 -18.9384 1.44602 -0.0185091
-13.775 1.47113 0.980332 -0.0134487 0 -18.8699 1.44219 -0.0197847
-13.725 1.46908 0.978915 -0.0143923 0 -18.8014 1.4381 -0.0211433
-13.675 1.46689 0.977395 -0.0153996 0 -18.7329 1.43373 -0.0225895
-13.625 1.46455 0.975767 -0.0164745 0 -18.6644 1.42905 -0.0241276
-13.575 1.46205 0.974022 -0.0176206 0 -18.5959 1.42406 -0.0257622
-13.525 1.45938 0.972151 -0.0188421 0 -18.5274 1.41874 -0.0274977
-13.475 1.45653 0.970147 -0.020143 0 -18.4589 1.41305 -0.0293389
-13.425 1.4535 0.968 -0.0215274 0 -18.3904 1.40698 -0.03129
-13.375 1.45026 0.9657 -0.0229997 0 -18.3219 1.40051 -0.0333555
-13.325 1.44681 0.963237 -0.024564 0 -18.2534 1.39362 -0.0355393
-13.275 1.44313 0.960599 -0.0262244 0 -18.1849 1.38627 -0.0378453
-13.225 1.43922 0.957776 -0.0279854 0 -18.1164 1.37845 -0.040277
-13.175 1.43505 0.954754 -0.0298509 0 -18.0479 1.37012 -0.0428376
-13.125 1.43063 0.951522 -0.0318252 0 -17.9795 1.36127 -0.0455299
-13.075 1.42592 0.948066 -0.0339119 0 -17.911 1.35187 -0.0483557
-13.025 1.42093 0.944371 -0.0361145 0 -17.8425 1.34188 -0.0513162
-12.975 1.41563 0.940423 -0.0384362 0 -17.774 1.33129 -0.0544116
-12.925 1.41002 0.936207 -0.0408799 0 -17.7055 1.32007 -0.0576415
-12.875 1.40407 0.931705 -0.043448 0 -17.637 1.30818 -0.0610041
-12.825 1.39779 0.926902 -0.0461419 0 -17.5685 1.29561 -0.0644965
-12.775 1.39114 0.92178 -0.0489623 0 -17.5 1.28233 -0.0681135
-12.725 1.38413 0.916322 -0.0519088 0 -17.4315 1.26831 -0.0718484
-12.675 1.37674 0.910508 -0.0549799 0 -17.363 1.25353 -0.0756928
-12.625 1.36895 0.904319 -0.0581731 0 -17.2945 1.23797 -0.0796362
-12.575 1.36077 0.897738 -0.061484 0 -17.226 1.22161 -0.0836655
-12.525 1.35218 0.890744 -0.0649061 0 -17.1575 1.20445 -0.0877647
-12.475 1.34318 0.883319 -0.0684307 0 -17.089 1.18645 -0.0919144
-12.425 1.33375 0.875443 -0.0720465 0 -17.0205 1.16763 -0.0960923
-12.375 1.32391 0.867099 -0.0757399 0 -16.9521 1.14796 -0.100273
-12.325 1.31366 0.858268 -0.0794946 0 -16.8836 1.12747 -0.104429
-12.275 1.30299 0.848935 -0.0832901 0 -16.8151 1.10615 -0.108526
-12.225 1.29191 0.839085 -0.0871018 0 -16.7466 1.08402 -0.112528
-12.175 1.28044 0.828705 -0.0909008 0 -16.6781 1.0611 -0.116393
-12.125 1.26858 0.817783 -0.0946539 0 -16.6096 1.03743 -0.120076
-12.075 1.25637 0.806314 -0.0983242 0 -16.5411 1.01303 -0.123531
-12.025 1.24381 0.794295 -0.101869 0 -16.4726 0.987955 -0.126707
-11.975 1.23096 0.781731 -0.105242 0 -16.4041 0.962276 -0.129548
-11.925 1.21783 0.768632 -0.108386 0 -16.3356 0.936062 -0.131996
-11.875 1.20448 0.755015 -0.111245 0 -16.2671 0.909397 -0.133992
-11.825 1.19094 0.740905 -0.113754 0 -16.1986 0.882376 -0.135474
-11.775 1.17729 0.726337 -0.115846 0 -16.1301 0.855108 -0.136384
-11.725 1.16358 0.711359 -0.117452 0 -16.0616 0.827723 -0.136665
-11.675 1.14991 0.696028 -0.118495 0 -15.9932 0.800367 -0.136258
-11.625 1.13633 0.680427 -0.118894 0 -15.9247 0.773188 -0.135102
-11.575 1.12292 0.664664 -0.118575 0 -15.8562 0.746367 -0.133151
-11.525 1.10977 0.648832 -0.11747 0 -15.7877 0.720057 -0.130366
-11.475 1.09696 0.633025 -0.115506 0 -15.7192 0.694401 -0.126705
-11.425 1.08456 0.617373 -0.112618 0 -15.6507 0.669576 -0.122141
-11.375 1.07267 0.602015 -0.108753 0 -15.5822 0.645761 -0.116656
-11.325 1.06137 0.587106 -0.103874 0 -15.5137 0.623137 -0.110249
-11.275 1.05077 0.572809 -0.0979612 0 -15.4452 0.601888 -0.102934
-11.225 1.04094 0.559295 -0.0910154 0 -15.3767 0.582192 -0.0947414
-11.175 1.03197 0.54674 -0.083056 0 -15.3082 0.564221 -0.0857116
-11.125 1.02395 0.535315 -0.0741239 0 -15.2397 0.548137 -0.0758993
-11.075 1.01695 0.525185 -0.0642852 0 -15.1712 0.534086 -0.0653747
-11.025 1.01103 0.516505 -0.0536322 0 -15.1027 0.522202 -0.0542237
-10.975 1.00625 0.509413 -0.0422806 0 -15.0342 0.512598 -0.0425449
-10.925 1.00266 0.504028 -0.0303654 0 -14.9658 0.50537 -0.0304463
-10.875 1.00029 0.500442 -0.0180402 0 -14.8973 0.500587 -0.0180454
-10.825 0.99922 0.498718 -0.00546044 0 -14.8288 0.498329 -0.00545618
-10.775 0.999101 0.498885 0.00715427 0 -14.7603 0.498437 0.00714784
-10.725 1.00004 0.500932 0.019533 0 -14.6918 0.500953 0.0195338
-10.675 1.00263 0.504812 0.0316073 0 -14.6233 0.506139 0.0316903
-10.625 1.00655 0.510459 0.0432652 0 -14.5548 0.513803 0.0435486
-10.575 1.01158 0.517778 0.0543611 0 -14.4863 0.523777 0.0549909
-10.525 1.01771 0.526649 0.0647582 0 -14.4178 0.535976 0.065905
-10.475 1.0249 0.536933 0.0743479 0 -14.3493 0.550305 0.0761996
-10.425 1.03311 0.548476 0.0830469 0 -14.2808 0.566635 0.0857964
-10.375 1.04224 0.561113 0.0907943 0 -14.2123 0.584812 0.094629
-10.325 1.0522 0.574672 0.0975527 0 -14.1438 0.604673 0.102645
-10.275 1.06293 0.588984 0.103307 0 -14.0753 0.626049 0.109808
-10.225 1.07433 0.60388 0.10806 0 -14.0068 0.648765 0.116092
-10.175 1.08631 0.619204 0.111833 0 -13.9384 0.672645 0.121485
-10.125 1.09877 0.634808 0.114665 0 -13.8699 0.69751 0.125991
-10.075 1.11165 0.650552 0.116606 0 -13.8014 0.723186 0.129625
-10.025 1.12485 0.666313 0.117716 0 -13.7329 0.749504 0.132413
-9.975 1.13827 0.681967 0.118053 0 -13.6644 0.776262 0.134376
-9.925 1.15179 0.697401 0.117688 0 -13.5959 0.803261 0.135552
-9.875 1.16537 0.712547 0.116697 0 -13.5274 0.830378 0.135995
-9.825 1.17893 0.727357 0.115152 0 -13.4589 0.8575 0.135756
-9.775 1.19242 0.741773 0.113123 0 -13.3904 0.884505 0.13489
-9.725 1.2058 0.75575 0.110678 0 -13.3219 0.911282 0.133455
-9.675 1.21901 0.769251 0.107883 0 -13.2534 0.937723 0.13151
-9.625 1.232 0.78225 0.104801 0 -13.1849 0.963733 0.129115
-9.575 1.24474 0.794728 0.10149 0 -13.1164 0.989228 0.126329
-9.525 1.25718 0.806676 0.098003 0 -13.0479 1.01414 0.123207
-9.475 1.2693 0.818088 0.0943862 0 -12.9795 1.0384 0.119804
-9.425 1.28107 0.828964 0.0906825 0 -12.911 1.06196 0.11617
-9.375 1.29247 0.83931 0.0869298 0 -12.8425 1.08478 0.112354
-9.325 1.30348 0.849133 0.0831611 0 -12.774 1.10683 0.108399
-9.275 1.31409 0.858444 0.0794046 0 -12.7055 1.12807 0.104345
-9.225 1.32429 0.867255 0.0756847 0 -12.637 1.1485 0.100229
-9.175 1.33408 0.875583 0.0720219 0 -12.5685 1.1681 0.0960833
-9.125 1.34346 0.883445 0.0684335 0 -12.5 1.18687 0.0919377
-9.075 1.35242 0.890858 0.0649336 0 -12.4315 1.20482 0.0878177
-9.025 1.36098 0.897841 0.0615333 0 -12.363 1.22194 0.0837454
-8.975 1.36913 0.904414 0.0582413 0 -12.2945 1.23826 0.0797398
-8.925 1.37688 0.910594 0.0550642 0 -12.226 1.25378 0.0758169
-8.875 1.38425 0.916402 0.0520068 0 -12.1575 1.26853 0.0719903
-8.825 1.39124 0.921856 0.0490722 0 -12.089 1.28252 0.0682711
-8.775 1.39786 0.926974 0.0462619 0 -12.0205 1.29578 0.0646679
-8.725 1.40414 0.931775 0.0435765 0 -11.9521 1.30834 0.0611874
-8.675 1.41007 0.936274 0.0410155 0 -11.8836 1.32021 0.0578346
-8.625 1.41567 0.94049 0.0385774 0 -11.8151 1.33142 0.054613
-8.575 1.42096 0.944437 0.0362603 0 -11.7466 1.34201 0.0515244
-8.525 1.42595 0.948133 0.0340615 0 -11.6781 1.35199 0.0485698
-8.475 1.43065 0.951591 0.0319778 0 -11.6096 1.36139 0.0457489
-8.425 1.43507 0.954826 0.0300058 0 -11.5411 1.37024 0.0430604
-8.375 1.43923 0.95785 0.0281419 0 -11.4726 1.37857 0.0405027
-8.325 1.44315 0.960678 0.0263821 0 -11.4041 1.3864 0.0380732
-8.275 1.44682 0.963322 0.0247223 0 -11.3356 1.39376 0.0357688
-8.225 1.45028 0.965791 0.0231583 0 -11.2671 1.40067 0.033586
-8.175 1.45352 0.968099 0.021686 0 -11.1986 1.40715 0.0315211
-8.125 1.45656 0.970255 0.0203012 0 -11.1301 1.41324 0.02957
-8.075 1.45942 0.972268 0.0189996 0 -11.0616 1.41895 0.0277284
-8.025 1.46209 0.974149 0.0177771 0 -10.9932 1.4243 0.0259918
-7.975 1.4646 0.975905 0.0166296 0 -10.9247 1.42931 0.0243557
-7.925 1.46695 0.977544 0.015553 0 -10.8562 1.43401 0.0228156
-7.875 1.46915 0.979075 0.0145436 0 -10.7877 1.43841 0.0213668
-7.825 1.47121 0.980505 0.0135975 0 -10.7192 1.44253 0.0200048
-7.775 1.47314 0.981839 0.012711 0 -10.6507 1.44639 0.0187251
-7.725 1.47495 0.983085 0.0118806 0 -10.5822 1.45 0.0175233
-7.675 1.47664 0.984248 0.011103 0 -10.5137 1.45338 0.0163951
-7.625 1.47822 0.985334 0.0103748 0 -10.4452 1.45654 0.0153363
-7.575 1.4797 0.986347 0.00969313 0 -10.3767 1.4595 0.0143429
-7.525 1.48108 0.987293 0.00905494 0 -10.3082 1.46226 0.0134111
-7.475 1.48237 0.988176 0.00845751 0 -10.2397 1.46485 0.0125372
-7.425 1.48358 0.989 0.00789825 0 -10.1712 1.46726 0.0117177
-7.375 1.48471 0.989768 0.00737471 0 -10.1027 1.46952 0.0109493
-7.325 1.48577 0.990485 0.00688464 0 -10.0342 1.47163 0.010229
-7.275 1.48675 0.991153 0.00642589 0 -9.96575 1.4736 0.0095537
-7.225 1.48767 0.991776 0.00599651 0 -9.89726 1.47544 0.00892083
-7.175 1.48853 0.992357 0.00559467 0 -9.82877 1.47715 0.00832782
-7.125 1.48933 0.992899 0.00521867 0 -9.76027 1.47875 0.00777232
-7.075 1.49008 0.993403 0.00486695 0 -9.69178 1.48025 0.00725214
-7.025 1.49078 0.993873 0.00453805 0 -9.62329 1.48164 0.00676522
-6.975 1.49143 0.99431 0.00423063 0 -9.55479 1.48294 0.00630967
-6.925 1.49203 0.994718 0.00394341 0 -9.4863 1.48415 0.00588371
-6.875 1.4926 0.995097 0.00367524 0 -9.41781 1.48528 0.00548566
-6.825 1.49313 0.99545 0.003425 0 -9.34932 1.48633 0.00511397
-6.775 1.49362 0.995778 0.00319166 0 -9.28082 1.48731 0.00476713
-6.725 1.49408 0.996084 0.00297424 0 -9.21233 1.48823 0.00444375
-6.675 1.49451 0.996368 0.0027718 0 -9.14384 1.48908 0.00414248
-6.625 1.49491 0.996633 0.00258346 0 -9.07534 1.48987 0.00386203
-6.575 1.49528 0.99688 0.00240834 0 -9.00685 1.49061 0.00360113
-6.525 1.49562 0.99711 0.00224561 0 -8.93836 1.4913 0.0033586
-6.475 1.49595 0.997324 0.00209448 0 -8.86986 1.49194 0.00313323
-6.425 1.49625 0.997524 0.00195414 0 -8.80137 1.49254 0.00292388
-6.375 1.49653 0.99771 0.00182385 0 -8.73288 1.4931 0.00272945
-6.325 1.49679 0.997884 0.00170286 0 -8.66438 1.49363 0.00254884
-6.275 1.49704 0.998046 0.00159048 0 -8.59589 1.49412 0.00238101
-6.225 1.49727 0.998198 0.00148601 0 -8.5274 1.49457 0.00222496
-6.175 1.49748 0.998341 0.00138881 0 -8.4589 1.495 0.00207972
-6.125 1.49768 0.998474 0.00129827 0 -8.39041 1.4954 0.0019444
-6.075 1.49787 0.998598 0.00121381 0 -8.32192 1.49577 0.00181813
-6.025 1.49805 0.998715 0.0011349 0 -8.25342 1.49612 0.00170013
-5.975 1.49821 0.998824 0.00106104 0 -8.18493 1.49645 0.00158966
-5.925 1.49836 0.998927 0.000991778 0 -8.11644 1.49676 0.00148605
-5.875 1.49851 0.999022 0.000926712 0 -8.04795 1.49704 0.00138869
-5.825 1.49864 0.999112 0.000865475 0 -7.97945 1.49731 0.00129704
-5.775 1.49877 0.999196 0.000807749 0 -7.91096 1.49756 0.00121063
-5.725 1.49888 0.999274 0.000753264 0 -7.84247 1.4978 0.00112905
-5.675 1.49899 0.999348 0.000701798 0 -7.77397 1.49801 0.00105199
-5.625 1.49909 0.999416 0.000653172 0 -7.70548 1.49822 0.000979165
-5.575 1.49919 0.999479 0.000607247 0 -7.63699 1.49841 0.000910377
-5.525 1.49927 0.999538 0.000563916 0 -7.56849 1.49858 0.000845464
-5.475 1.49935 0.999593 0.000523093 0 -7.5 1.49874 0.000784303
-5.425 1.49943 0.999643 0.000484713 0 -7.43151 1.4989 0.000726793
-5.375 1.4995 0.99969 0.000448719 0 -7.36301 1.49904 0.000672855
-5.325 1.49956 0.999733 0.000415064 0 -7.29452 1.49916 0.000622416
-5.275 1.49962 0.999773 0.000383705 0 -7.22603 1.49928 0.000575413
-5.225 1.49968 0.99981 0.000354597 0 -7.15753 1.49939 0.000531782
-5.175 1.49973 0.999844 0.000327694 0 -7.08904 1.4995 0.000491452
-5.125 1.49978 0.999875 0.000302939 0 -7.02055 1.49959 0.000454341
-5.075 1.49982 0.999904 0.000280263 0 -6.95205 1.49968 0.000420345
-5.025 1.49986 0.99993 0.00025958 0 -6.88356 1.49976 0.000389334
-4.975 1.4999 0.999955 0.000240787 0 -6.81507 1.49983 0.000361156
-4.925 1.49993 0.999978 0.000223763 0 -6.74658 1.4999 0.000335629
-4.875 1.49996 1 0.000208373 0 -6.67808 1.49996 0.000312553
-4.825 1.49999 1.00002 0.000194471 0 -6.60959 1.50002 0.000291706
-4.775 1.50002 1.00004 0.0001819 0 -6.5411 1.50008 0.000272854
-4.725 1.50005 1.00006 0.000170496 0 -6.4726 1.50013 0.000255752
-4.675 1.50007 1.00007 0.000160093 0 -6.40411 1.50019 0.000240151
-4.625 1.5001 1.00009 0.000150523 0 -6.33562 1.50023 0.000225799
-4.575 1.50012 1.00011 0.000141623 0 -6.26712 1.50028 0.000212451
-4.525 1.50014 1.00012 0.000133232 0 -6.19863 1.50032 0.000199867
-4.475 1.50016 1.00013 0.000125201 0 -6.13014 1.50036 0.000187821
-4.425 1.50018 1.00015 0.00011739 0 -6.06164 1.5004 0.000176106
-4.375 1.5002 1.00016 0.000109677 0 -5.99315 1.50044 0.000164537
-4.325 1.50021 1.00017 0.000101963 0 -5.92466 1.50047 0.000152966
-4.275 1.50023 1.00019 9.4175e-05 0 -5.85616 1.5005 0.000141284
-4.225 1.50024 1.0002 8.62693e-05 0 -5.78767 1.50053 0.000129425
-4.175 1.50025 1.00021 7.82285e-05 0 -5.71918 1.50056 0.000117362
-4.125 1.50026 1.00021 7.00603e-05 0 -5.65068 1.50058 0.000105109
-4.075 1.50027 1.00022 6.17948e-05 0 -5.58219 1.50061 9.2709e-05
-4.025 1.50028 1.00023 5.34811e-05 0 -5.5137 1.50063 8.02367e-05
-3.975 1.50029 1.00024 4.51847e-05 0 -5.44521 1.50064 6.779e-05
-3.925 1.50029 1.00024 3.69836e-05 0 -5.37671 1.50066 5.54863e-05
-3.875 1.5003 1.00025 2.89635e-05 0 -5.30822 1.50067 4.34539e-05
-3.825 1.5003 1.00025 2.12142e-05 0 -5.23973 1.50068 3.18277e-05
-3.775 1.50031 1.00025 1.38289e-05 0 -5.17123 1.50068 2.07475e-05
-3.725 1.50031 1.00025 6.90118e-06 0 -5.10274 1.50069 1.03539e-05
-3.675 1.50031 1.00025 5.20096e-07 0 -5.03425 1.50069 7.80304e-07
-3.625 1.50031 1.00025 -5.21205e-06 0 -4.96575 1.50069 -7.81967e-06
-3.575 1.50031 1.00025 -1.0221e-05 0 -4.89726 1.50068 -1.53347e-05
-3.525 1.5003 1.00025 -1.45527e-05 0 -4.82877 1.50068 -2.18335e-05
-3.475 1.5003 1.00025 -1.82559e-05 0 -4.76027 1.50067 -2.73893e-05
-3.425 1.5003 1.00025 -2.13644e-05 0 -4.69178 1.50067 -3.2053e-05
-3.375 1.50029 1.00024 -2.39089e-05 0 -4.62329 1.50066 -3.58703e-05
-3.325 1.50029 1.00024 -2.59365e-05 0 -4.55479 1.50065 -3.89123e-05
-3.275 1.50029 1.00024 -2.75184e-05 0 -4.4863 1.50064 -4.12855e-05
-3.225 1.50028 1.00023 -2.87445e-05 0 -4.41781 1.50063 -4.31249e-05
-3.175 1.50028 1.00023 -2.9716e-05 0 -4.34932 1.50063 -4.45823e-05
-3.125 1.50027 1.00023 -3.05377e-05 0 -4.28082 1.50062 -4.58149e-05
-3.075 1.50027 1.00022 -3.13125e-05 0 -4.21233 1.50061 -4.69772e-05
-3.025 1.50026 1.00022 -3.21388e-05 0 -4.14384 1.5006 -4.82167e-05
-2.975 1.50026 1.00022 -3.31078e-05 0 -4.07534 1.50059 -4.96703e-05
-2.925 1.50025 1.00021 -3.43023e-05 0 -4.00685 1.50058 -5.14621e-05
-2.875 1.50025 1.00021 -3.57916e-05 0 -3.93836 1.50057 -5.36964e-05
-2.825 1.50024 1.00021 -3.76286e-05 0 -3.86986 1.50055 -5.6452e-05
-2.775 1.50024 1.0002 -3.98459e-05 0 -3.80137 1.50054 -5.97783e-05
-2.725 1.50023 1.0002 -4.24553e-05 0 -3.73288 1.50053 -6.36927e-05
-2.675 1.50023 1.00019 -4.54467e-05 0 -3.66438 1.50051 -6.81803e-05
-2.625 1.50022 1.00019 -4.87883e-05 0 -3.59589 1.5005 -7.3193e-05
-2.575 1.50021 1.00018 -5.2427e-05 0 -3.5274 1.50048 -7.86516e-05
-2.525 1.5002 1.00017 -5.62918e-05 0 -3.4589 1.50046 -8.44491e-05
-2.475 1.50019 1.00017 -6.0298e-05 0 -3.39041 1.50044 -9.04587e-05
-2.425 1.50018 1.00016 -6.4353e-05 0 -3.32192 1.50042 -9.65413e-05
-2.375 1.50017 1.00015 -6.83604e-05 0 -3.25342 1.5004 -0.000102552
-2.325 1.50016 1.00014 -7.22234e-05 0 -3.18493 1.50037 -0.000108347
-2.275 1.50015 1.00013 -7.5849e-05 0 -3.11644 1.50035 -0.000113785
-2.225 1.50014 1.00012 -7.91488e-05 0 -3.04795 1.50032 -0.000118734
-2.175 1.50013 1.00011 -8.20407e-05 0 -2.97945 1.50029 -0.000123072
-2.125 1.50012 1.0001 -8.44507e-05 0 -2.91096 1.50026 -0.000126686
-2.075 1.5001 1.00009 -8.63182e-05 0 -2.84247 1.50023 -0.000129486
-2.025 1.50009 1.00008 -8.76017e-05 0 -2.77397 1.5002 -0.00013141
-1.975 1.50008 1.00006 -8.8284e-05 0 -2.70548 1.50017 -0.000132433
-1.925 1.50006 1.00005 -8.83726e-05 0 -2.63699 1.50014 -0.000132565
-1.875 1.50005 1.00004 -8.78863e-05 0 -2.56849 1.50011 -0.000131834
-1.825 1.50004 1.00003 -8.68692e-05 0 -2.5 1.50008 -0.000130307
-1.775 1.50002 1.00002 -8.53818e-05 0 -2.43151 1.50005 -0.000128075
-1.725 1.50001 1.00001 -8.34993e-05 0 -2.36301 1.50002 -0.00012525
-1.675 1.5 0.999996 -8.1302e-05 0 -2.29452 1.49999 -0.000121953
-1.625 1.49999 0.999986 -7.88704e-05 0 -2.22603 1.49997 -0.000118305
-1.575 1.49998 0.999976 -7.62852e-05 0 -2.15753 1.49994 -0.000114426
-1.525 1.49996 0.999966 -7.36257e-05 0 -2.08904 1.49991 -0.000110436
-1.475 1.49995 0.999957 -7.0969e-05 0 -2.02055 1.49989 -0.00010645
-1.425 1.49994 0.999948 -6.83856e-05 0 -1.95205 1.49987 -0.000102575
-1.375 1.49993 0.999939 -6.59344e-05 0 -1.88356 1.49984 -9.88973e-05
-1.325 1.49992 0.999931 -6.3659e-05 0 -1.81507 1.49982 -9.54837e-05
-1.275 1.49991 0.999923 -6.15845e-05 0 -1.74658 1.4998 -9.23715e-05
-1.225 1.4999 0.999914 -5.97161e-05 0 -1.67808 1.49978 -8.95685e-05
-1.175 1.4999 0.999906 -5.80396e-05 0 -1.60959 1.49976 -8.70534e-05
-1.125 1.49989 0.999898 -5.65238e-05 0 -1.5411 1.49973 -8.47794e-05
-1.075 1.49988 0.999889 -5.51224e-05 0 -1.4726 1.49971 -8.26769e-05
-1.025 1.49987 0.999881 -5.37782e-05 0 -1.40411 1.49969 -8.06603e-05
-0.975 1.49986 0.999873 -5.24248e-05 0 -1.33562 1.49967 -7.86301e-05
-0.925 1.49986 0.999865 -5.09908e-05 0 -1.26712 1.49965 -7.64789e-05
-0.875 1.49985 0.999857 -4.94033e-05 0 -1.19863 1.49963 -7.40975e-05
-0.825 1.49984 0.999849 -4.75925e-05 0 -1.13014 1.49961 -7.13812e-05
-0.775 1.49983 0.999841 -4.54935e-05 0 -1.06164 1.4996 -6.82326e-05
-0.725 1.49983 0.999834 -4.30471e-05 0 -0.993151 1.49958 -6.45632e-05
-0.675 1.49982 0.999827 -4.02032e-05 0 -0.924658 1.49956 -6.02976e-05
-0.625 1.49982 0.999821 -3.69239e-05 0 -0.856164 1.49955 -5.5379e-05
-0.575 1.49981 0.999815 -3.31867e-05 0 -0.787671 1.49953 -4.97738e-05
-0.525 1.4998 0.99981 -2.8984e-05 0 -0.719178 1.49952 -4.34704e-05
-0.475 1.4998 0.999806 -2.43217e-05 0 -0.650685 1.49951 -3.64778e-05
-0.425 1.4998 0.999802 -1.9222e-05 0 -0.582192 1.4995 -2.88291e-05
-0.375 1.4998 0.999799 -1.37281e-05 0 -0.513699 1.49949 -2.05894e-05
-0.325 1.49979 0.999798 -7.90576e-06 0 -0.445205 1.49949 -1.1857e-05
-0.275 1.49979 0.999797 -1.83621e-06 0 -0.376712 1.49949 -2.75393e-06
-0.225 1.49979 0.999798 4.34627e-06 0 -0.308219 1.49949 6.51851e-06
-0.175 1.49979 0.999799 1.05063e-05 0 -0.239726 1.49949 1.57573e-05
-0.125 1.4998 0.999801 1.66287e-05 0 -0.171233 1.4995 2.49397e-05
-0.075 1.4998 0.999804 2.26654e-05 0 -0.10274 1.49951 3.39936e-05
-0.025 1.4998 0.999808 2.85391e-05 0 -0.0342466 1.49952 4.2803e-05
0.025 1.49981 0.999813 3.41698e-05 0 0.0342466 1.49953 5.12481e-05
0.075 1.49981 0.999819 3.94958e-05 0 0.10274 1.49954 5.92364e-05
0.125 1.49982 0.999825 4.44726e-05 0 0.171233 1.49956 6.67009e-05
0.175 1.49983 0.999832 4.90668e-05 0 0.239726 1.49957 7.35918e-05
0.225 1.49983 0.999839 5.32562e-05 0 0.308219 1.49959 7.98756e-05
0.275 1.49984 0.999846 5.70317e-05 0 0.376712 1.49961 8.55386e-05
0.325 1.49985 0.999854 6.03972e-05 0 0.445205 1.49963 9.05869e-05
0.375 1.49986 0.999862 6.33684e-05 0 0.513699 1.49965 9.50438e-05
0.425 1.49987 0.99987 6.59702e-05 0 0.582192 1.49968 9.89468e-05
0.475 1.49988 0.999878 6.82354e-05 0 0.650685 1.4997 0.000102345
0.525 1.49989 0.999887 7.02022e-05 0 0.719178 1.49972 0.000105296
0.575 1.4999 0.999895 7.19113e-05 0 0.787671 1.49975 0.00010786
0.625 1.49991 0.999904 7.34018e-05 0 0.856164 1.49977 0.000110096
0.675 1.49992 0.999913 7.47087e-05 0 0.924658 1.49979 0.000112057
0.725 1.49994 0.999921 7.58599e-05 0 0.993151 1.49982 0.000113785
0.775 1.49995 0.99993 7.68755e-05 0 1.06164 1.49984 0.000115309
0.825 1.49996 0.999939 7.77677e-05 0 1.13014 1.49987 0.000116648
0.875 1.49997 0.999949 7.85404e-05 0 1.19863 1.49989 0.000117808
0.925 1.49998 0.999959 7.9189e-05 0 1.26712 1.49992 0.000118782
0.975 1.49999 0.999969 7.97007e-05 0 1.33562 1.49995 0.000119551
1.025 1.50001 0.999979 8.00555e-05 0 1.40411 1.49997 0.000120084
1.075 1.50002 0.999989 8.02273e-05 0 1.4726 1.5 0.000120342
1.125 1.50003 1 8.01859e-05 0 1.5411 1.50003 0.000120281
1.175 1.50004 1.00001 7.98839e-05 0 1.60959 1.50006 0.000119829
1.225 1.50005 1.00002 7.92693e-05 0 1.67808 1.50009 0.000118908
1.275 1.50007 1.00003 7.82944e-05 0 1.74658 1.50012 0.000117447
1.325 1.50008 1.00005 7.6914e-05 0 1.81507 1.50015 0.000115377
1.375 1.50009 1.00006 7.50822e-05 0 1.88356 1.50018 0.00011263
1.425 1.5001 1.00007 7.27578e-05 0 1.95205 1.5002 0.000109144
1.475 1.50011 1.00008 6.99153e-05 0 2.02055 1.50023 0.000104881
1.525 1.50012 1.00009 6.6542e-05 0 2.08904 1.50026 9.9821e-05
1.575 1.50013 1.0001 6.26405e-05 0 2.15753 1.50028 9.39689e-05
1.625 1.50014 1.00011 5.82291e-05 0 2.22603 1.50031 8.73517e-05
1.675 1.50015 1.00012 5.33403e-05 0 2.29452 1.50033 8.00183e-05
1.725 1.50016 1.00013 4.80188e-05 0 2.36301 1.50035 7.20356e-05
1.775 1.50016 1.00013 4.23205e-05 0 2.43151 1.50036 6.34876e-05
1.825 1.50017 1.00014 3.63107e-05 0 2.5 1.50038 5.44722e-05
1.875 1.50017 1.00015 3.00599e-05 0 2.56849 1.50039 4.50951e-05
1.925 1.50018 1.00015 2.36402e-05 0 2.63699 1.5004 3.54645e-05
1.975 1.50018 1.00015 1.71244e-05 0 2.70548 1.50041 2.56897e-05
2.025 1.50018 1.00015 1.05724e-05 0 2.77397 1.50041 1.58606e-05
2.075 1.50018 1.00015 4.08315e-06 0 2.84247 1.50041 6.12547e-06
2.125 1.50018 1.00015 -2.20936e-06 0 2.91096 1.50041 -3.31445e-06
2.175 1.50018 1.00015 -8.30616e-06 0 2.97945 1.50041 -1.24608e-05
2.225 1.50018 1.00015 -1.41713e-05 0 3.04795 1.5004 -2.12595e-05
2.275 1.50018 1.00014 -1.98108e-05 0 3.11644 1.50039 -2.97198e-05
2.325 1.50018 1.00014 -2.52093e-05 0 3.18493 1.50038 -3.78184e-05
2.375 1.50017 1.00013 -3.03453e-05 0 3.25342 1.50037 -4.55232e-05
2.425 1.50017 1.00013 -3.52143e-05 0 3.32192 1.50036 -5.28274e-05
2.475 1.50016 1.00012 -3.98294e-05 0 3.39041 1.50034 -5.97505e-05
2.525 1.50015 1.00011 -4.42115e-05 0 3.4589 1.50032 -6.63241e-05
2.575 1.50015 1.00011 -4.83825e-05 0 3.5274 1.50031 -7.25809e-05
2.625 1.50014 1.0001 -5.23622e-05 0 3.59589 1.50029 -7.85505e-05
2.675 1.50013 1.00009 -5.61664e-05 0 3.66438 1.50027 -8.42569e-05
2.725 1.50012 1.00008 -5.98051e-05 0 3.73288 1.50025 -8.9715e-05
2.775 1.50011 1.00007 -6.32801e-05 0 3.80137 1.50022 -9.49273e-05
2.825 1.5001 1.00006 -6.65827e-05 0 3.86986 1.5002 -9.98809e-05
2.875 1.50009 1.00006 -6.96947e-05 0 3.93836 1.50018 -0.000104549
2.925 1.50008 1.00005 -7.25897e-05 0 4.00685 1.50015 -0.000108891
2.975 1.50007 1.00004 -7.52335e-05 0 4.07534 1.50012 -0.000112856
3.025 1.50006 1.00003 -7.75838e-05 0 4.14384 1.5001 -0.00011638
3.075 1.50005 1.00002 -7.959e-05 0 4.21233 1.50007 -0.000119389
3.125 1.50004 1 -8.1195e-05 0 4.28082 1.50004 -0.000121795
3.175 1.50002 0.999993 -8.23384e-05 0 4.34932 1.50001 -0.00012351
3.225 1.50001 0.999982 -8.29615e-05 0 4.41781 1.49998 -0.000124443
3.275 1.5 0.999971 -8.3016e-05 0 4.4863 1.49995 -0.000124524
3.325 1.49999 0.999959 -8.24523e-05 0 4.55479 1.49993 -0.000123677
3.375 1.49997 0.999948 -8.12157e-05 0 4.62329 1.4999 -0.000121821
3.425 1.49996 0.999937 -7.92697e-05 0 4.69178 1.49987 -0.000118901
3.475 1.49995 0.999925 -7.65961e-05 0 4.76027 1.49984 -0.00011489
3.525 1.49994 0.999914 -7.31953e-05 0 4.82877 1.49981 -0.000109789
3.575 1.49993 0.999904 -6.9086e-05 0 4.89726 1.49978 -0.000103624
3.625 1.49992 0.999894 -6.43041e-05 0 4.96575 1.49976 -9.64509e-05
3.675 1.49991 0.999884 -5.89006e-05 0 5.03425 1.49974 -8.83456e-05
3.725 1.4999 0.999875 -5.29389e-05 0 5.10274 1.49971 -7.9403e-05
3.775 1.49989 0.999868 -4.6493e-05 0 5.17123 1.49969 -6.97346e-05
3.825 1.49989 0.999861 -3.96469e-05 0 5.23973 1.49968 -5.94659e-05
3.875 1.49988 0.999855 -3.24918e-05 0 5.30822 1.49966 -4.87338e-05
3.925 1.49988 0.99985 -2.51235e-05 0 5.37671 1.49965 -3.76822e-05
3.975 1.49987 0.999846 -1.76382e-05 0 5.44521 1.49964 -2.6455e-05
4.025 1.49987 0.999843 -1.01268e-05 0 5.5137 1.49964 -1.51889e-05
4.075 1.49987 0.999842 -2.67638e-06 0 5.58219 1.49963 -4.01423e-06
4.125 1.49987 0.999841 4.60923e-06 0 5.65068 1.49963 6.91325e-06
4.175 1.49987 0.999842 1.15462e-05 0 5.71918 1.49964 1.73178e-05
4.225 1.49987 0.999844 1.81525e-05 0 5.78767 1.49964 2.72265e-05
4.275 1.49988 0.999847 2.4456e-05 0 5.85616 1.49965 3.6681e-05
4.325 1.49988 0.999851 3.04315e-05 0 5.92466 1.49966 4.56437e-05
4.375 1.49989 0.999856 3.60386e-05 0 5.99315 1.49967 5.40538e-05
4.425 1.49989 0.999861 4.12525e-05 0 6.06164 1.49968 6.18744e-05
4.475 1.4999 0.999868 4.60678e-05 0 6.13014 1.4997 6.90971e-05
4.525 1.49991 0.999875 5.04879e-05 0 6.19863 1.49972 7.57272e-05
4.575 1.49991 0.999883 5.45195e-05 0 6.26712 1.49974 8.17746e-05
4.625 1.49992 0.999891 5.81724e-05 0 6.33562 1.49976 8.72541e-05
4.675 1.49993 0.9999 6.1459e-05 0 6.40411 1.49978 9.21843e-05
4.725 1.49994 0.99991 6.43916e-05 0 6.4726 1.49981 9.65836e-05
4.775 1.49995 0.99992 6.69795e-05 0 6.5411 1.49983 0.000100466
4.825 1.49996 0.99993 6.92269e-05 0 6.60959 1.49986 0.000103838
4.875 1.49997 0.999941 7.11324e-05 0 6.67808 1.49988 0.000106697
4.925 1.49998 0.999952 7.26879e-05 0 6.74658 1.49991 0.000109031
4.975 1.49999 0.999963 7.38786e-05 0 6.81507 1.49994 0.000110817
5.025 1.50001 0.999975 7.46838e-05 0 6.88356 1.49997 0.000112026
5.075 1.50002 0.999987 7.50784e-05 0 6.95205 1.5 0.000112619
5.125 1.50003 0.999999 7.50314e-05 0 7.02055 1.50003 0.000112549
5.175 1.50004 1.00001 7.451e-05 0 7.08904 1.50006 0.000111768
5.225 1.50005 1.00002 7.34692e-05 0 7.15753 1.50008 0.000110208
5.275 1.50006 1.00003 7.18778e-05 0 7.22603 1.50011 0.000107821
5.325 1.50007 1.00005 6.97087e-05 0 7.29452 1.50014 0.000104568
5.375 1.50008 1.00006 6.69387e-05 0 7.36301 1.50017 0.000100414
5.425 1.50009 1.00007 6.35508e-05 0 7.43151 1.50019 9.53321e-05
5.475 1.5001 1.00008 5.95378e-05 0 7.5 1.50022 8.93127e-05
5.525 1.50011 1.00009 5.49049e-05 0 7.56849 1.50024 8.23634e-05
5.575 1.50012 1.00009 4.96707e-05 0 7.63699 1.50026 7.45119e-05
5.625 1.50012 1.0001 4.38657e-05 0 7.70548 1.50028 6.58039e-05
5.675 1.50013 1.00011 3.75317e-05 0 7.77397 1.50029 5.63024e-05
5.725 1.50014 1.00011 3.07246e-05 0 7.84247 1.5003 4.6091e-05
5.775 1.50014 1.00012 2.35147e-05 0 7.91096 1.50031 3.52753e-05
5.825 1.50014 1.00012 1.5986e-05 0 7.97945 1.50032 2.39812e-05
5.875 1.50014 1.00012 8.22186e-06 0 8.04795 1.50032 1.2334e-05
5.925 1.50015 1.00012 3.83764e-07 0 8.11644 1.50032 5.75702e-07
5.975 1.50015 1.00012 -7.40249e-06 0 8.18493 1.50032 -1.11048e-05
6.025 1.50014 1.00012 -1.50607e-05 0 8.25342 1.50032 -2.25932e-05
6.075 1.50014 1.00011 -2.25454e-05 0 8.32192 1.50031 -3.38212e-05
6.125 1.50014 1.00011 -2.98006e-05 0 8.39041 1.5003 -4.4705e-05
6.175 1.50013 1.0001 -3.67404e-05 0 8.4589 1.50028 -5.51154e-05
6.225 1.50013 1.00009 -4.32795e-05 0 8.5274 1.50026 -6.49247e-05
6.275 1.50012 1.00008 -4.93505e-05 0 8.59589 1.50025 -7.40316e-05
6.325 1.50011 1.00008 -5.48992e-05 0 8.66438 1.50022 -8.23548e-05
6.375 1.5001 1.00007 -5.98784e-05 0 8.73288 1.5002 -8.98236e-05
6.425 1.50009 1.00006 -6.42481e-05 0 8.80137 1.50018 -9.6378e-05
6.475 1.50008 1.00005 -6.79784e-05 0 8.86986 1.50015 -0.000101973
6.525 1.50007 1.00004 -7.10515e-05 0 8.93836 1.50013 -0.000106582
6.575 1.50006 1.00003 -7.34609e-05 0 9.00685 1.5001 -0.000110196
6.625 1.50005 1.00001 -7.52087e-05 0 9.07534 1.50007 -0.000112817
6.675 1.50004 1 -7.6305e-05 0 9.14384 1.50004 -0.00011446
6.725 1.50003 0.999993 -7.67641e-05 0 9.21233 1.50002 -0.000115148
6.775 1.50002 0.999982 -7.66028e-05 0 9.28082 1.49999 -0.000114905
6.825 1.5 0.999971 -7.58381e-05 0 9.34932 1.49996 -0.000113757
6.875 1.49999 0.99996 -7.44765e-05 0 9.41781 1.49993 -0.000111714
6.925 1.49998 0.99995 -7.25276e-05 0 9.4863 1.49991 -0.00010879
6.975 1.49997 0.99994 -6.99967e-05 0 9.55479 1.49988 -0.000104993
7.025 1.49996 0.99993 -6.68844e-05 0 9.62329 1.49985 -0.000100324
7.075 1.49995 0.999921 -6.31888e-05 0 9.69178 1.49983 -9.478e-05
7.125 1.49994 0.999912 -5.89066e-05 0 9.76027 1.49981 -8.83564e-05
7.175 1.49993 0.999904 -5.40357e-05 0 9.82877 1.49979 -8.10499e-05
7.225 1.49992 0.999896 -4.85792e-05 0 9.89726 1.49977 -7.28652e-05
7.275 1.49992 0.99989 -4.25515e-05 0 9.96575 1.49975 -6.38238e-05
7.325 1.49991 0.999884 -3.5981e-05 0 10.0342 1.49974 -5.39684e-05
7.375 1.49991 0.999879 -2.89095e-05 0 10.1027 1.49973 -4.33617e-05
7.425 1.49991 0.999875 -2.13932e-05 0 10.1712 1.49972 -3.20877e-05
7.475 1.4999 0.999872 -1.35069e-05 0 10.2397 1.49971 -2.0259e-05
7.525 1.4999 0.99987 -5.34955e-06 0 10.3082 1.49971 -8.0238e-06
7.575 1.4999 0.99987 2.96663e-06 0 10.3767 1.49971 4.44966e-06
7.625 1.4999 0.99987 1.12232e-05 0 10.4452 1.49971 1.68338e-05
7.675 1.4999 0.999872 1.92921e-05 0 10.5137 1.49971 2.89362e-05
7.725 1.49991 0.999875 2.71494e-05 0 10.5822 1.49972 4.07216e-05
7.775 1.49991 0.999879 3.46997e-05 0 10.6507 1.49973 5.20465e-05
7.825 1.49992 0.999884 4.18198e-05 0 10.7192 1.49974 6.27262e-05
7.875 1.49992 0.99989 4.84016e-05 0 10.7877 1.49976 7.25986e-05
7.925 1.49993 0.999897 5.43656e-05 0 10.8562 1.49978 8.15446e-05
7.975 1.49994 0.999906 5.96497e-05 0 10.9247 1.4998 8.9471e-05
8.025 1.49995 0.999915 6.41996e-05 0 10.9932 1.49982 9.62962e-05
8.075 1.49996 0.999925 6.79685e-05 0 11.0616 1.49985 0.00010195
8.125 1.49997 0.999935 7.09202e-05 0 11.1301 1.49987 0.000106378
8.175 1.49998 0.999947 7.30308e-05 0 11.1986 1.4999 0.000109545
8.225 1.49999 0.999958 7.42878e-05 0 11.2671 1.49993 0.000111431
8.275 1.50001 0.99997 7.4669e-05 0 11.3356 1.49996 0.000112004
8.325 1.50002 0.999982 7.41805e-05 0 11.4041 1.49999 0.000111272
8.375 1.50003 0.999994 7.28482e-05 0 11.4726 1.50002 0.000109274
8.425 1.50004 1.00001 7.07031e-05 0 11.5411 1.50005 0.000106057
8.475 1.50005 1.00002 6.7795e-05 0 11.6096 1.50008 0.000101696
8.525 1.50006 1.00003 6.41838e-05 0 11.6781 1.5001 9.62794e-05
8.575 1.50007 1.00004 5.99349e-05 0 11.7466 1.50013 8.99064e-05
8.625 1.50008 1.00005 5.51149e-05 0 11.8151 1.50015 8.26765e-05
8.675 1.50008 1.00006 4.97915e-05 0 11.8836 1.50017 7.46914e-05
8.725 1.50009 1.00007 4.40343e-05 0 11.9521 1.50019 6.60555e-05
8.775 1.5001 1.00007 3.79119e-05 0 12.0205 1.50021 5.68716e-05
8.825 1.5001 1.00008 3.14868e-05 0 12.089 1.50022 4.72335e-05
8.875 1.50011 1.00009 2.4815e-05 0 12.1575 1.50024 3.72251e-05
8.925 1.50011 1.00009 1.79496e-05 0 12.226 1.50025 2.69263e-05
8.975 1.50011 1.00009 1.09424e-05 0 12.2945 1.50025 1.64149e-05
9.025 1.50011 1.0001 3.84596e-06 0 12.363 1.50026 5.76939e-06
9.075 1.50011 1.0001 -3.30515e-06 0 12.4315 1.50026 -4.9581e-06
9.125 1.50011 1.0001 -1.03616e-05 0 12.5 1.50026 -1.55436e-05
9.175 1.50011 1.0001 -1.72459e-05 0 12.5685 1.50026 -2.58708e-05
9.225 1.50011 1.00009 -2.40011e-05 0 12.637 1.50025 -3.60043e-05
9.275 1.5001 1.00009 -3.05899e-05 0 12.7055 1.50024 -4.5888e-05
9.325 1.5001 1.00008 -3.69406e-05 0 12.774 1.50023 -5.54145e-05
9.375 1.50009 1.00008 -4.29703e-05 0 12.8425 1.50021 -6.44594e-05
9.425 1.50009 1.00007 -4.85984e-05 0 12.911 1.50019 -7.29018e-05
9.475 1.50008 1.00006 -5.37487e-05 0 12.9795 1.50017 -8.06273e-05
9.525 1.50007 1.00005 -5.83502e-05 0 13.0479 1.50015 -8.75294e-05
9.575 1.50006 1.00004 -6.23383e-05 0 13.1164 1.50013 -9.35113e-05
9.625 1.50005 1.00003 -6.56553e-05 0 13.1849 1.5001 -9.84864e-05
9.675 1.50004 1.00002 -6.82504e-05 0 13.2534 1.50008 -0.000102379
9.725 1.50003 1.00001 -7.00824e-05 0 13.3219 1.50005 -0.000105126
9.775 1.50002 0.999998 -7.1125e-05 0 13.3904 1.50002 -0.000106689
9.825 1.50001 0.999986 -7.13673e-05 0 13.4589 1.49999 -0.000107052
9.875 1.5 0.999973 -7.07996e-05 0 13.5274 1.49996 -0.000106199
9.925 1.49999 0.999961 -6.94254e-05 0 13.5959 1.49993 -0.000104137
9.975 1.49998 0.999949 -6.72594e-05 0 13.6644 1.4999 -0.000100888
10.025 1.49997 0.999937 -6.43323e-05 0 13.7329 1.49988 -9.64967e-05
10.075 1.49996 0.999926 -6.06872e-05 0 13.8014 1.49985 -9.10286e-05
10.125 1.49995 0.999916 -5.63781e-05 0 13.8699 1.49983 -8.45645e-05
10.175 1.49995 0.999907 -5.147e-05 0 13.9384 1.49981 -7.72023e-05
10.225 1.49994 0.9999 -4.60369e-05 0 14.0068 1.49979 -6.90526e-05
10.275 1.49993 0.999893 -4.01557e-05 0 14.0753 1.49977 -6.02309e-05
10.325 1.49993 0.999888 -3.39059e-05 0 14.1438 1.49976 -5.08565e-05
10.375 1.49993 0.999884 -2.73724e-05 0 14.2123 1.49975 -4.10566e-05
10.425 1.49992 0.999882 -2.06478e-05 0 14.2808 1.49975 -3.09702e-05
10.475 1.49992 0.999881 -1.38217e-05 0 14.3493 1.49974 -2.07315e-05
10.525 1.49992 0.999881 -7.07059e-06 0 14.4178 1.49974 -1.06053e-05
10.575 1.49992 0.999883 -4.87118e-07 0 14.4863 1.49975 -7.30639e-07
10.625 1.49992 0.999887 5.86776e-06 0 14.5548 1.49975 8.80118e-06
10.675 1.49993 0.999891 1.19554e-05 0 14.6233 1.49976 1.79322e-05
10.725 1.49993 0.999897 1.77115e-05 0 14.6918 1.49977 2.6566e-05
10.775 1.49993 0.999904 2.30454e-05 0 14.7603 1.49979 3.45666e-05
10.825 1.49994 0.999912 2.78722e-05 0 14.8288 1.49981 4.18065e-05
10.875 1.49994 0.99992 3.21209e-05 0 14.8973 1.49982 4.81796e-05
10.925 1.49995 0.99993 3.57302e-05 0 14.9658 1.49985 5.35936e-05
10.975 1.49996 0.99994 3.86454e-05 0 15.0342 1.49987 5.79665e-05
11.025 1.49997 0.99995 4.08176e-05 0 15.1027 1.49989 6.12251e-05
11.075 1.49997 0.999961 4.22036e-05 0 15.1712 1.49992 6.33043e-05
11.125 1.49998 0.999972 4.27679e-05 0 15.2397 1.49994 6.41511e-05
11.175 1.49999 0.999984 4.24875e-05 0 15.3082 1.49997 6.3731e-05
11.225 1.5 0.999995 4.13489e-05 0 15.3767 1.49999 6.20233e-05
11.275 1.50001 1.00001 3.93222e-05 0 15.4452 1.50002 5.89836e-05
11.325 1.50002 1.00002 3.64027e-05 0 15.5137 1.50004 5.46048e-05
11.375 1.50003 1.00003 3.25946e-05 0 15.5822 1.50007 4.88927e-05
11.425 1.50003 1.00004 2.79098e-05 0 15.6507 1.50009 4.18657e-05
11.475 1.50004 1.00005 2.2369e-05 0 15.7192 1.50011 3.35544e-05
11.525 1.50005 1.00005 1.59996e-05 0 15.7877 1.50013 2.40001e-05
11.575 1.50005 1.00006 8.8376e-06 0 15.8562 1.50015 1.32569e-05
11.625 1.50006 1.00007 9.32582e-07 0 15.9247 1.50016 1.39893e-06
11.675 1.50006 1.00007 -7.64979e-06 0 15.9932 1.50018 -1.14752e-05
11.725 1.50007 1.00008 -1.68305e-05 0 16.0616 1.50018 -2.52469e-05
11.775 1.50007 1.00008 -2.6521e-05 0 16.1301 1.50019 -3.97833e-05
11.825 1.50007 1.00008 -3.66377e-05 0 16.1986 1.50019 -5.49591e-05
11.875 1.50007 1.00008 -4.70422e-05 0 16.2671 1.50019 -7.05665e-05
11.925 1.50007 1.00008 -5.74895e-05 0 16.3356 1.50019 -8.62382e-05
11.975 1.50007 1.00008 -6.7982e-05 0 16.4041 1.50019 -0.000101977
12.025 1.50006 1.00008 -7.84502e-05 0 16.4726 1.50018 -0.00011768
12.075 1.50006 1.00007 -8.8779e-05 0 16.5411 1.50016 -0.000133174
12.125 1.50005 1.00006 -9.88344e-05 0 16.6096 1.50015 -0.000148257
12.175 1.50005 1.00006 -0.000108486 0 16.6781 1.50013 -0.000162734
12.225 1.50004 1.00005 -0.00011761 0 16.7466 1.50011 -0.00017642
12.275 1.50003 1.00004 -0.000126086 0 16.8151 1.50009 -0.000189134
12.325 1.50003 1.00003 -0.000133801 0 16.8836 1.50007 -0.000200704
12.375 1.50002 1.00002 -0.000140645 0 16.9521 1.50004 -0.00021097
12.425 1.50001 1 -0.000146521 0 17.0205 1.50002 -0.000219784
12.475 1.5 0.999994 -0.000151319 0 17.089 1.49999 -0.000226979
12.525 1.5 0.999982 -0.000154936 0 17.1575 1.49997 -0.000232404
12.575 1.49999 0.999972 -0.000157283 0 17.226 1.49995 -0.000235923
12.625 1.49998 0.999961 -0.000158293 0 17.2945 1.49993 -0.000237437
12.675 1.49998 0.999951 -0.000157911 0 17.363 1.49991 -0.000236864
12.725 1.49998 0.999942 -0.000156104 0 17.4315 1.49989 -0.000234152
12.775 1.49997 0.999934 -0.000152825 0 17.5 1.49987 -0.000229233
12.825 1.49997 0.999926 -0.000148053 0 17.5685 1.49986 -0.000222076
12.875 1.49997 0.99992 -0.000141809 0 17.637 1.49985 -0.00021271
12.925 1.49998 0.999914 -0.000134153 0 17.7055 1.49985 -0.000201226
12.975 1.49998 0.99991 -0.000125018 0 17.774 1.49984 -0.000187524
13.025 1.49999 0.999906 -0.000114316 0 17.8425 1.49985 -0.000171473
13.075 1.5 0.999904 -0.000102004 0 17.911 1.49985 -0.000153006
13.125 1.50001 0.999904 -8.80765e-05 0 17.9795 1.49987 -0.000132116
13.175 1.50003 0.999904 -7.25439e-05 0 18.0479 1.49988 -0.000108818
13.225 1.50004 0.999905 -5.53903e-05 0 18.1164 1.4999 -8.30878e-05
13.275 1.50006 0.999908 -3.65097e-05 0 18.1849 1.49993 -5.47669e-05
13.325 1.50009 0.999912 -1.5848e-05 0 18.2534 1.49995 -2.37733e-05
13.375 1.50011 0.999917 6.29377e-06 0 18.3219 1.49998 9.44131e-06
13.425 1.50012 0.999922 2.94731e-05 0 18.3904 1.50001 4.42133e-05
13.475 1.50014 0.999929 5.33126e-05 0 18.4589 1.50003 7.99763e-05
13.525 1.50015 0.999937 7.74784e-05 0 18.5274 1.50006 0.00011623
13.575 1.50017 0.999945 0.000101669 0 18.5959 1.50009 0.000152521
13.625 1.50018 0.999954 0.00012561 0 18.6644 1.50011 0.000188437
13.675 1.50019 0.999964 0.00014904 0 18.7329 1.50014 0.000223588
13.725 1.5002 0.999974 0.000171699 0 18.8014 1.50016 0.000257583
13.775 1.50021 0.999984 0.00019332 0 18.8699 1.50018 0.000290019
13.825 1.50021 0.999994 0.000213628 0 18.9384 1.5002 0.000320486
13.875 1.50021 1 0.000232355 0 19.0068 1.50022 0.000348582
13.925 1.50021 1.00001 0.000249281 0 19.0753 1.50023 0.000373975
13.975 1.50021 1.00002 0.000264332 0 19.1438 1.50025 0.000396553
14.025 1.50021 1.00003 0.00027737 0 19.2123 1.50026 0.000416112
14.075 1.5002 1.00004 0.000288083 0 19.2808 1.50026 0.000432182
14.125 1.50018 1.00005 0.000296075 0 19.3493 1.50026 0.000444167
14.175 1.50017 1.00005 0.000300979 0 19.4178 1.50025 0.000451518
14.225 1.50014 1.00006 0.000302533 0 19.4863 1.50023 0.000453843
14.275 1.50012 1.00006 0.000300585 0 19.5548 1.50021 0.000450913
14.325 1.50009 1.00006 0.000294999 0 19.6233 1.50018 0.000442523
14.375 1.50005 1.00006 0.000285588 0 19.6918 1.50015 0.000428397
14.425 1.50001 1.00006 0.000272191 0 19.7603 1.50011 0.00040829
14.475 1.49997 1.00006 0.000254644 0 19.8288 1.50007 0.00038196
14.525 1.49994 1.00006 0.000233631 0 19.8973 1.50003 0.000350433
14.575 1.49991 1.00005 0.000209915 0 19.9658 1.49999 0.000314854
14.625 1.49989 1.00005 0.000184197 0 20.0342 1.49996 0.000276275
14.675 1.49987 1.00004 0.000157103 0 20.1027 1.49993 0.000235633
14.725 1.49985 1.00004 0.000129175 0 20.1712 1.4999 0.000193743
14.775 1.49983 1.00003 0.00010089 0 20.2397 1.49987 0.000151318
14.825 1.49982 1.00002 7.26685e-05 0 20.3082 1.49985 0.000108989
14.875 1.49981 1.00001 4.48944e-05 0 20.3767 1.49982 6.73329e-05
14.925 1.4998 1 1.79255e-05 0 20.4452 1.4998 2.68846e-05
14.975 1.49979 0.999993 -7.89344e-06 0 20.5137 1.49978 -1.18385e-05
15.025 1.49979 0.999983 -3.22268e-05 0 20.5822 1.49976 -4.83334e-05
15.075 1.49979 0.999974 -5.47771e-05 0 20.6507 1.49975 -8.21539e-05
15.125 1.49979 0.999965 -7.53738e-05 0 20.7192 1.49973 -0.000113045
15.175 1.49979 0.999957 -9.3935e-05 0 20.7877 1.49973 -0.000140883
15.225 1.4998 0.999949 -0.000110191 0 20.8562 1.49972 -0.000165264
15.275 1.49981 0.999942 -0.000123703 0 20.9247 1.49972 -0.000185532
15.325 1.49983 0.999936 -0.000133973 0 20.9932 1.49973 -0.000200937
15.375 1.49986 0.99993 -0.00014058 0 21.0616 1.49975 -0.000210849
15.425 1.49988 0.999925 -0.000143242 0 21.1301 1.49977 -0.000214846
15.475 1.4999 0.999922 -0.000142508 0 21.1986 1.49979 -0.000213748
15.525 1.49992 0.999919 -0.000139062 0 21.2671 1.4998 -0.000208582
15.575 1.49994 0.999918 -0.000133449 0 21.3356 1.49982 -0.000200166
15.625 1.49995 0.999918 -0.000126219 0 21.4041 1.49983 -0.000189322
15.675 1.49996 0.99992 -0.00011786 0 21.4726 1.49984 -0.000176786
15.725 1.49997 0.999922 -0.000108676 0 21.5411 1.49986 -0.000163011
15.775 1.49998 0.999926 -9.89955e-05 0 21.6096 1.49987 -0.000148492
15.825 1.49999 0.99993 -8.91115e-05 0 21.6781 1.49989 -0.000133667
15.875 1.5 0.999936 -7.92829e-05 0 21.7466 1.4999 -0.000118924
15.925 1.50001 0.999942 -6.97412e-05 0 21.8151 1.49992 -0.000104612
15.975 1.50002 0.99995 -6.06898e-05 0 21.8836 1.49994 -9.10357e-05
16.025 1.50002 0.999958 -5.2312e-05 0 21.9521 1.49996 -7.84692e-05
16.075 1.50003 0.999967 -4.47722e-05 0 22.0205 1.49998 -6.71597e-05
16.125 1.50004 0.999976 -3.8211e-05 0 22.089 1.5 -5.7318e-05
16.175 1.50004 0.999985 -3.27338e-05 0 22.1575 1.50002 -4.91021e-05
16.225 1.50005 0.999995 -2.84071e-05 0 22.226 1.50004 -4.2612e-05
16.275 1.50006 1 -2.5271e-05 0 22.2945 1.50006 -3.79079e-05
16.325 1.50006 1.00001 -2.332e-05 0 22.363 1.50008 -3.49815e-05
16.375 1.50007 1.00002 -2.25044e-05 0 22.4315 1.5001 -3.37582e-05
16.425 1.50008 1.00003 -2.27225e-05 0 22.5 1.50012 -3.40855e-05
16.475 1.50008 1.00004 -2.38477e-05 0 22.5685 1.50014 -3.57736e-05
16.525 1.50009 1.00004 -2.57814e-05 0 22.637 1.50015 -3.86745e-05
16.575 1.5001 1.00005 -2.84221e-05 0 22.7055 1.50017 -4.26358e-05
16.625 1.5001 1.00005 -3.16723e-05 0 22.774 1.50017 -4.75116e-05
16.675 1.5001 1.00005 -3.54268e-05 0 22.8425 1.50018 -5.31439e-05
16.725 1.50011 1.00005 -3.95719e-05 0 22.911 1.50018 -5.93621e-05
16.775 1.50011 1.00005 -4.39256e-05 0 22.9795 1.50018 -6.58931e-05
16.825 1.50011 1.00005 -4.83709e-05 0 23.0479 1.50018 -7.25615e-05
16.875 1.50011 1.00005 -5.28026e-05 0 23.1164 1.50018 -7.92095e-05
16.925 1.5001 1.00004 -5.71709e-05 0 23.1849 1.50017 -8.57622e-05
16.975 1.5001 1.00004 -6.14083e-05 0 23.2534 1.50015 -9.21183e-05
17.025 1.50009 1.00003 -6.54025e-05 0 23.3219 1.50014 -9.81096e-05
17.075 1.50008 1.00002 -6.9027e-05 0 23.3904 1.50012 -0.000103546
17.125 1.50007 1.00002 -7.21574e-05 0 23.4589 1.5001 -0.000108241
17.175 1.50006 1.00001 -7.46714e-05 0 23.5274 1.50008 -0.000112012
17.225 1.50006 1 -7.64509e-05 0 23.5959 1.50006 -0.000114681
17.275 1.50005 0.999993 -7.73908e-05 0 23.6644 1.50004 -0.00011609
17.325 1.50004 0.999984 -7.74022e-05 0 23.7329 1.50001 -0.000116106
17.375 1.50003 0.999976 -7.64255e-05 0 23.8014 1.49999 -0.000114641
17.425 1.50002 0.999968 -7.44225e-05 0 23.8699 1.49997 -0.000111635
17.475 1.50001 0.999961 -7.13912e-05 0 23.9384 1.49995 -0.000107088
17.525 1.50001 0.999953 -6.73614e-05 0 24.0068 1.49994 -0.000101043
17.575 1.5 0.999947 -6.23962e-05 0 24.0753 1.49992 -9.35943e-05
17.625 1.49999 0.999941 -5.65894e-05 0 24.1438 1.49991 -8.48837e-05
17.675 1.49999 0.999936 -5.00595e-05 0 24.2123 1.49989 -7.50887e-05
17.725 1.49998 0.999932 -4.29411e-05 0 24.2808 1.49988 -6.44108e-05
17.775 1.49998 0.99993 -3.53772e-05 0 24.3493 1.49987 -5.3065e-05
17.825 1.49997 0.999928 -2.75203e-05 0 24.4178 1.49987 -4.12797e-05
17.875 1.49997 0.999927 -1.95312e-05 0 24.4863 1.49986 -2.92962e-05
17.925 1.49997 0.999928 -1.16266e-05 0 24.5548 1.49986 -1.74395e-05
17.975 1.49997 0.999929 -3.93031e-06 0 24.6233 1.49986 -5.89535e-06
18.025 1.49997 0.999932 3.45741e-06 0 24.6918 1.49987 5.18602e-06
18.075 1.49997 0.999936 1.03752e-05 0 24.7603 1.49988 1.55625e-05
18.125 1.49997 0.999942 1.67513e-05 0 24.8288 1.49989 2.51265e-05
18.175 1.49998 0.999948 2.25189e-05 0 24.8973 1.4999 3.37779e-05
18.225 1.49998 0.999955 2.7599e-05 0 24.9658 1.49991 4.1398e-05
18.275 1.49999 0.999963 3.19225e-05 0 25.0342 1.49993 4.78834e-05
18.325 1.49999 0.999971 3.54427e-05 0 25.1027 1.49995 5.31639e-05
18.375 1.5 0.99998 3.81254e-05 0 25.1712 1.49997 5.71882e-05
18.425 1.50001 0.999989 3.99393e-05 0 25.2397 1.49999 5.99092e-05
18.475 1.50002 0.999998 4.084e-05 0 25.3082 1.50001 6.12607e-05
18.525 1.50002 1.00001 4.0789e-05 0 25.3767 1.50003 6.11844e-05
18.575 1.50003 1.00001 3.98092e-05 0 25.4452 1.50005 5.9715e-05
18.625 1.50003 1.00002 3.7922e-05 0 25.5137 1.50007 5.68843e-05
18.675 1.50004 1.00003 3.51722e-05 0 25.5822 1.50008 5.27597e-05
18.725 1.50005 1.00004 3.16178e-05 0 25.6507 1.5001 4.74282e-05
18.775 1.50005 1.00004 2.73337e-05 0 25.7192 1.50011 4.1002e-05
18.825 1.50005 1.00004 2.24146e-05 0 25.7877 1.50012 3.36231e-05
18.875 1.50006 1.00005 1.69732e-05 0 25.8562 1.50013 2.54608e-05
18.925 1.50006 1.00005 1.11252e-05 0 25.9247 1.50013 1.66885e-05
18.975 1.50006 1.00005 5.06721e-06 0 25.9932 1.50013 7.60113e-06
19.025 1.50006 1.00005 -1.05518e-06 0 26.0616 1.50013 -1.58283e-06
19.075 1.50006 1.00004 -7.18726e-06 0 26.1301 1.50012 -1.07813e-05
19.125 1.50006 1.00004 -1.3166e-05 0 26.1986 1.50012 -1.97498e-05
19.175 1.50006 1.00003 -1.88967e-05 0 26.2671 1.50011 -2.83462e-05
19.225 1.50006 1.00003 -2.42774e-05 0 26.3356 1.50009 -3.64175e-05
19.275 1.50005 1.00002 -2.91978e-05 0 26.4041 1.50008 -4.37983e-05
19.325 1.50005 1.00001 -3.3555e-05 0 26.4726 1.50006 -5.0334e-05
19.375 1.50004 1 -3.72524e-05 0 26.5411 1.50005 -5.58801e-05
19.425 1.50004 0.999994 -4.02005e-05 0 26.6096 1.50003 -6.03022e-05
19.475 1.50003 0.999986 -4.23268e-05 0 26.6781 1.50001 -6.34914e-05
19.525 1.50002 0.999977 -4.35807e-05 0 26.7466 1.49999 -6.53721e-05
19.575 1.50002 0.999969 -4.39262e-05 0 26.8151 1.49997 -6.589e-05
19.625 1.50001 0.999961 -4.33515e-05 0 26.8836 1.49995 -6.50277e-05
19.675 1.5 0.999953 -4.18738e-05 0 26.9521 1.49993 -6.28108e-05
19.725 1.5 0.999946 -3.95143e-05 0 27.0205 1.49992 -5.92714e-05
19.775 1.49999 0.99994 -3.63202e-05 0 27.089 1.4999 -5.448e-05
19.825 1.49999 0.999935 -3.23643e-05 0 27.1575 1.49989 -4.85461e-05
19.875 1.49998 0.999931 -2.77382e-05 0 27.226 1.49988 -4.16069e-05
19.925 1.49998 0.999929 -2.25504e-05 0 27.2945 1.49987 -3.38252e-05
19.975 1.49998 0.999927 -1.69326e-05 0 27.363 1.49987 -2.53986e-05
