-19.975 1.5 1 -2.54864e-09 0 -249.688 1.5 -3.82295e-09
-19.925 1.5 1 -8.88978e-09 0 -249.062 1.5 -1.33347e-08
-19.875 1.5 1 -1.16064e-08 0 -248.438 1.5 -1.74096e-08
-19.825 1.5 1 -1.03171e-08 0 -247.813 1.5 -1.54756e-08
-19.775 1.5 1 -5.96426e-09 0 -247.188 1.5 -8.94638e-09
-19.725 1.5 1 -3.61468e-10 0 -246.562 1.5 -5.42203e-10
-19.675 1.5 1 4.35866e-09 0 -245.938 1.5 6.53798e-09
-19.625 1.5 1 6.99926e-09 0 -245.312 1.5 1.04989e-08
-19.575 1.5 1 7.0724e-09 0 -244.688 1.5 1.06086e-08
-19.525 1.5 1 4.88995e-09 0 -244.063 1.5 7.33492e-09
-19.475 1.5 1 1.47174e-09 0 -243.438 1.5 2.20761e-09
-19.425 1.5 1 -1.82391e-09 0 -242.812 1.5 -2.73586e-09
-19.375 1.5 1 -3.98403e-09 0 -242.188 1.5 -5.97605e-09
-19.325 1.5 1 -4.57162e-09 0 -241.563 1.5 -6.85743e-09
-19.275 1.5 1 -3.58465e-09 0 -240.938 1.5 -5.37697e-09
-19.225 1.5 1 -1.57307e-09 0 -240.312 1.5 -2.3596e-09
-19.175 1.5 1 6.38984e-10 0 -239.688 1.5 9.58476e-10
-19.125 1.5 1 2.28787e-09 0 -239.062 1.5 3.43181e-09
-19.075 1.5 1 2.98275e-09 0 -238.438 1.5 4.47413e-09
-19.025 1.5 1 2.58826e-09 0 -237.813 1.5 3.8824e-09
-18.975 1.5 1 1.38798e-09 0 -237.188 1.5 2.08196e-09
-18.925 1.5 1 -1.11448e-10 0 -236.562 1.5 -1.67172e-10
-18.875 1.5 1 -1.36756e-09 0 -235.938 1.5 -2.05133e-09
-18.825 1.5 1 -2.01876e-09 0 -235.313 1.5 -3.02814e-09
-18.775 1.5 1 -1.88412e-09 0 -234.688 1.5 -2.82618e-09
-18.725 1.5 1 -1.08939e-09 0 -234.062 1.5 -1.63408e-09
-18.675 1.5 1 2.21623e-11 0 -233.438 1.5 3.32434e-11
-18.625 1.5 1 1.03254e-09 0 -232.812 1.5 1.54881e-09
-18.575 1.5 1 1.60366e-09 0 -232.188 1.5 2.40549e-09
-18.525 1.5 1 1.53008e-09 0 -231.563 1.5 2.29511e-09
-18.475 1.5 1 8.64029e-10 0 -230.938 1.5 1.29604e-09
-18.425 1.5 1 -1.2441e-10 0 -230.312 1.5 -1.86614e-10
-18.375 1.5 1 -1.05371e-09 0 -229.688 1.5 -1.58057e-09
-18.325 1.5 1 -1.5625e-09 0 -229.063 1.5 -2.34375e-09
-18.275 1.5 1 -1.42975e-09 0 -228.438 1.5 -2.14462e-09
-18.225 1.5 1 -6.92591e-10 0 -227.812 1.5 -1.03889e-09
-18.175 1.5 1 3.88187e-10 0 -227.188 1.5 5.82281e-10
-18.125 1.5 1 1.39919e-09 0 -226.562 1.5 2.09879e-09
-18.075 1.5 1 1.88994e-09 0 -225.938 1.5 2.83491e-09
-18.025 1.5 1 1.61318e-09 0 -225.313 1.5 2.41977e-09
-17.975 1.5 1 6.22252e-10 0 -224.688 1.5 9.33378e-10
-17.925 1.5 1 -7.51942e-10 0 -224.062 1.5 -1.12791e-09
-17.875 1.5 1 -1.99768e-09 0 -223.438 1.5 -2.99652e-09
-17.825 1.5 1 -2.53828e-09 0 -222.813 1.5 -3.80741e-09
-17.775 1.5 1 -2.07946e-09 0 -222.188 1.5 -3.11919e-09
-17.725 1.5 1 -6.96673e-10 0 -221.562 1.5 -1.04501e-09
-17.675 1.5 1 1.17362e-09 0 -220.938 1.5 1.76043e-09
-17.625 1.5 1 2.85509e-09 0 -220.312 1.5 4.28263e-09
-17.575 1.5 1 3.57399e-09 0 -219.688 1.5 5.36099e-09
-17.525 1.5 1 2.94265e-09 0 -219.063 1.5 4.41397e-09
-17.475 1.5 1 1.05424e-09 0 -218.438 1.5 1.58135e-09
-17.425 1.5 1 -1.52305e-09 0 -217.812 1.5 -2.28458e-09
-17.375 1.5 1 -3.90014e-09 0 -217.188 1.5 -5.85021e-09
-17.325 1.5 1 -5.03162e-09 0 -216.563 1.5 -7.54743e-09
-17.275 1.5 1 -4.34552e-09 0 -215.938 1.5 -6.51828e-09
-17.225 1.5 1 -1.91036e-09 0 -215.312 1.5 -2.86555e-09
-17.175 1.5 1 1.57892e-09 0 -214.688 1.5 2.36838e-09
-17.125 1.5 1 4.98461e-09 0 -214.062 1.5 7.47692e-09
-17.075 1.5 1 6.91444e-09 0 -213.438 1.5 1.03717e-08
-17.025 1.5 1 6.46635e-09 0 -212.813 1.5 9.69952e-09
-16.975 1.5 1 3.59979e-09 0 -212.188 1.5 5.39968e-09
-16.925 1.5 1 -9.31631e-10 0 -211.562 1.5 -1.39745e-09
-16.875 1.5 1 -5.72302e-09 0 -210.938 1.5 -8.58454e-09
-16.825 1.5 1 -9.02484e-09 0 -210.313 1.5 -1.35373e-08
-16.775 1.5 1 -9.39245e-09 0 -209.688 1.5 -1.40887e-08
-16.725 1.5 1 -6.47948e-09 0 -209.062 1.5 -9.71922e-09
-16.675 1.5 1 -1.00118e-09 0 -208.438 1.5 -1.50178e-09
-16.625 1.5 1 5.45084e-09 0 -207.812 1.5 8.17626e-09
-16.575 1.5 1 1.08024e-08 0 -207.188 1.5 1.62037e-08
-16.525 1.5 1 1.28612e-08 0 -206.563 1.5 1.92918e-08
-16.475 1.5 1 1.07521e-08 0 -205.938 1.5 1.61281e-08
-16.425 1.5 1 4.87463e-09 0 -205.312 1.5 7.31194e-09
-16.375 1.5 1 -3.18347e-09 0 -204.688 1.5 -4.77521e-09
-16.325 1.5 1 -1.10755e-08 0 -204.063 1.5 -1.66133e-08
-16.275 1.5 1 -1.59924e-08 0 -203.438 1.5 -2.39886e-08
-16.225 1.5 1 -1.60636e-08 0 -202.812 1.5 -2.40954e-08
-16.175 1.5 1 -1.1037e-08 0 -202.188 1.5 -1.65555e-08
-16.125 1.5 1 -2.1497e-09 0 -201.562 1.5 -3.22455e-09
-16.075 1.5 1 8.17967e-09 0 -200.938 1.5 1.22695e-08
-16.025 1.5 1 1.69288e-08 0 -200.313 1.5 2.53933e-08
-15.975 1.5 1 2.09006e-08 0 -199.688 1.5 3.13509e-08
-15.925 1.5 1 1.87713e-08 0 -199.062 1.5 2.8157e-08
-15.875 1.5 1 1.09562e-08 0 -198.438 1.5 1.64343e-08
-15.825 1.5 1 -5.66323e-10 0 -197.812 1.5 -8.49485e-10
-15.775 1.5 1 -1.28058e-08 0 -197.188 1.5 -1.92087e-08
-15.725 1.5 1 -2.21608e-08 0 -196.562 1.5 -3.32412e-08
-15.675 1.5 1 -2.55079e-08 0 -195.938 1.5 -3.82618e-08
-15.625 1.5 1 -2.18123e-08 0 -195.312 1.5 -3.27185e-08
-15.575 1.5 1 -1.19756e-08 0 -194.688 1.5 -1.79634e-08
-15.525 1.5 1 1.54454e-09 0 -194.063 1.5 2.31682e-09
-15.475 1.5 1 1.54529e-08 0 -193.438 1.5 2.31793e-08
-15.425 1.5 1 2.59238e-08 0 -192.812 1.5 3.88857e-08
-15.375 1.5 1 2.98727e-08 0 -192.188 1.5 4.4809e-08
-15.325 1.5 1 2.62692e-08 0 -191.562 1.5 3.94038e-08
-15.275 1.5 1 1.60224e-08 0 -190.938 1.5 2.40337e-08
-15.225 1.5 1 1.61949e-09 0 -190.312 1.5 2.42923e-09
-15.175 1.5 1 -1.37764e-08 0 -189.688 1.5 -2.06646e-08
-15.125 1.5 1 -2.66484e-08 0 -189.062 1.5 -3.99726e-08
-15.075 1.5 1 -3.35361e-08 0 -188.438 1.5 -5.03041e-08
-15.025 1.5 1 -3.29676e-08 0 -187.813 1.5 -4.94515e-08
-14.975 1.5 1 -2.52926e-08 0 -187.188 1.5 -3.7939e-08
-14.925 1.5 1 -1.21028e-08 0 -186.562 1.5 -1.81541e-08
-14.875 1.5 1 4.18324e-09 0 -185.938 1.5 6.27487e-09
-14.825 1.5 1 2.06381e-08 0 -185.312 1.5 3.09571e-08
-14.775 1.5 1 3.38842e-08 0 -184.688 1.5 5.08264e-08
-14.725 1.5 1 4.11987e-08 0 -184.062 1.5 6.17981e-08
-14.675 1.5 1 4.10511e-08 0 -183.438 1.5 6.15766e-08
-14.625 1.5 1 3.31517e-08 0 -182.812 1.5 4.97275e-08
-14.575 1.5 1 1.82888e-08 0 -182.188 1.5 2.74333e-08
-14.525 1.5 1 -1.79483e-09 0 -181.563 1.5 -2.69225e-09
-14.475 1.5 1 -2.43899e-08 0 -180.938 1.5 -3.65849e-08
-14.425 1.5 1 -4.58166e-08 0 -180.312 1.5 -6.87249e-08
-14.375 1.5 1 -6.11356e-08 0 -179.688 1.5 -9.17035e-08
-14.325 1.5 1 -6.64219e-08 0 -179.062 1.5 -9.96328e-08
-14.275 1.5 1 -5.89602e-08 0 -178.438 1.5 -8.84403e-08
-14.225 1.5 1 -3.7967e-08 0 -177.812 1.5 -5.69505e-08
-14.175 1.5 1 -5.38376e-09 0 -177.188 1.5 -8.07564e-09
-14.125 1.5 1 3.44834e-08 0 -176.562 1.5 5.17251e-08
-14.075 1.5 1 7.4951e-08 0 -175.938 1.5 1.12426e-07
-14.025 1.5 1 1.05721e-07 0 -175.313 1.5 1.58582e-07
-13.975 1.5 1 1.18303e-07 0 -174.688 1.5 1.77455e-07
-13.925 1.5 1 1.06834e-07 0 -174.062 1.5 1.60252e-07
-13.875 1.5 1 6.97427e-08 0 -173.438 1.5 1.04614e-07
-13.825 1.5 1 1.12649e-08 0 -172.812 1.5 1.68973e-08
-13.775 1.5 1 -6.00021e-08 0 -172.188 1.5 -9.00032e-08
-13.725 1.5 1 -1.3126e-07 0 -171.562 1.5 -1.96889e-07
-13.675 1.5 1 -1.83891e-07 0 -170.938 1.5 -2.75837e-07
-13.625 1.5 1 -2.03657e-07 0 -170.312 1.5 -3.05486e-07
-13.575 1.5 1 -1.81705e-07 0 -169.688 1.5 -2.72558e-07
-13.525 1.5 1 -1.16895e-07 0 -169.063 1.5 -1.75343e-07
-13.475 1.5 1 -1.75937e-08 0 -168.438 1.5 -2.63906e-08
-13.425 1.5 1 1.00951e-07 0 -167.812 1.5 1.51426e-07
-13.375 1.5 1 2.17601e-07 0 -167.188 1.5 3.26401e-07
-13.325 1.5 1 3.02457e-07 0 -166.562 1.5 4.53685e-07
-13.275 1.5 1 3.33928e-07 0 -165.938 1.5 5.00893e-07
-13.225 1.5 1 2.99124e-07 0 -165.313 1.5 4.48686e-07
-13.175 1.5 1 1.97093e-07 0 -164.688 1.5 2.95639e-07
-13.125 1.5 1 4.10868e-08 0 -164.062 1.5 6.16302e-08
-13.075 1.5 1 -1.45814e-07 0 -163.438 1.5 -2.18721e-07
-13.025 1.5 1 -3.31667e-07 0 -162.813 1.5 -4.97501e-07
-12.975 1.5 1 -4.71678e-07 0 -162.188 1.5 -7.07517e-07
-12.925 1.5 1 -5.32309e-07 0 -161.562 1.5 -7.98464e-07
-12.875 1.5 1 -4.92701e-07 0 -160.938 1.5 -7.39052e-07
-12.825 1.5 1 -3.4923e-07 0 -160.312 1.5 -5.23844e-07
-12.775 1.5 1 -1.19671e-07 0 -159.688 1.5 -1.79506e-07
-12.725 1.5 1 1.65184e-07 0 -159.063 1.5 2.47775e-07
-12.675 1.5 1 4.58751e-07 0 -158.438 1.5 6.88127e-07
-12.625 1.5 1 6.97668e-07 0 -157.812 1.5 1.0465e-06
-12.575 1.5 1 8.26814e-07 0 -157.188 1.5 1.24022e-06
-12.525 1.5 1 8.09197e-07 0 -156.563 1.5 1.2138e-06
-12.475 1.5 0.999999 6.33629e-07 0 -155.938 1.5 9.50444e-07
-12.425 1.5 0.999999 3.17211e-07 0 -155.312 1.5 4.75816e-07
-12.375 1.5 0.999999 -1.0017e-07 0 -154.688 1.5 -1.50255e-07
-12.325 1.5 0.999999 -5.54728e-07 0 -154.062 1.5 -8.32092e-07
-12.275 1.5 0.999999 -9.62868e-07 0 -153.438 1.5 -1.4443e-06
-12.225 1.5 1 -1.23287e-06 0 -152.813 1.5 -1.8493e-06
-12.175 1.5 1 -1.29965e-06 0 -152.188 1.5 -1.94947e-06
-12.125 1.5 1 -1.13207e-06 0 -151.562 1.5 -1.6981e-06
-12.075 1.5 1 -7.37689e-07 0 -150.938 1.5 -1.10653e-06
-12.025 1.5 1 -1.65074e-07 0 -150.313 1.5 -2.47611e-07
-11.975 1.5 1 5.07769e-07 0 -149.688 1.5 7.61654e-07
-11.925 1.5 1 1.17801e-06 0 -149.062 1.5 1.76701e-06
-11.875 1.5 1 1.70244e-06 0 -148.438 1.5 2.55367e-06
-11.825 1.5 1 1.97235e-06 0 -147.812 1.5 2.95853e-06
-11.775 1.5 0.999999 1.91632e-06 0 -147.188 1.5 2.87448e-06
-11.725 1.5 0.999998 1.51552e-06 0 -146.563 1.5 2.27328e-06
-11.675 1.5 0.999998 8.10904e-07 0 -145.938 1.5 1.21636e-06
-11.625 1.5 0.999997 -1.13017e-07 0 -145.313 1.5 -1.69525e-07
-11.575 1.5 0.999998 -1.12621e-06 0 -144.688 1.5 -1.68932e-06
-11.525 1.5 0.999998 -2.0626e-06 0 -144.062 1.5 -3.0939e-06
-11.475 1.5 0.999999 -2.72754e-06 0 -143.438 1.5 -4.09131e-06
-11.425 1.5 1 -2.98527e-06 0 -142.812 1.5 -4.4779e-06
-11.375 1.5 1 -2.76088e-06 0 -142.188 1.5 -4.14132e-06
-11.325 1.5 1 -2.05181e-06 0 -141.562 1.5 -3.07772e-06
-11.275 1.5 1 -9.42924e-07 0 -140.938 1.5 -1.41438e-06
-11.225 1.5 1 4.37104e-07 0 -140.313 1.5 6.55656e-07
-11.175 1.5 1 1.898e-06 0 -139.688 1.5 2.847e-06
-11.125 1.5 1 3.19232e-06 0 -139.063 1.5 4.78848e-06
-11.075 1.5 1 4.07312e-06 0 -138.438 1.5 6.10968e-06
-11.025 1.5 0.999999 4.36561e-06 0 -137.812 1.5 6.54842e-06
-10.975 1.5 0.999998 3.98108e-06 0 -137.188 1.5 5.97162e-06
-10.925 1.5 0.999996 2.93314e-06 0 -136.562 1.5 4.39972e-06
-10.875 1.5 0.999995 1.34777e-06 0 -135.938 1.49999 2.02165e-06
-10.825 1.5 0.999995 -5.9526e-07 0 -135.312 1.49999 -8.92892e-07
-10.775 1.5 0.999995 -2.64166e-06 0 -134.688 1.49999 -3.96249e-06
-10.725 1.5 0.999996 -4.46443e-06 0 -134.063 1.5 -6.69664e-06
-10.675 1.5 0.999998 -5.73665e-06 0 -133.438 1.5 -8.60497e-06
-10.625 1.5 1 -6.22783e-06 0 -132.813 1.5 -9.34174e-06
-10.575 1.5 1 -5.81608e-06 0 -132.188 1.5 -8.72412e-06
-10.525 1.5 1.00001 -4.50587e-06 0 -131.562 1.50001 -6.75879e-06
-10.475 1.5 1.00001 -2.45136e-06 0 -130.938 1.50001 -3.67703e-06
-10.425 1.5 1.00001 1.19341e-07 0 -130.312 1.50001 1.79011e-07
-10.375 1.5 1.00001 2.90049e-06 0 -129.688 1.50001 4.35073e-06
-10.325 1.5 1.00001 5.51169e-06 0 -129.062 1.50001 8.26753e-06
-10.275 1.5 1 7.49546e-06 0 -128.438 1.5 1.12432e-05
-10.225 1.5 1 8.52591e-06 0 -127.813 1.5 1.27889e-05
-10.175 1.5 0.999997 8.41322e-06 0 -127.188 1.5 1.26198e-05
-10.125 1.5 0.999994 7.13018e-06 0 -126.562 1.49999 1.06953e-05
-10.075 1.5 0.999991 4.7944e-06 0 -125.938 1.49999 7.19161e-06
-10.025 1.5 0.99999 1.65623e-06 0 -125.312 1.49999 2.48435e-06
-9.975 1.5 0.999989 -1.95095e-06 0 -124.688 1.49999 -2.92643e-06
-9.925 1.5 0.999991 -5.59223e-06 0 -124.062 1.49999 -8.38837e-06
-9.875 1.5 0.999993 -8.69698e-06 0 -123.438 1.49999 -1.30455e-05
-9.825 1.5 0.999997 -1.08102e-05 0 -122.813 1.5 -1.62153e-05
-9.775 1.5 1 -1.16152e-05 0 -122.188 1.5 -1.74228e-05
-9.725 1.5 1.00001 -1.09549e-05 0 -121.563 1.50001 -1.64323e-05
-9.675 1.5 1.00001 -8.84564e-06 0 -120.938 1.50001 -1.32684e-05
-9.625 1.49999 1.00001 -5.51082e-06 0 -120.312 1.50001 -8.2662e-06
-9.575 1.49999 1.00001 -1.30479e-06 0 -119.688 1.50002 -1.95718e-06
-9.525 1.49999 1.00001 3.33378e-06 0 -119.062 1.50002 5.00065e-06
-9.475 1.5 1.00001 7.89391e-06 0 -118.438 1.50001 1.18408e-05
-9.425 1.5 1.00001 1.16694e-05 0 -117.812 1.50001 1.7504e-05
-9.375 1.5 1 1.41721e-05 0 -117.188 1.5 2.12582e-05
-9.325 1.5 0.999999 1.50583e-05 0 -116.563 1.5 2.25875e-05
-9.275 1.5 0.999993 1.41736e-05 0 -115.938 1.49999 2.12605e-05
-9.225 1.50001 0.999988 1.15654e-05 0 -115.313 1.49999 1.73482e-05
-9.175 1.50001 0.999984 7.50366e-06 0 -114.688 1.49998 1.12555e-05
-9.125 1.50001 0.999982 2.40354e-06 0 -114.062 1.49998 3.60532e-06
-9.075 1.50001 0.999982 -3.24819e-06 0 -113.438 1.49998 -4.87231e-06
-9.025 1.50001 0.999984 -8.87125e-06 0 -112.812 1.49998 -1.33069e-05
-8.975 1.5 0.999988 -1.36879e-05 0 -112.188 1.49999 -2.05319e-05
-8.925 1.5 0.999993 -1.71174e-05 0 -111.562 1.49999 -2.56762e-05
-8.875 1.5 0.999999 -1.87439e-05 0 -110.938 1.5 -2.81159e-05
-8.825 1.5 1.00001 -1.83577e-05 0 -110.313 1.50001 -2.75365e-05
-8.775 1.49999 1.00001 -1.59638e-05 0 -109.688 1.50001 -2.39457e-05
-8.725 1.49999 1.00002 -1.17958e-05 0 -109.063 1.50002 -1.76937e-05
-8.675 1.49999 1.00002 -6.27179e-06 0 -108.438 1.50002 -9.40763e-06
-8.625 1.49999 1.00002 1.15813e-07 0 -107.812 1.50002 1.73718e-07
-8.575 1.49999 1.00002 6.76649e-06 0 -107.188 1.50002 1.01497e-05
-8.525 1.49999 1.00002 1.29626e-05 0 -106.562 1.50002 1.94438e-05
-8.475 1.49999 1.00001 1.79425e-05 0 -105.938 1.50001 2.69137e-05
-8.425 1.5 1.00001 2.11751e-05 0 -105.312 1.50001 3.17626e-05
-8.375 1.5 0.999999 2.23211e-05 0 -104.688 1.5 3.34817e-05
-8.325 1.5 0.999991 2.12596e-05 0 -104.063 1.49999 3.18894e-05
-8.275 1.50001 0.999985 1.80785e-05 0 -103.438 1.49998 2.71179e-05
-8.225 1.50001 0.999979 1.309e-05 0 -102.813 1.49998 1.96352e-05
-8.175 1.50001 0.999975 6.77785e-06 0 -102.188 1.49997 1.01668e-05
-8.125 1.50001 0.999974 -3.47971e-07 0 -101.562 1.49997 -5.2196e-07
-8.075 1.50001 0.999975 -7.67741e-06 0 -100.938 1.49997 -1.15162e-05
-8.025 1.50001 0.999978 -1.44816e-05 0 -100.312 1.49998 -2.17225e-05
-7.975 1.50001 0.999984 -2.00165e-05 0 -99.6875 1.49998 -3.00249e-05
-7.925 1.5 0.999991 -2.37594e-05 0 -99.0625 1.49999 -3.56391e-05
-7.875 1.5 0.999999 -2.53796e-05 0 -98.4375 1.5 -3.80694e-05
-7.825 1.5 1.00001 -2.47601e-05 0 -97.8125 1.50001 -3.71401e-05
-7.775 1.49999 1.00001 -2.19772e-05 0 -97.1875 1.50001 -3.29657e-05
-7.725 1.49999 1.00002 -1.73015e-05 0 -96.5625 1.50002 -2.5952e-05
-7.675 1.49999 1.00003 -1.1152e-05 0 -95.9375 1.50003 -1.67279e-05
-7.625 1.49999 1.00003 -4.0375e-06 0 -95.3125 1.50003 -6.05619e-06
-7.575 1.49999 1.00003 3.51984e-06 0 -94.6875 1.50003 5.2797e-06
-7.525 1.49999 1.00003 1.09179e-05 0 -94.0625 1.50003 1.63768e-05
-7.475 1.49999 1.00002 1.73739e-05 0 -93.4375 1.50002 2.60607e-05
-7.425 1.49999 1.00002 2.2356e-05 0 -92.8125 1.50001 3.35338e-05
-7.375 1.5 1.00001 2.54811e-05 0 -92.1875 1.50001 3.82215e-05
-7.325 1.5 0.999999 2.65265e-05 0 -91.5625 1.5 3.97897e-05
-7.275 1.5 0.999991 2.54543e-05 0 -90.9375 1.49999 3.81815e-05
-7.225 1.50001 0.999984 2.23852e-05 0 -90.3125 1.49998 3.3578e-05
-7.175 1.50001 0.999977 1.75872e-05 0 -89.6875 1.49998 2.6381e-05
-7.125 1.50001 0.999973 1.1473e-05 0 -89.0625 1.49997 1.72097e-05
-7.075 1.50001 0.99997 4.52091e-06 0 -88.4375 1.49997 6.78143e-06
-7.025 1.50001 0.99997 -2.82353e-06 0 -87.8125 1.49997 -4.23534e-06
-6.975 1.50001 0.999971 -1.00486e-05 0 -87.1875 1.49997 -1.50731e-05
-6.925 1.50001 0.999975 -1.65136e-05 0 -86.5625 1.49997 -2.47705e-05
-6.875 1.50001 0.999981 -2.17366e-05 0 -85.9375 1.49998 -3.26051e-05
-6.825 1.5 0.999987 -2.53655e-05 0 -85.3125 1.49999 -3.80484e-05
-6.775 1.5 0.999995 -2.718e-05 0 -84.6875 1.49999 -4.077e-05
-6.725 1.5 1 -2.71199e-05 0 -84.0625 1.5 -4.06797e-05
-6.675 1.49999 1.00001 -2.52804e-05 0 -83.4375 1.50001 -3.79205e-05
-6.625 1.49999 1.00002 -2.18269e-05 0 -82.8125 1.50001 -3.27401e-05
-6.575 1.49999 1.00002 -1.70519e-05 0 -82.1875 1.50002 -2.55776e-05
-6.525 1.49998 1.00003 -1.13338e-05 0 -81.5625 1.50002 -1.70006e-05
-6.475 1.49998 1.00003 -5.0667e-06 0 -80.9375 1.50002 -7.59996e-06
-6.425 1.49998 1.00003 1.37878e-06 0 -80.3125 1.50002 2.06814e-06
-6.375 1.49998 1.00002 7.62291e-06 0 -79.6875 1.50002 1.14342e-05
-6.325 1.49998 1.00002 1.31161e-05 0 -79.0625 1.50002 1.9674e-05
-6.275 1.49999 1.00002 1.75255e-05 0 -78.4375 1.50001 2.62881e-05
-6.225 1.49999 1.00001 2.06108e-05 0 -77.8125 1.5 3.0916e-05
-6.175 1.49999 1 2.22216e-05 0 -77.1875 1.5 3.33322e-05
-6.125 1.5 0.999997 2.2317e-05 0 -76.5625 1.49999 3.34754e-05
-6.075 1.5 0.99999 2.09707e-05 0 -75.9375 1.49998 3.1456e-05
-6.025 1.5 0.999984 1.83061e-05 0 -75.3125 1.49998 2.74592e-05
-5.975 1.50001 0.999979 1.45307e-05 0 -74.6875 1.49997 2.17962e-05
-5.925 1.50001 0.999975 9.91355e-06 0 -74.0625 1.49997 1.48704e-05
-5.875 1.50001 0.999972 4.75945e-06 0 -73.4375 1.49997 7.13921e-06
-5.825 1.50001 0.999971 -6.70248e-07 0 -72.8125 1.49996 -1.00538e-06
-5.775 1.50001 0.999971 -6.0793e-06 0 -72.1875 1.49996 -9.119e-06
-5.725 1.50001 0.999973 -1.12173e-05 0 -71.5625 1.49997 -1.6826e-05
-5.675 1.5 0.999975 -1.57296e-05 0 -70.9375 1.49997 -2.35945e-05
-5.625 1.5 0.999979 -1.94062e-05 0 -70.3125 1.49997 -2.91093e-05
-5.575 1.5 0.999983 -2.21095e-05 0 -69.6875 1.49997 -3.31643e-05
-5.525 1.5 0.999988 -2.37642e-05 0 -69.0625 1.49998 -3.56462e-05
-5.475 1.49999 0.999992 -2.43609e-05 0 -68.4375 1.49998 -3.65411e-05
-5.425 1.49999 0.999997 -2.39585e-05 0 -67.8125 1.49998 -3.59375e-05
-5.375 1.49998 1 -2.26514e-05 0 -67.1875 1.49999 -3.39768e-05
-5.325 1.49998 1 -2.0576e-05 0 -66.5625 1.49999 -3.08636e-05
-5.275 1.49998 1.00001 -1.79096e-05 0 -65.9375 1.49999 -2.6864e-05
-5.225 1.49998 1.00001 -1.48443e-05 0 -65.3125 1.49999 -2.22661e-05
-5.175 1.49997 1.00001 -1.15481e-05 0 -64.6875 1.49999 -1.73219e-05
-5.125 1.49997 1.00001 -8.21523e-06 0 -64.0625 1.49999 -1.23226e-05
-5.075 1.49997 1.00001 -5.02865e-06 0 -63.4375 1.49998 -7.54283e-06
-5.025 1.49997 1.00001 -2.2134e-06 0 -62.8125 1.49998 -3.32004e-06
-4.975 1.49997 1 9.28305e-08 0 -62.1875 1.49997 1.39243e-07
-4.925 1.49997 0.999999 1.76042e-06 0 -61.5625 1.49997 2.64057e-06
-4.875 1.49997 0.999994 2.70772e-06 0 -60.9375 1.49996 4.0615e-06
-4.825 1.49997 0.99999 2.88956e-06 0 -60.3125 1.49996 4.33426e-06
-4.775 1.49997 0.999985 2.30128e-06 0 -59.6875 1.49995 3.45186e-06
-4.725 1.49997 0.99998 9.56328e-07 0 -59.0625 1.49994 1.43447e-06
-4.675 1.49997 0.999975 -1.10134e-06 0 -58.4375 1.49994 -1.65197e-06
-4.625 1.49997 0.999971 -3.78279e-06 0 -57.8125 1.49993 -5.67408e-06
-4.575 1.49997 0.999967 -6.98643e-06 0 -57.1875 1.49992 -1.04795e-05
-4.525 1.49997 0.999963 -1.06019e-05 0 -56.5625 1.49992 -1.59026e-05
-4.475 1.49997 0.99996 -1.45145e-05 0 -55.9375 1.49991 -2.17713e-05
-4.425 1.49997 0.999958 -1.8609e-05 0 -55.3125 1.4999 -2.79128e-05
-4.375 1.49996 0.999956 -2.27745e-05 0 -54.6875 1.4999 -3.41609e-05
-4.325 1.49996 0.999954 -2.69097e-05 0 -54.0625 1.49989 -4.03634e-05
-4.275 1.49996 0.999953 -3.09273e-05 0 -53.4375 1.49989 -4.63896e-05
-4.225 1.49995 0.999953 -3.47555e-05 0 -52.8125 1.49988 -5.21316e-05
-4.175 1.49995 0.999952 -3.83391e-05 0 -52.1875 1.49987 -5.75066e-05
-4.125 1.49994 0.999952 -4.16401e-05 0 -51.5625 1.49987 -6.24576e-05
-4.075 1.49993 0.999951 -4.46343e-05 0 -50.9375 1.49986 -6.69485e-05
-4.025 1.49993 0.999951 -4.73143e-05 0 -50.3125 1.49985 -7.0968e-05
-3.975 1.49992 0.99995 -4.96989e-05 0 -49.6875 1.49984 -7.45444e-05
-3.925 1.49991 0.999949 -5.18251e-05 0 -49.0625 1.49984 -7.77332e-05
-3.875 1.4999 0.999947 -5.37461e-05 0 -48.4375 1.49983 -8.0614e-05
-3.825 1.4999 0.999945 -5.55287e-05 0 -47.8125 1.49981 -8.32873e-05
-3.775 1.49989 0.999942 -5.72513e-05 0 -47.1875 1.4998 -8.58705e-05
-3.725 1.49988 0.999938 -5.90003e-05 0 -46.5625 1.49979 -8.84933e-05
-3.675 1.49987 0.999934 -6.0868e-05 0 -45.9375 1.49977 -9.12941e-05
-3.625 1.49986 0.999928 -6.29494e-05 0 -45.3125 1.49975 -9.44154e-05
-3.575 1.49985 0.999922 -6.53388e-05 0 -44.6875 1.49973 -9.79986e-05
-3.525 1.49984 0.999915 -6.81279e-05 0 -44.0625 1.49971 -0.000102181
-3.475 1.49983 0.999907 -7.14037e-05 0 -43.4375 1.49969 -0.000107094
-3.425 1.49982 0.999897 -7.52475e-05 0 -42.8125 1.49967 -0.000112858
-3.375 1.49981 0.999888 -7.97331e-05 0 -42.1875 1.49964 -0.000119585
-3.325 1.4998 0.999877 -8.49271e-05 0 -41.5625 1.49961 -0.000127373
-3.275 1.49978 0.999865 -9.08879e-05 0 -40.9375 1.49958 -0.000136312
-3.225 1.49977 0.999852 -9.76665e-05 0 -40.3125 1.49955 -0.000146477
-3.175 1.49976 0.999839 -0.000105307 0 -39.6875 1.49951 -0.000157934
-3.125 1.49974 0.999825 -0.000113846 0 -39.0625 1.49948 -0.000170739
-3.075 1.49972 0.99981 -0.000123315 0 -38.4375 1.49944 -0.000184939
-3.025 1.4997 0.999794 -0.000133743 0 -37.8125 1.49939 -0.000200574
-2.975 1.49968 0.999777 -0.000145152 0 -37.1875 1.49935 -0.000217682
-2.925 1.49966 0.999759 -0.000157565 0 -36.5625 1.4993 -0.000236294
-2.875 1.49964 0.999741 -0.000171004 0 -35.9375 1.49925 -0.000256444
-2.825 1.49961 0.999722 -0.000185492 0 -35.3125 1.49919 -0.000278165
-2.775 1.49958 0.999701 -0.000201054 0 -34.6875 1.49913 -0.000301496
-2.725 1.49955 0.999679 -0.000217719 0 -34.0625 1.49907 -0.000326481
-2.675 1.49952 0.999657 -0.000235523 0 -33.4375 1.499 -0.000353171
-2.625 1.49948 0.999632 -0.000254506 0 -32.8125 1.49893 -0.000381627
-2.575 1.49944 0.999607 -0.000274716 0 -32.1875 1.49885 -0.000411921
-2.525 1.4994 0.99958 -0.00029621 0 -31.5625 1.49877 -0.000444137
-2.475 1.49935 0.999551 -0.000319053 0 -30.9375 1.49868 -0.000478373
-2.425 1.49931 0.99952 -0.000343322 0 -30.3125 1.49859 -0.000514745
-2.375 1.49925 0.999487 -0.000369107 0 -29.6875 1.49848 -0.000553385
-2.325 1.4992 0.999451 -0.000396508 0 -29.0625 1.49837 -0.000594444
-2.275 1.49914 0.999414 -0.000425641 0 -28.4375 1.49826 -0.000638093
-2.225 1.49907 0.999373 -0.000456634 0 -27.8125 1.49813 -0.000684527
-2.175 1.499 0.999329 -0.000489632 0 -27.1875 1.498 -0.000733958
-2.125 1.49893 0.999282 -0.000524793 0 -26.5625 1.49785 -0.000786626
-2.075 1.49885 0.999232 -0.000562292 0 -25.9375 1.49769 -0.000842789
-2.025 1.49876 0.999177 -0.000602321 0 -25.3125 1.49753 -0.000902735
-1.975 1.49867 0.999118 -0.000645088 0 -24.6875 1.49735 -0.000966773
-1.925 1.49857 0.999055 -0.000690819 0 -24.0625 1.49715 -0.00103524
-1.875 1.49846 0.998987 -0.000739759 0 -23.4375 1.49695 -0.0011085
-1.825 1.49835 0.998913 -0.00079217 0 -22.8125 1.49672 -0.00118695
-1.775 1.49823 0.998834 -0.000848335 0 -22.1875 1.49648 -0.001271
-1.725 1.4981 0.998749 -0.000908558 0 -21.5625 1.49623 -0.00136111
-1.675 1.49796 0.998657 -0.000973164 0 -20.9375 1.49595 -0.00145776
-1.625 1.49782 0.998558 -0.0010425 0 -20.3125 1.49566 -0.00156148
-1.575 1.49766 0.998452 -0.00111695 0 -19.6875 1.49534 -0.00167281
-1.525 1.49749 0.998337 -0.0011969 0 -19.0625 1.495 -0.00179235
-1.475 1.4973 0.998214 -0.00128279 0 -18.4375 1.49463 -0.00192072
-1.425 1.49711 0.998082 -0.00137505 0 -17.8125 1.49424 -0.0020586
-1.375 1.4969 0.997939 -0.00147417 0 -17.1875 1.49381 -0.00220669
-1.325 1.49667 0.997787 -0.00158067 0 -16.5625 1.49336 -0.00236575
-1.275 1.49643 0.997623 -0.00169509 0 -15.9375 1.49288 -0.00253659
-1.225 1.49618 0.997446 -0.001818 0 -15.3125 1.49235 -0.00272005
-1.175 1.4959 0.997257 -0.00195002 0 -14.6875 1.4918 -0.00291704
-1.125 1.4956 0.997054 -0.0020918 0 -14.0625 1.4912 -0.00312851
-1.075 1.49528 0.996837 -0.00224404 0 -13.4375 1.49055 -0.00335548
-1.025 1.49494 0.996603 -0.00240747 0 -12.8125 1.48986 -0.00359903
-0.975 1.49458 0.996353 -0.00258287 0 -12.1875 1.48912 -0.0038603
-0.925 1.49418 0.996084 -0.00277107 0 -11.5625 1.48833 -0.00414048
-0.875 1.49376 0.995796 -0.00297294 0 -10.9375 1.48748 -0.00444086
-0.825 1.49331 0.995488 -0.00318942 0 -10.3125 1.48657 -0.0047628
-0.775 1.49283 0.995157 -0.00342151 0 -9.6875 1.4856 -0.00510772
-0.725 1.49231 0.994802 -0.00367026 0 -9.0625 1.48455 -0.00547715
-0.675 1.49175 0.994423 -0.00393678 0 -8.4375 1.48343 -0.00587269
-0.625 1.49115 0.994015 -0.00422226 0 -7.8125 1.48223 -0.00629603
-0.575 1.49051 0.993579 -0.00452796 0 -7.1875 1.48094 -0.00674897
-0.525 1.48982 0.993111 -0.00485523 0 -6.5625 1.47956 -0.00723344
-0.475 1.48909 0.99261 -0.00520549 0 -5.9375 1.47808 -0.00775144
-0.425 1.4883 0.992073 -0.00558025 0 -5.3125 1.4765 -0.00830509
-0.375 1.48746 0.991497 -0.0059811 0 -4.6875 1.47481 -0.00889662
-0.325 1.48655 0.990879 -0.00640974 0 -4.0625 1.47299 -0.00952841
-0.275 1.48558 0.990218 -0.00686799 0 -3.4375 1.47105 -0.010203
-0.225 1.48454 0.989508 -0.00735775 0 -2.8125 1.46897 -0.0109229
-0.175 1.48343 0.988748 -0.00788104 0 -2.1875 1.46674 -0.011691
-0.125 1.48224 0.987933 -0.00843997 0 -1.5625 1.46436 -0.0125101
-0.075 1.48097 0.987059 -0.00903678 0 -0.9375 1.4618 -0.0133832
-0.025 1.47961 0.986123 -0.00967383 0 -0.3125 1.45908 -0.0143135
0.025 1.47815 0.985119 -0.0103536 0 0.3125 1.45616 -0.0153042
0.075 1.4766 0.984042 -0.0110786 0 0.9375 1.45303 -0.0163587
0.125 1.47493 0.982889 -0.0118517 0 1.5625 1.4497 -0.0174804
0.175 1.47316 0.981653 -0.0126754 0 2.1875 1.44613 -0.0186728
0.225 1.47126 0.980327 -0.0135527 0 2.8125 1.44232 -0.0199396
0.275 1.46923 0.978907 -0.0144867 0 3.4375 1.43824 -0.0212844
0.325 1.46707 0.977385 -0.0154805 0 4.0625 1.4339 -0.022711
0.375 1.46476 0.975755 -0.0165373 0 4.6875 1.42925 -0.0242233
0.425 1.4623 0.974008 -0.0176608 0 5.3125 1.42429 -0.0258254
0.475 1.45967 0.972137 -0.0188546 0 5.9375 1.419 -0.0275215
0.525 1.45685 0.970132 -0.020123 0 6.5625 1.41334 -0.0293163
0.575 1.45385 0.967986 -0.0214705 0 7.1875 1.4073 -0.0312148
0.625 1.45063 0.965688 -0.0229022 0 7.8125 1.40085 -0.0332225
0.675 1.44719 0.963228 -0.0244233 0 8.4375 1.39397 -0.035345
0.725 1.4435 0.960595 -0.0260396 0 9.0625 1.38662 -0.0375882
0.775 1.43957 0.957778 -0.0277571 0 9.6875 1.37879 -0.0399583
0.825 1.43537 0.954765 -0.0295819 0 10.3125 1.37044 -0.0424609
0.875 1.4309 0.951542 -0.0315196 0 10.9375 1.36156 -0.0451013
0.925 1.42614 0.948097 -0.0335754 0 11.5625 1.35212 -0.0478832
0.975 1.4211 0.944415 -0.0357531 0 12.1875 1.34211 -0.0508087
1.025 1.41576 0.940481 -0.0380557 0 12.8125 1.3315 -0.0538778
1.075 1.41013 0.93628 -0.0404847 0 13.4375 1.32028 -0.0570886
1.125 1.40419 0.931796 -0.0430402 0 14.0625 1.30842 -0.0604368
1.175 1.39794 0.927012 -0.0457214 0 14.6875 1.29591 -0.0639158
1.225 1.39136 0.921911 -0.048526 0 15.3125 1.28271 -0.0675172
1.275 1.38443 0.916475 -0.0514517 0 15.9375 1.26879 -0.0712311
1.325 1.37712 0.910685 -0.0544962 0 16.5625 1.25412 -0.0750475
1.375 1.3694 0.904523 -0.0576576 0 17.1875 1.23865 -0.0789562
1.425 1.36125 0.897969 -0.0609341 0 17.8125 1.22236 -0.0829466
1.475 1.35266 0.891004 -0.0643232 0 18.4375 1.20522 -0.0870072
1.525 1.34361 0.883609 -0.0678203 0 19.0625 1.18723 -0.0911242
1.575 1.33412 0.875765 -0.0714183 0 19.6875 1.16838 -0.0952807
1.625 1.3242 0.867453 -0.0751056 0 20.3125 1.14868 -0.0994551
1.675 1.31388 0.858656 -0.0788658 0 20.9375 1.12817 -0.10362
1.725 1.30316 0.849357 -0.0826767 0 21.5625 1.10685 -0.107741
1.775 1.29208 0.839544 -0.0865108 0 22.1875 1.08476 -0.111779
1.825 1.28062 0.829203 -0.0903359 0 22.8125 1.0619 -0.115686
1.875 1.26881 0.818322 -0.0941165 0 23.4375 1.0383 -0.119416
1.925 1.25665 0.806895 -0.0978136 0 24.0625 1.01399 -0.122918
1.975 1.24417 0.794922 -0.101384 0 24.6875 0.989021 -0.126139
2.025 1.2314 0.782407 -0.104778 0 25.3125 0.963457 -0.129024
2.075 1.21837 0.76936 -0.107941 0 25.9375 0.937365 -0.131512
2.125 1.20511 0.755799 -0.110814 0 26.5625 0.910825 -0.133543
2.175 1.19168 0.741748 -0.113333 0 27.1875 0.883925 -0.135057
2.225 1.17811 0.727243 -0.115435 0 27.8125 0.856771 -0.135995
2.275 1.16447 0.71233 -0.117049 0 28.4375 0.82949 -0.136301
2.325 1.15086 0.697068 -0.118102 0 29.0625 0.802229 -0.135919
2.375 1.13734 0.681537 -0.118514 0 29.6875 0.775141 -0.134791
2.425 1.12399 0.665844 -0.118213 0 30.3125 0.748404 -0.132871
2.475 1.11089 0.650084 -0.117131 0 30.9375 0.722173 -0.13012
2.525 1.09812 0.634349 -0.115197 0 31.5625 0.696589 -0.126499
2.575 1.08576 0.618766 -0.112344 0 32.1875 0.671829 -0.121978
2.625 1.0739 0.603474 -0.108523 0 32.8125 0.64807 -0.116543
2.675 1.06264 0.588625 -0.103696 0 33.4375 0.625493 -0.110191
2.725 1.05205 0.574381 -0.097844 0 34.0625 0.604279 -0.102937
2.775 1.04224 0.560913 -0.090967 0 34.6875 0.584606 -0.0948096
2.825 1.03329 0.548392 -0.0830836 0 35.3125 0.566646 -0.0858491
2.875 1.02527 0.53699 -0.0742341 0 35.9375 0.550557 -0.0761096
2.925 1.01826 0.526869 -0.0644836 0 36.5625 0.536487 -0.0656607
2.975 1.01232 0.518182 -0.0539229 0 37.1875 0.524566 -0.0545872
3.025 1.00752 0.511068 -0.0426656 0 37.8125 0.514911 -0.0429864
3.075 1.0039 0.505644 -0.0308447 0 38.4375 0.507615 -0.0309649
3.125 1.00149 0.502003 -0.0186111 0 39.0625 0.50275 -0.0186388
3.175 1.00036 0.500209 -0.006117 0 39.6875 0.500391 -0.00611923
3.225 1.00022 0.50029 0.0064219 0 40.3125 0.5004 0.0064233
3.275 1.00109 0.502238 0.0187342 0 40.9375 0.502783 0.0187546
3.325 1.00359 0.506008 0.0307497 0 41.5625 0.507825 0.03086
3.375 1.00744 0.511536 0.0423596 0 42.1875 0.515342 0.0426747
3.425 1.0124 0.518729 0.0534204 0 42.8125 0.525161 0.0540828
3.475 1.01844 0.527469 0.0637953 0 43.4375 0.537198 0.0649719
3.525 1.02556 0.537621 0.073376 0 44.0625 0.55136 0.0752511
3.575 1.03367 0.549033 0.082079 0 44.6875 0.567521 0.0848429
3.625 1.04272 0.561541 0.0898429 0 45.3125 0.585528 0.0936806
3.675 1.0526 0.574977 0.0966287 0 45.9375 0.605221 0.101711
3.725 1.06324 0.58917 0.102419 0 46.5625 0.626432 0.108897
3.775 1.07456 0.603957 0.107216 0 47.1875 0.64899 0.115211
3.825 1.08646 0.619182 0.111041 0 47.8125 0.672718 0.120642
3.875 1.09886 0.634695 0.113929 0 48.4375 0.69744 0.125192
3.925 1.11166 0.650359 0.115931 0 49.0625 0.72298 0.128876
3.975 1.1248 0.666048 0.117102 0 49.6875 0.749174 0.131717
4.025 1.13816 0.681643 0.117502 0 50.3125 0.775822 0.133737
4.075 1.15164 0.697029 0.1172 0 50.9375 0.802726 0.134972
4.125 1.16517 0.712134 0.116271 0 51.5625 0.829755 0.135475
4.175 1.17869 0.72691 0.114786 0 52.1875 0.8568 0.135297
4.225 1.19215 0.7413 0.112814 0 52.8125 0.883738 0.13449
4.275 1.2055 0.755257 0.110423 0 53.4375 0.910459 0.133114
4.325 1.21868 0.768746 0.107679 0 54.0625 0.936856 0.131226
4.375 1.23166 0.781738 0.104645 0 54.6875 0.962832 0.128886
4.425 1.24438 0.794215 0.101378 0 55.3125 0.988303 0.126152
4.475 1.25681 0.806165 0.0979307 0 55.9375 1.0132 0.12308
4.525 1.26893 0.817584 0.094351 0 56.5625 1.03745 0.119724
4.575 1.28069 0.828472 0.0906812 0 57.1875 1.06102 0.116135
4.625 1.2921 0.838832 0.086959 0 57.8125 1.08385 0.11236
4.675 1.30312 0.848672 0.083218 0 58.4375 1.10592 0.108443
4.725 1.31374 0.858002 0.0794866 0 59.0625 1.12719 0.104425
4.775 1.32396 0.866836 0.0757894 0 59.6875 1.14765 0.100342
4.825 1.33377 0.875188 0.072147 0 60.3125 1.1673 0.0962271
4.875 1.34316 0.883076 0.0685768 0 60.9375 1.18611 0.0921096
4.925 1.35215 0.890518 0.065093 0 61.5625 1.20411 0.0880152
4.975 1.36072 0.897531 0.061707 0 62.1875 1.22129 0.0839662
5.025 1.3689 0.904135 0.0584275 0 62.8125 1.23767 0.0799814
5.075 1.37668 0.910349 0.0552609 0 63.4375 1.25326 0.0760768
5.125 1.38408 0.916191 0.0522122 0 64.0625 1.26808 0.0722658
5.175 1.3911 0.92168 0.0492842 0 64.6875 1.28215 0.0685593
5.225 1.39776 0.926834 0.0464787 0 65.3125 1.29549 0.064966
5.275 1.40406 0.931671 0.043796 0 65.9375 1.30812 0.0614923
5.325 1.41003 0.936208 0.0412353 0 66.5625 1.32008 0.0581429
5.375 1.41566 0.94046 0.0387953 0 67.1875 1.33138 0.0549211
5.425 1.42098 0.944445 0.0364738 0 67.8125 1.34204 0.0518287
5.475 1.426 0.948177 0.034268 0 68.4375 1.3521 0.0488663
5.525 1.43073 0.95167 0.0321749 0 69.0625 1.36159 0.0460337
5.575 1.43519 0.954938 0.0301907 0 69.6875 1.37052 0.0433294
5.625 1.43938 0.957995 0.028312 0 70.3125 1.37892 0.0407517
5.675 1.44332 0.960852 0.0265347 0 70.9375 1.38681 0.038298
5.725 1.44702 0.963521 0.0248549 0 71.5625 1.39423 0.0359655
5.775 1.45049 0.966014 0.0232686 0 72.1875 1.4012 0.0337509
5.825 1.45375 0.96834 0.0217716 0 72.8125 1.40773 0.0316506
5.875 1.45681 0.970511 0.0203602 0 73.4375 1.41385 0.0296609
5.925 1.45967 0.972535 0.0190304 0 74.0625 1.41958 0.027778
5.975 1.46235 0.974421 0.0177783 0 74.6875 1.42494 0.0259981
6.025 1.46486 0.976177 0.0166004 0 75.3125 1.42996 0.0243172
6.075 1.4672 0.977812 0.0154931 0 75.9375 1.43465 0.0227314
6.125 1.46939 0.979334 0.014453 0 76.5625 1.43902 0.021237
6.175 1.47144 0.980748 0.0134768 0 77.1875 1.44311 0.0198302
6.225 1.47335 0.982063 0.0125615 0 77.8125 1.44692 0.0185074
6.275 1.47513 0.983284 0.011704 0 78.4375 1.45047 0.0172649
6.325 1.47679 0.984417 0.0109015 0 79.0625 1.45378 0.0160993
6.375 1.47834 0.98547 0.0101513 0 79.6875 1.45686 0.0150071
6.425 1.47978 0.986446 0.00945081 0 80.3125 1.45973 0.0139852
6.475 1.48113 0.987353 0.00879745 0 80.9375 1.4624 0.0130302
6.525 1.48238 0.988193 0.00818882 0 81.5625 1.46488 0.012139
6.575 1.48355 0.988973 0.00762258 0 82.1875 1.46719 0.0113085
6.625 1.48464 0.989698 0.00709647 0 82.8125 1.46934 0.0105357
6.675 1.48565 0.99037 0.00660825 0 83.4375 1.47135 0.00981758
6.725 1.4866 0.990995 0.00615577 0 84.0625 1.47321 0.00915117
6.775 1.48748 0.991577 0.00573691 0 84.6875 1.47495 0.00853353
6.825 1.4883 0.992119 0.00534956 0 85.3125 1.47657 0.00796175
6.875 1.48907 0.992624 0.00499168 0 85.9375 1.47808 0.00743295
6.925 1.48978 0.993096 0.00466124 0 86.5625 1.4795 0.00694425
6.975 1.49045 0.993538 0.00435626 0 87.1875 1.48082 0.00649281
7.025 1.49108 0.993952 0.00407478 0 87.8125 1.48206 0.00607582
7.075 1.49167 0.994341 0.00381487 0 88.4375 1.48323 0.00569052
7.125 1.49222 0.994707 0.00357468 0 89.0625 1.48432 0.0053342
7.175 1.49273 0.995053 0.00335239 0 89.6875 1.48535 0.00500422
7.225 1.49321 0.995379 0.00314626 0 90.3125 1.48631 0.00469804
7.275 1.49367 0.995687 0.00295461 0 90.9375 1.48723 0.00441321
7.325 1.4941 0.995979 0.00277587 0 91.5625 1.48809 0.00414742
7.375 1.4945 0.996255 0.00260858 0 92.1875 1.4889 0.00389851
7.425 1.49487 0.996517 0.00245136 0 92.8125 1.48967 0.00366447
7.475 1.49523 0.996765 0.00230299 0 93.4375 1.49039 0.00344349
7.525 1.49556 0.997 0.00216238 0 94.0625 1.49107 0.00323397
7.575 1.49587 0.997222 0.00202857 0 94.6875 1.49172 0.00303449
7.625 1.49617 0.99743 0.00190078 0 95.3125 1.49232 0.00284389
7.675 1.49644 0.997626 0.00177837 0 95.9375 1.49289 0.00266122
7.725 1.4967 0.99781 0.00166083 0 96.5625 1.49342 0.00248576
7.775 1.49694 0.997981 0.00154784 0 97.1875 1.49392 0.00231701
7.825 1.49716 0.99814 0.00143918 0 97.8125 1.49438 0.00215468
7.875 1.49737 0.998287 0.00133478 0 98.4375 1.4948 0.00199866
7.925 1.49756 0.998421 0.00123469 0 99.0625 1.49519 0.00184902
7.975 1.49774 0.998544 0.00113903 0 99.6875 1.49556 0.00170596
8.025 1.4979 0.998656 0.00104799 0 100.312 1.49588 0.00156979
8.075 1.49805 0.998756 0.000961841 0 100.937 1.49618 0.00144088
8.125 1.49819 0.998846 0.000880835 0 101.562 1.49646 0.00131965
8.175 1.49831 0.998926 0.000805242 0 102.188 1.4967 0.0012065
8.225 1.49843 0.998997 0.0007353 0 102.813 1.49692 0.00110179
8.275 1.49853 0.99906 0.000671196 0 103.437 1.49712 0.00100581
8.325 1.49863 0.999116 0.000613049 0 104.062 1.4973 0.000918731
8.375 1.49871 0.999166 0.000560889 0 104.688 1.49746 0.000840612
8.425 1.49879 0.99921 0.000514653 0 105.312 1.49761 0.000771359
8.475 1.49887 0.999249 0.000474174 0 105.938 1.49774 0.000710724
8.525 1.49894 0.999286 0.00043918 0 106.562 1.49787 0.000658303
8.575 1.499 0.99932 0.000409299 0 107.187 1.49798 0.000613539
8.625 1.49906 0.999352 0.000384068 0 107.812 1.49809 0.000575741
8.675 1.49911 0.999383 0.000362948 0 108.438 1.49819 0.0005441
8.725 1.49917 0.999414 0.000345338 0 109.063 1.49829 0.000517719
8.775 1.49922 0.999444 0.000330582 0 109.687 1.49839 0.000495615
8.825 1.49927 0.999475 0.000318004 0 110.312 1.49848 0.000476773
8.875 1.49931 0.999507 0.000306965 0 110.938 1.49858 0.000460236
8.925 1.49936 0.999539 0.000296854 0 111.562 1.49867 0.00044509
8.975 1.4994 0.999572 0.000287109 0 112.188 1.49876 0.000430492
9.025 1.49945 0.999605 0.000277236 0 112.812 1.49885 0.0004157
9.075 1.49949 0.999638 0.000266813 0 113.437 1.49894 0.000400082
9.125 1.49953 0.99967 0.000255504 0 114.062 1.49903 0.000383134
9.175 1.49956 0.999702 0.000243102 0 114.688 1.49912 0.000364546
9.225 1.4996 0.999732 0.000229513 0 115.313 1.4992 0.000344177
9.275 1.49963 0.999761 0.000214755 0 115.937 1.49927 0.000322053
9.325 1.49966 0.999787 0.000198947 0 116.562 1.49934 0.000298354
9.375 1.49969 0.999811 0.000182309 0 117.188 1.49941 0.000273406
9.425 1.49972 0.999832 0.000165137 0 117.812 1.49946 0.000247659
9.475 1.49974 0.99985 0.00014779 0 118.438 1.49951 0.000221646
9.525 1.49976 0.999865 0.000130662 0 119.062 1.49956 0.000195962
9.575 1.49978 0.999876 0.000114173 0 119.687 1.49959 0.000171235
9.625 1.49979 0.999885 9.87335e-05 0 120.312 1.49962 0.00014808
9.675 1.49981 0.999891 8.47151e-05 0 120.938 1.49965 0.000127056
9.725 1.49982 0.999895 7.24293e-05 0 121.563 1.49966 0.000108631
9.775 1.49983 0.999898 6.21061e-05 0 122.187 1.49968 9.31485e-05
9.825 1.49984 0.999899 5.3884e-05 0 122.812 1.49969 8.08173e-05
9.875 1.49985 0.999899 4.78093e-05 0 123.438 1.49969 7.17066e-05
9.925 1.49985 0.999898 4.38302e-05 0 124.062 1.4997 6.57388e-05
9.975 1.49986 0.999898 4.173e-05 0 124.688 1.49971 6.25891e-05
10.025 1.49987 0.999899 4.12211e-05 0 125.312 1.49971 6.18262e-05
10.075 1.49987 0.9999 4.19951e-05 0 125.937 1.49972 6.29872e-05
10.125 1.49988 0.999903 4.3666e-05 0 126.562 1.49973 6.54937e-05
10.175 1.49988 0.999907 4.58454e-05 0 127.188 1.49975 6.87628e-05
10.225 1.49989 0.999912 4.81324e-05 0 127.813 1.49976 7.21933e-05
10.275 1.4999 0.999919 5.0142e-05 0 128.437 1.49978 7.5208e-05
10.325 1.49991 0.999927 5.15405e-05 0 129.062 1.4998 7.73059e-05
10.375 1.49991 0.999935 5.2062e-05 0 129.688 1.49982 7.80885e-05
10.425 1.49992 0.999944 5.15196e-05 0 130.312 1.49984 7.72754e-05
10.475 1.49993 0.999952 4.98197e-05 0 130.938 1.49986 7.4726e-05
10.525 1.49994 0.99996 4.69223e-05 0 131.562 1.49988 7.03805e-05
10.575 1.49994 0.999968 4.29205e-05 0 132.188 1.4999 6.43784e-05
10.625 1.49995 0.999975 3.80065e-05 0 132.812 1.49991 5.70078e-05
10.675 1.49995 0.99998 3.24422e-05 0 133.438 1.49992 4.86618e-05
10.725 1.49996 0.999984 2.65376e-05 0 134.063 1.49993 3.98053e-05
10.775 1.49996 0.999986 2.06456e-05 0 134.687 1.49994 3.09677e-05
10.825 1.49997 0.999987 1.51509e-05 0 135.312 1.49995 2.27259e-05
10.875 1.49997 0.999986 1.04465e-05 0 135.938 1.49995 1.56694e-05
10.925 1.49997 0.999985 6.74833e-06 0 136.562 1.49995 1.01223e-05
10.975 1.49997 0.999982 4.183e-06 0 137.188 1.49994 6.27437e-06
11.025 1.49997 0.99998 2.84487e-06 0 137.812 1.49994 4.26722e-06
11.075 1.49997 0.999977 2.72777e-06 0 138.438 1.49994 4.09158e-06
11.125 1.49997 0.999975 3.68866e-06 0 139.062 1.49993 5.53289e-06
11.175 1.49997 0.999974 5.51286e-06 0 139.688 1.49993 8.26914e-06
11.225 1.49997 0.999974 7.88229e-06 0 140.313 1.49993 1.18232e-05
11.275 1.49997 0.999975 1.04034e-05 0 140.937 1.49994 1.56049e-05
11.325 1.49998 0.999977 1.28019e-05 0 141.562 1.49994 1.92025e-05
11.375 1.49998 0.999979 1.47722e-05 0 142.188 1.49995 2.2158e-05
11.425 1.49998 0.999983 1.60534e-05 0 142.812 1.49995 2.40797e-05
11.475 1.49998 0.999987 1.64706e-05 0 143.438 1.49996 2.47056e-05
11.525 1.49998 0.999991 1.59319e-05 0 144.062 1.49997 2.38977e-05
11.575 1.49999 0.999994 1.44465e-05 0 144.688 1.49998 2.16696e-05
11.625 1.49999 0.999997 1.21347e-05 0 145.312 1.49998 1.8202e-05
11.675 1.49999 0.999999 9.22704e-06 0 145.938 1.49999 1.38405e-05
11.725 1.49999 1 6.00972e-06 0 146.563 1.49999 9.01452e-06
11.775 1.49999 1 2.8426e-06 0 147.187 1.49999 4.26387e-06
11.825 1.49999 1 1.09981e-07 0 147.812 1.49999 1.64971e-07
11.875 1.49999 0.999998 -1.97448e-06 0 148.438 1.49999 -2.9617e-06
11.925 1.49999 0.999996 -3.20366e-06 0 149.062 1.49999 -4.80546e-06
11.975 1.49999 0.999993 -3.48315e-06 0 149.688 1.49998 -5.2247e-06
12.025 1.49999 0.999991 -2.79546e-06 0 150.312 1.49998 -4.19316e-06
12.075 1.49999 0.999989 -1.26334e-06 0 150.938 1.49997 -1.895e-06
12.125 1.49999 0.999988 8.99118e-07 0 151.562 1.49997 1.34867e-06
12.175 1.49999 0.999988 3.35165e-06 0 152.187 1.49997 5.02745e-06
12.225 1.49999 0.999989 5.71291e-06 0 152.813 1.49998 8.56932e-06
12.275 1.49999 0.999991 7.71172e-06 0 153.437 1.49998 1.15675e-05
12.325 1.49999 0.999994 9.07111e-06 0 154.063 1.49998 1.36066e-05
12.375 1.5 0.999997 9.58285e-06 0 154.688 1.49999 1.43742e-05
12.425 1.5 1 9.13245e-06 0 155.312 1.5 1.36986e-05
12.475 1.5 1 7.73799e-06 0 155.938 1.5 1.1607e-05
12.525 1.5 1 5.54427e-06 0 156.562 1.50001 8.31641e-06
12.575 1.5 1.00001 2.80277e-06 0 157.188 1.50001 4.20415e-06
12.625 1.5 1.00001 -1.1456e-07 0 157.812 1.50001 -1.7184e-07
12.675 1.5 1 -2.76694e-06 0 158.437 1.50001 -4.1504e-06
12.725 1.5 1 -4.87496e-06 0 159.063 1.5 -7.31244e-06
12.775 1.5 1 -6.17318e-06 0 159.687 1.5 -9.25976e-06
12.825 1.5 0.999997 -6.48838e-06 0 160.313 1.49999 -9.73254e-06
12.875 1.5 0.999995 -5.75958e-06 0 160.938 1.49999 -8.63934e-06
12.925 1.5 0.999992 -4.07359e-06 0 161.562 1.49998 -6.11036e-06
12.975 1.49999 0.999991 -1.6448e-06 0 162.188 1.49998 -2.46719e-06
13.025 1.49999 0.999991 1.17011e-06 0 162.812 1.49998 1.75517e-06
13.075 1.5 0.999991 3.89387e-06 0 163.438 1.49998 5.84078e-06
13.125 1.5 0.999993 6.19933e-06 0 164.062 1.49999 9.29897e-06
13.175 1.5 0.999996 7.78504e-06 0 164.687 1.49999 1.16775e-05
13.225 1.5 0.999999 8.41336e-06 0 165.313 1.5 1.262e-05
13.275 1.5 1 7.96592e-06 0 165.937 1.5 1.19489e-05
13.325 1.5 1 6.4812e-06 0 166.563 1.50001 9.7218e-06
13.375 1.5 1.00001 4.14727e-06 0 167.188 1.50001 6.22092e-06
13.425 1.5 1.00001 1.29005e-06 0 167.812 1.50001 1.93507e-06
13.475 1.5 1.00001 -1.64046e-06 0 168.438 1.50001 -2.4607e-06
13.525 1.5 1.00001 -4.18804e-06 0 169.062 1.50001 -6.28207e-06
13.575 1.5 1 -6.06931e-06 0 169.688 1.50001 -9.10396e-06
13.625 1.5 1 -7.01487e-06 0 170.312 1.5 -1.05223e-05
13.675 1.5 0.999998 -6.88273e-06 0 170.937 1.49999 -1.03241e-05
13.725 1.5 0.999995 -5.68343e-06 0 171.562 1.49999 -8.52513e-06
13.775 1.5 0.999993 -3.59445e-06 0 172.187 1.49999 -5.39166e-06
13.825 1.5 0.999992 -9.34014e-07 0 172.813 1.49998 -1.40102e-06
13.875 1.5 0.999992 1.8458e-06 0 173.438 1.49999 2.76869e-06
13.925 1.5 0.999994 4.27828e-06 0 174.062 1.49999 6.4174e-06
13.975 1.5 0.999996 6.07526e-06 0 174.688 1.49999 9.11287e-06
14.025 1.5 0.999998 6.96815e-06 0 175.312 1.5 1.04522e-05
14.075 1.5 1 6.81931e-06 0 175.938 1.5 1.0229e-05
14.125 1.5 1 5.64868e-06 0 176.562 1.50001 8.47303e-06
14.175 1.5 1.00001 3.6442e-06 0 177.187 1.50001 5.46631e-06
14.225 1.5 1.00001 1.13215e-06 0 177.812 1.50001 1.69823e-06
14.275 1.5 1.00001 -1.44273e-06 0 178.437 1.50001 -2.1641e-06
14.325 1.5 1.00001 -3.63442e-06 0 179.063 1.50001 -5.45163e-06
14.375 1.5 1 -5.17822e-06 0 179.688 1.50001 -7.76734e-06
14.425 1.5 1 -5.84403e-06 0 180.312 1.5 -8.76605e-06
14.475 1.5 0.999998 -5.5312e-06 0 180.938 1.5 -8.29679e-06
14.525 1.5 0.999996 -4.31019e-06 0 181.562 1.49999 -6.46528e-06
14.575 1.5 0.999995 -2.39136e-06 0 182.188 1.49999 -3.58704e-06
14.625 1.5 0.999994 -1.22374e-07 0 182.812 1.49999 -1.8356e-07
14.675 1.5 0.999995 2.04872e-06 0 183.437 1.49999 3.07308e-06
14.725 1.5 0.999996 3.78774e-06 0 184.062 1.49999 5.6816e-06
14.775 1.5 0.999998 4.85211e-06 0 184.687 1.5 7.27816e-06
14.825 1.5 1 5.08334e-06 0 185.313 1.5 7.62501e-06
14.875 1.5 1 4.45434e-06 0 185.938 1.5 6.68151e-06
14.925 1.5 1 3.09531e-06 0 186.562 1.50001 4.64297e-06
14.975 1.5 1 1.25919e-06 0 187.188 1.50001 1.88879e-06
15.025 1.5 1 -6.94222e-07 0 187.812 1.50001 -1.04133e-06
15.075 1.5 1 -2.3723e-06 0 188.438 1.50001 -3.55846e-06
15.125 1.5 1 -3.55497e-06 0 189.062 1.5 -5.33246e-06
15.175 1.5 1 -4.05883e-06 0 189.687 1.5 -6.08824e-06
15.225 1.5 0.999999 -3.81126e-06 0 190.312 1.5 -5.71689e-06
15.275 1.5 0.999997 -2.88739e-06 0 190.937 1.49999 -4.33109e-06
15.325 1.5 0.999996 -1.4708e-06 0 191.563 1.49999 -2.20619e-06
15.375 1.5 0.999996 1.4588e-07 0 192.188 1.49999 2.18819e-07
15.425 1.5 0.999997 1.60759e-06 0 192.812 1.49999 2.41139e-06
15.475 1.5 0.999998 2.69655e-06 0 193.438 1.5 4.04482e-06
15.525 1.5 0.999999 3.24024e-06 0 194.062 1.5 4.86036e-06
15.575 1.5 1 3.16121e-06 0 194.688 1.5 4.74181e-06
15.625 1.5 1 2.49889e-06 0 195.312 1.5 3.74834e-06
15.675 1.5 1 1.39827e-06 0 195.937 1.5 2.09741e-06
15.725 1.5 1 1.00722e-07 0 196.562 1.50001 1.51083e-07
15.775 1.5 1 -1.09873e-06 0 197.187 1.5 -1.64809e-06
15.825 1.5 1 -1.99983e-06 0 197.813 1.5 -2.99975e-06
15.875 1.5 1 -2.46042e-06 0 198.438 1.5 -3.69064e-06
15.925 1.5 0.999999 -2.41455e-06 0 199.062 1.5 -3.62183e-06
15.975 1.5 0.999999 -1.89619e-06 0 199.688 1.5 -2.84429e-06
16.025 1.5 0.999998 -1.0273e-06 0 200.312 1.5 -1.54094e-06
16.075 1.5 0.999998 -1.00478e-08 0 200.938 1.5 -1.50717e-08
16.125 1.5 0.999998 9.11366e-07 0 201.562 1.5 1.36705e-06
16.175 1.5 0.999999 1.58338e-06 0 202.187 1.5 2.37508e-06
16.225 1.5 1 1.89578e-06 0 202.812 1.5 2.84367e-06
16.275 1.5 1 1.80306e-06 0 203.437 1.5 2.70459e-06
16.325 1.5 1 1.35099e-06 0 204.063 1.5 2.02649e-06
16.375 1.5 1 6.50245e-07 0 204.688 1.5 9.75367e-07
16.425 1.5 1 -1.30518e-07 0 205.312 1.5 -1.95777e-07
16.475 1.5 1 -7.96968e-07 0 205.938 1.5 -1.19545e-06
16.525 1.5 1 -1.24347e-06 0 206.562 1.5 -1.86521e-06
16.575 1.5 1 -1.39785e-06 0 207.188 1.5 -2.09678e-06
16.625 1.5 0.999999 -1.2408e-06 0 207.812 1.5 -1.8612e-06
16.675 1.5 0.999999 -8.28721e-07 0 208.437 1.5 -1.24308e-06
16.725 1.5 0.999999 -2.69347e-07 0 209.062 1.5 -4.0402e-07
16.775 1.5 0.999999 2.95494e-07 0 209.687 1.5 4.43242e-07
16.825 1.5 0.999999 7.36496e-07 0 210.313 1.5 1.10474e-06
16.875 1.5 1 9.81788e-07 0 210.938 1.5 1.47268e-06
16.925 1.5 1 9.93807e-07 0 211.562 1.5 1.49071e-06
16.975 1.5 1 7.86728e-07 0 212.188 1.5 1.18009e-06
17.025 1.5 1 4.19875e-07 0 212.812 1.5 6.29813e-07
17.075 1.5 1 -8.17678e-09 0 213.438 1.5 -1.22652e-08
17.125 1.5 1 -3.81182e-07 0 214.062 1.5 -5.71774e-07
17.175 1.5 1 -6.31682e-07 0 214.687 1.5 -9.47523e-07
17.225 1.5 1 -7.18458e-07 0 215.312 1.5 -1.07769e-06
17.275 1.5 1 -6.31773e-07 0 215.937 1.5 -9.4766e-07
17.325 1.5 0.999999 -4.0571e-07 0 216.563 1.5 -6.08566e-07
17.375 1.5 0.999999 -1.05608e-07 0 217.188 1.5 -1.58412e-07
17.425 1.5 0.999999 1.84414e-07 0 217.812 1.5 2.76621e-07
17.475 1.5 1 3.98231e-07 0 218.438 1.5 5.97347e-07
17.525 1.5 1 4.99847e-07 0 219.062 1.5 7.49771e-07
17.575 1.5 1 4.73428e-07 0 219.688 1.5 7.10143e-07
17.625 1.5 1 3.36668e-07 0 220.312 1.5 5.05002e-07
17.675 1.5 1 1.32354e-07 0 220.937 1.5 1.98531e-07
17.725 1.5 1 -8.08954e-08 0 221.562 1.5 -1.21343e-07
17.775 1.5 1 -2.46521e-07 0 222.187 1.5 -3.69781e-07
17.825 1.5 1 -3.35416e-07 0 222.813 1.5 -5.03124e-07
17.875 1.5 1 -3.33112e-07 0 223.438 1.5 -4.99667e-07
17.925 1.5 1 -2.48438e-07 0 224.062 1.5 -3.72657e-07
17.975 1.5 1 -1.10018e-07 0 224.688 1.5 -1.65027e-07
18.025 1.5 1 4.04869e-08 0 225.312 1.5 6.07303e-08
18.075 1.5 1 1.60127e-07 0 225.938 1.5 2.40191e-07
18.125 1.5 1 2.2673e-07 0 226.562 1.5 3.40095e-07
18.175 1.5 1 2.29091e-07 0 227.187 1.5 3.43636e-07
18.225 1.5 1 1.72727e-07 0 227.812 1.5 2.5909e-07
18.275 1.5 1 7.77475e-08 0 228.437 1.5 1.16621e-07
18.325 1.5 1 -2.5952e-08 0 229.063 1.5 -3.8928e-08
18.375 1.5 1 -1.07766e-07 0 229.688 1.5 -1.61649e-07
18.425 1.5 1 -1.52167e-07 0 230.313 1.5 -2.2825e-07
18.475 1.5 1 -1.51635e-07 0 230.938 1.5 -2.27452e-07
18.525 1.5 1 -1.10791e-07 0 231.562 1.5 -1.66187e-07
18.575 1.5 1 -4.4776e-08 0 232.188 1.5 -6.7164e-08
18.625 1.5 1 2.48507e-08 0 232.812 1.5 3.7276e-08
18.675 1.5 1 7.75573e-08 0 233.438 1.5 1.16336e-07
18.725 1.5 1 1.03426e-07 0 234.062 1.5 1.55139e-07
18.775 1.5 1 9.8227e-08 0 234.687 1.5 1.4734e-07
18.825 1.5 1 6.66409e-08 0 235.313 1.5 9.99614e-08
18.875 1.5 1 2.0423e-08 0 235.938 1.5 3.06344e-08
18.925 1.5 1 -2.48107e-08 0 236.563 1.5 -3.72161e-08
18.975 1.5 1 -5.64471e-08 0 237.188 1.5 -8.46707e-08
19.025 1.5 1 -6.86616e-08 0 237.812 1.5 -1.02992e-07
19.075 1.5 1 -5.9979e-08 0 238.438 1.5 -8.99686e-08
19.125 1.5 1 -3.5211e-08 0 239.062 1.5 -5.28165e-08
19.175 1.5 1 -3.42139e-09 0 239.688 1.5 -5.13209e-09
19.225 1.5 1 2.43466e-08 0 240.312 1.5 3.65198e-08
19.275 1.5 1 4.13234e-08 0 240.937 1.5 6.1985e-08
19.325 1.5 1 4.43793e-08 0 241.563 1.5 6.65689e-08
19.375 1.5 1 3.41779e-08 0 242.188 1.5 5.12669e-08
19.425 1.5 1 1.52325e-08 0 242.813 1.5 2.28488e-08
19.475 1.5 1 -5.5081e-09 0 243.438 1.5 -8.26215e-09
19.525 1.5 1 -2.11689e-08 0 244.062 1.5 -3.17534e-08
19.575 1.5 1 -2.8545e-08 0 244.688 1.5 -4.28175e-08
19.625 1.5 1 -2.64448e-08 0 245.312 1.5 -3.96672e-08
19.675 1.5 1 -1.66401e-08 0 245.938 1.5 -2.49601e-08
19.725 1.5 1 -3.10564e-09 0 246.562 1.5 -4.65846e-09
19.775 1.5 1 9.15158e-09 0 247.187 1.5 1.37274e-08
19.825 1.5 1 1.67812e-08 0 247.813 1.5 2.51718e-08
19.875 1.5 1 1.83505e-08 0 248.438 1.5 2.75257e-08
19.925 1.5 1 1.41104e-08 0 249.063 1.5 2.11656e-08
19.975 1.5 1 6.10717e-09 0 249.688 1.5 9.16075e-09
