-19.975 1.50012 1.00007 -5.23304e-05 0 -22.6989 1.50023 -7.85021e-05
-19.925 1.50012 1.00007 -5.61003e-05 0 -22.642 1.50022 -8.41571e-05
-19.875 1.50011 1.00006 -5.96708e-05 0 -22.5852 1.50021 -8.9513e-05
-19.825 1.50011 1.00006 -6.29837e-05 0 -22.5284 1.50019 -9.44822e-05
-19.775 1.5001 1.00005 -6.59889e-05 0 -22.4716 1.50017 -9.899e-05
-19.725 1.50009 1.00004 -6.86442e-05 0 -22.4148 1.50015 -0.000102973
-19.675 1.50008 1.00003 -7.09114e-05 0 -22.358 1.50013 -0.000106373
-19.625 1.50008 1.00002 -7.27574e-05 0 -22.3011 1.50011 -0.000109142
-19.575 1.50007 1.00001 -7.41541e-05 0 -22.2443 1.50009 -0.000111236
-19.525 1.50006 1.00001 -7.50767e-05 0 -22.1875 1.50007 -0.000112619
-19.475 1.50005 0.999995 -7.54997e-05 0 -22.1307 1.50004 -0.000113253
-19.425 1.50004 0.999986 -7.53997e-05 0 -22.0739 1.50002 -0.000113103
-19.375 1.50003 0.999976 -7.4758e-05 0 -22.017 1.5 -0.000112139
-19.325 1.50002 0.999966 -7.35524e-05 0 -21.9602 1.49997 -0.00011033
-19.275 1.50001 0.999956 -7.17778e-05 0 -21.9034 1.49995 -0.000107668
-19.225 1.50001 0.999946 -6.94388e-05 0 -21.8466 1.49992 -0.000104159
-19.175 1.5 0.999937 -6.65425e-05 0 -21.7898 1.4999 -9.98136e-05
-19.125 1.49999 0.999929 -6.30987e-05 0 -21.733 1.49988 -9.46473e-05
-19.075 1.49998 0.999921 -5.91198e-05 0 -21.6761 1.49986 -8.86785e-05
-19.025 1.49997 0.999913 -5.46219e-05 0 -21.6193 1.49984 -8.19314e-05
-18.975 1.49997 0.999907 -4.96254e-05 0 -21.5625 1.49983 -7.44364e-05
-18.925 1.49996 0.999902 -4.41542e-05 0 -21.5057 1.49981 -6.62296e-05
-18.875 1.49995 0.999898 -3.82362e-05 0 -21.4489 1.4998 -5.73525e-05
-18.825 1.49995 0.999895 -3.19042e-05 0 -21.392 1.49979 -4.78547e-05
-18.775 1.49995 0.999893 -2.52022e-05 0 -21.3352 1.49979 -3.7802e-05
-18.725 1.49994 0.999893 -1.82105e-05 0 -21.2784 1.49978 -2.73147e-05
-18.675 1.49994 0.999894 -1.10887e-05 0 -21.2216 1.49978 -1.66324e-05
-18.625 1.49994 0.999896 -3.84585e-06 0 -21.1648 1.49979 -5.76855e-06
-18.575 1.49994 0.999899 3.42484e-06 0 -21.108 1.49979 5.13706e-06
-18.525 1.49994 0.999904 1.06109e-05 0 -21.0511 1.4998 1.59158e-05
-18.475 1.49995 0.99991 1.76433e-05 0 -20.9943 1.49981 2.64639e-05
-18.425 1.49995 0.999917 2.44196e-05 0 -20.9375 1.49983 3.66282e-05
-18.375 1.49996 0.999925 3.08145e-05 0 -20.8807 1.49984 4.62203e-05
-18.325 1.49996 0.999935 3.6705e-05 0 -20.8239 1.49986 5.5056e-05
-18.275 1.49997 0.999944 4.19803e-05 0 -20.767 1.49988 6.29691e-05
-18.225 1.49998 0.999955 4.65424e-05 0 -20.7102 1.49991 6.98124e-05
-18.175 1.49998 0.999965 5.03062e-05 0 -20.6534 1.49993 7.54585e-05
-18.125 1.49999 0.999977 5.32026e-05 0 -20.5966 1.49996 7.98034e-05
-18.075 1.5 0.999988 5.518e-05 0 -20.5398 1.49998 8.27699e-05
-18.025 1.50001 0.999999 5.62048e-05 0 -20.483 1.50001 8.43077e-05
-17.975 1.50002 1.00001 5.62758e-05 0 -20.4261 1.50003 8.44146e-05
-17.925 1.50003 1.00002 5.54206e-05 0 -20.3693 1.50005 8.31323e-05
-17.875 1.50003 1.00003 5.36664e-05 0 -20.3125 1.50008 8.05014e-05
-17.825 1.50004 1.00004 5.10625e-05 0 -20.2557 1.5001 7.65959e-05
-17.775 1.50005 1.00005 4.76712e-05 0 -20.1989 1.50012 7.15092e-05
-17.725 1.50006 1.00005 4.35639e-05 0 -20.142 1.50014 6.53483e-05
-17.675 1.50006 1.00006 3.88195e-05 0 -20.0852 1.50015 5.82317e-05
-17.625 1.50007 1.00007 3.35249e-05 0 -20.0284 1.50017 5.02896e-05
-17.575 1.50007 1.00007 2.7776e-05 0 -19.9716 1.50018 4.1666e-05
-17.525 1.50008 1.00007 2.16754e-05 0 -19.9148 1.50019 3.25147e-05
-17.475 1.50008 1.00007 1.53277e-05 0 -19.858 1.50019 2.29928e-05
-17.425 1.50008 1.00008 8.82861e-06 0 -19.8011 1.50019 1.32436e-05
-17.375 1.50008 1.00008 2.3324e-06 0 -19.7443 1.5002 3.49879e-06
-17.325 1.50008 1.00007 -4.05795e-06 0 -19.6875 1.50019 -6.08725e-06
-17.275 1.50008 1.00007 -1.02623e-05 0 -19.6307 1.50019 -1.53943e-05
-17.225 1.50008 1.00007 -1.62241e-05 0 -19.5739 1.50018 -2.43374e-05
-17.175 1.50008 1.00006 -2.18945e-05 0 -19.517 1.50017 -3.28435e-05
-17.125 1.50007 1.00006 -2.7196e-05 0 -19.4602 1.50016 -4.0796e-05
-17.075 1.50007 1.00005 -3.20477e-05 0 -19.4034 1.50015 -4.80737e-05
-17.025 1.50006 1.00005 -3.63848e-05 0 -19.3466 1.50013 -5.45795e-05
-16.975 1.50006 1.00004 -4.01576e-05 0 -19.2898 1.50011 -6.02388e-05
-16.925 1.50005 1.00003 -4.33281e-05 0 -19.233 1.5001 -6.49944e-05
-16.875 1.50005 1.00002 -4.58695e-05 0 -19.1761 1.50008 -6.88063e-05
-16.825 1.50004 1.00001 -4.77649e-05 0 -19.1193 1.50005 -7.16492e-05
-16.775 1.50003 1 -4.90032e-05 0 -19.0625 1.50003 -7.35063e-05
-16.725 1.50002 0.999991 -4.95765e-05 0 -19.0057 1.50001 -7.4366e-05
-16.675 1.50002 0.999981 -4.94767e-05 0 -18.9489 1.49999 -7.42158e-05
-16.625 1.50001 0.99997 -4.86974e-05 0 -18.892 1.49996 -7.30465e-05
-16.575 1.5 0.99996 -4.72269e-05 0 -18.8352 1.49994 -7.08404e-05
-16.525 1.49999 0.99995 -4.50785e-05 0 -18.7784 1.49992 -6.76175e-05
-16.475 1.49999 0.999941 -4.22737e-05 0 -18.7216 1.4999 -6.341e-05
-16.425 1.49998 0.999932 -3.88406e-05 0 -18.6648 1.49988 -5.82602e-05
-16.375 1.49998 0.999924 -3.48164e-05 0 -18.608 1.49986 -5.22238e-05
-16.325 1.49997 0.999916 -3.02505e-05 0 -18.5511 1.49985 -4.53748e-05
-16.275 1.49997 0.99991 -2.52055e-05 0 -18.4943 1.49983 -3.78075e-05
-16.225 1.49997 0.999904 -1.97551e-05 0 -18.4375 1.49982 -2.96319e-05
-16.175 1.49996 0.9999 -1.39803e-05 0 -18.3807 1.49981 -2.09699e-05
-16.125 1.49996 0.999897 -7.96807e-06 0 -18.3239 1.49981 -1.19518e-05
-16.075 1.49996 0.999895 -1.7966e-06 0 -18.267 1.4998 -2.69483e-06
-16.025 1.49996 0.999895 4.38838e-06 0 -18.2102 1.4998 6.5824e-06
-15.975 1.49996 0.999896 1.03714e-05 0 -18.1534 1.49981 1.55566e-05
-15.925 1.49996 0.999899 1.61522e-05 0 -18.0966 1.49981 2.42277e-05
-15.875 1.49997 0.999903 2.16718e-05 0 -18.0398 1.49982 3.25069e-05
-15.825 1.49997 0.999908 2.68436e-05 0 -17.983 1.49983 4.02647e-05
-15.775 1.49997 0.999915 3.15813e-05 0 -17.9261 1.49985 4.73711e-05
-15.725 1.49998 0.999922 3.58066e-05 0 -17.8693 1.49986 5.37092e-05
-15.675 1.49999 0.999931 3.94486e-05 0 -17.8125 1.49988 5.91723e-05
-15.625 1.49999 0.999941 4.24416e-05 0 -17.7557 1.4999 6.3662e-05
-15.575 1.5 0.999951 4.47247e-05 0 -17.6989 1.49993 6.7087e-05
-15.525 1.50001 0.999961 4.62431e-05 0 -17.642 1.49995 6.93649e-05
-15.475 1.50001 0.999973 4.69562e-05 0 -17.5852 1.49997 7.0435e-05
-15.425 1.50002 0.999984 4.68427e-05 0 -17.5284 1.5 7.02651e-05
-15.375 1.50003 0.999995 4.58996e-05 0 -17.4716 1.50002 6.88506e-05
-15.325 1.50003 1.00001 4.41366e-05 0 -17.4148 1.50004 6.62064e-05
-15.275 1.50004 1.00002 4.15904e-05 0 -17.358 1.50006 6.23873e-05
-15.225 1.50005 1.00003 3.83109e-05 0 -17.3011 1.50008 5.74682e-05
-15.175 1.50005 1.00003 3.43627e-05 0 -17.2443 1.5001 5.15458e-05
-15.125 1.50006 1.00004 2.98235e-05 0 -17.1875 1.50012 4.4737e-05
-15.075 1.50006 1.00005 2.47772e-05 0 -17.1307 1.50013 3.71673e-05
-15.025 1.50006 1.00005 1.93088e-05 0 -17.0739 1.50015 2.89645e-05
-14.975 1.50007 1.00006 1.35077e-05 0 -17.017 1.50016 2.02624e-05
-14.925 1.50007 1.00006 7.46684e-06 0 -16.9602 1.50016 1.12008e-05
-14.875 1.50007 1.00006 1.28045e-06 0 -16.9034 1.50017 1.92077e-06
-14.825 1.50007 1.00007 -4.946e-06 0 -16.8466 1.50017 -7.41934e-06
-14.775 1.50007 1.00007 -1.10482e-05 0 -16.7898 1.50017 -1.65731e-05
-14.725 1.50007 1.00006 -1.69431e-05 0 -16.733 1.50016 -2.54157e-05
-14.675 1.50006 1.00006 -2.2628e-05 0 -16.6761 1.50015 -3.39434e-05
-14.625 1.50006 1.00006 -2.80428e-05 0 -16.6193 1.50014 -4.20658e-05
-14.575 1.50005 1.00005 -3.3112e-05 0 -16.5625 1.50013 -4.96697e-05
-14.525 1.50005 1.00005 -3.77491e-05 0 -16.5057 1.50012 -5.66254e-05
-14.475 1.50004 1.00004 -4.18677e-05 0 -16.4489 1.5001 -6.28033e-05
-14.425 1.50004 1.00003 -4.53911e-05 0 -16.392 1.50009 -6.80883e-05
-14.375 1.50003 1.00003 -4.82554e-05 0 -16.3352 1.50007 -7.23844e-05
-14.325 1.50002 1.00002 -5.04075e-05 0 -16.2784 1.50005 -7.56123e-05
-14.275 1.50001 1.00001 -5.18068e-05 0 -16.2216 1.50003 -7.7711e-05
-14.225 1.50001 1 -5.24277e-05 0 -16.1648 1.50001 -7.86419e-05
-14.175 1.5 0.999994 -5.22634e-05 0 -16.108 1.49999 -7.8395e-05
-14.125 1.49999 0.999985 -5.13054e-05 0 -16.0511 1.49997 -7.69576e-05
-14.075 1.49998 0.999977 -4.95361e-05 0 -15.9943 1.49995 -7.43033e-05
-14.025 1.49997 0.999969 -4.69638e-05 0 -15.9375 1.49993 -7.04445e-05
-13.975 1.49997 0.999961 -4.3609e-05 0 -15.8807 1.49991 -6.54121e-05
-13.925 1.49996 0.999954 -3.95039e-05 0 -15.8239 1.49989 -5.92544e-05
-13.875 1.49996 0.999947 -3.46936e-05 0 -15.767 1.49988 -5.20388e-05
-13.825 1.49995 0.999941 -2.92386e-05 0 -15.7102 1.49986 -4.38565e-05
-13.775 1.49995 0.999935 -2.32181e-05 0 -15.6534 1.49985 -3.48259e-05
-13.725 1.49994 0.999931 -1.67295e-05 0 -15.5966 1.49984 -2.50933e-05
-13.675 1.49994 0.999927 -9.886e-06 0 -15.5398 1.49983 -1.48284e-05
-13.625 1.49994 0.999925 -2.81804e-06 0 -15.483 1.49983 -4.2269e-06
-13.575 1.49994 0.999923 4.34207e-06 0 -15.4261 1.49983 6.51286e-06
-13.525 1.49994 0.999923 1.13726e-05 0 -15.3693 1.49983 1.70583e-05
-13.475 1.49994 0.999923 1.81147e-05 0 -15.3125 1.49983 2.7171e-05
-13.425 1.49995 0.999925 2.44732e-05 0 -15.2557 1.49984 3.67086e-05
-13.375 1.49995 0.999927 3.03633e-05 0 -15.1989 1.49984 4.55435e-05
-13.325 1.49996 0.999931 3.56595e-05 0 -15.142 1.49985 5.34877e-05
-13.275 1.49996 0.999935 4.02468e-05 0 -15.0852 1.49987 6.03687e-05
-13.225 1.49997 0.99994 4.40323e-05 0 -15.0284 1.49988 6.60472e-05
-13.175 1.49998 0.999946 4.69357e-05 0 -14.9716 1.4999 7.04025e-05
-13.125 1.49998 0.999952 4.88866e-05 0 -14.9148 1.49991 7.33291e-05
-13.075 1.49999 0.999958 4.98323e-05 0 -14.858 1.49993 7.47481e-05
-13.025 1.5 0.999965 4.97403e-05 0 -14.8011 1.49995 7.46104e-05
-12.975 1.50001 0.999972 4.85992e-05 0 -14.7443 1.49996 7.28991e-05
-12.925 1.50001 0.999979 4.63959e-05 0 -14.6875 1.49998 6.95945e-05
-12.875 1.50002 0.999985 4.31625e-05 0 -14.6307 1.5 6.47446e-05
-12.825 1.50003 0.999991 3.89546e-05 0 -14.5739 1.50001 5.84329e-05
-12.775 1.50003 0.999997 3.38472e-05 0 -14.517 1.50003 5.07719e-05
-12.725 1.50004 1 2.79296e-05 0 -14.4602 1.50004 4.18954e-05
-12.675 1.50004 1.00001 2.13033e-05 0 -14.4034 1.50005 3.19558e-05
-12.625 1.50004 1.00001 1.40831e-05 0 -14.3466 1.50005 2.11253e-05
-12.575 1.50004 1.00001 6.39755e-06 0 -14.2898 1.50006 9.5966e-06
-12.525 1.50004 1.00001 -1.62425e-06 0 -14.233 1.50006 -2.43645e-06
-12.475 1.50004 1.00001 -9.76702e-06 0 -14.1761 1.50006 -1.4651e-05
-12.425 1.50004 1.00001 -1.78822e-05 0 -14.1193 1.50005 -2.6824e-05
-12.375 1.50004 1.00001 -2.59621e-05 0 -14.0625 1.50005 -3.89441e-05
-12.325 1.50003 1 -3.3941e-05 0 -14.0057 1.50004 -5.09126e-05
-12.275 1.50003 0.999997 -4.17177e-05 0 -13.9489 1.50002 -6.25776e-05
-12.225 1.50002 0.999991 -4.91919e-05 0 -13.892 1.50001 -7.37888e-05
-12.175 1.50001 0.999983 -5.62852e-05 0 -13.8352 1.49999 -8.44285e-05
-12.125 1.5 0.999975 -6.29374e-05 0 -13.7784 1.49997 -9.44064e-05
-12.075 1.49999 0.999966 -6.90997e-05 0 -13.7216 1.49994 -0.000103649
-12.025 1.49998 0.999955 -7.47339e-05 0 -13.6648 1.49992 -0.0001121
-11.975 1.49997 0.999944 -7.98143e-05 0 -13.608 1.49989 -0.000119719
-11.925 1.49996 0.999933 -8.43273e-05 0 -13.5511 1.49986 -0.000126487
-11.875 1.49995 0.999921 -8.82716e-05 0 -13.4943 1.49983 -0.000132403
-11.825 1.49993 0.999908 -9.16579e-05 0 -13.4375 1.49979 -0.000137481
-11.775 1.49992 0.999896 -9.45089e-05 0 -13.3807 1.49976 -0.000141756
-11.725 1.4999 0.999883 -9.68598e-05 0 -13.3239 1.49973 -0.00014528
-11.675 1.49989 0.99987 -9.87559e-05 0 -13.267 1.49969 -0.000148123
-11.625 1.49987 0.999857 -0.00010025 0 -13.2102 1.49966 -0.000150363
-11.575 1.49986 0.999845 -0.000101416 0 -13.1534 1.49963 -0.00015211
-11.525 1.49984 0.999833 -0.00010234 0 -13.0966 1.49959 -0.000153494
-11.475 1.49983 0.999821 -0.000103118 0 -13.0398 1.49956 -0.00015466
-11.425 1.49981 0.99981 -0.000103857 0 -12.983 1.49953 -0.000155766
-11.375 1.4998 0.999799 -0.000104669 0 -12.9261 1.4995 -0.000156982
-11.325 1.49978 0.999789 -0.000105673 0 -12.8693 1.49946 -0.000158486
-11.275 1.49977 0.99978 -0.000106994 0 -12.8125 1.49943 -0.000160465
-11.225 1.49975 0.999771 -0.000108762 0 -12.7557 1.49941 -0.000163115
-11.175 1.49973 0.999762 -0.000111111 0 -12.6989 1.49938 -0.000166637
-11.125 1.49972 0.999754 -0.000114181 0 -12.642 1.49935 -0.000171238
-11.075 1.4997 0.999746 -0.000118109 0 -12.5852 1.49932 -0.000177128
-11.025 1.49968 0.999738 -0.000123038 0 -12.5284 1.49929 -0.000184517
-10.975 1.49966 0.999731 -0.000129103 0 -12.4716 1.49926 -0.00019361
-10.925 1.49964 0.999723 -0.000136431 0 -12.4148 1.49923 -0.000204598
-10.875 1.49962 0.999714 -0.000145153 0 -12.358 1.49919 -0.000217674
-10.825 1.4996 0.999705 -0.000155393 0 -12.3011 1.49916 -0.000233027
-10.775 1.49957 0.999695 -0.000167272 0 -12.2443 1.49912 -0.000250837
-10.725 1.49955 0.999684 -0.000180903 0 -12.1875 1.49907 -0.000271273
-10.675 1.49952 0.999671 -0.00019639 0 -12.1307 1.49903 -0.00029449
-10.625 1.49949 0.999657 -0.000213824 0 -12.0739 1.49897 -0.000320626
-10.575 1.49945 0.99964 -0.000233286 0 -12.017 1.49891 -0.000349802
-10.525 1.49942 0.999621 -0.000254846 0 -11.9602 1.49885 -0.000382121
-10.475 1.49938 0.999599 -0.000278561 0 -11.9034 1.49878 -0.000417668
-10.425 1.49933 0.999575 -0.000304477 0 -11.8466 1.4987 -0.000456512
-10.375 1.49929 0.999546 -0.000332631 0 -11.7898 1.49861 -0.000498709
-10.325 1.49923 0.999515 -0.000363055 0 -11.733 1.49851 -0.000544304
-10.275 1.49918 0.999479 -0.000395776 0 -11.6761 1.4984 -0.000593338
-10.225 1.49911 0.99944 -0.000430822 0 -11.6193 1.49827 -0.000645852
-10.175 1.49905 0.999396 -0.000468226 0 -11.5625 1.49814 -0.000701893
-10.125 1.49897 0.999347 -0.000508027 0 -11.5057 1.498 -0.000761519
-10.075 1.4989 0.999294 -0.000550274 0 -11.4489 1.49784 -0.000824802
-10.025 1.49881 0.999236 -0.000595032 0 -11.392 1.49766 -0.000891839
-9.975 1.49872 0.999172 -0.000642385 0 -11.3352 1.49748 -0.000962753
-9.925 1.49862 0.999103 -0.000692438 0 -11.2784 1.49727 -0.0010377
-9.875 1.49851 0.999028 -0.00074532 0 -11.2216 1.49705 -0.00111687
-9.825 1.49839 0.998948 -0.000801188 0 -11.1648 1.49682 -0.00120049
-9.775 1.49827 0.998861 -0.000860226 0 -11.108 1.49656 -0.00128885
-9.725 1.49813 0.998768 -0.000922653 0 -11.0511 1.49629 -0.00138226
-9.675 1.49799 0.998669 -0.000988721 0 -10.9943 1.49599 -0.00148109
-9.625 1.49784 0.998562 -0.00105872 0 -10.9375 1.49568 -0.00158579
-9.575 1.49767 0.998448 -0.00113298 0 -10.8807 1.49535 -0.00169683
-9.525 1.49749 0.998327 -0.00121186 0 -10.8239 1.49499 -0.00181476
-9.475 1.49731 0.998197 -0.00129579 0 -10.767 1.49461 -0.00194019
-9.425 1.49711 0.998059 -0.0013852 0 -10.7102 1.4942 -0.00207379
-9.375 1.49689 0.997912 -0.0014806 0 -10.6534 1.49377 -0.00221629
-9.325 1.49666 0.997756 -0.00158253 0 -10.5966 1.4933 -0.00236851
-9.275 1.49642 0.997589 -0.00169157 0 -10.5398 1.49281 -0.0025313
-9.225 1.49615 0.997411 -0.00180837 0 -10.483 1.49228 -0.00270561
-9.175 1.49587 0.997221 -0.00193361 0 -10.4261 1.49172 -0.00289243
-9.125 1.49557 0.997019 -0.00206801 0 -10.3693 1.49112 -0.00309286
-9.075 1.49525 0.996803 -0.00221236 0 -10.3125 1.49047 -0.00330804
-9.025 1.49491 0.996572 -0.00236749 0 -10.2557 1.48979 -0.00353919
-8.975 1.49454 0.996325 -0.0025343 0 -10.1989 1.48905 -0.00378763
-8.925 1.49415 0.996061 -0.00271373 0 -10.142 1.48827 -0.00405473
-8.875 1.49373 0.995779 -0.00290678 0 -10.0852 1.48743 -0.00434195
-8.825 1.49328 0.995477 -0.00311452 0 -10.0284 1.48653 -0.00465086
-8.775 1.4928 0.995153 -0.00333808 0 -9.97159 1.48556 -0.00498308
-8.725 1.49228 0.994806 -0.00357864 0 -9.91477 1.48453 -0.00534034
-8.675 1.49173 0.994433 -0.00383744 0 -9.85795 1.48342 -0.00572442
-8.625 1.49113 0.994034 -0.00411582 0 -9.80114 1.48224 -0.00613723
-8.575 1.4905 0.993605 -0.00441514 0 -9.74432 1.48097 -0.00658075
-8.525 1.48981 0.993145 -0.00473687 0 -9.6875 1.4796 -0.00705706
-8.475 1.48908 0.992651 -0.00508255 0 -9.63068 1.47814 -0.00756832
-8.425 1.4883 0.99212 -0.00545375 0 -9.57386 1.47657 -0.0081168
-8.375 1.48745 0.99155 -0.00585218 0 -9.51705 1.47488 -0.00870484
-8.325 1.48655 0.990938 -0.0062796 0 -9.46023 1.47308 -0.00933493
-8.275 1.48558 0.99028 -0.00673787 0 -9.40341 1.47114 -0.0100096
-8.225 1.48454 0.989573 -0.00722897 0 -9.34659 1.46906 -0.0107317
-8.175 1.48343 0.988815 -0.00775494 0 -9.28977 1.46683 -0.0115039
-8.125 1.48223 0.988 -0.00831794 0 -9.23295 1.46445 -0.0123291
-8.075 1.48095 0.987125 -0.00892025 0 -9.17614 1.46189 -0.0132105
-8.025 1.47958 0.986185 -0.00956428 0 -9.11932 1.45914 -0.0141512
-7.975 1.47812 0.985177 -0.0102526 0 -9.0625 1.45621 -0.0151545
-7.925 1.47654 0.984095 -0.0109878 0 -9.00568 1.45306 -0.016224
-7.875 1.47486 0.982933 -0.0117727 0 -8.94886 1.44969 -0.0173632
-7.825 1.47306 0.981688 -0.0126104 0 -8.89205 1.44609 -0.0185759
-7.775 1.47114 0.980352 -0.0135038 0 -8.83523 1.44223 -0.019866
-7.725 1.46908 0.97892 -0.0144564 0 -8.77841 1.43811 -0.0212375
-7.675 1.46688 0.977385 -0.0154715 0 -8.72159 1.43371 -0.0226948
-7.625 1.46453 0.97574 -0.0165528 0 -8.66477 1.429 -0.024242
-7.575 1.46202 0.973977 -0.017704 0 -8.60795 1.42397 -0.0258835
-7.525 1.45934 0.972089 -0.018929 0 -8.55114 1.41861 -0.0276238
-7.475 1.45648 0.970068 -0.020232 0 -8.49432 1.41288 -0.0294674
-7.425 1.45343 0.967903 -0.0216171 0 -8.4375 1.40678 -0.0314189
-7.375 1.45018 0.965586 -0.0230886 0 -8.38068 1.40027 -0.0334826
-7.325 1.44671 0.963107 -0.0246509 0 -8.32386 1.39334 -0.0356628
-7.275 1.44302 0.960455 -0.0263083 0 -8.26705 1.38596 -0.0379635
-7.225 1.4391 0.957618 -0.0280652 0 -8.21023 1.37811 -0.0403886
-7.175 1.43492 0.954585 -0.0299261 0 -8.15341 1.36976 -0.0429416
-7.125 1.43049 0.951342 -0.0318952 0 -8.09659 1.36088 -0.0456256
-7.075 1.42577 0.947876 -0.0339766 0 -8.03977 1.35146 -0.048443
-7.025 1.42077 0.944174 -0.0361741 0 -7.98295 1.34146 -0.0513951
-6.975 1.41547 0.94022 -0.0384911 0 -7.92614 1.33085 -0.0544829
-6.925 1.40985 0.935999 -0.0409307 0 -7.86932 1.31961 -0.057706
-6.875 1.4039 0.931494 -0.0434955 0 -7.8125 1.30772 -0.0610632
-6.825 1.3976 0.926688 -0.0461874 0 -7.75568 1.29514 -0.0645516
-6.775 1.39095 0.921565 -0.0490072 0 -7.69886 1.28185 -0.0681666
-6.725 1.38394 0.916105 -0.0519545 0 -7.64205 1.26783 -0.0719017
-6.675 1.37654 0.91029 -0.0550282 0 -7.58523 1.25305 -0.0757484
-6.625 1.36875 0.9041 -0.0582256 0 -7.52841 1.23749 -0.0796963
-6.575 1.36056 0.897517 -0.0615426 0 -7.47159 1.22113 -0.0837324
-6.525 1.35196 0.89052 -0.0649726 0 -7.41477 1.20395 -0.0878406
-6.475 1.34295 0.883091 -0.0685068 0 -7.35795 1.18595 -0.0920014
-6.425 1.33352 0.875211 -0.0721339 0 -7.30114 1.16711 -0.0961921
-6.375 1.32367 0.866859 -0.07584 0 -7.24432 1.14744 -0.100387
-6.325 1.3134 0.858019 -0.0796085 0 -7.1875 1.12692 -0.104558
-6.275 1.30272 0.848674 -0.0834187 0 -7.13068 1.10558 -0.108671
-6.225 1.29162 0.838811 -0.0872458 0 -7.07386 1.08343 -0.112689
-6.175 1.28013 0.828414 -0.0910601 0 -7.01705 1.06048 -0.116569
-6.125 1.26826 0.817473 -0.0948283 0 -6.96023 1.03677 -0.120267
-6.075 1.25602 0.805982 -0.0985125 0 -6.90341 1.01233 -0.123734
-6.025 1.24345 0.793938 -0.10207 0 -6.84659 0.987222 -0.126919
-5.975 1.23057 0.781347 -0.105452 0 -6.78977 0.961502 -0.129767
-5.925 1.21742 0.768219 -0.108605 0 -6.73295 0.935246 -0.132218
-5.875 1.20404 0.754572 -0.111468 0 -6.67614 0.908538 -0.134213
-5.825 1.19049 0.74043 -0.113978 0 -6.61932 0.881475 -0.135689
-5.775 1.17681 0.725829 -0.116067 0 -6.5625 0.854166 -0.136589
-5.725 1.16309 0.710817 -0.117665 0 -6.50568 0.826743 -0.136854
-5.675 1.1494 0.695454 -0.118694 0 -6.44886 0.799352 -0.136426
-5.625 1.1358 0.679823 -0.119075 0 -6.39205 0.772144 -0.135245
-5.575 1.12239 0.664032 -0.118733 0 -6.33523 0.745301 -0.133264
-5.525 1.10923 0.648176 -0.117599 0 -6.27841 0.718975 -0.130444
-5.475 1.0964 0.632349 -0.115601 0 -6.22159 0.69331 -0.126746
-5.425 1.084 0.616681 -0.112675 0 -6.16477 0.668485 -0.12214
-5.375 1.07212 0.601314 -0.108767 0 -6.10795 0.644678 -0.116611
-5.325 1.06083 0.586403 -0.103842 0 -6.05114 0.622072 -0.110159
-5.275 1.05023 0.572111 -0.0978817 0 -5.99432 0.600851 -0.102799
-5.225 1.04042 0.558611 -0.0908867 0 -5.9375 0.581192 -0.0945606
-5.175 1.03148 0.546077 -0.0828783 0 -5.88068 0.563267 -0.0854872
-5.125 1.02348 0.534682 -0.0738987 0 -5.82386 0.547237 -0.075634
-5.075 1.01651 0.524591 -0.0640149 0 -5.76705 0.53325 -0.0650716
-5.025 1.01062 0.515957 -0.0533204 0 -5.71023 0.521436 -0.0538867
-4.975 1.00588 0.508918 -0.0419322 0 -5.65341 0.511909 -0.0421787
-4.925 1.00233 0.503591 -0.0299863 0 -5.59659 0.504762 -0.030056
-4.875 0.999994 0.500067 -0.0176369 0 -5.53977 0.500064 -0.0176368
-4.825 0.998967 0.498409 -0.00504151 0 -5.48295 0.497894 -0.0050363
-4.775 0.998869 0.498644 0.00757919 0 -5.42614 0.49808 0.00757061
-4.725 0.999864 0.500758 0.0199571 0 -5.36932 0.50069 0.0199544
-4.675 1.0025 0.504705 0.0320263 0 -5.3125 0.505967 0.0321064
-4.625 1.00646 0.510415 0.0436736 0 -5.25568 0.513715 0.0439559
-4.575 1.01154 0.517794 0.054753 0 -5.19886 0.523768 0.0553847
-4.525 1.0177 0.526721 0.0651291 0 -5.14205 0.536043 0.0662818
-4.475 1.02493 0.537055 0.0746942 0 -5.08523 0.550445 0.0765564
-4.425 1.03317 0.548643 0.0833657 0 -5.02841 0.566841 0.0861308
-4.375 1.04233 0.561319 0.0910838 0 -4.97159 0.585079 0.0949392
-4.325 1.05233 0.574912 0.0978123 0 -4.91477 0.604995 0.10293
-4.275 1.06308 0.589251 0.103537 0 -4.85795 0.626421 0.110068
-4.225 1.0745 0.60417 0.108261 0 -4.80114 0.649182 0.116327
-4.175 1.0865 0.619512 0.112007 0 -4.74432 0.673101 0.121696
-4.125 1.09899 0.635129 0.114812 0 -4.6875 0.698 0.126178
-4.075 1.11188 0.650883 0.11673 0 -4.63068 0.723706 0.12979
-4.025 1.1251 0.66665 0.117817 0 -4.57386 0.75005 0.132557
-3.975 1.13853 0.682308 0.118135 0 -4.51705 0.776828 0.1345
-3.925 1.15206 0.697741 0.117752 0 -4.46023 0.803843 0.135658
-3.875 1.16565 0.712887 0.116745 0 -4.40341 0.830974 0.136084
-3.825 1.17921 0.727695 0.115187 0 -4.34659 0.858109 0.13583
-3.775 1.19272 0.742108 0.113145 0 -4.28977 0.885124 0.13495
-3.725 1.2061 0.756081 0.110689 0 -4.23295 0.911908 0.133501
-3.675 1.21931 0.769577 0.107884 0 -4.17614 0.938354 0.131545
-3.625 1.23231 0.782569 0.104794 0 -4.11932 0.964367 0.129139
-3.575 1.24505 0.795041 0.101476 0 -4.0625 0.989865 0.126343
-3.525 1.25749 0.806982 0.0979821 0 -4.00568 1.01477 0.123212
-3.475 1.26961 0.818387 0.0943594 0 -3.94886 1.03903 0.1198
-3.425 1.28138 0.829256 0.0906504 0 -3.89205 1.06259 0.116158
-3.375 1.29278 0.839594 0.0868928 0 -3.83523 1.08541 0.112333
-3.325 1.30379 0.849409 0.0831196 0 -3.77841 1.10745 0.10837
-3.275 1.3144 0.858711 0.079359 0 -3.72159 1.12869 0.104309
-3.225 1.3246 0.867514 0.0756352 0 -3.66477 1.1491 0.100186
-3.175 1.33438 0.875833 0.0719689 0 -3.60795 1.16869 0.0960339
-3.125 1.34375 0.883684 0.0683773 0 -3.55114 1.18745 0.0918821
-3.075 1.35271 0.891088 0.0648745 0 -3.49432 1.20538 0.0877562
-3.025 1.36125 0.898061 0.0614716 0 -3.4375 1.22249 0.0836784
-2.975 1.3694 0.904624 0.0581772 0 -3.38068 1.23879 0.0796677
-2.925 1.37714 0.910794 0.0549981 0 -3.32386 1.25429 0.0757403
-2.875 1.3845 0.916592 0.051939 0 -3.26705 1.26902 0.0719097
-2.825 1.39148 0.922035 0.049003 0 -3.21023 1.283 0.068187
-2.775 1.3981 0.927143 0.0461918 0 -3.15341 1.29624 0.0645809
-2.725 1.40436 0.931932 0.0435058 0 -3.09659 1.30877 0.0610981
-2.675 1.41029 0.936421 0.0409445 0 -3.03977 1.32062 0.0577435
-2.625 1.41588 0.940626 0.0385066 0 -2.98295 1.33181 0.0545207
-2.575 1.42116 0.944564 0.0361899 0 -2.92614 1.34238 0.0514317
-2.525 1.42614 0.94825 0.0339919 0 -2.86932 1.35233 0.0484771
-2.475 1.43083 0.951698 0.0319094 0 -2.8125 1.36172 0.0456568
-2.425 1.43524 0.954923 0.0299388 0 -2.75568 1.37055 0.0429695
-2.375 1.4394 0.957939 0.0280766 0 -2.69886 1.37885 0.0404134
-2.325 1.4433 0.960758 0.0263187 0 -2.64205 1.38666 0.0379858
-2.275 1.44697 0.963393 0.024661 0 -2.58523 1.394 0.0356838
-2.225 1.45042 0.965855 0.0230993 0 -2.52841 1.40089 0.0335036
-2.175 1.45365 0.968156 0.0216294 0 -2.47159 1.40736 0.0314416
-2.125 1.45669 0.970304 0.0202469 0 -2.41477 1.41343 0.0294935
-2.075 1.45954 0.972311 0.0189478 0 -2.35795 1.41912 0.027655
-2.025 1.4622 0.974186 0.0177277 0 -2.30114 1.42446 0.0259216
-1.975 1.46471 0.975936 0.0165827 0 -2.24432 1.42946 0.0242887
-1.925 1.46705 0.977571 0.0155085 0 -2.1875 1.43414 0.0227518
-1.875 1.46924 0.979098 0.0145015 0 -2.13068 1.43853 0.0213062
-1.825 1.4713 0.980524 0.0135577 0 -2.07386 1.44264 0.0199474
-1.775 1.47322 0.981855 0.0126735 0 -2.01705 1.44649 0.0186708
-1.725 1.47502 0.983098 0.0118454 0 -1.96023 1.45009 0.0174722
-1.675 1.47671 0.984259 0.01107 0 -1.90341 1.45346 0.0163471
-1.625 1.47828 0.985343 0.0103441 0 -1.84659 1.45662 0.0152915
-1.575 1.47976 0.986356 0.00966465 0 -1.78977 1.45957 0.0143013
-1.525 1.48114 0.987301 0.00902874 0 -1.73295 1.46233 0.0133728
-1.475 1.48242 0.988183 0.0084336 0 -1.67614 1.46491 0.0125022
-1.425 1.48363 0.989007 0.00787664 0 -1.61932 1.46732 0.011686
-1.375 1.48475 0.989776 0.00735539 0 -1.5625 1.46957 0.010921
-1.325 1.48581 0.990494 0.00686757 0 -1.50568 1.47168 0.0102039
-1.275 1.48679 0.991164 0.00641101 0 -1.44886 1.47365 0.00953183
-1.225 1.48771 0.991789 0.00598371 0 -1.39205 1.47549 0.00890201
-1.175 1.48856 0.992372 0.00558377 0 -1.33523 1.47721 0.00831181
-1.125 1.48937 0.992915 0.00520946 0 -1.27841 1.47881 0.00775878
-1.075 1.49011 0.993421 0.00485914 0 -1.22159 1.48031 0.00724066
-1.025 1.49081 0.993893 0.00453131 0 -1.16477 1.48171 0.00675532
-0.975 1.49146 0.994332 0.00422456 0 -1.10795 1.48301 0.00630076
-0.925 1.49207 0.994741 0.0039376 0 -1.05114 1.48422 0.00587515
-0.875 1.49263 0.995122 0.00366921 0 -0.994318 1.48535 0.00547678
-0.825 1.49316 0.995476 0.0034183 0 -0.9375 1.4864 0.00510406
-0.775 1.49365 0.995805 0.00318381 0 -0.880682 1.48738 0.00475549
-0.725 1.49411 0.996111 0.00296478 0 -0.823864 1.4883 0.0044297
-0.675 1.49453 0.996396 0.00276033 0 -0.767045 1.48915 0.00412541
-0.625 1.49493 0.99666 0.00256961 0 -0.710227 1.48994 0.00384139
-0.575 1.4953 0.996905 0.00239184 0 -0.653409 1.49067 0.00357651
-0.525 1.49564 0.997134 0.00222628 0 -0.596591 1.49136 0.00332972
-0.475 1.49596 0.997346 0.00207224 0 -0.539773 1.49199 0.00309999
-0.425 1.49626 0.997543 0.00192906 0 -0.482955 1.49258 0.00288638
-0.375 1.49654 0.997726 0.00179612 0 -0.426136 1.49314 0.00268796
-0.325 1.4968 0.997897 0.00167281 0 -0.369318 1.49365 0.00250386
-0.275 1.49704 0.998056 0.00155856 0 -0.3125 1.49413 0.00233323
-0.225 1.49726 0.998204 0.00145281 0 -0.255682 1.49457 0.00217524
-0.175 1.49747 0.998342 0.00135499 0 -0.198864 1.49499 0.00202907
-0.125 1.49767 0.998471 0.00126458 0 -0.142045 1.49538 0.00189392
-0.075 1.49785 0.998592 0.00118104 0 -0.0852273 1.49574 0.00176901
-0.025 1.49802 0.998706 0.00110383 0 -0.0284091 1.49608 0.00165356
0.025 1.49818 0.998812 0.00103246 0 0.0284091 1.4964 0.00154681
0.075 1.49833 0.998912 0.000966417 0 0.0852273 1.4967 0.00144801
0.125 1.49847 0.999006 0.000905224 0 0.142045 1.49698 0.00135645
0.175 1.4986 0.999094 0.000848418 0 0.198864 1.49724 0.00127144
0.225 1.49872 0.999178 0.000795564 0 0.255682 1.49749 0.00119233
0.275 1.49884 0.999256 0.000746253 0 0.3125 1.49772 0.00111851
0.325 1.49895 0.99933 0.000700107 0 0.369318 1.49794 0.00104942
0.375 1.49905 0.9994 0.000656779 0 0.426136 1.49815 0.000984543
0.425 1.49914 0.999466 0.000615959 0 0.482955 1.49834 0.00092341
0.475 1.49923 0.999527 0.000577371 0 0.539773 1.49852 0.000865613
0.525 1.49931 0.999585 0.000540774 0 0.596591 1.49869 0.000810791
0.575 1.49939 0.999639 0.000505966 0 0.653409 1.49885 0.000758643
0.625 1.49947 0.99969 0.00047278 0 0.710227 1.499 0.000708918
0.675 1.49953 0.999738 0.000441084 0 0.767045 1.49914 0.000661421
0.725 1.4996 0.999782 0.000410779 0 0.823864 1.49927 0.000616004
0.775 1.49966 0.999822 0.000381798 0 0.880682 1.49939 0.000572566
0.825 1.49971 0.99986 0.000354099 0 0.9375 1.4995 0.000531047
0.875 1.49976 0.999894 0.000327665 0 0.994318 1.4996 0.00049142
0.925 1.49981 0.999926 0.000302497 0 1.05114 1.4997 0.000453687
0.975 1.49985 0.999954 0.000278608 0 1.10795 1.49979 0.000417871
1.025 1.49989 0.99998 0.000256025 0 1.16477 1.49986 0.00038401
1.075 1.49993 1 0.000234777 0 1.22159 1.49994 0.000352149
1.125 1.49996 1.00002 0.000214894 0 1.27841 1.5 0.000322334
1.175 1.49999 1.00004 0.000196406 0 1.33523 1.50006 0.000294608
1.225 1.50002 1.00006 0.000179333 0 1.39205 1.50011 0.000269003
1.275 1.50005 1.00007 0.000163687 0 1.44886 1.50016 0.000245539
1.325 1.50007 1.00009 0.00014947 0 1.50568 1.5002 0.000224216
1.375 1.50009 1.0001 0.000136669 0 1.5625 1.50024 0.000205017
1.425 1.50011 1.00011 0.000125256 0 1.61932 1.50028 0.000187898
1.475 1.50013 1.00012 0.000115186 0 1.67614 1.50031 0.000172794
1.525 1.50015 1.00013 0.0001064 0 1.73295 1.50034 0.000159615
1.575 1.50016 1.00014 9.8822e-05 0 1.78977 1.50037 0.000148249
1.625 1.50018 1.00014 9.23641e-05 0 1.84659 1.50039 0.000138562
1.675 1.50019 1.00015 8.69246e-05 0 1.90341 1.50042 0.000130403
1.725 1.5002 1.00016 8.239e-05 0 1.96023 1.50044 0.000123602
1.775 1.50021 1.00017 7.86295e-05 0 2.01705 1.50047 0.000117961
1.825 1.50023 1.00017 7.5508e-05 0 2.07386 1.50049 0.000113279
1.875 1.50024 1.00018 7.28914e-05 0 2.13068 1.50051 0.000109354
1.925 1.50025 1.00019 7.0646e-05 0 2.1875 1.50053 0.000105987
1.975 1.50026 1.0002 6.8641e-05 0 2.24432 1.50056 0.000102979
2.025 1.50027 1.00021 6.67497e-05 0 2.30114 1.50058 0.000100142
2.075 1.50028 1.00022 6.48535e-05 0 2.35795 1.5006 9.72982e-05
2.125 1.50029 1.00023 6.28467e-05 0 2.41477 1.50063 9.42882e-05
2.175 1.5003 1.00023 6.06298e-05 0 2.47159 1.50065 9.09627e-05
2.225 1.50031 1.00024 5.81154e-05 0 2.52841 1.50067 8.71908e-05
2.275 1.50031 1.00025 5.52352e-05 0 2.58523 1.50069 8.28702e-05
2.325 1.50032 1.00026 5.19377e-05 0 2.64205 1.50071 7.79233e-05
2.375 1.50033 1.00027 4.81921e-05 0 2.69886 1.50073 7.23041e-05
2.425 1.50034 1.00027 4.39902e-05 0 2.75568 1.50075 6.60002e-05
2.475 1.50034 1.00028 3.93447e-05 0 2.8125 1.50076 5.90305e-05
2.525 1.50035 1.00028 3.42855e-05 0 2.86932 1.50078 5.14401e-05
2.575 1.50035 1.00029 2.88587e-05 0 2.92614 1.50079 4.32982e-05
2.625 1.50036 1.00029 2.31292e-05 0 2.98295 1.50079 3.47021e-05
2.675 1.50036 1.00029 1.71814e-05 0 3.03977 1.5008 2.57783e-05
2.725 1.50036 1.00029 1.11116e-05 0 3.09659 1.5008 1.66715e-05
2.775 1.50036 1.00029 5.08346e-06 0 3.15341 1.5008 7.62703e-06
2.825 1.50036 1.00029 -8.20881e-07 0 3.21023 1.5008 -1.23162e-06
2.875 1.50036 1.00029 -6.5232e-06 0 3.26705 1.5008 -9.78716e-06
2.925 1.50036 1.00029 -1.19116e-05 0 3.32386 1.50079 -1.78718e-05
2.975 1.50036 1.00028 -1.69246e-05 0 3.38068 1.50078 -2.5393e-05
3.025 1.50036 1.00028 -2.14906e-05 0 3.4375 1.50077 -3.22435e-05
3.075 1.50035 1.00027 -2.5536e-05 0 3.49432 1.50076 -3.8313e-05
3.125 1.50035 1.00026 -2.90045e-05 0 3.55114 1.50075 -4.35168e-05
3.175 1.50034 1.00026 -3.18623e-05 0 3.60795 1.50073 -4.78044e-05
3.225 1.50034 1.00025 -3.40966e-05 0 3.66477 1.50072 -5.11564e-05
3.275 1.50033 1.00025 -3.57105e-05 0 3.72159 1.5007 -5.35776e-05
3.325 1.50033 1.00024 -3.67212e-05 0 3.77841 1.50069 -5.50938e-05
3.375 1.50032 1.00023 -3.71742e-05 0 3.83523 1.50067 -5.57733e-05
3.425 1.50032 1.00023 -3.71373e-05 0 3.89205 1.50066 -5.57178e-05
3.475 1.50031 1.00022 -3.66955e-05 0 3.94886 1.50064 -5.50546e-05
3.525 1.50031 1.00022 -3.594e-05 0 4.00568 1.50063 -5.3921e-05
3.575 1.5003 1.00021 -3.4977e-05 0 4.0625 1.50062 -5.2476e-05
3.625 1.5003 1.00021 -3.39176e-05 0 4.11932 1.50061 -5.08865e-05
3.675 1.50029 1.00021 -3.28732e-05 0 4.17614 1.5006 -4.93193e-05
3.725 1.50029 1.0002 -3.19544e-05 0 4.23295 1.50059 -4.79407e-05
3.775 1.50028 1.0002 -3.12673e-05 0 4.28977 1.50058 -4.69097e-05
3.825 1.50028 1.0002 -3.09079e-05 0 4.34659 1.50057 -4.63703e-05
3.875 1.50027 1.0002 -3.09524e-05 0 4.40341 1.50057 -4.6437e-05
3.925 1.50027 1.0002 -3.14489e-05 0 4.46023 1.50056 -4.71818e-05
3.975 1.50026 1.00019 -3.24323e-05 0 4.51705 1.50055 -4.86569e-05
4.025 1.50026 1.00019 -3.39112e-05 0 4.57386 1.50054 -5.08756e-05
4.075 1.50025 1.00019 -3.58834e-05 0 4.63068 1.50054 -5.38342e-05
4.125 1.50025 1.00019 -3.83302e-05 0 4.6875 1.50053 -5.75047e-05
4.175 1.50024 1.00018 -4.12158e-05 0 4.74432 1.50052 -6.18337e-05
4.225 1.50023 1.00018 -4.44892e-05 0 4.80114 1.5005 -6.67442e-05
4.275 1.50023 1.00018 -4.80856e-05 0 4.85795 1.50049 -7.21394e-05
4.325 1.50022 1.00017 -5.19274e-05 0 4.91477 1.50048 -7.79025e-05
4.375 1.50021 1.00016 -5.59243e-05 0 4.97159 1.50046 -8.38983e-05
4.425 1.5002 1.00016 -5.99773e-05 0 5.02841 1.50044 -8.99782e-05
4.475 1.50019 1.00015 -6.39825e-05 0 5.08523 1.50042 -9.59862e-05
4.525 1.50018 1.00014 -6.7835e-05 0 5.14205 1.5004 -0.000101765
4.575 1.50017 1.00013 -7.14335e-05 0 5.19886 1.50037 -0.000107163
4.625 1.50016 1.00012 -7.46839e-05 0 5.25568 1.50034 -0.000112038
4.675 1.50015 1.00011 -7.75045e-05 0 5.3125 1.50032 -0.000116268
4.725 1.50014 1.0001 -7.98303e-05 0 5.36932 1.50029 -0.000119757
4.775 1.50013 1.00009 -8.16126e-05 0 5.42614 1.50025 -0.000122429
4.825 1.50011 1.00007 -8.2817e-05 0 5.48295 1.50022 -0.000124235
4.875 1.5001 1.00006 -8.34253e-05 0 5.53977 1.50019 -0.000125146
4.925 1.50009 1.00005 -8.3445e-05 0 5.59659 1.50016 -0.000125175
4.975 1.50008 1.00003 -8.29037e-05 0 5.65341 1.50013 -0.000124362
5.025 1.50006 1.00002 -8.18282e-05 0 5.71023 1.50009 -0.000122748
5.075 1.50005 1.00001 -8.02751e-05 0 5.76705 1.50006 -0.000120417
5.125 1.50004 0.999995 -7.83114e-05 0 5.82386 1.50003 -0.00011747
5.175 1.50003 0.999983 -7.60113e-05 0 5.88068 1.5 -0.000114019
5.225 1.50002 0.999972 -7.34553e-05 0 5.9375 1.49998 -0.000110184
5.275 1.50001 0.999962 -7.07262e-05 0 5.99432 1.49995 -0.00010609
5.325 1.5 0.999952 -6.79065e-05 0 6.05114 1.49992 -0.000101859
5.375 1.49999 0.999944 -6.50771e-05 0 6.10795 1.4999 -9.76148e-05
5.425 1.49998 0.999936 -6.23175e-05 0 6.16477 1.49988 -9.34747e-05
5.475 1.49997 0.999929 -5.96995e-05 0 6.22159 1.49986 -8.95473e-05
5.525 1.49996 0.999922 -5.7285e-05 0 6.27841 1.49984 -8.59252e-05
5.575 1.49995 0.999917 -5.51235e-05 0 6.33523 1.49983 -8.26825e-05
5.625 1.49994 0.999911 -5.32506e-05 0 6.39205 1.49981 -7.98729e-05
5.675 1.49993 0.999907 -5.16874e-05 0 6.44886 1.49979 -7.75276e-05
5.725 1.49993 0.999902 -5.04393e-05 0 6.50568 1.49978 -7.56552e-05
5.775 1.49992 0.999898 -4.94965e-05 0 6.5625 1.49977 -7.42407e-05
5.825 1.49991 0.999894 -4.88341e-05 0 6.61932 1.49975 -7.32469e-05
5.875 1.4999 0.99989 -4.84058e-05 0 6.67614 1.49974 -7.2604e-05
5.925 1.4999 0.999886 -4.81513e-05 0 6.73295 1.49973 -7.22219e-05
5.975 1.49989 0.999881 -4.80071e-05 0 6.78977 1.49971 -7.20053e-05
6.025 1.49988 0.999876 -4.79028e-05 0 6.84659 1.4997 -7.18486e-05
6.075 1.49988 0.999871 -4.77578e-05 0 6.90341 1.49968 -7.16307e-05
6.125 1.49987 0.999866 -4.74877e-05 0 6.96023 1.49967 -7.12253e-05
6.175 1.49986 0.99986 -4.70104e-05 0 7.01705 1.49965 -7.05091e-05
6.225 1.49985 0.999854 -4.62483e-05 0 7.07386 1.49964 -6.93657e-05
6.275 1.49985 0.999848 -4.51288e-05 0 7.13068 1.49962 -6.76863e-05
6.325 1.49984 0.999841 -4.35855e-05 0 7.1875 1.4996 -6.53713e-05
6.375 1.49983 0.999835 -4.15609e-05 0 7.24432 1.49959 -6.23344e-05
6.425 1.49983 0.999829 -3.90033e-05 0 7.30114 1.49957 -5.84983e-05
6.475 1.49982 0.999822 -3.58779e-05 0 7.35795 1.49956 -5.38105e-05
6.525 1.49982 0.999817 -3.21697e-05 0 7.41477 1.49954 -4.82488e-05
6.575 1.49981 0.999811 -2.78831e-05 0 7.47159 1.49953 -4.18195e-05
6.625 1.49981 0.999806 -2.30429e-05 0 7.52841 1.49952 -3.456e-05
6.675 1.49981 0.999802 -1.76917e-05 0 7.58523 1.49951 -2.65342e-05
6.725 1.4998 0.999799 -1.18852e-05 0 7.64205 1.4995 -1.78255e-05
6.775 1.4998 0.999796 -5.69033e-06 0 7.69886 1.4995 -8.53438e-06
6.825 1.4998 0.999795 8.14071e-07 0 7.75568 1.4995 1.22095e-06
6.875 1.4998 0.999795 7.4816e-06 0 7.8125 1.4995 1.12209e-05
6.925 1.4998 0.999795 1.41406e-05 0 7.86932 1.4995 2.12081e-05
6.975 1.49981 0.999797 2.07457e-05 0 7.92614 1.4995 3.11145e-05
7.025 1.49981 0.9998 2.72458e-05 0 7.98295 1.49951 4.08635e-05
7.075 1.49982 0.999804 3.35312e-05 0 8.03977 1.49952 5.02906e-05
7.125 1.49982 0.999808 3.94844e-05 0 8.09659 1.49953 5.92196e-05
7.175 1.49983 0.999814 4.50044e-05 0 8.15341 1.49955 6.74988e-05
7.225 1.49984 0.99982 5.00065e-05 0 8.21023 1.49957 7.50015e-05
7.275 1.49984 0.999827 5.44194e-05 0 8.26705 1.49958 8.16205e-05
7.325 1.49985 0.999835 5.81885e-05 0 8.32386 1.4996 8.72742e-05
7.375 1.49986 0.999843 6.12809e-05 0 8.38068 1.49963 9.19128e-05
7.425 1.49987 0.999852 6.36852e-05 0 8.4375 1.49965 9.55195e-05
7.475 1.49988 0.999861 6.54105e-05 0 8.49432 1.49967 9.8108e-05
7.525 1.49989 0.99987 6.64866e-05 0 8.55114 1.49969 9.97226e-05
7.575 1.4999 0.999879 6.69642e-05 0 8.60795 1.49972 0.00010044
7.625 1.49991 0.999888 6.69082e-05 0 8.66477 1.49974 0.000100356
7.675 1.49992 0.999898 6.63953e-05 0 8.72159 1.49977 9.95876e-05
7.725 1.49993 0.999907 6.55175e-05 0 8.77841 1.49979 9.82717e-05
7.775 1.49994 0.999916 6.43813e-05 0 8.83523 1.49981 9.65681e-05
7.825 1.49995 0.999924 6.30967e-05 0 8.89205 1.49984 9.46418e-05
7.875 1.49996 0.999933 6.17696e-05 0 8.94886 1.49986 9.26519e-05
7.925 1.49997 0.999941 6.0498e-05 0 9.00568 1.49988 9.0745e-05
7.975 1.49998 0.99995 5.93706e-05 0 9.0625 1.4999 8.90545e-05
8.025 1.49999 0.999958 5.84625e-05 0 9.11932 1.49992 8.7693e-05
8.075 1.49999 0.999966 5.78307e-05 0 9.17614 1.49994 8.67457e-05
8.125 1.5 0.999974 5.7509e-05 0 9.23295 1.49996 8.62638e-05
8.175 1.50001 0.999983 5.75047e-05 0 9.28977 1.49999 8.62577e-05
8.225 1.50002 0.999991 5.78051e-05 0 9.34659 1.50001 8.67088e-05
8.275 1.50003 1 5.83827e-05 0 9.40341 1.50003 8.75758e-05
8.325 1.50004 1.00001 5.91827e-05 0 9.46023 1.50005 8.87763e-05
8.375 1.50005 1.00002 6.01324e-05 0 9.51705 1.50007 9.02013e-05
8.425 1.50006 1.00003 6.1146e-05 0 9.57386 1.50009 9.17224e-05
8.475 1.50006 1.00004 6.21302e-05 0 9.63068 1.50012 9.31993e-05
8.525 1.50007 1.00004 6.29859e-05 0 9.6875 1.50014 9.44835e-05
8.575 1.50008 1.00005 6.36107e-05 0 9.74432 1.50016 9.54214e-05
8.625 1.50009 1.00006 6.39013e-05 0 9.80114 1.50019 9.5858e-05
8.675 1.5001 1.00007 6.37622e-05 0 9.85795 1.50021 9.56499e-05
8.725 1.50011 1.00008 6.31034e-05 0 9.91477 1.50024 9.46622e-05
8.775 1.50012 1.00009 6.18525e-05 0 9.97159 1.50026 9.27862e-05
8.825 1.50013 1.0001 5.99557e-05 0 10.0284 1.50028 8.99413e-05
8.875 1.50014 1.00011 5.73745e-05 0 10.0852 1.5003 8.60697e-05
8.925 1.50015 1.00012 5.40883e-05 0 10.142 1.50032 8.11405e-05
8.975 1.50016 1.00012 5.00983e-05 0 10.1989 1.50034 7.51553e-05
9.025 1.50016 1.00013 4.54291e-05 0 10.2557 1.50036 6.8151e-05
9.075 1.50017 1.00014 4.01277e-05 0 10.3125 1.50038 6.01983e-05
9.125 1.50018 1.00014 3.42594e-05 0 10.3693 1.50039 5.13952e-05
9.175 1.50018 1.00015 2.79037e-05 0 10.4261 1.5004 4.18606e-05
9.225 1.50018 1.00015 2.11546e-05 0 10.483 1.50041 3.17357e-05
9.275 1.50019 1.00015 1.41237e-05 0 10.5398 1.50041 2.11882e-05
9.325 1.50019 1.00015 6.93121e-06 0 10.5966 1.50042 1.03981e-05
9.375 1.50019 1.00015 -2.37975e-07 0 10.6534 1.50042 -3.57007e-07
9.425 1.50019 1.00015 -7.27078e-06 0 10.7102 1.50041 -1.09075e-05
9.475 1.50019 1.00015 -1.40802e-05 0 10.767 1.50041 -2.1123e-05
9.525 1.50018 1.00014 -2.06186e-05 0 10.8239 1.5004 -3.09317e-05
9.575 1.50018 1.00014 -2.68276e-05 0 10.8807 1.50039 -4.02462e-05
9.625 1.50018 1.00013 -3.26353e-05 0 10.9375 1.50037 -4.89586e-05
9.675 1.50017 1.00013 -3.79845e-05 0 10.9943 1.50036 -5.69832e-05
9.725 1.50016 1.00012 -4.28418e-05 0 11.0511 1.50034 -6.42697e-05
9.775 1.50016 1.00011 -4.71934e-05 0 11.108 1.50032 -7.07976e-05
9.825 1.50015 1.0001 -5.10421e-05 0 11.1648 1.5003 -7.65708e-05
9.875 1.50014 1.00009 -5.44041e-05 0 11.2216 1.50028 -8.16139e-05
9.925 1.50013 1.00008 -5.73056e-05 0 11.2784 1.50026 -8.5966e-05
9.975 1.50012 1.00007 -5.9779e-05 0 11.3352 1.50024 -8.96758e-05
10.025 1.50011 1.00007 -6.18597e-05 0 11.392 1.50021 -9.27966e-05
10.075 1.5001 1.00006 -6.35846e-05 0 11.4489 1.50019 -9.53836e-05
10.125 1.5001 1.00005 -6.49965e-05 0 11.5057 1.50017 -9.75009e-05
10.175 1.50009 1.00004 -6.61389e-05 0 11.5625 1.50014 -9.9214e-05
10.225 1.50008 1.00003 -6.70554e-05 0 11.6193 1.50012 -0.000100588
10.275 1.50007 1.00002 -6.77872e-05 0 11.6761 1.5001 -0.000101685
10.325 1.50006 1.00001 -6.83707e-05 0 11.733 1.50008 -0.00010256
10.375 1.50005 1.00001 -6.88355e-05 0 11.7898 1.50006 -0.000103256
10.425 1.50004 1 -6.92022e-05 0 11.8466 1.50004 -0.000103806
10.475 1.50003 0.999992 -6.94805e-05 0 11.9034 1.50001 -0.000104223
10.525 1.50002 0.999985 -6.9668e-05 0 11.9602 1.49999 -0.000104503
10.575 1.5 0.999978 -6.9748e-05 0 12.017 1.49997 -0.000104622
10.625 1.49999 0.99997 -6.9691e-05 0 12.0739 1.49995 -0.000104536
10.675 1.49998 0.999963 -6.94618e-05 0 12.1307 1.49993 -0.000104192
10.725 1.49997 0.999955 -6.90143e-05 0 12.1875 1.4999 -0.00010352
10.775 1.49996 0.999947 -6.82916e-05 0 12.2443 1.49988 -0.000102435
10.825 1.49995 0.999939 -6.72367e-05 0 12.3011 1.49986 -0.000100852
10.875 1.49994 0.999931 -6.5793e-05 0 12.358 1.49984 -9.86856e-05
10.925 1.49993 0.999922 -6.39067e-05 0 12.4148 1.49981 -9.58557e-05
10.975 1.49992 0.999913 -6.15296e-05 0 12.4716 1.49979 -9.22897e-05
11.025 1.49991 0.999905 -5.86195e-05 0 12.5284 1.49977 -8.79242e-05
11.075 1.49991 0.999896 -5.51364e-05 0 12.5852 1.49975 -8.26994e-05
11.125 1.4999 0.999888 -5.10557e-05 0 12.642 1.49973 -7.65783e-05
11.175 1.49989 0.99988 -4.63728e-05 0 12.6989 1.49971 -6.95541e-05
11.225 1.49989 0.999872 -4.11044e-05 0 12.7557 1.49969 -6.16518e-05
11.275 1.49988 0.999865 -3.52874e-05 0 12.8125 1.49968 -5.29268e-05
11.325 1.49988 0.999858 -2.89766e-05 0 12.8693 1.49966 -4.34613e-05
11.375 1.49987 0.999853 -2.22434e-05 0 12.9261 1.49965 -3.33623e-05
11.425 1.49987 0.999848 -1.51757e-05 0 12.983 1.49964 -2.27615e-05
11.475 1.49987 0.999845 -7.87122e-06 0 13.0398 1.49963 -1.18058e-05
11.525 1.49987 0.999842 -4.35407e-07 0 13.0966 1.49963 -6.53053e-07
11.575 1.49987 0.999841 7.03487e-06 0 13.1534 1.49963 1.05514e-05
11.625 1.49987 0.999842 1.43454e-05 0 13.2102 1.49963 2.15162e-05
11.675 1.49987 0.999843 2.13883e-05 0 13.267 1.49963 3.20796e-05
11.725 1.49987 0.999846 2.81717e-05 0 13.3239 1.49964 4.2254e-05
11.775 1.49988 0.99985 3.46328e-05 0 13.3807 1.49965 5.1945e-05
11.825 1.49988 0.999855 4.06991e-05 0 13.4375 1.49967 6.10439e-05
11.875 1.49989 0.999861 4.6305e-05 0 13.4943 1.49968 6.94524e-05
11.925 1.4999 0.999868 5.13977e-05 0 13.5511 1.4997 7.70913e-05
11.975 1.49991 0.999876 5.59368e-05 0 13.608 1.49972 8.39e-05
12.025 1.49992 0.999885 5.98924e-05 0 13.6648 1.49974 8.98336e-05
12.075 1.49993 0.999894 6.32429e-05 0 13.7216 1.49977 9.48597e-05
12.125 1.49994 0.999904 6.59741e-05 0 13.7784 1.49979 9.8957e-05
12.175 1.49995 0.999914 6.80791e-05 0 13.8352 1.49982 0.000102115
12.225 1.49996 0.999925 6.95585e-05 0 13.892 1.49984 0.000104335
12.275 1.49997 0.999935 7.04214e-05 0 13.9489 1.49987 0.00010563
12.325 1.49998 0.999946 7.06832e-05 0 14.0057 1.4999 0.000106023
12.375 1.49999 0.999956 7.03687e-05 0 14.0625 1.49992 0.000105552
12.425 1.5 0.999966 6.9527e-05 0 14.1193 1.49995 0.000104291
12.475 1.50001 0.999976 6.82057e-05 0 14.1761 1.49998 0.000102309
12.525 1.50002 0.999986 6.6456e-05 0 14.233 1.5 9.96854e-05
12.575 1.50003 0.999996 6.43314e-05 0 14.2898 1.50002 9.6499e-05
12.625 1.50004 1.00001 6.18857e-05 0 14.3466 1.50005 9.2831e-05
12.675 1.50005 1.00001 5.91711e-05 0 14.4034 1.50007 8.87595e-05
12.725 1.50006 1.00002 5.62361e-05 0 14.4602 1.50009 8.43574e-05
12.775 1.50007 1.00003 5.31253e-05 0 14.517 1.50012 7.96915e-05
12.825 1.50007 1.00004 4.98774e-05 0 14.5739 1.50014 7.48198e-05
12.875 1.50008 1.00005 4.6521e-05 0 14.6307 1.50016 6.97852e-05
12.925 1.50009 1.00006 4.30717e-05 0 14.6875 1.50018 6.46115e-05
12.975 1.5001 1.00007 3.9532e-05 0 14.7443 1.50019 5.93018e-05
13.025 1.5001 1.00007 3.58922e-05 0 14.8011 1.50021 5.3842e-05
13.075 1.50011 1.00008 3.21336e-05 0 14.858 1.50023 4.82039e-05
13.125 1.50011 1.00009 2.82291e-05 0 14.9148 1.50024 4.23468e-05
13.175 1.50012 1.00009 2.41454e-05 0 14.9716 1.50026 3.6221e-05
13.225 1.50012 1.0001 1.98482e-05 0 15.0284 1.50027 2.97748e-05
13.275 1.50012 1.00011 1.53069e-05 0 15.0852 1.50028 2.29622e-05
13.325 1.50013 1.00011 1.04968e-05 0 15.142 1.50029 1.57466e-05
13.375 1.50013 1.00011 5.39931e-06 0 15.1989 1.5003 8.09965e-06
13.425 1.50013 1.00012 2.06679e-09 0 15.2557 1.50031 3.10045e-09
13.475 1.50013 1.00012 -5.7008e-06 0 15.3125 1.50031 -8.55194e-06
13.525 1.50013 1.00012 -1.16877e-05 0 15.3693 1.50031 -1.75331e-05
13.575 1.50013 1.00012 -1.79043e-05 0 15.4261 1.50031 -2.68588e-05
13.625 1.50013 1.00012 -2.42918e-05 0 15.483 1.50031 -3.64408e-05
13.675 1.50012 1.00012 -3.08705e-05 0 15.5398 1.5003 -4.63096e-05
13.725 1.50012 1.00011 -3.75815e-05 0 15.5966 1.50029 -5.63767e-05
13.775 1.50011 1.00011 -4.4359e-05 0 15.6534 1.50028 -6.65435e-05
13.825 1.50011 1.0001 -5.11259e-05 0 15.7102 1.50026 -7.66944e-05
13.875 1.5001 1.0001 -5.77928e-05 0 15.767 1.50024 -8.66951e-05
13.925 1.50009 1.00009 -6.42659e-05 0 15.8239 1.50022 -9.64049e-05
13.975 1.50009 1.00008 -7.04507e-05 0 15.8807 1.5002 -0.000105682
14.025 1.50008 1.00007 -7.62564e-05 0 15.9375 1.50018 -0.00011439
14.075 1.50007 1.00006 -8.15986e-05 0 15.9943 1.50015 -0.000122403
14.125 1.50006 1.00004 -8.64023e-05 0 16.0511 1.50012 -0.000129608
14.175 1.50005 1.00003 -9.06065e-05 0 16.108 1.50009 -0.000135914
14.225 1.50003 1.00002 -9.41663e-05 0 16.1648 1.50006 -0.000141253
14.275 1.50002 1.00001 -9.70539e-05 0 16.2216 1.50003 -0.000145583
14.325 1.50001 0.999993 -9.92535e-05 0 16.2784 1.5 -0.000148881
14.375 1.5 0.99998 -0.000100757 0 16.3352 1.49997 -0.000151135
14.425 1.49999 0.999967 -0.000101568 0 16.392 1.49994 -0.00015235
14.475 1.49997 0.999955 -0.000101717 0 16.4489 1.49991 -0.000152572
14.525 1.49996 0.999943 -0.000101253 0 16.5057 1.49988 -0.000151876
14.575 1.49995 0.999933 -0.000100245 0 16.5625 1.49985 -0.000150363
14.625 1.49994 0.999922 -9.87643e-05 0 16.6193 1.49983 -0.000148141
14.675 1.49993 0.999913 -9.68964e-05 0 16.6761 1.4998 -0.000145338
14.725 1.49992 0.999905 -9.47302e-05 0 16.733 1.49978 -0.000142088
14.775 1.49991 0.999897 -9.23508e-05 0 16.7898 1.49976 -0.000138518
14.825 1.49991 0.99989 -8.98354e-05 0 16.8466 1.49974 -0.000134745
14.875 1.4999 0.999885 -8.72529e-05 0 16.9034 1.49973 -0.000130871
14.925 1.49989 0.99988 -8.4664e-05 0 16.9602 1.49971 -0.000126987
14.975 1.49989 0.999876 -8.21207e-05 0 17.017 1.4997 -0.000123172
15.025 1.49988 0.999873 -7.96652e-05 0 17.0739 1.49969 -0.000119489
15.075 1.49988 0.999871 -7.73293e-05 0 17.1307 1.49969 -0.000115985
15.125 1.49988 0.99987 -7.5135e-05 0 17.1875 1.49968 -0.000112693
15.175 1.49988 0.999869 -7.30931e-05 0 17.2443 1.49968 -0.000109631
15.225 1.49988 0.99987 -7.12515e-05 0 17.3011 1.49968 -0.000106869
15.275 1.49988 0.999871 -6.95861e-05 0 17.358 1.49969 -0.000104371
15.325 1.49988 0.999873 -6.80603e-05 0 17.4148 1.49969 -0.000102082
15.375 1.49988 0.999876 -6.65825e-05 0 17.4716 1.4997 -9.9866e-05
15.425 1.49989 0.99988 -6.50673e-05 0 17.5284 1.49971 -9.75936e-05
15.475 1.49989 0.999884 -6.3453e-05 0 17.5852 1.49972 -9.51726e-05
15.525 1.4999 0.999889 -6.16806e-05 0 17.642 1.49973 -9.25147e-05
15.575 1.49991 0.999895 -5.96808e-05 0 17.6989 1.49975 -8.95156e-05
15.625 1.49992 0.999902 -5.73751e-05 0 17.7557 1.49977 -8.60578e-05
15.675 1.49993 0.999909 -5.46846e-05 0 17.8125 1.49979 -8.20229e-05
15.725 1.49994 0.999918 -5.15368e-05 0 17.8693 1.49981 -7.7302e-05
15.775 1.49995 0.999926 -4.78697e-05 0 17.9261 1.49984 -7.18023e-05
15.825 1.49997 0.999936 -4.36347e-05 0 17.983 1.49987 -6.54507e-05
15.875 1.49998 0.999946 -3.8797e-05 0 18.0398 1.4999 -5.81949e-05
15.925 1.5 0.999957 -3.33344e-05 0 18.0966 1.49994 -5.00017e-05
15.975 1.50002 0.999968 -2.72348e-05 0 18.1534 1.49997 -4.08529e-05
16.025 1.50004 0.999979 -2.04899e-05 0 18.2102 1.50001 -3.07358e-05
16.075 1.50007 0.999991 -1.30853e-05 0 18.267 1.50005 -1.96288e-05
16.125 1.50009 1 -4.98917e-06 0 18.3239 1.50009 -7.48421e-06
16.175 1.50012 1.00001 3.85406e-06 0 18.3807 1.50014 5.78153e-06
16.225 1.50014 1.00003 1.35209e-05 0 18.4375 1.50018 2.02832e-05
16.275 1.50017 1.00004 2.41153e-05 0 18.4943 1.50022 3.61771e-05
16.325 1.50019 1.00005 3.54683e-05 0 18.5511 1.50027 5.32093e-05
16.375 1.50022 1.00006 4.73997e-05 0 18.608 1.5003 7.11098e-05
16.425 1.50024 1.00007 5.97468e-05 0 18.6648 1.50034 8.96345e-05
16.475 1.50026 1.00008 7.23615e-05 0 18.7216 1.50037 0.000108561
16.525 1.50027 1.00008 8.51112e-05 0 18.7784 1.5004 0.00012769
16.575 1.50029 1.00009 9.78782e-05 0 18.8352 1.50042 0.000146845
16.625 1.5003 1.00009 0.000110556 0 18.892 1.50044 0.000165868
16.675 1.50031 1.0001 0.000123044 0 18.9489 1.50045 0.000184604
16.725 1.50031 1.0001 0.000135238 0 19.0057 1.50046 0.000202899
16.775 1.50031 1.0001 0.000147037 0 19.0625 1.50046 0.000220602
16.825 1.50031 1.0001 0.000158474 0 19.1193 1.50046 0.00023776
16.875 1.50031 1.0001 0.000169658 0 19.1761 1.50046 0.000254539
16.925 1.5003 1.0001 0.00018029 0 19.233 1.50045 0.00027049
16.975 1.50028 1.00009 0.00019 0 19.2898 1.50043 0.000285054
17.025 1.50027 1.00009 0.000198453 0 19.3466 1.5004 0.000297733
17.075 1.50024 1.00008 0.000205434 0 19.4034 1.50037 0.000308201
17.125 1.50022 1.00008 0.000210816 0 19.4602 1.50033 0.00031627
17.175 1.50019 1.00007 0.000214491 0 19.517 1.50029 0.000321777
17.225 1.50016 1.00006 0.000216304 0 19.5739 1.50025 0.00032449
17.275 1.50012 1.00005 0.000216043 0 19.6307 1.5002 0.00032409
17.325 1.50008 1.00005 0.000213436 0 19.6875 1.50015 0.000320172
17.375 1.50004 1.00004 0.000208143 0 19.7443 1.50009 0.000312222
17.425 1.49999 1.00003 0.000199791 0 19.8011 1.50003 0.000299684
17.475 1.49995 1.00002 0.000188493 0 19.858 1.49997 0.00028273
17.525 1.49991 1.00001 0.000174769 0 19.9148 1.49992 0.000262138
17.575 1.49988 0.999995 0.000159084 0 19.9716 1.49987 0.000238607
17.625 1.49985 0.999985 0.000141849 0 20.0284 1.49983 0.000212753
17.675 1.49983 0.999975 0.000123408 0 20.0852 1.49979 0.00018509
17.725 1.4998 0.999965 0.000104055 0 20.142 1.49975 0.000156063
17.775 1.49978 0.999955 8.4057e-05 0 20.1989 1.49972 0.000126067
17.825 1.49977 0.999946 6.36703e-05 0 20.2557 1.49969 9.54907e-05
17.875 1.49976 0.999937 4.31625e-05 0 20.3125 1.49966 6.47332e-05
17.925 1.49975 0.999929 2.28153e-05 0 20.3693 1.49964 3.42171e-05
17.975 1.49974 0.999921 2.91767e-06 0 20.4261 1.49962 4.37574e-06
18.025 1.49974 0.999914 -1.62524e-05 0 20.483 1.49961 -2.43743e-05
18.075 1.49974 0.999908 -3.44502e-05 0 20.5398 1.4996 -5.16662e-05
18.125 1.49974 0.999902 -5.15693e-05 0 20.5966 1.49959 -7.73405e-05
18.175 1.49974 0.999897 -6.74448e-05 0 20.6534 1.49959 -0.00010115
18.225 1.49975 0.999893 -8.16719e-05 0 20.7102 1.49959 -0.000122488
18.275 1.49977 0.99989 -9.37218e-05 0 20.767 1.4996 -0.000140561
18.325 1.49979 0.999888 -0.00010309 0 20.8239 1.49962 -0.000154613
18.375 1.49981 0.999886 -0.000109409 0 20.8807 1.49964 -0.000164094
18.425 1.49984 0.999886 -0.000112505 0 20.9375 1.49967 -0.00016874
18.475 1.49986 0.999887 -0.000112971 0 20.9943 1.49969 -0.000169441
18.525 1.49988 0.999889 -0.000111166 0 21.0511 1.49971 -0.000166736
18.575 1.4999 0.999893 -0.000107439 0 21.108 1.49974 -0.000161147
18.625 1.49991 0.999897 -0.000102147 0 21.1648 1.49976 -0.000153212
18.675 1.49993 0.999903 -9.56148e-05 0 21.2216 1.49978 -0.000143415
18.725 1.49994 0.999909 -8.81378e-05 0 21.2784 1.49981 -0.000132202
18.775 1.49996 0.999917 -7.99946e-05 0 21.3352 1.49983 -0.000119988
18.825 1.49997 0.999925 -7.14508e-05 0 21.392 1.49986 -0.000107174
18.875 1.49998 0.999934 -6.276e-05 0 21.4489 1.49988 -9.41389e-05
18.925 1.49999 0.999944 -5.41635e-05 0 21.5057 1.49991 -8.12449e-05
18.975 1.50001 0.999954 -4.58874e-05 0 21.5625 1.49994 -6.88314e-05
19.025 1.50002 0.999965 -3.81393e-05 0 21.6193 1.49996 -5.72097e-05
19.075 1.50003 0.999976 -3.11053e-05 0 21.6761 1.49999 -4.66588e-05
19.125 1.50004 0.999987 -2.49402e-05 0 21.733 1.50002 -3.74113e-05
19.175 1.50005 0.999998 -1.97692e-05 0 21.7898 1.50005 -2.96548e-05
19.225 1.50006 1.00001 -1.56804e-05 0 21.8466 1.50007 -2.35215e-05
19.275 1.50007 1.00002 -1.27153e-05 0 21.9034 1.5001 -1.90738e-05
19.325 1.50008 1.00003 -1.08795e-05 0 21.9602 1.50012 -1.632e-05
19.375 1.50008 1.00004 -1.01445e-05 0 22.017 1.50014 -1.52176e-05
19.425 1.50009 1.00005 -1.04469e-05 0 22.0739 1.50016 -1.56713e-05
19.475 1.5001 1.00006 -1.16805e-05 0 22.1307 1.50018 -1.75219e-05
19.525 1.50011 1.00006 -1.37265e-05 0 22.1875 1.5002 -2.05912e-05
19.575 1.50011 1.00007 -1.64468e-05 0 22.2443 1.50022 -2.46721e-05
19.625 1.50012 1.00007 -1.97066e-05 0 22.3011 1.50023 -2.95623e-05
19.675 1.50012 1.00008 -2.33853e-05 0 22.358 1.50024 -3.50809e-05
19.725 1.50013 1.00008 -2.73784e-05 0 22.4148 1.50025 -4.10711e-05
19.775 1.50013 1.00008 -3.15936e-05 0 22.4716 1.50025 -4.73945e-05
19.825 1.50013 1.00008 -3.59179e-05 0 22.5284 1.50025 -5.38816e-05
19.875 1.50013 1.00008 -4.02003e-05 0 22.5852 1.50025 -6.03058e-05
19.925 1.50013 1.00008 -4.43747e-05 0 22.642 1.50025 -6.65679e-05
19.975 1.50013 1.00008 -4.84146e-05 0 22.6989 1.50024 -7.26281e-05
