-19.975 1.50001 0.99994 3.41531e-06 0 -22.1944 1.49992 5.12301e-06
-19.925 1.50002 0.999949 8.89687e-06 0 -22.1389 1.49995 1.33455e-05
-19.875 1.50003 0.999957 1.37196e-05 0 -22.0833 1.49997 2.05798e-05
-19.825 1.50004 0.999966 1.78086e-05 0 -22.0278 1.49999 2.67136e-05
-19.775 1.50005 0.999975 2.10858e-05 0 -21.9722 1.50002 3.16298e-05
-19.725 1.50006 0.999985 2.34943e-05 0 -21.9167 1.50004 3.52428e-05
-19.675 1.50007 0.999995 2.49855e-05 0 -21.8611 1.50006 3.748e-05
-19.625 1.50008 1 2.55201e-05 0 -21.8056 1.50009 3.82821e-05
-19.575 1.50009 1.00001 2.50683e-05 0 -21.75 1.50011 3.76046e-05
-19.525 1.50009 1.00002 2.36337e-05 0 -21.6944 1.50013 3.54528e-05
-19.475 1.5001 1.00003 2.1234e-05 0 -21.6389 1.50015 3.18531e-05
-19.425 1.5001 1.00004 1.79118e-05 0 -21.5833 1.50017 2.68696e-05
-19.375 1.50011 1.00005 1.37333e-05 0 -21.5278 1.50019 2.06014e-05
-19.325 1.50011 1.00006 8.7893e-06 0 -21.4722 1.5002 1.31849e-05
-19.275 1.50012 1.00007 3.19104e-06 0 -21.4167 1.50021 4.78694e-06
-19.225 1.50012 1.00007 -2.93764e-06 0 -21.3611 1.50023 -4.40682e-06
-19.175 1.50012 1.00008 -9.46243e-06 0 -21.3056 1.50023 -1.41948e-05
-19.125 1.50012 1.00008 -1.62366e-05 0 -21.25 1.50024 -2.43568e-05
-19.075 1.50012 1.00008 -2.31018e-05 0 -21.1944 1.50024 -3.46555e-05
-19.025 1.50012 1.00008 -2.98671e-05 0 -21.1389 1.50024 -4.48043e-05
-18.975 1.50012 1.00008 -3.63991e-05 0 -21.0833 1.50024 -5.46029e-05
-18.925 1.50011 1.00008 -4.2569e-05 0 -21.0278 1.50023 -6.38583e-05
-18.875 1.50011 1.00008 -4.83316e-05 0 -20.9722 1.50023 -7.25026e-05
-18.825 1.5001 1.00007 -5.36071e-05 0 -20.9167 1.50021 -8.04162e-05
-18.775 1.5001 1.00007 -5.83259e-05 0 -20.8611 1.5002 -8.74944e-05
-18.725 1.50009 1.00006 -6.24322e-05 0 -20.8056 1.50018 -9.36538e-05
-18.675 1.50008 1.00005 -6.58909e-05 0 -20.75 1.50016 -9.88417e-05
-18.625 1.50007 1.00005 -6.86837e-05 0 -20.6944 1.50014 -0.00010303
-18.575 1.50006 1.00004 -7.07972e-05 0 -20.6389 1.50012 -0.0001062
-18.525 1.50005 1.00003 -7.22161e-05 0 -20.5833 1.50009 -0.000108328
-18.475 1.50004 1.00002 -7.29266e-05 0 -20.5278 1.50007 -0.000109393
-18.425 1.50003 1.00001 -7.29182e-05 0 -20.4722 1.50004 -0.000109379
-18.375 1.50002 0.999999 -7.2209e-05 0 -20.4167 1.50002 -0.000108315
-18.325 1.50001 0.999989 -7.08019e-05 0 -20.3611 1.49999 -0.000106203
-18.275 1.5 0.99998 -6.87164e-05 0 -20.3056 1.49997 -0.000103075
-18.225 1.49999 0.99997 -6.59828e-05 0 -20.25 1.49995 -9.89735e-05
-18.175 1.49998 0.999961 -6.26367e-05 0 -20.1944 1.49992 -9.39539e-05
-18.125 1.49997 0.999953 -5.87206e-05 0 -20.1389 1.4999 -8.80793e-05
-18.075 1.49997 0.999945 -5.4282e-05 0 -20.0833 1.49988 -8.14211e-05
-18.025 1.49996 0.999937 -4.93707e-05 0 -20.0278 1.49987 -7.40541e-05
-17.975 1.49995 0.999931 -4.4038e-05 0 -19.9722 1.49985 -6.6055e-05
-17.925 1.49995 0.999925 -3.83364e-05 0 -19.9167 1.49983 -5.75026e-05
-17.875 1.49994 0.99992 -3.23183e-05 0 -19.8611 1.49982 -4.84756e-05
-17.825 1.49994 0.999916 -2.60329e-05 0 -19.8056 1.49981 -3.90478e-05
-17.775 1.49993 0.999913 -1.95241e-05 0 -19.75 1.4998 -2.92849e-05
-17.725 1.49993 0.999911 -1.28323e-05 0 -19.6944 1.4998 -1.92476e-05
-17.675 1.49993 0.99991 -6.00205e-06 0 -19.6389 1.4998 -9.00267e-06
-17.625 1.49993 0.99991 9.03489e-07 0 -19.5833 1.4998 1.35517e-06
-17.575 1.49993 0.99991 7.74524e-06 0 -19.5278 1.4998 1.16173e-05
-17.525 1.49993 0.999912 1.44829e-05 0 -19.4722 1.4998 2.17234e-05
-17.475 1.49994 0.999914 2.11333e-05 0 -19.4167 1.49981 3.16986e-05
-17.425 1.49994 0.999917 2.76574e-05 0 -19.3611 1.49982 4.14844e-05
-17.375 1.49995 0.999921 3.39738e-05 0 -19.3056 1.49983 5.09588e-05
-17.325 1.49995 0.999926 3.99907e-05 0 -19.25 1.49984 5.99842e-05
-17.275 1.49996 0.999931 4.56178e-05 0 -19.1944 1.49986 6.84249e-05
-17.225 1.49997 0.999938 5.07621e-05 0 -19.1389 1.49987 7.61413e-05
-17.175 1.49997 0.999944 5.53268e-05 0 -19.0833 1.49989 8.29888e-05
-17.125 1.49998 0.999952 5.92185e-05 0 -19.0278 1.49991 8.88268e-05
-17.075 1.49999 0.99996 6.2354e-05 0 -18.9722 1.49993 9.35306e-05
-17.025 1.5 0.999968 6.46634e-05 0 -18.9167 1.49995 9.69953e-05
-16.975 1.50001 0.999977 6.60877e-05 0 -18.8611 1.49998 9.91324e-05
-16.925 1.50002 0.999986 6.65821e-05 0 -18.8056 1.5 9.98746e-05
-16.875 1.50003 0.999995 6.61122e-05 0 -18.75 1.50002 9.91704e-05
-16.825 1.50004 1 6.46513e-05 0 -18.6944 1.50005 9.69796e-05
-16.775 1.50005 1.00001 6.22e-05 0 -18.6389 1.50007 9.33032e-05
-16.725 1.50006 1.00002 5.87828e-05 0 -18.5833 1.50009 8.81777e-05
-16.675 1.50007 1.00003 5.44424e-05 0 -18.5278 1.50011 8.16674e-05
-16.625 1.50008 1.00004 4.92394e-05 0 -18.4722 1.50013 7.3863e-05
-16.575 1.50008 1.00004 4.32503e-05 0 -18.4167 1.50015 6.48792e-05
-16.525 1.50009 1.00005 3.65686e-05 0 -18.3611 1.50016 5.48562e-05
-16.475 1.5001 1.00005 2.9305e-05 0 -18.3056 1.50017 4.39603e-05
-16.425 1.5001 1.00006 2.15824e-05 0 -18.25 1.50018 3.23757e-05
-16.375 1.5001 1.00006 1.35292e-05 0 -18.1944 1.50019 2.02952e-05
-16.325 1.5001 1.00006 5.27888e-06 0 -18.1389 1.50019 7.91886e-06
-16.275 1.5001 1.00006 -2.99821e-06 0 -18.0833 1.50019 -4.49762e-06
-16.225 1.5001 1.00006 -1.10422e-05 0 -18.0278 1.50019 -1.65645e-05
-16.175 1.5001 1.00006 -1.87677e-05 0 -17.9722 1.50019 -2.81534e-05
-16.125 1.5001 1.00005 -2.61305e-05 0 -17.9167 1.50018 -3.91983e-05
-16.075 1.50009 1.00005 -3.30377e-05 0 -17.8611 1.50017 -4.95596e-05
-16.025 1.50009 1.00005 -3.93742e-05 0 -17.8056 1.50016 -5.90647e-05
-15.975 1.50008 1.00004 -4.5037e-05 0 -17.75 1.50014 -6.75591e-05
-15.925 1.50007 1.00003 -4.99506e-05 0 -17.6944 1.50012 -7.49296e-05
-15.875 1.50007 1.00003 -5.40664e-05 0 -17.6389 1.5001 -8.11031e-05
-15.825 1.50006 1.00002 -5.73543e-05 0 -17.5833 1.50008 -8.60347e-05
-15.775 1.50005 1.00001 -5.97969e-05 0 -17.5278 1.50006 -8.96982e-05
-15.725 1.50004 1 -6.1389e-05 0 -17.4722 1.50004 -9.20858e-05
-15.675 1.50003 0.999992 -6.21403e-05 0 -17.4167 1.50002 -9.32123e-05
-15.625 1.50002 0.999983 -6.20695e-05 0 -17.3611 1.49999 -9.31055e-05
-15.575 1.50001 0.999974 -6.1199e-05 0 -17.3056 1.49997 -9.17992e-05
-15.525 1.5 0.999966 -5.95626e-05 0 -17.25 1.49995 -8.93441e-05
-15.475 1.49999 0.999958 -5.72078e-05 0 -17.1944 1.49993 -8.58114e-05
-15.425 1.49999 0.99995 -5.41881e-05 0 -17.1389 1.49991 -8.12813e-05
-15.375 1.49998 0.999943 -5.05595e-05 0 -17.0833 1.49989 -7.58382e-05
-15.325 1.49997 0.999937 -4.63799e-05 0 -17.0278 1.49988 -6.95685e-05
-15.275 1.49996 0.999931 -4.17097e-05 0 -16.9722 1.49986 -6.2563e-05
-15.225 1.49996 0.999926 -3.6613e-05 0 -16.9167 1.49985 -5.4918e-05
-15.175 1.49995 0.999922 -3.11566e-05 0 -16.8611 1.49984 -4.67335e-05
-15.125 1.49995 0.999919 -2.54056e-05 0 -16.8056 1.49983 -3.81071e-05
-15.075 1.49995 0.999917 -1.94245e-05 0 -16.75 1.49982 -2.91357e-05
-15.025 1.49994 0.999916 -1.32666e-05 0 -16.6944 1.49982 -1.98992e-05
-14.975 1.49994 0.999916 -7.0364e-06 0 -16.6389 1.49982 -1.05542e-05
-14.925 1.49994 0.999917 -8.39136e-07 0 -16.5833 1.49982 -1.25866e-06
-14.875 1.49994 0.99992 5.33799e-06 0 -16.5278 1.49982 8.00667e-06
-14.825 1.49994 0.999923 1.13942e-05 0 -16.4722 1.49983 1.70906e-05
-14.775 1.49995 0.999927 1.73018e-05 0 -16.4167 1.49984 2.59517e-05
-14.725 1.49995 0.999933 2.30243e-05 0 -16.3611 1.49985 3.45353e-05
-14.675 1.49995 0.999939 2.84951e-05 0 -16.3056 1.49986 4.27414e-05
-14.625 1.49996 0.999946 3.36368e-05 0 -16.25 1.49988 5.04538e-05
-14.575 1.49996 0.999954 3.83708e-05 0 -16.1944 1.49989 5.75548e-05
-14.525 1.49997 0.999962 4.26148e-05 0 -16.1389 1.49991 6.39209e-05
-14.475 1.49998 0.999971 4.62838e-05 0 -16.0833 1.49993 6.94246e-05
-14.425 1.49998 0.999981 4.92977e-05 0 -16.0278 1.49996 7.39457e-05
-14.375 1.49999 0.99999 5.15864e-05 0 -15.9722 1.49998 7.73791e-05
-14.325 1.5 1 5.30887e-05 0 -15.9167 1.5 7.96331e-05
-14.275 1.50001 1.00001 5.37521e-05 0 -15.8611 1.50002 8.06286e-05
-14.225 1.50002 1.00002 5.35455e-05 0 -15.8056 1.50004 8.03191e-05
-14.175 1.50002 1.00003 5.24653e-05 0 -15.75 1.50006 7.86992e-05
-14.125 1.50003 1.00004 5.05155e-05 0 -15.6944 1.50009 7.57748e-05
-14.075 1.50004 1.00004 4.77235e-05 0 -15.6389 1.5001 7.15871e-05
-14.025 1.50005 1.00005 4.413e-05 0 -15.5833 1.50012 6.61969e-05
-13.975 1.50005 1.00006 3.97887e-05 0 -15.5278 1.50014 5.96851e-05
-13.925 1.50006 1.00006 3.47694e-05 0 -15.4722 1.50015 5.2156e-05
-13.875 1.50006 1.00006 2.91566e-05 0 -15.4167 1.50016 4.37367e-05
-13.825 1.50007 1.00007 2.30481e-05 0 -15.3611 1.50017 3.45737e-05
-13.775 1.50007 1.00007 1.65438e-05 0 -15.3056 1.50017 2.48169e-05
-13.725 1.50007 1.00007 9.82384e-06 0 -15.25 1.50017 1.47365e-05
-13.675 1.50007 1.00007 3.02129e-06 0 -15.1944 1.50017 4.53215e-06
-13.625 1.50007 1.00006 -3.80541e-06 0 -15.1389 1.50017 -5.70839e-06
-13.575 1.50007 1.00006 -1.04906e-05 0 -15.0833 1.50016 -1.57366e-05
-13.525 1.50007 1.00005 -1.69416e-05 0 -15.0278 1.50015 -2.54136e-05
-13.475 1.50006 1.00005 -2.30498e-05 0 -14.9722 1.50013 -3.45762e-05
-13.425 1.50006 1.00004 -2.8687e-05 0 -14.9167 1.50012 -4.30322e-05
-13.375 1.50006 1.00003 -3.37378e-05 0 -14.8611 1.5001 -5.06086e-05
-13.325 1.50005 1.00002 -3.81112e-05 0 -14.8056 1.50008 -5.71687e-05
-13.275 1.50004 1.00001 -4.17371e-05 0 -14.75 1.50006 -6.26076e-05
-13.225 1.50004 1 -4.45659e-05 0 -14.6944 1.50004 -6.68506e-05
-13.175 1.50003 0.999993 -4.65711e-05 0 -14.6389 1.50002 -6.9858e-05
-13.125 1.50002 0.999983 -4.77441e-05 0 -14.5833 1.5 -7.16173e-05
-13.075 1.50002 0.999973 -4.80834e-05 0 -14.5278 1.49998 -7.21258e-05
-13.025 1.50001 0.999963 -4.75887e-05 0 -14.4722 1.49995 -7.13835e-05
-12.975 1.5 0.999954 -4.62912e-05 0 -14.4167 1.49993 -6.94369e-05
-12.925 1.49999 0.999945 -4.42239e-05 0 -14.3611 1.49991 -6.63356e-05
-12.875 1.49999 0.999936 -4.1432e-05 0 -14.3056 1.49989 -6.21475e-05
-12.825 1.49998 0.999929 -3.79741e-05 0 -14.25 1.49988 -5.69605e-05
-12.775 1.49998 0.999922 -3.3919e-05 0 -14.1944 1.49986 -5.08778e-05
-12.725 1.49997 0.999916 -2.93447e-05 0 -14.1389 1.49985 -4.40163e-05
-12.675 1.49997 0.999911 -2.43395e-05 0 -14.0833 1.49984 -3.65085e-05
-12.625 1.49997 0.999906 -1.90023e-05 0 -14.0278 1.49983 -2.85027e-05
-12.575 1.49996 0.999903 -1.34388e-05 0 -13.9722 1.49982 -2.01577e-05
-12.525 1.49996 0.999901 -7.75765e-06 0 -13.9167 1.49981 -1.16362e-05
-12.475 1.49996 0.9999 -2.06539e-06 0 -13.8611 1.49981 -3.098e-06
-12.425 1.49996 0.999899 3.50772e-06 0 -13.8056 1.49981 5.26144e-06
-12.375 1.49996 0.9999 8.75516e-06 0 -13.75 1.49981 1.31324e-05
-12.325 1.49996 0.999902 1.36472e-05 0 -13.6944 1.49982 2.04704e-05
-12.275 1.49997 0.999904 1.81406e-05 0 -13.6389 1.49982 2.72103e-05
-12.225 1.49997 0.999908 2.21534e-05 0 -13.5833 1.49983 3.32294e-05
-12.175 1.49997 0.999912 2.56006e-05 0 -13.5278 1.49984 3.84001e-05
-12.125 1.49998 0.999918 2.8412e-05 0 -13.4722 1.49985 4.26174e-05
-12.075 1.49998 0.999923 3.05294e-05 0 -13.4167 1.49987 4.57935e-05
-12.025 1.49999 0.99993 3.18994e-05 0 -13.3611 1.49988 4.78487e-05
-11.975 1.49999 0.999937 3.24771e-05 0 -13.3056 1.4999 4.87154e-05
-11.925 1.5 0.999944 3.22181e-05 0 -13.25 1.49991 4.8327e-05
-11.875 1.5 0.999952 3.10904e-05 0 -13.1944 1.49993 4.66356e-05
-11.825 1.50001 0.999959 2.90689e-05 0 -13.1389 1.49994 4.36036e-05
-11.775 1.50001 0.999967 2.61468e-05 0 -13.0833 1.49996 3.92204e-05
-11.725 1.50001 0.999974 2.23304e-05 0 -13.0278 1.49997 3.34959e-05
-11.675 1.50002 0.999981 1.76466e-05 0 -12.9722 1.49999 2.64701e-05
-11.625 1.50002 0.999987 1.21374e-05 0 -12.9167 1.5 1.82063e-05
-11.575 1.50002 0.999993 5.86302e-06 0 -12.8611 1.50001 8.79464e-06
-11.525 1.50002 0.999998 -1.09946e-06 0 -12.8056 1.50002 -1.64921e-06
-11.475 1.50002 1 -8.63146e-06 0 -12.75 1.50002 -1.29473e-05
-11.425 1.50002 1 -1.66085e-05 0 -12.6944 1.50002 -2.4913e-05
-11.375 1.50001 1.00001 -2.49729e-05 0 -12.6389 1.50002 -3.74596e-05
-11.325 1.50001 1.00001 -3.36158e-05 0 -12.5833 1.50002 -5.0424e-05
-11.275 1.5 1 -4.23444e-05 0 -12.5278 1.50001 -6.35167e-05
-11.225 1.5 1 -5.11079e-05 0 -12.4722 1.5 -7.66616e-05
-11.175 1.49999 0.999997 -5.98049e-05 0 -12.4167 1.49998 -8.97066e-05
-11.125 1.49998 0.999992 -6.83376e-05 0 -12.3611 1.49997 -0.000102505
-11.075 1.49997 0.999985 -7.661e-05 0 -12.3056 1.49995 -0.000114913
-11.025 1.49996 0.999976 -8.45329e-05 0 -12.25 1.49992 -0.000126796
-10.975 1.49994 0.999967 -9.20295e-05 0 -12.1944 1.49989 -0.000138039
-10.925 1.49993 0.999956 -9.9039e-05 0 -12.1389 1.49986 -0.000148551
-10.875 1.49991 0.999944 -0.000105518 0 -12.0833 1.49983 -0.000158268
-10.825 1.4999 0.999931 -0.000111439 0 -12.0278 1.49979 -0.000167147
-10.775 1.49988 0.999917 -0.000116795 0 -11.9722 1.49975 -0.000175178
-10.725 1.49986 0.999903 -0.000121595 0 -11.9167 1.49971 -0.000182376
-10.675 1.49984 0.999888 -0.000125872 0 -11.8611 1.49967 -0.000188788
-10.625 1.49982 0.999872 -0.000129675 0 -11.8056 1.49963 -0.000194489
-10.575 1.4998 0.999856 -0.000133072 0 -11.75 1.49959 -0.000199582
-10.525 1.49978 0.99984 -0.00013615 0 -11.6944 1.49954 -0.000204195
-10.475 1.49976 0.999824 -0.000139009 0 -11.6389 1.4995 -0.00020848
-10.425 1.49974 0.999808 -0.000141764 0 -11.5833 1.49945 -0.00021261
-10.375 1.49972 0.999792 -0.000144539 0 -11.5278 1.49941 -0.000216768
-10.325 1.4997 0.999776 -0.000147468 0 -11.4722 1.49936 -0.000221157
-10.275 1.49967 0.99976 -0.000150696 0 -11.4167 1.49931 -0.000225995
-10.225 1.49965 0.999744 -0.000154372 0 -11.3611 1.49927 -0.000231504
-10.175 1.49963 0.999728 -0.000158646 0 -11.3056 1.49922 -0.000237911
-10.125 1.4996 0.999713 -0.000163669 0 -11.25 1.49917 -0.000245439
-10.075 1.49958 0.999697 -0.000169587 0 -11.1944 1.49912 -0.000254309
-10.025 1.49955 0.999681 -0.000176543 0 -11.1389 1.49908 -0.000264735
-9.975 1.49953 0.999665 -0.000184683 0 -11.0833 1.49902 -0.000276937
-9.925 1.4995 0.999648 -0.000194152 0 -11.0278 1.49897 -0.000291131
-9.875 1.49947 0.999631 -0.000205094 0 -10.9722 1.49892 -0.000307532
-9.825 1.49944 0.999613 -0.000217652 0 -10.9167 1.49886 -0.000326355
-9.775 1.4994 0.999594 -0.000231969 0 -10.8611 1.49879 -0.000347815
-9.725 1.49937 0.999573 -0.00024819 0 -10.8056 1.49873 -0.000372127
-9.675 1.49933 0.999551 -0.00026646 0 -10.75 1.49866 -0.000399511
-9.625 1.49929 0.999527 -0.000286927 0 -10.6944 1.49858 -0.000430186
-9.575 1.49924 0.999501 -0.000309738 0 -10.6389 1.49849 -0.000464373
-9.525 1.49919 0.999472 -0.000335041 0 -10.5833 1.4984 -0.000502292
-9.475 1.49914 0.999441 -0.000362983 0 -10.5278 1.4983 -0.000544163
-9.425 1.49908 0.999406 -0.000393709 0 -10.4722 1.49819 -0.000590203
-9.375 1.49902 0.999367 -0.00042736 0 -10.4167 1.49807 -0.000640623
-9.325 1.49896 0.999325 -0.000464076 0 -10.3611 1.49794 -0.000695629
-9.275 1.49888 0.999278 -0.00050399 0 -10.3056 1.4978 -0.000755423
-9.225 1.4988 0.999227 -0.000547236 0 -10.25 1.49764 -0.000820199
-9.175 1.49872 0.99917 -0.000593941 0 -10.1944 1.49747 -0.00089015
-9.125 1.49862 0.999108 -0.000644236 0 -10.1389 1.49729 -0.000965468
-9.075 1.49852 0.99904 -0.000698251 0 -10.0833 1.49709 -0.00104635
-9.025 1.49841 0.998966 -0.000756124 0 -10.0278 1.49687 -0.00113299
-8.975 1.4983 0.998885 -0.000817998 0 -9.97222 1.49663 -0.0012256
-8.925 1.49817 0.998797 -0.000884031 0 -9.91667 1.49637 -0.00132443
-8.875 1.49803 0.998702 -0.000954399 0 -9.86111 1.49609 -0.00142972
-8.825 1.49788 0.998599 -0.0010293 0 -9.80556 1.49578 -0.00154177
-8.775 1.49772 0.998487 -0.00110895 0 -9.75 1.49546 -0.0016609
-8.725 1.49755 0.998367 -0.0011936 0 -9.69444 1.4951 -0.00178748
-8.675 1.49736 0.998238 -0.00128355 0 -9.63889 1.49473 -0.00192194
-8.625 1.49716 0.998099 -0.00137911 0 -9.58333 1.49432 -0.00206476
-8.575 1.49695 0.99795 -0.00148067 0 -9.52778 1.49388 -0.00221649
-8.525 1.49672 0.99779 -0.00158864 0 -9.47222 1.49341 -0.00237775
-8.475 1.49647 0.997619 -0.00170349 0 -9.41667 1.49291 -0.00254923
-8.425 1.49621 0.997436 -0.00182575 0 -9.36111 1.49237 -0.0027317
-8.375 1.49593 0.997241 -0.00195601 0 -9.30556 1.4918 -0.00292604
-8.325 1.49562 0.997032 -0.00209491 0 -9.25 1.49118 -0.00313319
-8.275 1.4953 0.996809 -0.00224316 0 -9.19444 1.49053 -0.00335419
-8.225 1.49495 0.996571 -0.00240155 0 -9.13889 1.48982 -0.00359019
-8.175 1.49458 0.996316 -0.0025709 0 -9.08333 1.48907 -0.00384242
-8.125 1.49418 0.996045 -0.00275214 0 -9.02778 1.48827 -0.00411219
-8.075 1.49375 0.995755 -0.00294624 0 -8.97222 1.48741 -0.00440095
-8.025 1.4933 0.995445 -0.00315425 0 -8.91667 1.48649 -0.00471022
-7.975 1.49281 0.995115 -0.0033773 0 -8.86111 1.48551 -0.00504165
-7.925 1.49228 0.994761 -0.00361659 0 -8.80556 1.48447 -0.00539698
-7.875 1.49172 0.994383 -0.00387339 0 -8.75 1.48335 -0.00577803
-7.825 1.49113 0.993978 -0.00414906 0 -8.69444 1.48215 -0.00618678
-7.775 1.49048 0.993545 -0.00444504 0 -8.63889 1.48086 -0.00662527
-7.725 1.4898 0.993082 -0.00476286 0 -8.58333 1.47949 -0.00709568
-7.675 1.48906 0.992585 -0.0051041 0 -8.52778 1.47802 -0.00760031
-7.625 1.48827 0.992053 -0.00547046 0 -8.47222 1.47644 -0.00814153
-7.575 1.48743 0.991482 -0.00586371 0 -8.41667 1.47476 -0.00872184
-7.525 1.48652 0.990871 -0.00628572 0 -8.36111 1.47295 -0.00934387
-7.475 1.48555 0.990214 -0.00673847 0 -8.30556 1.47102 -0.0100104
-7.425 1.48452 0.98951 -0.00722403 0 -8.25 1.46894 -0.0107242
-7.375 1.4834 0.988755 -0.00774458 0 -8.19444 1.46672 -0.0114883
-7.325 1.48221 0.987944 -0.0083024 0 -8.13889 1.46434 -0.0123059
-7.275 1.48094 0.987074 -0.00889988 0 -8.08333 1.46179 -0.0131802
-7.225 1.47957 0.98614 -0.00953958 0 -8.02778 1.45906 -0.0141145
-7.175 1.47811 0.985138 -0.0102242 0 -7.97222 1.45614 -0.0151124
-7.125 1.47654 0.984062 -0.0109564 0 -7.91667 1.45301 -0.0161776
-7.075 1.47486 0.982908 -0.0117392 0 -7.86111 1.44965 -0.0173138
-7.025 1.47307 0.98167 -0.0125757 0 -7.80556 1.44607 -0.0185248
-6.975 1.47115 0.980342 -0.013469 0 -7.75 1.44223 -0.0198148
-6.925 1.46909 0.978917 -0.0144224 0 -7.69444 1.43812 -0.0211878
-6.875 1.4669 0.977389 -0.0154395 0 -7.63889 1.43373 -0.0226481
-6.825 1.46455 0.975751 -0.0165238 0 -7.58333 1.42903 -0.0241999
-6.775 1.46204 0.973994 -0.017679 0 -7.52778 1.42402 -0.0258475
-6.725 1.45936 0.972112 -0.018909 0 -7.47222 1.41867 -0.0275951
-6.675 1.45651 0.970095 -0.0202177 0 -7.41667 1.41295 -0.0294472
-6.625 1.45346 0.967935 -0.0216093 0 -7.36111 1.40685 -0.0314081
-6.575 1.45021 0.965621 -0.0230878 0 -7.30556 1.40035 -0.0334821
-6.525 1.44674 0.963143 -0.0246574 0 -7.25 1.39342 -0.035673
-6.475 1.44305 0.960491 -0.0263224 0 -7.19444 1.38604 -0.0379847
-6.425 1.43913 0.957654 -0.0280869 0 -7.13889 1.37818 -0.0404206
-6.375 1.43495 0.954618 -0.0299552 0 -7.08333 1.36983 -0.0429842
-6.325 1.43051 0.951373 -0.0319314 0 -7.02778 1.36094 -0.0456781
-6.275 1.42579 0.947903 -0.0340195 0 -6.97222 1.35151 -0.0485045
-6.225 1.42078 0.944195 -0.0362229 0 -6.91667 1.34149 -0.0514647
-6.175 1.41547 0.940234 -0.038545 0 -6.86111 1.33087 -0.0545592
-6.125 1.40984 0.936006 -0.0409888 0 -6.80556 1.31962 -0.0577876
-6.075 1.40388 0.931492 -0.0435568 0 -6.75 1.3077 -0.0611486
-6.025 1.39758 0.926678 -0.0462509 0 -6.69444 1.29511 -0.0646393
-5.975 1.39092 0.921545 -0.0490718 0 -6.63889 1.2818 -0.0682549
-5.925 1.38389 0.916076 -0.0520191 0 -6.58333 1.26775 -0.071989
-5.875 1.37649 0.910251 -0.0550917 0 -6.52778 1.25295 -0.075833
-5.825 1.36869 0.904053 -0.058287 0 -6.47222 1.23737 -0.0797767
-5.775 1.36049 0.897461 -0.0616007 0 -6.41667 1.22099 -0.0838073
-5.725 1.35189 0.890456 -0.0650266 0 -6.36111 1.2038 -0.0879087
-5.675 1.34287 0.88302 -0.0685559 0 -6.30556 1.18578 -0.0920615
-5.625 1.33343 0.875133 -0.0721772 0 -6.25 1.16693 -0.0962434
-5.575 1.32358 0.866777 -0.0758769 0 -6.19444 1.14725 -0.100429
-5.525 1.3133 0.857932 -0.0796384 0 -6.13889 1.12673 -0.104589
-5.475 1.30262 0.848585 -0.0834413 0 -6.08333 1.10538 -0.108692
-5.425 1.29152 0.83872 -0.0872608 0 -6.02778 1.08323 -0.112699
-5.375 1.28003 0.828323 -0.0910676 0 -5.97222 1.06028 -0.11657
-5.325 1.26816 0.817383 -0.0948282 0 -5.91667 1.03657 -0.120258
-5.275 1.25593 0.805894 -0.0985054 0 -5.86111 1.01214 -0.123716
-5.225 1.24336 0.793854 -0.102057 0 -5.80556 0.987043 -0.126893
-5.175 1.23048 0.781267 -0.105433 0 -5.75 0.961333 -0.129733
-5.125 1.21733 0.768144 -0.108581 0 -5.69444 0.935089 -0.13218
-5.075 1.20396 0.754503 -0.111441 0 -5.63889 0.908393 -0.13417
-5.025 1.19041 0.740367 -0.113948 0 -5.58333 0.881343 -0.135645
-4.975 1.17674 0.725772 -0.116036 0 -5.52778 0.854047 -0.136544
-4.925 1.16302 0.710767 -0.117634 0 -5.47222 0.826636 -0.13681
-4.875 1.14933 0.69541 -0.118665 0 -5.41667 0.799257 -0.136385
-4.825 1.13574 0.679785 -0.119048 0 -5.36111 0.772059 -0.135208
-4.775 1.12233 0.663998 -0.11871 0 -5.30556 0.745225 -0.133232
-4.725 1.10917 0.648146 -0.117582 0 -5.25 0.718905 -0.130418
-4.675 1.09635 0.632321 -0.11559 0 -5.19444 0.693245 -0.126727
-4.625 1.08395 0.616654 -0.112669 0 -5.13889 0.668423 -0.122128
-4.575 1.07206 0.601287 -0.108769 0 -5.08333 0.644617 -0.116607
-4.525 1.06077 0.586374 -0.10385 0 -5.02778 0.622011 -0.110162
-4.475 1.05018 0.572079 -0.0978951 0 -4.97222 0.600786 -0.102807
-4.425 1.04037 0.558575 -0.0909047 0 -4.91667 0.581122 -0.0945742
-4.375 1.03142 0.546035 -0.0828996 0 -4.86111 0.563192 -0.0855043
-4.325 1.02342 0.534634 -0.0739215 0 -4.80556 0.547155 -0.0756529
-4.275 1.01644 0.524535 -0.0640373 0 -4.75 0.533161 -0.0650904
-4.225 1.01056 0.515894 -0.0533402 0 -4.69444 0.52134 -0.0539033
-4.175 1.00581 0.508849 -0.0419473 0 -4.63889 0.511806 -0.0421911
-4.125 1.00226 0.503516 -0.0299945 0 -4.58333 0.504654 -0.0300623
-4.075 0.999928 0.499988 -0.0176364 0 -4.52778 0.499952 -0.0176351
-4.025 0.998901 0.498328 -0.00503055 0 -4.47222 0.497781 -0.00502503
-3.975 0.998805 0.498564 0.00760179 0 -4.41667 0.497968 0.00759271
-3.925 0.999803 0.50068 0.0199919 0 -4.36111 0.500582 0.0199879
-3.875 1.00245 0.504632 0.0320735 0 -4.30556 0.505866 0.0321519
-3.825 1.00641 0.51035 0.0437327 0 -4.25 0.513623 0.0440132
-3.775 1.01149 0.517739 0.0548233 0 -4.19444 0.52369 0.0554534
-3.725 1.01766 0.526678 0.0652092 0 -4.13889 0.535981 0.066361
-3.675 1.02491 0.537027 0.0747824 0 -4.08333 0.550402 0.0766448
-3.625 1.03315 0.548631 0.0834597 0 -4.02778 0.566819 0.0862266
-3.575 1.04232 0.561323 0.0911813 0 -3.97222 0.585079 0.0950402
-3.525 1.05233 0.574933 0.0979107 0 -3.91667 0.605019 0.103034
-3.475 1.06309 0.589289 0.103634 0 -3.86111 0.62647 0.110172
-3.425 1.07453 0.604224 0.108354 0 -3.80556 0.649255 0.116429
-3.375 1.08654 0.619581 0.112094 0 -3.75 0.673198 0.121794
-3.325 1.09904 0.635211 0.114891 0 -3.69444 0.698119 0.12627
-3.275 1.11194 0.650976 0.116799 0 -3.63889 0.723845 0.129873
-3.225 1.12516 0.666752 0.117876 0 -3.58333 0.750206 0.13263
-3.175 1.1386 0.682417 0.118181 0 -3.52778 0.776998 0.134561
-3.125 1.15214 0.697854 0.117786 0 -3.47222 0.804023 0.135706
-3.075 1.16572 0.713001 0.116767 0 -3.41667 0.831162 0.136118
-3.025 1.17929 0.727808 0.115196 0 -3.36111 0.8583 0.13585
-2.975 1.1928 0.742219 0.113143 0 -3.30556 0.885315 0.134956
-2.925 1.20618 0.756187 0.110675 0 -3.25 0.912096 0.133494
-2.875 1.21939 0.769676 0.107861 0 -3.19444 0.938535 0.131525
-2.825 1.23238 0.78266 0.104762 0 -3.13889 0.964539 0.129108
-2.775 1.24512 0.795123 0.101437 0 -3.08333 0.990023 0.126301
-2.725 1.25756 0.807054 0.0979374 0 -3.02778 1.01492 0.123162
-2.675 1.26967 0.818448 0.0943104 0 -2.97222 1.03916 0.119743
-2.625 1.28143 0.829306 0.0905986 0 -2.91667 1.0627 0.116096
-2.575 1.29283 0.839632 0.0868399 0 -2.86111 1.0855 0.112269
-2.525 1.30383 0.849437 0.0830669 0 -2.80556 1.10752 0.108305
-2.475 1.31443 0.858729 0.0793079 0 -2.75 1.12874 0.104245
-2.425 1.32462 0.867523 0.0755871 0 -2.69444 1.14914 0.100124
-2.375 1.3344 0.875834 0.0719247 0 -2.63889 1.16872 0.0959767
-2.325 1.34377 0.883679 0.0683381 0 -2.58333 1.18746 0.0918306
-2.275 1.35272 0.891077 0.064841 0 -2.52778 1.20538 0.0877118
-2.225 1.36126 0.898046 0.0614444 0 -2.47222 1.22248 0.0836421
-2.175 1.3694 0.904606 0.0581568 0 -2.41667 1.23877 0.0796402
-2.125 1.37715 0.910776 0.0549847 0 -2.36111 1.25427 0.075722
-2.075 1.38451 0.916574 0.0519326 0 -2.30556 1.269 0.0719009
-2.025 1.39149 0.922019 0.0490034 0 -2.25 1.28298 0.0681877
-1.975 1.3981 0.927129 0.0461987 0 -2.19444 1.29622 0.0645906
-1.925 1.40437 0.931923 0.0435186 0 -2.13889 1.30876 0.0611162
-1.875 1.41029 0.936416 0.0409626 0 -2.08333 1.32062 0.0577693
-1.825 1.41589 0.940627 0.0385292 0 -2.02778 1.33182 0.0545531
-1.775 1.42117 0.94457 0.0362161 0 -1.97222 1.3424 0.0514693
-1.725 1.42615 0.948262 0.0340206 0 -1.91667 1.35237 0.0485186
-1.675 1.43085 0.951717 0.0319395 0 -1.86111 1.36176 0.0457006
-1.625 1.43527 0.954948 0.0299694 0 -1.80556 1.37061 0.0430142
-1.575 1.43943 0.95797 0.0281065 0 -1.75 1.37893 0.0404572
-1.525 1.44334 0.960794 0.0263468 0 -1.69444 1.38675 0.0380273
-1.475 1.44701 0.963434 0.0246864 0 -1.63889 1.3941 0.0357214
-1.425 1.45046 0.9659 0.023121 0 -1.58333 1.401 0.0335361
-1.375 1.4537 0.968203 0.0216466 0 -1.52778 1.40748 0.0314676
-1.325 1.45674 0.970353 0.020259 0 -1.47222 1.41355 0.029512
-1.275 1.45959 0.972361 0.0189542 0 -1.41667 1.41924 0.0276653
-1.225 1.46225 0.974235 0.0177282 0 -1.36111 1.42458 0.0259231
-1.175 1.46476 0.975984 0.016577 0 -1.30556 1.42958 0.0242812
-1.125 1.4671 0.977616 0.0154968 0 -1.25 1.43426 0.0227353
-1.075 1.46929 0.979139 0.0144839 0 -1.19444 1.43864 0.021281
-1.025 1.47134 0.98056 0.0135346 0 -1.13889 1.44274 0.019914
-0.975 1.47326 0.981886 0.0126455 0 -1.08333 1.44657 0.0186301
-0.925 1.47506 0.983123 0.0118132 0 -1.02778 1.45016 0.0174251
-0.875 1.47674 0.984277 0.0110344 0 -0.972222 1.45352 0.0162949
-0.825 1.47831 0.985354 0.0103061 0 -0.916667 1.45666 0.0152355
-0.775 1.47977 0.986359 0.00962516 0 -0.861111 1.45959 0.0142431
-0.725 1.48115 0.987297 0.00898882 0 -0.805556 1.46233 0.0133138
-0.675 1.48243 0.988172 0.0083943 0 -0.75 1.4649 0.012444
-0.625 1.48363 0.988989 0.00783896 0 -0.694444 1.46729 0.0116301
-0.575 1.48475 0.989752 0.00732032 0 -0.638889 1.46953 0.0108689
-0.525 1.4858 0.990464 0.00683599 0 -0.583333 1.47163 0.0101569
-0.475 1.48678 0.991129 0.00638371 0 -0.527778 1.47359 0.00949115
-0.425 1.48769 0.991751 0.00596133 0 -0.472222 1.47542 0.00886861
-0.375 1.48855 0.992331 0.00556682 0 -0.416667 1.47713 0.00828647
-0.325 1.48934 0.992873 0.00519829 0 -0.361111 1.47873 0.00774204
-0.275 1.49009 0.993379 0.00485392 0 -0.305556 1.48022 0.00723278
-0.225 1.49079 0.993852 0.00453204 0 -0.25 1.48162 0.00675631
-0.175 1.49144 0.994294 0.00423109 0 -0.194444 1.48293 0.0063104
-0.125 1.49204 0.994706 0.0039496 0 -0.138889 1.48415 0.00589298
-0.075 1.49261 0.995092 0.00368624 0 -0.0833333 1.48529 0.00550212
-0.025 1.49314 0.995451 0.00343974 0 -0.0277778 1.48635 0.00513603
0.025 1.49364 0.995786 0.00320899 0 0.0277778 1.48734 0.00479306
0.075 1.4941 0.996099 0.00299292 0 0.0833333 1.48827 0.00447171
0.125 1.49453 0.99639 0.00279058 0 0.138889 1.48913 0.0041706
0.175 1.49493 0.996662 0.00260109 0 0.194444 1.48994 0.00388845
0.225 1.4953 0.996914 0.00242365 0 0.25 1.49069 0.00362409
0.275 1.49565 0.997149 0.00225752 0 0.305556 1.49139 0.00337646
0.325 1.49598 0.997367 0.00210202 0 0.361111 1.49204 0.00314458
0.375 1.49628 0.99757 0.00195655 0 0.416667 1.49264 0.00292754
0.425 1.49656 0.997758 0.00182052 0 0.472222 1.49321 0.00272452
0.475 1.49682 0.997932 0.00169342 0 0.527778 1.49373 0.00253475
0.525 1.49707 0.998093 0.00157476 0 0.583333 1.49421 0.00235752
0.575 1.49729 0.998243 0.00146409 0 0.638889 1.49466 0.00219218
0.625 1.4975 0.998381 0.001361 0 0.694444 1.49508 0.0020381
0.675 1.4977 0.998509 0.00126508 0 0.75 1.49547 0.00189471
0.725 1.49788 0.998628 0.00117596 0 0.805556 1.49583 0.00176144
0.775 1.49805 0.998738 0.00109327 0 0.861111 1.49616 0.00163777
0.825 1.49821 0.99884 0.00101666 0 0.916667 1.49647 0.00152317
0.875 1.49835 0.998934 0.000945802 0 0.972222 1.49676 0.00141715
0.925 1.49849 0.999022 0.000880349 0 1.02778 1.49703 0.0013192
0.975 1.49862 0.999104 0.000819977 0 1.08333 1.49728 0.00122883
1.025 1.49874 0.99918 0.000764362 0 1.13889 1.49751 0.00114558
1.075 1.49885 0.999252 0.000713185 0 1.19444 1.49773 0.00106895
1.125 1.49895 0.999319 0.00066613 0 1.25 1.49793 0.000998495
1.175 1.49905 0.999382 0.000622887 0 1.30556 1.49812 0.000933735
1.225 1.49914 0.999442 0.000583148 0 1.36111 1.4983 0.000874218
1.275 1.49922 0.999498 0.000546612 0 1.41667 1.49847 0.000819492
1.325 1.4993 0.999551 0.000512983 0 1.47222 1.49863 0.000769115
1.375 1.49937 0.999602 0.00048197 0 1.52778 1.49878 0.000722653
1.425 1.49944 0.99965 0.000453294 0 1.58333 1.49892 0.000679688
1.475 1.49951 0.999696 0.000426682 0 1.63889 1.49905 0.000639814
1.525 1.49957 0.99974 0.000401879 0 1.69444 1.49918 0.000602646
1.575 1.49963 0.999781 0.00037864 0 1.75 1.4993 0.00056782
1.625 1.49968 0.999821 0.000356742 0 1.80556 1.49942 0.000535
1.675 1.49974 0.999858 0.000335979 0 1.86111 1.49952 0.00050388
1.725 1.49979 0.999894 0.000316169 0 1.91667 1.49963 0.000474186
1.775 1.49983 0.999928 0.000297155 0 1.97222 1.49972 0.000445683
1.825 1.49987 0.999959 0.000278806 0 2.02778 1.49981 0.000418175
1.875 1.49991 0.999989 0.000261021 0 2.08333 1.4999 0.000391509
1.925 1.49995 1.00002 0.000243724 0 2.13889 1.49998 0.000365575
1.975 1.49999 1.00004 0.000226872 0 2.19444 1.50005 0.000340305
2.025 1.50002 1.00007 0.000210444 0 2.25 1.50012 0.000315671
2.075 1.50005 1.00009 0.000194446 0 2.30556 1.50018 0.000291678
2.125 1.50008 1.00011 0.000178901 0 2.36111 1.50024 0.000268366
2.175 1.5001 1.00012 0.000163855 0 2.41667 1.50029 0.000245799
2.225 1.50013 1.00014 0.000149362 0 2.47222 1.50034 0.000224062
2.275 1.50015 1.00015 0.000135492 0 2.52778 1.50038 0.000203259
2.325 1.50017 1.00016 0.00012232 0 2.58333 1.50041 0.000183501
2.375 1.50018 1.00017 0.000109923 0 2.63889 1.50045 0.000164904
2.425 1.5002 1.00018 9.83747e-05 0 2.69444 1.50047 0.000147582
2.475 1.50021 1.00019 8.77437e-05 0 2.75 1.5005 0.000131634
2.525 1.50023 1.0002 7.80856e-05 0 2.80556 1.50052 0.000117146
2.575 1.50024 1.0002 6.94414e-05 0 2.86111 1.50054 0.000104179
2.625 1.50025 1.0002 6.18337e-05 0 2.91667 1.50055 9.27658e-05
2.675 1.50026 1.00021 5.52647e-05 0 2.97222 1.50057 8.29112e-05
2.725 1.50026 1.00021 4.97152e-05 0 3.02778 1.50058 7.45859e-05
2.775 1.50027 1.00021 4.51453e-05 0 3.08333 1.50059 6.77302e-05
2.825 1.50028 1.00021 4.14956e-05 0 3.13889 1.5006 6.22548e-05
2.875 1.50028 1.00021 3.86847e-05 0 3.19444 1.5006 5.8038e-05
2.925 1.50029 1.00022 3.66056e-05 0 3.25 1.50061 5.4919e-05
2.975 1.50029 1.00022 3.51465e-05 0 3.30556 1.50062 5.27301e-05
3.025 1.5003 1.00022 3.41893e-05 0 3.36111 1.50063 5.12943e-05
3.075 1.5003 1.00022 3.36097e-05 0 3.41667 1.50064 5.04248e-05
3.125 1.50031 1.00023 3.32805e-05 0 3.47222 1.50065 4.9931e-05
3.175 1.50031 1.00023 3.30756e-05 0 3.52778 1.50066 4.96239e-05
3.225 1.50032 1.00023 3.28753e-05 0 3.58333 1.50067 4.93234e-05
3.275 1.50032 1.00024 3.25699e-05 0 3.63889 1.50068 4.88654e-05
3.325 1.50033 1.00024 3.20606e-05 0 3.69444 1.50069 4.81014e-05
3.375 1.50033 1.00025 3.1263e-05 0 3.75 1.50071 4.6905e-05
3.425 1.50034 1.00025 3.01075e-05 0 3.80556 1.50072 4.51714e-05
3.475 1.50034 1.00026 2.85398e-05 0 3.86111 1.50073 4.28195e-05
3.525 1.50035 1.00026 2.65178e-05 0 3.91667 1.50074 3.97859e-05
3.575 1.50035 1.00027 2.401e-05 0 3.97222 1.50076 3.60235e-05
3.625 1.50035 1.00028 2.10153e-05 0 4.02778 1.50077 3.15304e-05
3.675 1.50036 1.00028 1.75503e-05 0 4.08333 1.50078 2.63317e-05
3.725 1.50036 1.00028 1.36466e-05 0 4.13889 1.50079 2.04747e-05
3.775 1.50036 1.00029 9.35035e-06 0 4.19444 1.50079 1.40289e-05
3.825 1.50036 1.00029 4.72453e-06 0 4.25 1.5008 7.08851e-06
3.875 1.50036 1.00029 -1.58211e-07 0 4.30556 1.5008 -2.37374e-07
3.925 1.50036 1.00029 -5.19532e-06 0 4.36111 1.5008 -7.79486e-06
3.975 1.50036 1.00029 -1.02548e-05 0 4.41667 1.5008 -1.53858e-05
4.025 1.50036 1.00029 -1.52558e-05 0 4.47222 1.5008 -2.28891e-05
4.075 1.50036 1.00029 -2.01688e-05 0 4.52778 1.50079 -3.02604e-05
4.125 1.50035 1.00029 -2.49179e-05 0 4.58333 1.50078 -3.73856e-05
4.175 1.50035 1.00028 -2.94233e-05 0 4.63889 1.50077 -4.41453e-05
4.225 1.50034 1.00027 -3.36093e-05 0 4.69444 1.50076 -5.04254e-05
4.275 1.50034 1.00027 -3.74089e-05 0 4.75 1.50074 -5.6126e-05
4.325 1.50033 1.00026 -4.07661e-05 0 4.80556 1.50072 -6.11627e-05
4.375 1.50033 1.00025 -4.3635e-05 0 4.86111 1.50071 -6.54668e-05
4.425 1.50032 1.00024 -4.59807e-05 0 4.91667 1.50069 -6.89858e-05
4.475 1.50031 1.00024 -4.77825e-05 0 4.97222 1.50067 -7.16887e-05
4.525 1.5003 1.00023 -4.90398e-05 0 5.02778 1.50064 -7.35747e-05
4.575 1.5003 1.00022 -4.97709e-05 0 5.08333 1.50062 -7.46712e-05
4.625 1.50029 1.00021 -5.00032e-05 0 5.13889 1.5006 -7.50193e-05
4.675 1.50028 1.0002 -4.9791e-05 0 5.19444 1.50058 -7.47006e-05
4.725 1.50027 1.00019 -4.92097e-05 0 5.25 1.50056 -7.38281e-05
4.775 1.50027 1.00018 -4.83327e-05 0 5.30556 1.50054 -7.2512e-05
4.825 1.50026 1.00018 -4.72434e-05 0 5.36111 1.50053 -7.08773e-05
4.875 1.50025 1.00017 -4.60337e-05 0 5.41667 1.50051 -6.90621e-05
4.925 1.50025 1.00017 -4.47998e-05 0 5.47222 1.50049 -6.72107e-05
4.975 1.50024 1.00016 -4.36379e-05 0 5.52778 1.50048 -6.54674e-05
5.025 1.50023 1.00016 -4.26434e-05 0 5.58333 1.50047 -6.3975e-05
5.075 1.50023 1.00015 -4.19075e-05 0 5.63889 1.50045 -6.28708e-05
5.125 1.50022 1.00015 -4.15146e-05 0 5.69444 1.50044 -6.2281e-05
5.175 1.50021 1.00014 -4.15333e-05 0 5.75 1.50043 -6.23089e-05
5.225 1.50021 1.00014 -4.20073e-05 0 5.80556 1.50042 -6.30198e-05
5.275 1.5002 1.00014 -4.29708e-05 0 5.86111 1.50041 -6.44649e-05
5.325 1.5002 1.00013 -4.44345e-05 0 5.91667 1.5004 -6.66605e-05
5.375 1.50019 1.00013 -4.63955e-05 0 5.97222 1.50038 -6.9602e-05
5.425 1.50018 1.00013 -4.88359e-05 0 6.02778 1.50037 -7.32628e-05
5.475 1.50017 1.00012 -5.17186e-05 0 6.08333 1.50036 -7.75869e-05
5.525 1.50017 1.00012 -5.49875e-05 0 6.13889 1.50034 -8.24904e-05
5.575 1.50016 1.00011 -5.85703e-05 0 6.19444 1.50032 -8.78647e-05
5.625 1.50015 1.00011 -6.23796e-05 0 6.25 1.50031 -9.35787e-05
5.675 1.50014 1.0001 -6.63138e-05 0 6.30556 1.50029 -9.94799e-05
5.725 1.50013 1.00009 -7.02584e-05 0 6.36111 1.50026 -0.000105397
5.775 1.50012 1.00008 -7.40909e-05 0 6.41667 1.50024 -0.000111145
5.825 1.50011 1.00007 -7.76904e-05 0 6.47222 1.50021 -0.000116544
5.875 1.50009 1.00006 -8.09399e-05 0 6.52778 1.50019 -0.000121418
5.925 1.50008 1.00005 -8.373e-05 0 6.58333 1.50016 -0.000125602
5.975 1.50007 1.00004 -8.5964e-05 0 6.63889 1.50013 -0.000128952
6.025 1.50006 1.00003 -8.75637e-05 0 6.69444 1.5001 -0.00013135
6.075 1.50004 1.00002 -8.84743e-05 0 6.75 1.50007 -0.000132715
6.125 1.50003 1 -8.86653e-05 0 6.80556 1.50004 -0.000133001
6.175 1.50002 0.999992 -8.81195e-05 0 6.86111 1.5 -0.000132181
6.225 1.5 0.999979 -8.68378e-05 0 6.91667 1.49997 -0.000130257
6.275 1.49999 0.999967 -8.48368e-05 0 6.97222 1.49994 -0.000127254
6.325 1.49998 0.999955 -8.21642e-05 0 7.02778 1.49991 -0.000123244
6.375 1.49997 0.999943 -7.8888e-05 0 7.08333 1.49988 -0.000118329
6.425 1.49995 0.999931 -7.50918e-05 0 7.13889 1.49985 -0.000112634
6.475 1.49994 0.999921 -7.08721e-05 0 7.19444 1.49982 -0.000106304
6.525 1.49993 0.99991 -6.6336e-05 0 7.25 1.4998 -9.94996e-05
6.575 1.49992 0.999901 -6.15978e-05 0 7.30556 1.49977 -9.2392e-05
6.625 1.49991 0.999892 -5.6774e-05 0 7.36111 1.49975 -8.51562e-05
6.675 1.49991 0.999884 -5.19797e-05 0 7.41667 1.49973 -7.79647e-05
6.725 1.4999 0.999877 -4.73266e-05 0 7.47222 1.49971 -7.09851e-05
6.775 1.49989 0.99987 -4.29174e-05 0 7.52778 1.4997 -6.43715e-05
6.825 1.49989 0.999865 -3.8843e-05 0 7.58333 1.49968 -5.826e-05
6.875 1.49988 0.99986 -3.51787e-05 0 7.63889 1.49967 -5.27638e-05
6.925 1.49988 0.999855 -3.19815e-05 0 7.69444 1.49966 -4.79683e-05
6.975 1.49987 0.999851 -2.92869e-05 0 7.75 1.49965 -4.39266e-05
7.025 1.49987 0.999848 -2.7106e-05 0 7.80556 1.49964 -4.06554e-05
7.075 1.49986 0.999845 -2.54251e-05 0 7.86111 1.49963 -3.81342e-05
7.125 1.49986 0.999843 -2.42079e-05 0 7.91667 1.49962 -3.63084e-05
7.175 1.49986 0.99984 -2.33972e-05 0 7.97222 1.49962 -3.50925e-05
7.225 1.49985 0.999838 -2.29172e-05 0 8.02778 1.49961 -3.43725e-05
7.275 1.49985 0.999836 -2.26772e-05 0 8.08333 1.4996 -3.40124e-05
7.325 1.49985 0.999833 -2.25752e-05 0 8.13889 1.4996 -3.38594e-05
7.375 1.49984 0.999831 -2.25035e-05 0 8.19444 1.49959 -3.37517e-05
7.425 1.49984 0.999829 -2.23593e-05 0 8.25 1.49958 -3.35354e-05
7.475 1.49984 0.999826 -2.20438e-05 0 8.30556 1.49957 -3.30621e-05
7.525 1.49983 0.999824 -2.14576e-05 0 8.36111 1.49957 -3.21828e-05
7.575 1.49983 0.999821 -2.05104e-05 0 8.41667 1.49956 -3.07621e-05
7.625 1.49983 0.999819 -1.91216e-05 0 8.47222 1.49955 -2.86791e-05
7.675 1.49982 0.999816 -1.72242e-05 0 8.52778 1.49955 -2.58332e-05
7.725 1.49982 0.999814 -1.47712e-05 0 8.58333 1.49954 -2.21542e-05
7.775 1.49982 0.999812 -1.17372e-05 0 8.63889 1.49954 -1.76037e-05
7.825 1.49982 0.99981 -8.11823e-06 0 8.69444 1.49953 -1.21759e-05
7.875 1.49982 0.999809 -3.93074e-06 0 8.75 1.49953 -5.89539e-06
7.925 1.49982 0.999809 7.96643e-07 0 8.80556 1.49953 1.19482e-06
7.975 1.49982 0.999809 5.9616e-06 0 8.86111 1.49953 8.94131e-06
8.025 1.49982 0.99981 1.14569e-05 0 8.91667 1.49953 1.71832e-05
8.075 1.49982 0.999811 1.72704e-05 0 8.97222 1.49954 2.59024e-05
8.125 1.49982 0.999814 2.33393e-05 0 9.02778 1.49954 3.50049e-05
8.175 1.49983 0.999818 2.95667e-05 0 9.08333 1.49955 4.43449e-05
8.225 1.49983 0.999822 3.58423e-05 0 9.13889 1.49957 5.37574e-05
8.275 1.49984 0.999828 4.20588e-05 0 9.19444 1.49958 6.30814e-05
8.325 1.49984 0.999835 4.81134e-05 0 9.25 1.4996 7.21626e-05
8.375 1.49985 0.999843 5.39085e-05 0 9.30556 1.49962 8.08549e-05
8.425 1.49986 0.999851 5.93521e-05 0 9.36111 1.49964 8.90199e-05
8.475 1.49987 0.999861 6.43596e-05 0 9.41667 1.49966 9.65311e-05
8.525 1.49988 0.999871 6.88563e-05 0 9.47222 1.49969 0.000103276
8.575 1.49989 0.999882 7.27793e-05 0 9.52778 1.49971 0.000109161
8.625 1.4999 0.999893 7.608e-05 0 9.58333 1.49974 0.000114113
8.675 1.49991 0.999904 7.87246e-05 0 9.63889 1.49977 0.00011808
8.725 1.49993 0.999916 8.06937e-05 0 9.69444 1.4998 0.000121035
8.775 1.49994 0.999928 8.19794e-05 0 9.75 1.49983 0.000122964
8.825 1.49995 0.999939 8.25837e-05 0 9.80556 1.49986 0.000123872
8.875 1.49996 0.99995 8.25379e-05 0 9.86111 1.49989 0.000123804
8.925 1.49998 0.999961 8.18931e-05 0 9.91667 1.49992 0.000122838
8.975 1.49999 0.999971 8.07033e-05 0 9.97222 1.49995 0.000121054
9.025 1.5 0.999981 7.90377e-05 0 10.0278 1.49997 0.000118557
9.075 1.50001 0.999991 7.69717e-05 0 10.0833 1.5 0.000115458
9.125 1.50002 0.999999 7.45816e-05 0 10.1389 1.50002 0.000111874
9.175 1.50003 1.00001 7.19437e-05 0 10.1944 1.50005 0.000107918
9.225 1.50004 1.00001 6.91334e-05 0 10.25 1.50007 0.000103703
9.275 1.50005 1.00002 6.62226e-05 0 10.3056 1.50009 9.93375e-05
9.325 1.50006 1.00003 6.32774e-05 0 10.3611 1.50011 9.49201e-05
9.375 1.50007 1.00003 6.03573e-05 0 10.4167 1.50013 9.05404e-05
9.425 1.50008 1.00004 5.75141e-05 0 10.4722 1.50014 8.62758e-05
9.475 1.50009 1.00005 5.47878e-05 0 10.5278 1.50016 8.21867e-05
9.525 1.5001 1.00005 5.22056e-05 0 10.5833 1.50018 7.83136e-05
9.575 1.50011 1.00006 4.97786e-05 0 10.6389 1.50019 7.46732e-05
9.625 1.50011 1.00006 4.7499e-05 0 10.6944 1.50021 7.1254e-05
9.675 1.50012 1.00007 4.53515e-05 0 10.75 1.50022 6.80327e-05
9.725 1.50013 1.00008 4.33082e-05 0 10.8056 1.50024 6.49679e-05
9.775 1.50013 1.00008 4.1328e-05 0 10.8611 1.50026 6.19975e-05
9.825 1.50014 1.00009 3.93588e-05 0 10.9167 1.50027 5.90437e-05
9.875 1.50015 1.00009 3.73423e-05 0 10.9722 1.50029 5.60189e-05
9.925 1.50015 1.0001 3.52151e-05 0 11.0278 1.5003 5.28279e-05
9.975 1.50016 1.00011 3.29119e-05 0 11.0833 1.50032 4.9373e-05
10.025 1.50016 1.00011 3.03622e-05 0 11.1389 1.50033 4.55482e-05
10.075 1.50017 1.00012 2.7502e-05 0 11.1944 1.50034 4.12575e-05
10.125 1.50017 1.00013 2.42804e-05 0 11.25 1.50036 3.64247e-05
10.175 1.50017 1.00013 2.06597e-05 0 11.3056 1.50037 3.09931e-05
10.225 1.50017 1.00014 1.66155e-05 0 11.3611 1.50038 2.49262e-05
10.275 1.50018 1.00014 1.21354e-05 0 11.4167 1.50039 1.82052e-05
10.325 1.50018 1.00015 7.21976e-06 0 11.4722 1.5004 1.08309e-05
10.375 1.50018 1.00015 1.892e-06 0 11.5278 1.5004 2.83833e-06
10.425 1.50018 1.00015 -3.81107e-06 0 11.5833 1.5004 -5.71729e-06
10.475 1.50018 1.00015 -9.77603e-06 0 11.6389 1.5004 -1.46658e-05
10.525 1.50018 1.00015 -1.59214e-05 0 11.6944 1.5004 -2.38848e-05
10.575 1.50017 1.00015 -2.21651e-05 0 11.75 1.5004 -3.32515e-05
10.625 1.50017 1.00015 -2.84455e-05 0 11.8056 1.50039 -4.2673e-05
10.675 1.50017 1.00014 -3.46669e-05 0 11.8611 1.50038 -5.20062e-05
10.725 1.50016 1.00014 -4.07268e-05 0 11.9167 1.50036 -6.10968e-05
10.775 1.50015 1.00013 -4.65213e-05 0 11.9722 1.50035 -6.97891e-05
10.825 1.50015 1.00012 -5.19551e-05 0 12.0278 1.50033 -7.79402e-05
10.875 1.50014 1.00011 -5.69446e-05 0 12.0833 1.50031 -8.54247e-05
10.925 1.50013 1.0001 -6.14168e-05 0 12.1389 1.50028 -9.21332e-05
10.975 1.50012 1.00009 -6.53097e-05 0 12.1944 1.50026 -9.79723e-05
11.025 1.50011 1.00008 -6.85755e-05 0 12.25 1.50023 -0.000102871
11.075 1.5001 1.00007 -7.11833e-05 0 12.3056 1.5002 -0.000106782
11.125 1.50009 1.00006 -7.3116e-05 0 12.3611 1.50017 -0.00010968
11.175 1.50007 1.00005 -7.43697e-05 0 12.4167 1.50014 -0.00011156
11.225 1.50006 1.00003 -7.49573e-05 0 12.4722 1.50012 -0.000112441
11.275 1.50005 1.00002 -7.48931e-05 0 12.5278 1.50009 -0.000112344
11.325 1.50004 1.00001 -7.42197e-05 0 12.5833 1.50006 -0.000111333
11.375 1.50003 0.999999 -7.29886e-05 0 12.6389 1.50003 -0.000109485
11.425 1.50002 0.999987 -7.12677e-05 0 12.6944 1.5 -0.000106903
11.475 1.50001 0.999976 -6.91334e-05 0 12.75 1.49997 -0.000103701
11.525 1.5 0.999966 -6.66686e-05 0 12.8056 1.49995 -0.000100003
11.575 1.49999 0.999956 -6.39624e-05 0 12.8611 1.49992 -9.59429e-05
11.625 1.49998 0.999946 -6.11073e-05 0 12.9167 1.4999 -9.16599e-05
11.675 1.49997 0.999937 -5.81944e-05 0 12.9722 1.49988 -8.72901e-05
11.725 1.49996 0.999928 -5.53072e-05 0 13.0278 1.49986 -8.29589e-05
11.775 1.49996 0.99992 -5.25176e-05 0 13.0833 1.49984 -7.87742e-05
11.825 1.49995 0.999913 -4.98796e-05 0 13.1389 1.49982 -7.48169e-05
11.875 1.49994 0.999906 -4.74259e-05 0 13.1944 1.4998 -7.1136e-05
11.925 1.49993 0.999899 -4.51663e-05 0 13.25 1.49978 -6.77465e-05
11.975 1.49993 0.999893 -4.30886e-05 0 13.3056 1.49977 -6.46297e-05
12.025 1.49992 0.999887 -4.11595e-05 0 13.3611 1.49975 -6.17359e-05
12.075 1.49991 0.999881 -3.9327e-05 0 13.4167 1.49974 -5.89872e-05
12.125 1.49991 0.999876 -3.75234e-05 0 13.4722 1.49972 -5.62816e-05
12.175 1.4999 0.999871 -3.56695e-05 0 13.5278 1.49971 -5.35007e-05
12.225 1.4999 0.999867 -3.36814e-05 0 13.5833 1.4997 -5.05186e-05
12.275 1.49989 0.999863 -3.14736e-05 0 13.6389 1.49969 -4.7207e-05
12.325 1.49989 0.99986 -2.89608e-05 0 13.6944 1.49968 -4.34381e-05
12.375 1.49989 0.999857 -2.606e-05 0 13.75 1.49967 -3.90869e-05
12.425 1.49988 0.999854 -2.26964e-05 0 13.8056 1.49966 -3.4042e-05
12.475 1.49988 0.999852 -1.88152e-05 0 13.8611 1.49966 -2.82206e-05
12.525 1.49988 0.999851 -1.43889e-05 0 13.9167 1.49965 -2.15816e-05
12.575 1.49988 0.999851 -9.41412e-06 0 13.9722 1.49965 -1.412e-05
12.625 1.49988 0.999851 -3.9648e-06 0 14.0278 1.49965 -5.9467e-06
12.675 1.49988 0.999852 1.91948e-06 0 14.0833 1.49965 2.87898e-06
12.725 1.49988 0.999854 8.16611e-06 0 14.1389 1.49966 1.22482e-05
12.775 1.49988 0.999857 1.47158e-05 0 14.1944 1.49966 2.2072e-05
12.825 1.49988 0.999861 2.14867e-05 0 14.25 1.49967 3.22274e-05
12.875 1.49989 0.999866 2.83596e-05 0 14.3056 1.49968 4.25362e-05
12.925 1.49989 0.999872 3.52023e-05 0 14.3611 1.4997 5.27997e-05
12.975 1.4999 0.999879 4.18854e-05 0 14.4167 1.49971 6.28238e-05
13.025 1.4999 0.999887 4.82852e-05 0 14.4722 1.49973 7.24231e-05
13.075 1.49991 0.999895 5.42799e-05 0 14.5278 1.49975 8.1415e-05
13.125 1.49992 0.999905 5.97542e-05 0 14.5833 1.49978 8.96265e-05
13.175 1.49993 0.999915 6.46073e-05 0 14.6389 1.4998 9.69063e-05
13.225 1.49994 0.999926 6.87577e-05 0 14.6944 1.49983 0.000103132
13.275 1.49995 0.999938 7.21426e-05 0 14.75 1.49986 0.00010821
13.325 1.49996 0.999949 7.47144e-05 0 14.8056 1.49989 0.000112069
13.375 1.49997 0.999961 7.64396e-05 0 14.8611 1.49992 0.000114657
13.425 1.49999 0.999974 7.73e-05 0 14.9167 1.49995 0.000115949
13.475 1.5 0.999986 7.72904e-05 0 14.9722 1.49998 0.000115936
13.525 1.50001 0.999998 7.64247e-05 0 15.0278 1.50001 0.000114638
13.575 1.50002 1.00001 7.47367e-05 0 15.0833 1.50004 0.000112107
13.625 1.50003 1.00002 7.22873e-05 0 15.1389 1.50007 0.000108433
13.675 1.50005 1.00003 6.91514e-05 0 15.1944 1.50009 0.00010373
13.725 1.50006 1.00004 6.54119e-05 0 15.25 1.50012 9.81215e-05
13.775 1.50007 1.00005 6.11533e-05 0 15.3056 1.50014 9.1734e-05
13.825 1.50008 1.00006 5.64588e-05 0 15.3611 1.50016 8.46925e-05
13.875 1.50008 1.00007 5.14068e-05 0 15.4167 1.50019 7.71145e-05
13.925 1.50009 1.00007 4.60688e-05 0 15.4722 1.5002 6.91075e-05
13.975 1.5001 1.00008 4.05094e-05 0 15.5278 1.50022 6.07681e-05
14.025 1.50011 1.00009 3.47861e-05 0 15.5833 1.50023 5.21828e-05
14.075 1.50011 1.00009 2.89492e-05 0 15.6389 1.50025 4.3427e-05
14.125 1.50012 1.00009 2.30389e-05 0 15.6944 1.50026 3.45611e-05
14.175 1.50012 1.0001 1.70832e-05 0 15.75 1.50026 2.56269e-05
14.225 1.50012 1.0001 1.10969e-05 0 15.8056 1.50027 1.66468e-05
14.275 1.50013 1.0001 5.08146e-06 0 15.8611 1.50028 7.62283e-06
14.325 1.50013 1.0001 -9.7673e-07 0 15.9167 1.50028 -1.46522e-06
14.375 1.50013 1.0001 -7.07932e-06 0 15.9722 1.50028 -1.06199e-05
14.425 1.50013 1.0001 -1.32023e-05 0 16.0278 1.50028 -1.98052e-05
14.475 1.50013 1.0001 -1.94129e-05 0 16.0833 1.50028 -2.91219e-05
14.525 1.50013 1.0001 -2.5699e-05 0 16.1389 1.50028 -3.85518e-05
14.575 1.50013 1.0001 -3.21001e-05 0 16.1944 1.50027 -4.81542e-05
14.625 1.50013 1.00009 -3.86626e-05 0 16.25 1.50026 -5.79988e-05
14.675 1.50012 1.00009 -4.54056e-05 0 16.3056 1.50026 -6.81139e-05
14.725 1.50012 1.00009 -5.23222e-05 0 16.3611 1.50025 -7.84895e-05
14.775 1.50011 1.00008 -5.93948e-05 0 16.4167 1.50024 -8.90988e-05
14.825 1.50011 1.00008 -6.65995e-05 0 16.4722 1.50022 -9.99062e-05
14.875 1.5001 1.00007 -7.39021e-05 0 16.5278 1.50021 -0.00011086
14.925 1.50009 1.00007 -8.12536e-05 0 16.5833 1.50019 -0.000121888
14.975 1.50008 1.00006 -8.85894e-05 0 16.6389 1.50018 -0.000132891
15.025 1.50007 1.00006 -9.5834e-05 0 16.6944 1.50016 -0.000143758
15.075 1.50006 1.00005 -0.000102907 0 16.75 1.50014 -0.000154367
15.125 1.50005 1.00004 -0.000109725 0 16.8056 1.50012 -0.000164594
15.175 1.50004 1.00003 -0.000116201 0 16.8611 1.50009 -0.000174307
15.225 1.50003 1.00003 -0.000122244 0 16.9167 1.50007 -0.00018337
15.275 1.50002 1.00002 -0.000127763 0 16.9722 1.50004 -0.000191646
15.325 1.5 1.00001 -0.00013267 0 17.0278 1.50001 -0.000199006
15.375 1.49999 0.999996 -0.000136893 0 17.0833 1.49998 -0.000205338
15.425 1.49998 0.999986 -0.000140367 0 17.1389 1.49996 -0.000210547
15.475 1.49996 0.999975 -0.000143034 0 17.1944 1.49993 -0.000214547
15.525 1.49995 0.999964 -0.000144858 0 17.25 1.4999 -0.00021728
15.575 1.49994 0.999953 -0.000145812 0 17.3056 1.49987 -0.00021871
15.625 1.49993 0.999942 -0.000145883 0 17.3611 1.49984 -0.000218813
15.675 1.49992 0.999932 -0.000145083 0 17.4167 1.49982 -0.000217613
15.725 1.49991 0.999922 -0.000143424 0 17.4722 1.49979 -0.000215123
15.775 1.4999 0.999913 -0.00014093 0 17.5278 1.49977 -0.00021138
15.825 1.49989 0.999904 -0.000137639 0 17.5833 1.49975 -0.000206444
15.875 1.49989 0.999896 -0.0001336 0 17.6389 1.49973 -0.000200385
15.925 1.49989 0.999889 -0.000128863 0 17.6944 1.49972 -0.000193279
15.975 1.49988 0.999883 -0.000123486 0 17.75 1.49971 -0.000185215
16.025 1.49988 0.999879 -0.000117532 0 17.8056 1.4997 -0.000176284
16.075 1.49988 0.999875 -0.00011112 0 17.8611 1.4997 -0.000166668
16.125 1.49989 0.999873 -0.000104325 0 17.9167 1.4997 -0.000156476
16.175 1.49989 0.999872 -9.70777e-05 0 17.9722 1.4997 -0.000145606
16.225 1.4999 0.999872 -8.93187e-05 0 18.0278 1.49971 -0.000133969
16.275 1.49991 0.999873 -8.10615e-05 0 18.0833 1.49972 -0.000121585
16.325 1.49992 0.999875 -7.22298e-05 0 18.1389 1.49974 -0.000108339
16.375 1.49994 0.999878 -6.2786e-05 0 18.1944 1.49975 -9.41751e-05
16.425 1.49995 0.999882 -5.26716e-05 0 18.25 1.49978 -7.90049e-05
16.475 1.49997 0.999887 -4.18091e-05 0 18.3056 1.4998 -6.27125e-05
16.525 1.49999 0.999893 -3.01067e-05 0 18.3611 1.49983 -4.51598e-05
16.575 1.50001 0.999899 -1.74617e-05 0 18.4167 1.49986 -2.61927e-05
16.625 1.50004 0.999906 -3.76297e-06 0 18.4722 1.4999 -5.64459e-06
16.675 1.50006 0.999914 1.11002e-05 0 18.5278 1.49993 1.66509e-05
16.725 1.50009 0.999921 2.72033e-05 0 18.5833 1.49997 4.08072e-05
16.775 1.50011 0.999929 4.43611e-05 0 18.6389 1.5 6.65465e-05
16.825 1.50013 0.999937 6.23948e-05 0 18.6944 1.50004 9.36003e-05
16.875 1.50015 0.999946 8.11327e-05 0 18.75 1.50007 0.000121711
16.925 1.50017 0.999954 0.000100397 0 18.8056 1.5001 0.000150612
16.975 1.50019 0.999962 0.000119992 0 18.8611 1.50013 0.00018001
17.025 1.5002 0.999971 0.000139702 0 18.9167 1.50016 0.000209581
17.075 1.50021 0.999979 0.000159292 0 18.9722 1.50018 0.000238971
17.125 1.50022 0.999988 0.000178505 0 19.0278 1.5002 0.000267798
17.175 1.50023 0.999996 0.00019707 0 19.0833 1.50022 0.00029565
17.225 1.50023 1 0.000214699 0 19.1389 1.50024 0.000322098
17.275 1.50023 1.00001 0.000231124 0 19.1944 1.50025 0.00034674
17.325 1.50023 1.00002 0.000246127 0 19.25 1.50027 0.000369248
17.375 1.50023 1.00003 0.000259651 0 19.3056 1.50028 0.000389537
17.425 1.50023 1.00004 0.000271529 0 19.3611 1.50029 0.000407356
17.475 1.50022 1.00005 0.000281455 0 19.4167 1.50029 0.000422245
17.525 1.50021 1.00005 0.000289023 0 19.4722 1.50029 0.000433595
17.575 1.50019 1.00006 0.000293814 0 19.5278 1.50028 0.000440777
17.625 1.50017 1.00007 0.000295488 0 19.5833 1.50027 0.000443282
17.675 1.50015 1.00007 0.000293831 0 19.6389 1.50026 0.000440789
17.725 1.50012 1.00008 0.000288699 0 19.6944 1.50024 0.000433083
17.775 1.50009 1.00008 0.000279937 0 19.75 1.50022 0.00041993
17.825 1.50005 1.00009 0.000267414 0 19.8056 1.50019 0.000401135
17.875 1.50002 1.00009 0.000251053 0 19.8611 1.50016 0.000376585
17.925 1.49999 1.00009 0.000231422 0 19.9167 1.50013 0.000347131
17.975 1.49997 1.0001 0.000209089 0 19.9722 1.50011 0.000313627
18.025 1.49994 1.0001 0.000184628 0 20.0278 1.50009 0.000276931
18.075 1.49992 1.00009 0.000158568 0 20.0833 1.50006 0.00023784
18.125 1.4999 1.00009 0.000131284 0 20.1389 1.50004 0.000196914
18.175 1.49989 1.00009 0.000103206 0 20.1944 1.50002 0.000154797
18.225 1.49987 1.00008 7.47525e-05 0 20.25 1.5 0.000112119
18.275 1.49986 1.00008 4.63395e-05 0 20.3056 1.49998 6.95029e-05
18.325 1.49985 1.00007 1.83793e-05 0 20.3611 1.49996 2.75663e-05
18.375 1.49985 1.00006 -8.72451e-06 0 20.4167 1.49994 -1.30854e-05
18.425 1.49984 1.00005 -3.45715e-05 0 20.4722 1.49992 -5.18519e-05
18.475 1.49984 1.00004 -5.88011e-05 0 20.5278 1.49991 -8.81923e-05
18.525 1.49984 1.00003 -8.11652e-05 0 20.5833 1.49989 -0.000121735
18.575 1.49984 1.00002 -0.000101562 0 20.6389 1.49987 -0.000152327
18.625 1.49985 1.00001 -0.000119849 0 20.6944 1.49986 -0.000179755
18.675 1.49985 0.999997 -0.000135813 0 20.75 1.49985 -0.000203699
18.725 1.49986 0.999986 -0.000149149 0 20.8056 1.49984 -0.000223703
18.775 1.49988 0.999975 -0.000159493 0 20.8611 1.49984 -0.00023922
18.825 1.49989 0.999964 -0.000166484 0 20.9167 1.49984 -0.000249708
18.875 1.49991 0.999953 -0.000170205 0 20.9722 1.49984 -0.000255291
18.925 1.49992 0.999943 -0.000171201 0 21.0278 1.49983 -0.000256787
18.975 1.49993 0.999934 -0.000169899 0 21.0833 1.49983 -0.000254836
19.025 1.49993 0.999926 -0.000166654 0 21.1389 1.49982 -0.00024997
19.075 1.49994 0.999919 -0.00016176 0 21.1944 1.49982 -0.00024263
19.125 1.49995 0.999912 -0.00015548 0 21.25 1.49981 -0.000233211
19.175 1.49995 0.999907 -0.00014805 0 21.3056 1.49981 -0.000222068
19.225 1.49995 0.999902 -0.000139689 0 21.3611 1.4998 -0.000209526
19.275 1.49995 0.999898 -0.000130597 0 21.4167 1.4998 -0.00019589
19.325 1.49996 0.999896 -0.000120963 0 21.4722 1.4998 -0.000181439
19.375 1.49996 0.999894 -0.000110949 0 21.5278 1.4998 -0.000166418
19.425 1.49996 0.999893 -0.000100692 0 21.5833 1.4998 -0.000151034
19.475 1.49996 0.999893 -9.03465e-05 0 21.6389 1.4998 -0.000135516
19.525 1.49996 0.999893 -8.00875e-05 0 21.6944 1.4998 -0.000120128
19.575 1.49997 0.999895 -6.99726e-05 0 21.75 1.49981 -0.000104956
19.625 1.49997 0.999897 -6.00909e-05 0 21.8056 1.49981 -9.01345e-05
19.675 1.49997 0.9999 -5.05251e-05 0 21.8611 1.49982 -7.57862e-05
19.725 1.49997 0.999904 -4.13437e-05 0 21.9167 1.49983 -6.20144e-05
19.775 1.49998 0.999909 -3.25995e-05 0 21.9722 1.49984 -4.88985e-05
19.825 1.49998 0.999914 -2.43328e-05 0 22.0278 1.49985 -3.64988e-05
19.875 1.49999 0.999919 -1.65747e-05 0 22.0833 1.49987 -2.48619e-05
19.925 1.5 0.999926 -9.34956e-06 0 22.1389 1.49989 -1.40243e-05
19.975 1.50001 0.999933 -2.67826e-06 0 22.1944 1.4999 -4.0174e-06
