-19.975 1.5 1 2.04409e-07 0 -221.944 1.5 3.06613e-07
-19.925 1.5 1 1.59951e-07 0 -221.389 1.5 2.39927e-07
-19.875 1.5 1 7.97775e-08 0 -220.833 1.5 1.19666e-07
-19.825 1.5 1 -1.17548e-08 0 -220.278 1.5 -1.76322e-08
-19.775 1.5 1 -8.75038e-08 0 -219.722 1.5 -1.31256e-07
-19.725 1.5 1 -1.32902e-07 0 -219.167 1.5 -1.99353e-07
-19.675 1.5 1 -1.4026e-07 0 -218.611 1.5 -2.1039e-07
-19.625 1.5 1 -1.11378e-07 0 -218.056 1.5 -1.67068e-07
-19.575 1.5 1 -5.67703e-08 0 -217.5 1.5 -8.51554e-08
-19.525 1.5 1 6.3127e-09 0 -216.944 1.5 9.46905e-09
-19.475 1.5 1 5.84493e-08 0 -216.389 1.5 8.7674e-08
-19.425 1.5 1 8.93726e-08 0 -215.833 1.5 1.34059e-07
-19.375 1.5 1 9.38669e-08 0 -215.278 1.5 1.408e-07
-19.325 1.5 1 7.35541e-08 0 -214.722 1.5 1.10331e-07
-19.275 1.5 1 3.60727e-08 0 -214.167 1.5 5.41091e-08
-19.225 1.5 1 -6.33958e-09 0 -213.611 1.5 -9.50937e-09
-19.175 1.5 1 -4.04348e-08 0 -213.056 1.5 -6.06522e-08
-19.125 1.5 1 -5.96879e-08 0 -212.5 1.5 -8.95319e-08
-19.075 1.5 1 -6.09307e-08 0 -211.944 1.5 -9.1396e-08
-19.025 1.5 1 -4.59181e-08 0 -211.389 1.5 -6.88771e-08
-18.975 1.5 1 -2.03953e-08 0 -210.833 1.5 -3.0593e-08
-18.925 1.5 1 7.07545e-09 0 -210.278 1.5 1.06132e-08
-18.875 1.5 1 2.81517e-08 0 -209.722 1.5 4.22276e-08
-18.825 1.5 1 3.90601e-08 0 -209.167 1.5 5.85901e-08
-18.775 1.5 1 3.81742e-08 0 -208.611 1.5 5.72613e-08
-18.725 1.5 1 2.72247e-08 0 -208.056 1.5 4.08371e-08
-18.675 1.5 1 1.04452e-08 0 -207.5 1.5 1.56678e-08
-18.625 1.5 1 -6.36919e-09 0 -206.944 1.5 -9.55378e-09
-18.575 1.5 1 -1.86544e-08 0 -206.389 1.5 -2.79816e-08
-18.525 1.5 1 -2.43251e-08 0 -205.833 1.5 -3.64876e-08
-18.475 1.5 1 -2.28046e-08 0 -205.278 1.5 -3.42069e-08
-18.425 1.5 1 -1.55524e-08 0 -204.722 1.5 -2.33287e-08
-18.375 1.5 1 -5.40505e-09 0 -204.167 1.5 -8.10758e-09
-18.325 1.5 1 4.02611e-09 0 -203.611 1.5 6.03916e-09
-18.275 1.5 1 1.08728e-08 0 -203.056 1.5 1.63092e-08
-18.225 1.5 1 1.38676e-08 0 -202.5 1.5 2.08014e-08
-18.175 1.5 1 1.29682e-08 0 -201.944 1.5 1.94523e-08
-18.125 1.5 1 9.22955e-09 0 -201.389 1.5 1.38443e-08
-18.075 1.5 1 4.28259e-09 0 -200.833 1.5 6.42388e-09
-18.025 1.5 1 -4.43552e-10 0 -200.278 1.5 -6.65328e-10
-17.975 1.5 1 -4.19928e-09 0 -199.722 1.5 -6.29891e-09
-17.925 1.5 1 -6.45014e-09 0 -199.167 1.5 -9.67521e-09
-17.875 1.5 1 -7.15024e-09 0 -198.611 1.5 -1.07254e-08
-17.825 1.5 1 -6.67558e-09 0 -198.056 1.5 -1.00134e-08
-17.775 1.5 1 -5.66192e-09 0 -197.5 1.5 -8.49287e-09
-17.725 1.5 1 -3.88567e-09 0 -196.944 1.5 -5.82851e-09
-17.675 1.5 1 -1.53084e-09 0 -196.389 1.5 -2.29626e-09
-17.625 1.5 1 1.13229e-09 0 -195.833 1.5 1.69843e-09
-17.575 1.5 1 3.92661e-09 0 -195.278 1.5 5.88992e-09
-17.525 1.5 1 6.55344e-09 0 -194.722 1.5 9.83015e-09
-17.475 1.5 1 8.28711e-09 0 -194.167 1.5 1.24307e-08
-17.425 1.5 1 8.41943e-09 0 -193.611 1.5 1.26292e-08
-17.375 1.5 1 6.69179e-09 0 -193.056 1.5 1.00377e-08
-17.325 1.5 1 3.18642e-09 0 -192.5 1.5 4.77964e-09
-17.275 1.5 1 -1.63568e-09 0 -191.944 1.5 -2.45352e-09
-17.225 1.5 1 -6.91596e-09 0 -191.389 1.5 -1.03739e-08
-17.175 1.5 1 -1.10684e-08 0 -190.833 1.5 -1.66027e-08
-17.125 1.5 1 -1.28663e-08 0 -190.278 1.5 -1.92994e-08
-17.075 1.5 1 -1.1751e-08 0 -189.722 1.5 -1.76265e-08
-17.025 1.5 1 -7.80036e-09 0 -189.167 1.5 -1.17005e-08
-16.975 1.5 1 -1.5816e-09 0 -188.611 1.5 -2.37239e-09
-16.925 1.5 1 5.78259e-09 0 -188.056 1.5 8.67388e-09
-16.875 1.5 1 1.24724e-08 0 -187.5 1.5 1.87086e-08
-16.825 1.5 1 1.66896e-08 0 -186.944 1.5 2.50345e-08
-16.775 1.5 1 1.73598e-08 0 -186.389 1.5 2.60397e-08
-16.725 1.5 1 1.42821e-08 0 -185.833 1.5 2.14231e-08
-16.675 1.5 1 7.89979e-09 0 -185.278 1.5 1.18497e-08
-16.625 1.5 1 -7.62576e-10 0 -184.722 1.5 -1.14386e-09
-16.575 1.5 1 -1.02088e-08 0 -184.167 1.5 -1.53133e-08
-16.525 1.5 1 -1.83413e-08 0 -183.611 1.5 -2.7512e-08
-16.475 1.5 1 -2.33191e-08 0 -183.056 1.5 -3.49787e-08
-16.425 1.5 1 -2.38961e-08 0 -182.5 1.5 -3.58441e-08
-16.375 1.5 1 -1.96423e-08 0 -181.944 1.5 -2.94635e-08
-16.325 1.5 1 -1.09474e-08 0 -181.389 1.5 -1.64211e-08
-16.275 1.5 1 1.08406e-09 0 -180.833 1.5 1.62609e-09
-16.225 1.5 1 1.4624e-08 0 -180.278 1.5 2.1936e-08
-16.175 1.5 1 2.7195e-08 0 -179.722 1.5 4.07925e-08
-16.125 1.5 1 3.5743e-08 0 -179.167 1.5 5.36144e-08
-16.075 1.5 1 3.79438e-08 0 -178.611 1.5 5.69157e-08
-16.025 1.5 1 3.24391e-08 0 -178.056 1.5 4.86587e-08
-15.975 1.5 1 1.91664e-08 0 -177.5 1.5 2.87496e-08
-15.925 1.5 1 -3.34185e-10 0 -176.944 1.5 -5.01277e-10
-15.875 1.5 1 -2.31087e-08 0 -176.389 1.5 -3.4663e-08
-15.825 1.5 1 -4.50498e-08 0 -175.833 1.5 -6.75747e-08
-15.775 1.5 1 -6.02914e-08 0 -175.278 1.5 -9.04371e-08
-15.725 1.5 1 -6.45198e-08 0 -174.722 1.5 -9.67798e-08
-15.675 1.5 1 -5.51453e-08 0 -174.167 1.5 -8.2718e-08
-15.625 1.5 1 -3.21088e-08 0 -173.611 1.5 -4.81631e-08
-15.575 1.5 1 1.63803e-09 0 -173.056 1.5 2.45705e-09
-15.525 1.5 1 4.06554e-08 0 -172.5 1.5 6.09831e-08
-15.475 1.5 1 7.75244e-08 0 -171.944 1.5 1.16287e-07
-15.425 1.5 1 1.02211e-07 0 -171.389 1.5 1.53317e-07
-15.375 1.5 1 1.07679e-07 0 -170.833 1.5 1.61519e-07
-15.325 1.5 1 9.02656e-08 0 -170.278 1.5 1.35398e-07
-15.275 1.5 1 5.06843e-08 0 -169.722 1.5 7.60265e-08
-15.225 1.5 1 -5.70179e-09 0 -169.167 1.5 -8.55268e-09
-15.175 1.5 1 -6.95839e-08 0 -168.611 1.5 -1.04376e-07
-15.125 1.5 1 -1.28513e-07 0 -168.056 1.5 -1.92769e-07
-15.075 1.5 1 -1.66951e-07 0 -167.5 1.5 -2.50427e-07
-15.025 1.5 1 -1.74178e-07 0 -166.944 1.5 -2.61267e-07
-14.975 1.5 1 -1.45181e-07 0 -166.389 1.5 -2.17772e-07
-14.925 1.5 1 -8.17347e-08 0 -165.833 1.5 -1.22602e-07
-14.875 1.5 1 7.53433e-09 0 -165.278 1.5 1.13015e-08
-14.825 1.5 1 1.08162e-07 0 -164.722 1.5 1.62242e-07
-14.775 1.5 1 2.01084e-07 0 -164.167 1.5 3.01626e-07
-14.725 1.5 1 2.62699e-07 0 -163.611 1.5 3.94049e-07
-14.675 1.5 1 2.76785e-07 0 -163.056 1.5 4.15177e-07
-14.625 1.5 1 2.35512e-07 0 -162.5 1.5 3.53268e-07
-14.575 1.5 1 1.41005e-07 0 -161.944 1.5 2.11508e-07
-14.525 1.5 1 5.87034e-09 0 -161.389 1.5 8.80551e-09
-14.475 1.5 1 -1.48954e-07 0 -160.833 1.5 -2.23431e-07
-14.425 1.5 1 -2.96295e-07 0 -160.278 1.5 -4.44442e-07
-14.375 1.5 1 -3.99769e-07 0 -159.722 1.5 -5.99654e-07
-14.325 1.5 1 -4.34458e-07 0 -159.167 1.5 -6.51687e-07
-14.275 1.5 1 -3.86478e-07 0 -158.611 1.5 -5.79717e-07
-14.225 1.5 1 -2.56238e-07 0 -158.056 1.5 -3.84357e-07
-14.175 1.5 1 -6.05125e-08 0 -157.5 1.5 -9.07687e-08
-14.125 1.5 1 1.72658e-07 0 -156.944 1.5 2.58987e-07
-14.075 1.5 1 4.05055e-07 0 -156.389 1.5 6.07582e-07
-14.025 1.5 1 5.83485e-07 0 -155.833 1.5 8.75228e-07
-13.975 1.5 1 6.67543e-07 0 -155.278 1.5 1.00131e-06
-13.925 1.5 1 6.31703e-07 0 -154.722 1.5 9.47555e-07
-13.875 1.5 0.999999 4.70559e-07 0 -154.167 1.5 7.05839e-07
-13.825 1.5 0.999999 2.0356e-07 0 -153.611 1.5 3.0534e-07
-13.775 1.5 0.999999 -1.35413e-07 0 -153.056 1.5 -2.0312e-07
-13.725 1.5 0.999999 -4.92919e-07 0 -152.5 1.5 -7.39379e-07
-13.675 1.5 0.999999 -7.98801e-07 0 -151.944 1.5 -1.1982e-06
-13.625 1.5 1 -9.85619e-07 0 -151.389 1.5 -1.47843e-06
-13.575 1.5 1 -1.00669e-06 0 -150.833 1.5 -1.51004e-06
-13.525 1.5 1 -8.43811e-07 0 -150.278 1.5 -1.26572e-06
-13.475 1.5 1 -5.09535e-07 0 -149.722 1.5 -7.64303e-07
-13.425 1.5 1 -4.66065e-08 0 -149.167 1.5 -6.99098e-08
-13.375 1.5 1 4.79041e-07 0 -148.611 1.5 7.18561e-07
-13.325 1.5 1 9.84691e-07 0 -148.056 1.5 1.47704e-06
-13.275 1.5 1 1.35798e-06 0 -147.5 1.5 2.03697e-06
-13.225 1.5 1 1.52221e-06 0 -146.944 1.5 2.28331e-06
-13.175 1.5 0.999999 1.43083e-06 0 -146.389 1.5 2.14624e-06
-13.125 1.5 0.999999 1.07691e-06 0 -145.833 1.5 1.61537e-06
-13.075 1.5 0.999998 5.03639e-07 0 -145.278 1.5 7.55458e-07
-13.025 1.5 0.999998 -2.19774e-07 0 -144.722 1.5 -3.29661e-07
-12.975 1.5 0.999998 -9.88075e-07 0 -144.167 1.5 -1.48211e-06
-12.925 1.5 0.999999 -1.6645e-06 0 -143.611 1.5 -2.49676e-06
-12.875 1.5 1 -2.11215e-06 0 -143.056 1.5 -3.16823e-06
-12.825 1.5 1 -2.23503e-06 0 -142.5 1.5 -3.35254e-06
-12.775 1.5 1 -1.98845e-06 0 -141.944 1.5 -2.98268e-06
-12.725 1.5 1 -1.38609e-06 0 -141.389 1.5 -2.07914e-06
-12.675 1.5 1 -5.01873e-07 0 -140.833 1.5 -7.52809e-07
-12.625 1.5 1 5.54806e-07 0 -140.278 1.5 8.32208e-07
-12.575 1.5 1 1.63326e-06 0 -139.722 1.5 2.44989e-06
-12.525 1.5 1 2.53664e-06 0 -139.167 1.5 3.80496e-06
-12.475 1.5 1 3.0961e-06 0 -138.611 1.5 4.64414e-06
-12.425 1.5 0.999999 3.19415e-06 0 -138.056 1.5 4.79122e-06
-12.375 1.5 0.999998 2.78538e-06 0 -137.5 1.5 4.17807e-06
-12.325 1.5 0.999997 1.90018e-06 0 -136.944 1.5 2.85027e-06
-12.275 1.5 0.999996 6.44906e-07 0 -136.389 1.5 9.6736e-07
-12.225 1.5 0.999996 -8.27785e-07 0 -135.833 1.5 -1.24168e-06
-12.175 1.5 0.999997 -2.31615e-06 0 -135.278 1.5 -3.47423e-06
-12.125 1.5 0.999998 -3.55772e-06 0 -134.722 1.5 -5.33658e-06
-12.075 1.5 0.999999 -4.33765e-06 0 -134.167 1.5 -6.50647e-06
-12.025 1.5 1 -4.5042e-06 0 -133.611 1.5 -6.7563e-06
-11.975 1.5 1 -3.99526e-06 0 -133.056 1.5 -5.99288e-06
-11.925 1.5 1 -2.84629e-06 0 -132.5 1.5 -4.26943e-06
-11.875 1.5 1.00001 -1.19388e-06 0 -131.944 1.50001 -1.79082e-06
-11.825 1.5 1.00001 7.74013e-07 0 -131.389 1.50001 1.16102e-06
-11.775 1.5 1.00001 2.80161e-06 0 -130.833 1.50001 4.20241e-06
-11.725 1.5 1 4.5675e-06 0 -130.278 1.5 6.85124e-06
-11.675 1.5 1 5.77772e-06 0 -129.722 1.5 8.66658e-06
-11.625 1.5 0.999999 6.22463e-06 0 -129.167 1.5 9.33694e-06
-11.575 1.5 0.999997 5.80073e-06 0 -128.611 1.5 8.7011e-06
-11.525 1.5 0.999995 4.51719e-06 0 -128.056 1.49999 6.77579e-06
-11.475 1.5 0.999993 2.52489e-06 0 -127.5 1.49999 3.78735e-06
-11.425 1.5 0.999992 4.68274e-08 0 -126.944 1.49999 7.02413e-08
-11.375 1.5 0.999993 -2.63098e-06 0 -126.389 1.49999 -3.94648e-06
-11.325 1.5 0.999994 -5.16307e-06 0 -125.833 1.49999 -7.74462e-06
-11.275 1.5 0.999996 -7.12117e-06 0 -125.278 1.5 -1.06818e-05
-11.225 1.5 0.999999 -8.20319e-06 0 -124.722 1.5 -1.23048e-05
-11.175 1.5 1 -8.22429e-06 0 -124.167 1.5 -1.23364e-05
-11.125 1.5 1.00001 -7.14906e-06 0 -123.611 1.50001 -1.07236e-05
-11.075 1.5 1.00001 -5.07273e-06 0 -123.056 1.50001 -7.60907e-06
-11.025 1.5 1.00001 -2.22211e-06 0 -122.5 1.50001 -3.33315e-06
-10.975 1.5 1.00001 1.11341e-06 0 -121.944 1.50001 1.67011e-06
-10.925 1.5 1.00001 4.54364e-06 0 -121.389 1.50001 6.81544e-06
-10.875 1.5 1.00001 7.58334e-06 0 -120.833 1.50001 1.1375e-05
-10.825 1.5 1 9.78725e-06 0 -120.278 1.5 1.46809e-05
-10.775 1.5 1 1.08408e-05 0 -119.722 1.5 1.62612e-05
-10.725 1.5 0.999996 1.05721e-05 0 -119.167 1.5 1.58581e-05
-10.675 1.5 0.999992 8.96916e-06 0 -118.611 1.49999 1.34538e-05
-10.625 1.5 0.999989 6.19611e-06 0 -118.056 1.49999 9.2942e-06
-10.575 1.50001 0.999987 2.54315e-06 0 -117.5 1.49999 3.81474e-06
-10.525 1.50001 0.999987 -1.63513e-06 0 -116.944 1.49999 -2.45271e-06
-10.475 1.5 0.999988 -5.87775e-06 0 -116.389 1.49999 -8.81665e-06
-10.425 1.5 0.999991 -9.61024e-06 0 -115.833 1.49999 -1.44154e-05
-10.375 1.5 0.999994 -1.23349e-05 0 -115.278 1.49999 -1.85024e-05
-10.325 1.5 0.999999 -1.36947e-05 0 -114.722 1.5 -2.0542e-05
-10.275 1.5 1 -1.34953e-05 0 -114.167 1.5 -2.02429e-05
-10.225 1.5 1.00001 -1.17274e-05 0 -113.611 1.50001 -1.75911e-05
-10.175 1.49999 1.00001 -8.55727e-06 0 -113.056 1.50001 -1.28359e-05
-10.125 1.49999 1.00002 -4.31381e-06 0 -112.5 1.50002 -6.47068e-06
-10.075 1.49999 1.00002 6.10108e-07 0 -111.944 1.50002 9.15157e-07
-10.025 1.49999 1.00002 5.71784e-06 0 -111.389 1.50002 8.57673e-06
-9.975 1.49999 1.00001 1.04107e-05 0 -110.833 1.50001 1.56161e-05
-9.925 1.5 1.00001 1.40861e-05 0 -110.278 1.50001 2.11291e-05
-9.875 1.5 1 1.63123e-05 0 -109.722 1.5 2.44684e-05
-9.825 1.5 0.999998 1.68175e-05 0 -109.167 1.5 2.52262e-05
-9.775 1.5 0.999992 1.55353e-05 0 -108.611 1.49999 2.3303e-05
-9.725 1.50001 0.999987 1.25749e-05 0 -108.056 1.49999 1.88625e-05
-9.675 1.50001 0.999983 8.22882e-06 0 -107.5 1.49998 1.23433e-05
-9.625 1.50001 0.999981 2.9144e-06 0 -106.944 1.49998 4.37162e-06
-9.575 1.50001 0.99998 -2.90453e-06 0 -106.389 1.49998 -4.35682e-06
-9.525 1.50001 0.999982 -8.67928e-06 0 -105.833 1.49998 -1.3019e-05
-9.475 1.50001 0.999986 -1.36986e-05 0 -105.278 1.49998 -2.0548e-05
-9.425 1.5 0.999991 -1.74299e-05 0 -104.722 1.49999 -2.61449e-05
-9.375 1.5 0.999997 -1.94793e-05 0 -104.167 1.5 -2.9219e-05
-9.325 1.5 1 -1.96287e-05 0 -103.611 1.5 -2.9443e-05
-9.275 1.5 1.00001 -1.78748e-05 0 -103.056 1.50001 -2.68121e-05
-9.225 1.49999 1.00002 -1.43692e-05 0 -102.5 1.50002 -2.15536e-05
-9.175 1.49999 1.00002 -9.44692e-06 0 -101.944 1.50002 -1.41703e-05
-9.125 1.49999 1.00002 -3.55606e-06 0 -101.389 1.50002 -5.33406e-06
-9.075 1.49999 1.00002 2.83383e-06 0 -100.833 1.50002 4.25071e-06
-9.025 1.49999 1.00002 9.16476e-06 0 -100.278 1.50002 1.37471e-05
-8.975 1.49999 1.00002 1.47254e-05 0 -99.7222 1.50002 2.2088e-05
-8.925 1.49999 1.00001 1.89854e-05 0 -99.1667 1.50001 2.8478e-05
-8.875 1.5 1.00001 2.15563e-05 0 -98.6111 1.50001 3.23344e-05
-8.825 1.5 0.999998 2.22052e-05 0 -98.0556 1.5 3.33079e-05
-8.775 1.5 0.999991 2.08914e-05 0 -97.5 1.49999 3.13372e-05
-8.725 1.50001 0.999985 1.77348e-05 0 -96.9444 1.49998 2.66024e-05
-8.675 1.50001 0.99998 1.30245e-05 0 -96.3889 1.49998 1.95368e-05
-8.625 1.50001 0.999976 7.19084e-06 0 -95.8333 1.49998 1.07863e-05
-8.575 1.50001 0.999975 6.74956e-07 0 -95.2778 1.49997 1.01244e-06
-8.525 1.50001 0.999975 -6.03143e-06 0 -94.7222 1.49997 -9.04721e-06
-8.475 1.50001 0.999978 -1.23523e-05 0 -94.1667 1.49998 -1.85286e-05
-8.425 1.50001 0.999983 -1.76581e-05 0 -93.6111 1.49998 -2.64872e-05
-8.375 1.50001 0.999989 -2.15052e-05 0 -93.0556 1.49999 -3.22579e-05
-8.325 1.5 0.999996 -2.3588e-05 0 -92.5 1.5 -3.53821e-05
-8.275 1.5 1 -2.37668e-05 0 -91.9444 1.5 -3.56501e-05
-8.225 1.49999 1.00001 -2.20816e-05 0 -91.3889 1.50001 -3.31223e-05
-8.175 1.49999 1.00002 -1.8681e-05 0 -90.8333 1.50002 -2.80214e-05
-8.125 1.49999 1.00002 -1.3858e-05 0 -90.2778 1.50002 -2.07868e-05
-8.075 1.49999 1.00003 -8.01509e-06 0 -89.7222 1.50002 -1.20225e-05
-8.025 1.49999 1.00003 -1.55713e-06 0 -89.1667 1.50003 -2.33567e-06
-7.975 1.49999 1.00003 5.07759e-06 0 -88.6111 1.50003 7.61632e-06
-7.925 1.49999 1.00002 1.13722e-05 0 -88.0556 1.50002 1.70581e-05
-7.875 1.49999 1.00002 1.67486e-05 0 -87.5 1.50002 2.51227e-05
-7.825 1.49999 1.00001 2.08218e-05 0 -86.9444 1.50001 3.12326e-05
-7.775 1.5 1.00001 2.33262e-05 0 -86.3889 1.50001 3.49893e-05
-7.725 1.5 1 2.41155e-05 0 -85.8333 1.5 3.61733e-05
-7.675 1.5 0.999993 2.31801e-05 0 -85.2778 1.49999 3.47702e-05
-7.625 1.50001 0.999986 2.06297e-05 0 -84.7222 1.49999 3.09447e-05
-7.575 1.50001 0.999981 1.66813e-05 0 -84.1667 1.49998 2.50221e-05
-7.525 1.50001 0.999977 1.16536e-05 0 -83.6111 1.49998 1.74806e-05
-7.475 1.50001 0.999974 5.91849e-06 0 -83.0556 1.49997 8.87782e-06
-7.425 1.50001 0.999973 -1.90776e-07 0 -82.5 1.49997 -2.86167e-07
-7.375 1.50001 0.999974 -6.29635e-06 0 -81.9444 1.49997 -9.4446e-06
-7.325 1.50001 0.999977 -1.193e-05 0 -81.3889 1.49998 -1.78951e-05
-7.275 1.50001 0.999981 -1.66778e-05 0 -80.8333 1.49998 -2.50168e-05
-7.225 1.50001 0.999986 -2.02534e-05 0 -80.2778 1.49999 -3.03803e-05
-7.175 1.5 0.999992 -2.24625e-05 0 -79.7222 1.49999 -3.36938e-05
-7.125 1.5 0.999999 -2.32095e-05 0 -79.1667 1.5 -3.48142e-05
-7.075 1.5 1 -2.25109e-05 0 -78.6111 1.5 -3.37662e-05
-7.025 1.49999 1.00001 -2.04725e-05 0 -78.0556 1.50001 -3.07087e-05
-6.975 1.49999 1.00002 -1.72652e-05 0 -77.5 1.50001 -2.58976e-05
-6.925 1.49999 1.00002 -1.31294e-05 0 -76.9444 1.50002 -1.96939e-05
-6.875 1.49999 1.00002 -8.3585e-06 0 -76.3889 1.50002 -1.25376e-05
-6.825 1.49999 1.00002 -3.23522e-06 0 -75.8333 1.50002 -4.85279e-06
-6.775 1.49999 1.00002 1.97863e-06 0 -75.2778 1.50002 2.96791e-06
-6.725 1.49999 1.00002 6.98612e-06 0 -74.7222 1.50002 1.04791e-05
-6.675 1.49999 1.00002 1.14032e-05 0 -74.1667 1.50002 1.71046e-05
-6.625 1.49999 1.00002 1.49916e-05 0 -73.6111 1.50001 2.24872e-05
-6.575 1.49999 1.00001 1.75846e-05 0 -73.0556 1.50001 2.63768e-05
-6.525 1.49999 1.00001 1.9077e-05 0 -72.5 1.5 2.86154e-05
-6.475 1.5 1 1.94315e-05 0 -71.9444 1.5 2.91473e-05
-6.425 1.5 0.999995 1.86895e-05 0 -71.3889 1.49999 2.80343e-05
-6.375 1.5 0.99999 1.69382e-05 0 -70.8333 1.49999 2.54074e-05
-6.325 1.50001 0.999985 1.43128e-05 0 -70.2778 1.49998 2.14694e-05
-6.275 1.50001 0.999982 1.09906e-05 0 -69.7222 1.49998 1.6486e-05
-6.225 1.50001 0.99998 7.18219e-06 0 -69.1667 1.49998 1.07734e-05
-6.175 1.50001 0.999978 3.1011e-06 0 -68.6111 1.49998 4.65169e-06
-6.125 1.50001 0.999978 -1.08292e-06 0 -68.0556 1.49998 -1.62439e-06
-6.075 1.50001 0.999979 -5.16723e-06 0 -67.5 1.49998 -7.75089e-06
-6.025 1.50001 0.99998 -8.91449e-06 0 -66.9444 1.49998 -1.33718e-05
-5.975 1.50001 0.999983 -1.21357e-05 0 -66.3889 1.49998 -1.82036e-05
-5.925 1.50001 0.999986 -1.46986e-05 0 -65.8333 1.49998 -2.2048e-05
-5.875 1.5 0.999989 -1.65119e-05 0 -65.2778 1.49999 -2.4768e-05
-5.825 1.5 0.999993 -1.75293e-05 0 -64.7222 1.49999 -2.62939e-05
-5.775 1.5 0.999997 -1.77522e-05 0 -64.1667 1.49999 -2.66283e-05
-5.725 1.49999 1 -1.72302e-05 0 -63.6111 1.5 -2.58452e-05
-5.675 1.49999 1 -1.60288e-05 0 -63.0556 1.5 -2.40431e-05
-5.625 1.49999 1.00001 -1.42448e-05 0 -62.5 1.5 -2.1367e-05
-5.575 1.49999 1.00001 -1.19975e-05 0 -61.9444 1.5 -1.79961e-05
-5.525 1.49999 1.00001 -9.42407e-06 0 -61.3889 1.5 -1.4136e-05
-5.475 1.49999 1.00001 -6.65668e-06 0 -60.8333 1.5 -9.98492e-06
-5.425 1.49998 1.00001 -3.82542e-06 0 -60.2778 1.5 -5.73807e-06
-5.375 1.49998 1.00001 -1.0447e-06 0 -59.7222 1.5 -1.56703e-06
-5.325 1.49998 1.00001 1.5208e-06 0 -59.1667 1.5 2.28117e-06
-5.275 1.49998 1.00001 3.73702e-06 0 -58.6111 1.5 5.60547e-06
-5.225 1.49999 1.00001 5.50714e-06 0 -58.0556 1.49999 8.26062e-06
-5.175 1.49999 1 6.76187e-06 0 -57.5 1.49999 1.01427e-05
-5.125 1.49999 1 7.45646e-06 0 -56.9444 1.49999 1.11846e-05
-5.075 1.49999 0.999996 7.57283e-06 0 -56.3889 1.49998 1.13592e-05
-5.025 1.49999 0.999993 7.12135e-06 0 -55.8333 1.49998 1.0682e-05
-4.975 1.49999 0.999989 6.12735e-06 0 -55.2778 1.49997 9.19097e-06
-4.925 1.49999 0.999986 4.64353e-06 0 -54.7222 1.49997 6.96526e-06
-4.875 1.49999 0.999983 2.73842e-06 0 -54.1667 1.49997 4.10761e-06
-4.825 1.49999 0.999981 4.77739e-07 0 -53.6111 1.49996 7.16605e-07
-4.775 1.49999 0.999979 -2.06105e-06 0 -53.0556 1.49996 -3.09156e-06
-4.725 1.49999 0.999977 -4.78274e-06 0 -52.5 1.49996 -7.17407e-06
-4.675 1.49999 0.999976 -7.59615e-06 0 -51.9444 1.49996 -1.13942e-05
-4.625 1.49999 0.999976 -1.04175e-05 0 -51.3889 1.49995 -1.56262e-05
-4.575 1.49999 0.999975 -1.31772e-05 0 -50.8333 1.49995 -1.97657e-05
-4.525 1.49999 0.999976 -1.58182e-05 0 -50.2778 1.49995 -2.3727e-05
-4.475 1.49998 0.999976 -1.82625e-05 0 -49.7222 1.49995 -2.73935e-05
-4.425 1.49998 0.999977 -2.04488e-05 0 -49.1667 1.49995 -3.06728e-05
-4.375 1.49998 0.999978 -2.23406e-05 0 -48.6111 1.49994 -3.35103e-05
-4.325 1.49997 0.999979 -2.39159e-05 0 -48.0556 1.49994 -3.58732e-05
-4.275 1.49997 0.99998 -2.51707e-05 0 -47.5 1.49994 -3.77553e-05
-4.225 1.49997 0.999981 -2.61176e-05 0 -46.9444 1.49994 -3.91755e-05
-4.175 1.49996 0.999982 -2.6778e-05 0 -46.3889 1.49994 -4.0166e-05
-4.125 1.49996 0.999982 -2.71849e-05 0 -45.8333 1.49993 -4.07763e-05
-4.075 1.49996 0.999983 -2.73731e-05 0 -45.2778 1.49993 -4.10584e-05
-4.025 1.49995 0.999982 -2.73799e-05 0 -44.7222 1.49992 -4.10685e-05
-3.975 1.49995 0.999982 -2.72715e-05 0 -44.1667 1.49992 -4.09058e-05
-3.925 1.49994 0.99998 -2.7118e-05 0 -43.6111 1.49991 -4.06755e-05
-3.875 1.49994 0.999979 -2.69847e-05 0 -43.0556 1.49991 -4.04753e-05
-3.825 1.49994 0.999976 -2.69356e-05 0 -42.5 1.4999 -4.04016e-05
-3.775 1.49993 0.999974 -2.7034e-05 0 -41.9444 1.49989 -4.05492e-05
-3.725 1.49993 0.99997 -2.73411e-05 0 -41.3889 1.49988 -4.10096e-05
-3.675 1.49992 0.999966 -2.79145e-05 0 -40.8333 1.49987 -4.18696e-05
-3.625 1.49992 0.999962 -2.88077e-05 0 -40.2778 1.49986 -4.32093e-05
-3.575 1.49991 0.999956 -3.00705e-05 0 -39.7222 1.49985 -4.51032e-05
-3.525 1.49991 0.999951 -3.17469e-05 0 -39.1667 1.49984 -4.76175e-05
-3.475 1.49991 0.999945 -3.38746e-05 0 -38.6111 1.49982 -5.08087e-05
-3.425 1.4999 0.999938 -3.64844e-05 0 -38.0556 1.49981 -5.4723e-05
-3.375 1.49989 0.999931 -3.96004e-05 0 -37.5 1.49979 -5.93965e-05
-3.325 1.49989 0.999924 -4.32402e-05 0 -36.9444 1.49978 -6.48554e-05
-3.275 1.49988 0.999917 -4.74154e-05 0 -36.3889 1.49976 -7.11174e-05
-3.225 1.49987 0.999909 -5.21326e-05 0 -35.8333 1.49974 -7.81924e-05
-3.175 1.49987 0.999901 -5.73945e-05 0 -35.2778 1.49972 -8.6084e-05
-3.125 1.49986 0.999892 -6.32003e-05 0 -34.7222 1.4997 -9.47915e-05
-3.075 1.49985 0.999883 -6.95472e-05 0 -34.1667 1.49967 -0.00010431
-3.025 1.49984 0.999874 -7.6431e-05 0 -33.6111 1.49965 -0.000114634
-2.975 1.49983 0.999865 -8.38469e-05 0 -33.0556 1.49962 -0.000125756
-2.925 1.49981 0.999855 -9.17909e-05 0 -32.5 1.4996 -0.000137669
-2.875 1.4998 0.999845 -0.000100261 0 -31.9444 1.49957 -0.000150371
-2.825 1.49978 0.999835 -0.000109257 0 -31.3889 1.49954 -0.000163861
-2.775 1.49977 0.999824 -0.000118782 0 -30.8333 1.4995 -0.000178146
-2.725 1.49975 0.999812 -0.000128846 0 -30.2778 1.49947 -0.000193237
-2.675 1.49973 0.9998 -0.000139462 0 -29.7222 1.49943 -0.000209154
-2.625 1.49971 0.999787 -0.000150647 0 -29.1667 1.49939 -0.000225926
-2.575 1.49968 0.999774 -0.000162427 0 -28.6111 1.49935 -0.00024359
-2.525 1.49966 0.999759 -0.000174834 0 -28.0556 1.4993 -0.000262192
-2.475 1.49963 0.999744 -0.000187906 0 -27.5 1.49925 -0.00028179
-2.425 1.4996 0.999727 -0.000201689 0 -26.9444 1.4992 -0.000302454
-2.375 1.49957 0.99971 -0.000216237 0 -26.3889 1.49914 -0.000324263
-2.325 1.49954 0.999691 -0.000231611 0 -25.8333 1.49908 -0.00034731
-2.275 1.49951 0.99967 -0.000247882 0 -25.2778 1.49901 -0.0003717
-2.225 1.49947 0.999648 -0.000265129 0 -24.7222 1.49894 -0.000397552
-2.175 1.49943 0.999623 -0.00028344 0 -24.1667 1.49886 -0.000424999
-2.125 1.49938 0.999597 -0.000302916 0 -23.6111 1.49878 -0.000454187
-2.075 1.49934 0.999569 -0.000323664 0 -23.0556 1.49869 -0.000485283
-2.025 1.49929 0.999538 -0.000345807 0 -22.5 1.4986 -0.000518466
-1.975 1.49924 0.999505 -0.000369477 0 -21.9444 1.4985 -0.000553933
-1.925 1.49918 0.999469 -0.000394815 0 -21.3889 1.49839 -0.0005919
-1.875 1.49912 0.99943 -0.000421979 0 -20.8333 1.49827 -0.000632597
-1.825 1.49906 0.999388 -0.000451133 0 -20.2778 1.49814 -0.000676275
-1.775 1.49899 0.999342 -0.000482457 0 -19.7222 1.498 -0.000723198
-1.725 1.49892 0.999293 -0.000516142 0 -19.1667 1.49786 -0.000773653
-1.675 1.49884 0.99924 -0.000552389 0 -18.6111 1.4977 -0.000827942
-1.625 1.49875 0.999183 -0.000591416 0 -18.0556 1.49753 -0.000886387
-1.575 1.49867 0.999121 -0.00063345 0 -17.5 1.49735 -0.00094933
-1.525 1.49857 0.999055 -0.000678737 0 -16.9444 1.49715 -0.00101713
-1.475 1.49847 0.998984 -0.000727532 0 -16.3889 1.49694 -0.00109018
-1.425 1.49836 0.998907 -0.000780108 0 -15.8333 1.49672 -0.00116888
-1.375 1.49824 0.998825 -0.000836751 0 -15.2778 1.49648 -0.00125365
-1.325 1.49811 0.998736 -0.000897766 0 -14.7222 1.49622 -0.00134495
-1.275 1.49798 0.998641 -0.000963474 0 -14.1667 1.49594 -0.00144326
-1.225 1.49783 0.99854 -0.00103421 0 -13.6111 1.49564 -0.00154907
-1.175 1.49767 0.99843 -0.00111034 0 -13.0556 1.49532 -0.00166293
-1.125 1.4975 0.998313 -0.00119224 0 -12.5 1.49498 -0.00178538
-1.075 1.49732 0.998188 -0.0012803 0 -11.9444 1.49461 -0.00191702
-1.025 1.49713 0.998054 -0.00137495 0 -11.3889 1.49422 -0.00205848
-0.975 1.49692 0.99791 -0.00147664 0 -10.8333 1.49379 -0.00221042
-0.925 1.4967 0.997756 -0.00158585 0 -10.2778 1.49334 -0.00237355
-0.875 1.49646 0.997591 -0.00170309 0 -9.72222 1.49285 -0.0025486
-0.825 1.4962 0.997415 -0.00182888 0 -9.16667 1.49233 -0.00273637
-0.775 1.49592 0.997226 -0.0019638 0 -8.61111 1.49177 -0.00293769
-0.725 1.49563 0.997023 -0.00210845 0 -8.05556 1.49117 -0.00315346
-0.675 1.49531 0.996806 -0.0022635 0 -7.5 1.49053 -0.00338463
-0.625 1.49497 0.996574 -0.00242962 0 -6.94444 1.48984 -0.0036322
-0.575 1.4946 0.996325 -0.00260756 0 -6.38889 1.48911 -0.00389725
-0.525 1.4942 0.996059 -0.00279809 0 -5.83333 1.48832 -0.00418092
-0.475 1.49378 0.995774 -0.00300206 0 -5.27778 1.48747 -0.00448442
-0.425 1.49333 0.995468 -0.00322036 0 -4.72222 1.48656 -0.00480905
-0.375 1.49284 0.99514 -0.00345394 0 -4.16667 1.48559 -0.00515619
-0.325 1.49232 0.994789 -0.00370383 0 -3.61111 1.48454 -0.00552731
-0.275 1.49176 0.994412 -0.00397111 0 -3.05556 1.48343 -0.00592395
-0.225 1.49116 0.994008 -0.00425694 0 -2.5 1.48223 -0.00634779
-0.175 1.49052 0.993575 -0.00456254 0 -1.94444 1.48094 -0.00680057
-0.125 1.48983 0.993111 -0.00488925 0 -1.38889 1.47957 -0.00728417
-0.075 1.4891 0.992613 -0.00523846 0 -0.833333 1.4781 -0.00780058
-0.025 1.48831 0.992079 -0.00561165 0 -0.277778 1.47652 -0.00835186
0.025 1.48746 0.991507 -0.00601039 0 0.277778 1.47483 -0.00894023
0.075 1.48656 0.990893 -0.00643635 0 0.833333 1.47302 -0.00956801
0.125 1.48559 0.990234 -0.0068913 0 1.38889 1.47108 -0.0102377
0.175 1.48456 0.989527 -0.0073771 0 1.94444 1.46901 -0.0109517
0.225 1.48345 0.988769 -0.00789569 0 2.5 1.46679 -0.0117129
0.275 1.48227 0.987957 -0.00844911 0 3.05556 1.46441 -0.0125238
0.325 1.481 0.987085 -0.00903949 0 3.61111 1.46187 -0.0133875
0.375 1.47965 0.98615 -0.00966908 0 4.16667 1.45915 -0.0143068
0.425 1.4782 0.985147 -0.0103402 0 4.72222 1.45625 -0.0152849
0.475 1.47666 0.984072 -0.0110554 0 5.27778 1.45314 -0.016325
0.525 1.47501 0.982919 -0.0118171 0 5.83333 1.44981 -0.0174303
0.575 1.47324 0.981683 -0.0126282 0 6.38889 1.44626 -0.0186044
0.625 1.47136 0.980358 -0.0134916 0 6.94444 1.44246 -0.0198511
0.675 1.46934 0.978938 -0.0144108 0 7.5 1.43839 -0.0211744
0.725 1.46718 0.977416 -0.0153892 0 8.05556 1.43405 -0.0225788
0.775 1.46487 0.975785 -0.0164311 0 8.61111 1.4294 -0.0240694
0.825 1.46239 0.974037 -0.0175409 0 9.16667 1.42442 -0.0256515
0.875 1.45972 0.972165 -0.0187235 0 9.72222 1.41909 -0.0273311
0.925 1.45687 0.97016 -0.0199845 0 10.2778 1.4134 -0.0291148
0.975 1.45381 0.968012 -0.0213296 0 10.8333 1.40731 -0.0310091
1.025 1.45054 0.965713 -0.0227647 0 11.3889 1.4008 -0.0330209
1.075 1.44704 0.963252 -0.0242955 0 11.9444 1.39386 -0.0351564
1.125 1.44331 0.960617 -0.0259273 0 12.5 1.38646 -0.037421
1.175 1.43934 0.957799 -0.027665 0 13.0556 1.3786 -0.0398193
1.225 1.43513 0.954783 -0.0295125 0 13.6111 1.37024 -0.0423543
1.275 1.43068 0.951559 -0.0314727 0 14.1667 1.36138 -0.0450273
1.325 1.42597 0.948112 -0.0335475 0 14.7222 1.35198 -0.0478379
1.375 1.42101 0.944428 -0.0357381 0 15.2778 1.34204 -0.050784
1.425 1.41576 0.940494 -0.0380452 0 15.8333 1.33151 -0.0538628
1.475 1.41021 0.936292 -0.04047 0 16.3889 1.32037 -0.0570711
1.525 1.40433 0.931807 -0.043014 0 16.9444 1.30857 -0.0604059
1.575 1.3981 0.927022 -0.0456793 0 17.5 1.29607 -0.0638642
1.625 1.39149 0.921921 -0.0484688 0 18.0556 1.28284 -0.0674436
1.675 1.38447 0.916484 -0.0513854 0 18.6111 1.26884 -0.0711415
1.725 1.37703 0.910693 -0.0544319 0 19.1667 1.25406 -0.0749547
1.775 1.36918 0.90453 -0.0576094 0 19.7222 1.23847 -0.0788778
1.825 1.36092 0.897974 -0.0609161 0 20.2778 1.22207 -0.0829018
1.875 1.35225 0.891007 -0.064346 0 20.8333 1.20487 -0.087012
1.925 1.34319 0.88361 -0.0678891 0 21.3889 1.18686 -0.0911883
1.975 1.33375 0.875763 -0.0715312 0 21.9444 1.16805 -0.095405
2.025 1.32393 0.867449 -0.0752552 0 22.5 1.14844 -0.0996326
2.075 1.31372 0.85865 -0.0790411 0 23.0556 1.12803 -0.103838
2.125 1.30312 0.849351 -0.0828656 0 23.6111 1.1068 -0.107984
2.175 1.29212 0.839538 -0.0867025 0 24.1667 1.08479 -0.11203
2.225 1.28074 0.829196 -0.0905216 0 24.7222 1.06199 -0.115935
2.275 1.26898 0.818315 -0.0942897 0 25.2778 1.03843 -0.119652
2.325 1.25686 0.806889 -0.0979696 0 25.8333 1.01415 -0.123134
2.375 1.2444 0.794917 -0.101519 0 26.3889 0.989196 -0.126331
2.425 1.23163 0.782403 -0.104892 0 26.9444 0.963628 -0.129188
2.475 1.21857 0.769358 -0.108035 0 27.5 0.937517 -0.131648
2.525 1.20528 0.755798 -0.110891 0 28.0556 0.910947 -0.133654
2.575 1.1918 0.741748 -0.113397 0 28.6111 0.884017 -0.135147
2.625 1.1782 0.727242 -0.115489 0 29.1667 0.856838 -0.136069
2.675 1.16455 0.712329 -0.117097 0 29.7222 0.82954 -0.136365
2.725 1.15092 0.697067 -0.118144 0 30.2778 0.802269 -0.135974
2.775 1.13739 0.681535 -0.118551 0 30.8333 0.775172 -0.134839
2.825 1.12404 0.665841 -0.118246 0 31.3889 0.748429 -0.132912
2.875 1.11093 0.650079 -0.11716 0 31.9444 0.722193 -0.130156
2.925 1.09815 0.634343 -0.115221 0 32.5 0.696604 -0.126531
2.975 1.08579 0.618758 -0.112366 0 33.0556 0.67184 -0.122005
3.025 1.07393 0.603464 -0.108541 0 33.6111 0.648076 -0.116565
3.075 1.06266 0.588613 -0.103711 0 34.1667 0.625494 -0.110209
3.125 1.05207 0.574367 -0.0978563 0 34.7222 0.604275 -0.102952
3.175 1.04225 0.560897 -0.0909764 0 35.2778 0.584598 -0.0948205
3.225 1.03329 0.548375 -0.0830902 0 35.8333 0.566632 -0.0858566
3.275 1.02527 0.53697 -0.0742379 0 36.3889 0.55054 -0.0761139
3.325 1.01826 0.526847 -0.0644845 0 36.9444 0.536465 -0.0656618
3.375 1.01232 0.518159 -0.0539209 0 37.5 0.524542 -0.0545851
3.425 1.00751 0.511043 -0.0426606 0 38.0556 0.514884 -0.0429812
3.475 1.00389 0.505618 -0.0308366 0 38.6111 0.507586 -0.0309566
3.525 1.00148 0.501976 -0.0185999 0 39.1667 0.502719 -0.0186274
3.575 1.00035 0.500181 -0.00610253 0 39.7222 0.500359 -0.00610469
3.625 1.00021 0.500263 0.00643955 0 40.2778 0.500367 0.00644089
3.675 1.00107 0.502211 0.018755 0 40.8333 0.50275 0.0187751
3.725 1.00358 0.505983 0.0307733 0 41.3889 0.507792 0.0308833
3.775 1.00743 0.511512 0.0423858 0 41.9444 0.51531 0.0427006
3.825 1.01239 0.518706 0.0534489 0 42.5 0.525131 0.0541109
3.875 1.01843 0.527449 0.0638257 0 43.0556 0.53717 0.065002
3.925 1.02554 0.537604 0.0734078 0 43.6111 0.551336 0.0752829
3.975 1.03366 0.549018 0.0821118 0 44.1667 0.567499 0.0848759
4.025 1.04271 0.561529 0.0898761 0 44.7222 0.58551 0.0937144
4.075 1.05259 0.574968 0.0966619 0 45.2778 0.605207 0.101746
4.125 1.06324 0.589165 0.102452 0 45.8333 0.626422 0.108931
4.175 1.07456 0.603955 0.107248 0 46.3889 0.648983 0.115244
4.225 1.08646 0.619182 0.111071 0 46.9444 0.672715 0.120674
4.275 1.09885 0.634698 0.113958 0 47.5 0.69744 0.125223
4.325 1.11166 0.650364 0.115957 0 48.0556 0.722984 0.128905
4.375 1.1248 0.666055 0.117127 0 48.6111 0.74918 0.131744
4.425 1.13816 0.681652 0.117525 0 49.1667 0.77583 0.133762
4.475 1.15164 0.697039 0.11722 0 49.7222 0.802736 0.134995
4.525 1.16517 0.712144 0.116288 0 50.2778 0.829765 0.135495
4.575 1.17869 0.72692 0.1148 0 50.8333 0.856811 0.135314
4.625 1.19215 0.74131 0.112825 0 51.3889 0.88375 0.134504
4.675 1.20549 0.755268 0.110432 0 51.9444 0.91047 0.133125
4.725 1.21868 0.768756 0.107685 0 52.5 0.936866 0.131234
4.775 1.23165 0.781747 0.104648 0 53.0556 0.96284 0.12889
4.825 1.24437 0.794222 0.101379 0 53.6111 0.988309 0.126153
4.875 1.25681 0.806171 0.0979289 0 54.1667 1.0132 0.123078
4.925 1.26892 0.817588 0.0943467 0 54.7222 1.03745 0.119718
4.975 1.28068 0.828473 0.0906744 0 55.2778 1.06101 0.116125
5.025 1.29208 0.83883 0.0869499 0 55.8333 1.08384 0.112347
5.075 1.3031 0.848667 0.0832067 0 56.3889 1.1059 0.108427
5.125 1.31372 0.857994 0.0794733 0 56.9444 1.12717 0.104406
5.175 1.32394 0.866824 0.0757744 0 57.5 1.14762 0.10032
5.225 1.33374 0.875173 0.0721305 0 58.0556 1.16725 0.0962034
5.275 1.34313 0.883056 0.0685591 0 58.6111 1.18606 0.0920841
5.325 1.35211 0.890493 0.0650746 0 59.1667 1.20405 0.0879883
5.375 1.36069 0.897502 0.0616883 0 59.7222 1.22122 0.0839385
5.425 1.36886 0.904101 0.0584088 0 60.2778 1.23759 0.0799536
5.475 1.37664 0.91031 0.0552429 0 60.8333 1.25317 0.0760496
5.525 1.38403 0.916148 0.0521952 0 61.3889 1.26798 0.07224
5.575 1.39105 0.921632 0.049269 0 61.9444 1.28204 0.0685357
5.625 1.39771 0.926782 0.0464657 0 62.5 1.29537 0.0649454
5.675 1.40401 0.931615 0.0437857 0 63.0556 1.308 0.0614756
5.725 1.40997 0.936149 0.0412284 0 63.6111 1.31994 0.0581309
5.775 1.41561 0.940399 0.0387923 0 64.1667 1.33123 0.0549146
5.825 1.42093 0.944381 0.0364752 0 64.7222 1.3419 0.0518286
5.875 1.42595 0.948111 0.0342743 0 65.2778 1.35195 0.0488733
5.925 1.43068 0.951604 0.0321864 0 65.8333 1.36144 0.0460483
5.975 1.43513 0.954873 0.0302079 0 66.3889 1.37037 0.0433523
6.025 1.43932 0.957931 0.028335 0 66.9444 1.37877 0.0407833
6.075 1.44327 0.960791 0.0265637 0 67.5 1.38668 0.0383386
6.125 1.44697 0.963464 0.02489 0 68.0556 1.39411 0.0360152
6.175 1.45045 0.965962 0.0233097 0 68.6111 1.40108 0.0338096
6.225 1.45372 0.968294 0.0218186 0 69.1667 1.40763 0.0317181
6.275 1.45678 0.970472 0.0204127 0 69.7222 1.41376 0.0297367
6.325 1.45965 0.972504 0.0190879 0 70.2778 1.41952 0.0278616
6.375 1.46234 0.9744 0.0178403 0 70.8333 1.4249 0.0260885
6.425 1.46485 0.976167 0.016666 0 71.3889 1.42994 0.0244133
6.475 1.46721 0.977813 0.0155615 0 71.9444 1.43465 0.022832
6.525 1.46941 0.979346 0.0145232 0 72.5 1.43906 0.0213405
6.575 1.47146 0.980773 0.0135478 0 73.0556 1.44317 0.0199351
6.625 1.47338 0.9821 0.0126319 0 73.6111 1.44701 0.0186117
6.675 1.47518 0.983334 0.0117726 0 74.1667 1.45059 0.0173667
6.725 1.47685 0.98448 0.010967 0 74.7222 1.45393 0.0161966
6.775 1.47841 0.985544 0.0102123 0 75.2778 1.45703 0.015098
6.825 1.47986 0.986531 0.00950597 0 75.8333 1.45993 0.0140675
6.875 1.48121 0.987448 0.00884546 0 76.3889 1.46262 0.013102
6.925 1.48247 0.988297 0.00822847 0 76.9444 1.46512 0.0121985
6.975 1.48365 0.989084 0.00765277 0 77.5 1.46745 0.011354
7.025 1.48474 0.989814 0.00711626 0 78.0556 1.46961 0.0105658
7.075 1.48575 0.99049 0.00661689 0 78.6111 1.47162 0.00983107
7.125 1.4867 0.991116 0.00615273 0 79.1667 1.47349 0.00914726
7.175 1.48758 0.991696 0.0057219 0 79.7222 1.47523 0.00851178
7.225 1.4884 0.992235 0.00532259 0 80.2778 1.47684 0.00792212
7.275 1.48916 0.992734 0.00495302 0 80.8333 1.47834 0.00737583
7.325 1.48987 0.993198 0.00461147 0 81.3889 1.47973 0.00687048
7.375 1.49053 0.99363 0.00429624 0 81.9444 1.48103 0.00640367
7.425 1.49115 0.994032 0.00400566 0 82.5 1.48225 0.00597303
7.475 1.49172 0.994407 0.0037381 0 83.0556 1.48338 0.0055762
7.525 1.49226 0.994757 0.00349192 0 83.6111 1.48444 0.00521085
7.575 1.49276 0.995086 0.00326553 0 84.1667 1.48543 0.00487466
7.625 1.49323 0.995395 0.00305735 0 84.7222 1.48635 0.00456533
7.675 1.49367 0.995685 0.00286583 0 85.2778 1.48723 0.00428061
7.725 1.49409 0.99596 0.00268946 0 85.8333 1.48805 0.00401828
7.775 1.49447 0.996219 0.00252675 0 86.3889 1.48882 0.00377617
7.825 1.49484 0.996465 0.0023763 0 86.9444 1.48956 0.00355218
7.875 1.49518 0.996699 0.00223673 0 87.5 1.49025 0.00334432
7.925 1.49551 0.996921 0.00210675 0 88.0556 1.4909 0.00315066
7.975 1.49581 0.997132 0.00198515 0 88.6111 1.49152 0.00296941
8.025 1.4961 0.997334 0.00187081 0 89.1667 1.49211 0.00279891
8.075 1.49637 0.997525 0.00176269 0 89.7222 1.49267 0.00263765
8.125 1.49663 0.997708 0.00165991 0 90.2778 1.4932 0.00248426
8.175 1.49687 0.997881 0.00156165 0 90.8333 1.49369 0.00233758
8.225 1.49709 0.998044 0.00146725 0 91.3889 1.49417 0.00219661
8.275 1.49731 0.998199 0.00137617 0 91.9444 1.49461 0.00206054
8.325 1.4975 0.998344 0.00128799 0 92.5 1.49502 0.00192877
8.375 1.49769 0.99848 0.00120242 0 93.0556 1.49541 0.00180085
8.425 1.49786 0.998607 0.0011193 0 93.6111 1.49578 0.00167656
8.475 1.49802 0.998724 0.00103858 0 94.1667 1.49611 0.00155581
8.525 1.49817 0.998832 0.000960303 0 94.7222 1.49642 0.0014387
8.575 1.49831 0.99893 0.000884631 0 95.2778 1.49671 0.00132545
8.625 1.49844 0.999019 0.00081178 0 95.8333 1.49697 0.0012164
8.675 1.49855 0.999098 0.000742032 0 96.3889 1.4972 0.00111197
8.725 1.49866 0.999169 0.000675707 0 96.9444 1.49741 0.00101265
8.775 1.49876 0.999231 0.000613144 0 97.5 1.4976 0.000918954
8.825 1.49884 0.999285 0.000554681 0 98.0556 1.49777 0.00083138
8.875 1.49892 0.999332 0.000500629 0 98.6111 1.49792 0.000750404
8.925 1.49899 0.999372 0.000451257 0 99.1667 1.49805 0.00067643
8.975 1.49906 0.999406 0.00040677 0 99.7222 1.49817 0.000609771
9.025 1.49911 0.999435 0.0003673 0 100.278 1.49827 0.000550624
9.075 1.49917 0.99946 0.000332884 0 100.833 1.49836 0.000499049
9.125 1.49921 0.999482 0.000303465 0 101.389 1.49844 0.000454959
9.175 1.49926 0.999501 0.000278879 0 101.944 1.49851 0.000418111
9.225 1.4993 0.999518 0.00025886 0 102.5 1.49857 0.000388107
9.275 1.49933 0.999535 0.000243048 0 103.056 1.49864 0.000364411
9.325 1.49937 0.999551 0.000230984 0 103.611 1.4987 0.00034633
9.375 1.4994 0.999568 0.000222093 0 104.167 1.49876 0.000333007
9.425 1.49944 0.999586 0.0002158 0 104.722 1.49882 0.000323578
9.475 1.49947 0.999605 0.0002115 0 105.278 1.49888 0.000317137
9.525 1.4995 0.999625 0.000208572 0 105.833 1.49894 0.000312754
9.575 1.49953 0.999647 0.000206409 0 106.389 1.499 0.000309517
9.625 1.49956 0.99967 0.000204435 0 106.944 1.49907 0.000306563
9.675 1.49959 0.999695 0.000202122 0 107.5 1.49914 0.000303101
9.725 1.49962 0.999721 0.000199016 0 108.056 1.4992 0.000298449
9.775 1.49965 0.999747 0.000194752 0 108.611 1.49927 0.00029206
9.825 1.49968 0.999773 0.000189051 0 109.167 1.49934 0.000283516
9.875 1.49971 0.999799 0.000181704 0 109.722 1.49941 0.000272503
9.925 1.49974 0.999824 0.000172641 0 110.278 1.49947 0.000258915
9.975 1.49976 0.999848 0.000161912 0 110.833 1.49953 0.000242829
10.025 1.49978 0.99987 0.000149675 0 111.389 1.49959 0.000224481
10.075 1.49981 0.99989 0.000136178 0 111.944 1.49964 0.00020424
10.125 1.49982 0.999907 0.000121739 0 112.5 1.49968 0.000182587
10.175 1.49984 0.999921 0.000106742 0 113.056 1.49972 0.000160096
10.225 1.49986 0.999932 9.16161e-05 0 113.611 1.49975 0.000137411
10.275 1.49987 0.99994 7.68104e-05 0 114.167 1.49978 0.000115205
10.325 1.49988 0.999946 6.27642e-05 0 114.722 1.4998 9.41386e-05
10.375 1.49989 0.999949 4.98671e-05 0 115.278 1.49981 7.47951e-05
10.425 1.49989 0.999949 3.85221e-05 0 115.833 1.49982 5.7779e-05
10.475 1.4999 0.999948 2.91348e-05 0 116.389 1.49982 4.36992e-05
10.525 1.4999 0.999945 2.17322e-05 0 116.944 1.49982 3.25962e-05
10.575 1.4999 0.999941 1.6376e-05 0 117.5 1.49982 2.45624e-05
10.625 1.49991 0.999937 1.30697e-05 0 118.056 1.49981 1.96034e-05
10.675 1.49991 0.999933 1.17563e-05 0 118.611 1.49981 1.76333e-05
10.725 1.49991 0.99993 1.22789e-05 0 119.167 1.4998 1.84173e-05
10.775 1.49991 0.999927 1.43216e-05 0 119.722 1.4998 2.14812e-05
10.825 1.49991 0.999926 1.75435e-05 0 120.278 1.4998 2.63138e-05
10.875 1.49992 0.999927 2.15328e-05 0 120.833 1.49981 3.22975e-05
10.925 1.49992 0.999928 2.58612e-05 0 121.389 1.49981 3.87897e-05
10.975 1.49993 0.999932 3.02162e-05 0 121.944 1.49982 4.5322e-05
11.025 1.49993 0.999937 3.4237e-05 0 122.5 1.49984 5.13531e-05
11.075 1.49994 0.999943 3.75943e-05 0 123.056 1.49985 5.6389e-05
11.125 1.49994 0.99995 4.00063e-05 0 123.611 1.49987 6.00072e-05
11.175 1.49995 0.999958 4.12571e-05 0 124.167 1.49988 6.18834e-05
11.225 1.49995 0.999966 4.12268e-05 0 124.722 1.4999 6.18382e-05
11.275 1.49996 0.999974 3.98738e-05 0 125.278 1.49992 5.98091e-05
11.325 1.49997 0.999982 3.7222e-05 0 125.833 1.49994 5.58318e-05
11.375 1.49997 0.999988 3.34104e-05 0 126.389 1.49995 5.01146e-05
11.425 1.49998 0.999994 2.8648e-05 0 126.944 1.49997 4.29713e-05
11.475 1.49998 0.999998 2.32089e-05 0 127.5 1.49998 3.48128e-05
11.525 1.49998 1 1.74197e-05 0 128.056 1.49998 2.61292e-05
11.575 1.49998 1 1.16224e-05 0 128.611 1.49999 1.74334e-05
11.625 1.49999 1 6.21931e-06 0 129.167 1.49999 9.32888e-06
11.675 1.49999 1 1.5507e-06 0 129.722 1.49999 2.32603e-06
11.725 1.49999 0.999998 -2.22473e-06 0 130.278 1.49998 -3.33706e-06
11.775 1.49999 0.999995 -4.89242e-06 0 130.833 1.49998 -7.33857e-06
11.825 1.49998 0.999991 -6.36785e-06 0 131.389 1.49997 -9.55168e-06
11.875 1.49998 0.999988 -6.64934e-06 0 131.944 1.49997 -9.97391e-06
11.925 1.49998 0.999984 -5.77587e-06 0 132.5 1.49996 -8.6637e-06
11.975 1.49998 0.999982 -3.90425e-06 0 133.056 1.49995 -5.8563e-06
12.025 1.49998 0.99998 -1.25706e-06 0 133.611 1.49995 -1.88557e-06
12.075 1.49998 0.999979 1.87258e-06 0 134.167 1.49995 2.80883e-06
12.125 1.49998 0.999979 5.1227e-06 0 134.722 1.49995 7.68395e-06
12.175 1.49998 0.99998 8.1756e-06 0 135.278 1.49995 1.22633e-05
12.225 1.49998 0.999983 1.08159e-05 0 135.833 1.49996 1.62237e-05
12.275 1.49999 0.999986 1.28074e-05 0 136.389 1.49997 1.9211e-05
12.325 1.49999 0.999989 1.39684e-05 0 136.944 1.49997 2.09525e-05
12.375 1.49999 0.999993 1.42063e-05 0 137.5 1.49998 2.13093e-05
12.425 1.49999 0.999997 1.34977e-05 0 138.056 1.49999 2.02465e-05
12.475 1.49999 1 1.19023e-05 0 138.611 1.5 1.78534e-05
12.525 1.5 1 9.56788e-06 0 139.167 1.5 1.43518e-05
12.575 1.5 1 6.7217e-06 0 139.722 1.5 1.00825e-05
12.625 1.5 1.00001 3.62716e-06 0 140.278 1.50001 5.44074e-06
12.675 1.5 1.00001 6.09967e-07 0 140.833 1.50001 9.14949e-07
12.725 1.5 1 -2.02165e-06 0 141.389 1.50001 -3.03248e-06
12.775 1.5 1 -4.07428e-06 0 141.944 1.5 -6.11142e-06
12.825 1.5 1 -5.39279e-06 0 142.5 1.5 -8.08916e-06
12.875 1.5 0.999998 -5.87398e-06 0 143.056 1.49999 -8.81095e-06
12.925 1.5 0.999995 -5.47863e-06 0 143.611 1.49999 -8.21792e-06
12.975 1.49999 0.999993 -4.28557e-06 0 144.167 1.49998 -6.42833e-06
13.025 1.49999 0.999991 -2.45197e-06 0 144.722 1.49998 -3.67794e-06
13.075 1.49999 0.999991 -1.99217e-07 0 145.278 1.49998 -2.98825e-07
13.125 1.49999 0.999991 2.16026e-06 0 145.833 1.49998 3.24038e-06
13.175 1.49999 0.999992 4.31318e-06 0 146.389 1.49998 6.46974e-06
13.225 1.5 0.999993 6.06322e-06 0 146.944 1.49999 9.09481e-06
13.275 1.5 0.999996 7.21296e-06 0 147.5 1.49999 1.08194e-05
13.325 1.5 0.999998 7.62145e-06 0 148.056 1.5 1.14322e-05
13.375 1.5 1 7.22251e-06 0 148.611 1.5 1.08338e-05
13.425 1.5 1 6.05949e-06 0 149.167 1.5 9.08924e-06
13.475 1.5 1 4.2634e-06 0 149.722 1.50001 6.3951e-06
13.525 1.5 1.00001 2.03719e-06 0 150.278 1.50001 3.05579e-06
13.575 1.5 1.00001 -3.32204e-07 0 150.833 1.50001 -4.98307e-07
13.625 1.5 1 -2.50053e-06 0 151.389 1.50001 -3.7508e-06
13.675 1.5 1 -4.26016e-06 0 151.944 1.50001 -6.39025e-06
13.725 1.5 1 -5.41276e-06 0 152.5 1.5 -8.11913e-06
13.775 1.5 0.999999 -5.81787e-06 0 153.056 1.5 -8.7268e-06
13.825 1.5 0.999997 -5.40907e-06 0 153.611 1.49999 -8.11359e-06
13.875 1.5 0.999995 -4.22991e-06 0 154.167 1.49999 -6.34485e-06
13.925 1.5 0.999993 -2.42041e-06 0 154.722 1.49999 -3.63061e-06
13.975 1.5 0.999993 -2.13424e-07 0 155.278 1.49999 -3.20135e-07
14.025 1.5 0.999993 2.06302e-06 0 155.833 1.49999 3.09452e-06
14.075 1.5 0.999994 4.09867e-06 0 156.389 1.49999 6.148e-06
14.125 1.5 0.999996 5.6797e-06 0 156.944 1.49999 8.51954e-06
14.175 1.5 0.999998 6.58669e-06 0 157.5 1.5 9.88003e-06
14.225 1.5 1 6.68753e-06 0 158.056 1.5 1.00313e-05
14.275 1.5 1 5.9527e-06 0 158.611 1.50001 8.92905e-06
14.325 1.5 1 4.44804e-06 0 159.167 1.50001 6.67206e-06
14.375 1.5 1.00001 2.35478e-06 0 159.722 1.50001 3.53218e-06
14.425 1.5 1.00001 -4.39804e-08 0 160.278 1.50001 -6.59706e-08
14.475 1.5 1.00001 -2.36845e-06 0 160.833 1.50001 -3.55268e-06
14.525 1.5 1 -4.33766e-06 0 161.389 1.50001 -6.5065e-06
14.575 1.5 1 -5.7243e-06 0 161.944 1.5 -8.58645e-06
14.625 1.5 1 -6.33281e-06 0 162.5 1.5 -9.49922e-06
14.675 1.5 0.999998 -6.06462e-06 0 163.056 1.5 -9.09692e-06
14.725 1.5 0.999996 -4.94187e-06 0 163.611 1.49999 -7.4128e-06
14.775 1.5 0.999994 -3.10855e-06 0 164.167 1.49999 -4.66282e-06
14.825 1.5 0.999993 -8.1372e-07 0 164.722 1.49999 -1.22058e-06
14.875 1.5 0.999993 1.58687e-06 0 165.278 1.49999 2.3803e-06
14.925 1.5 0.999994 3.7224e-06 0 165.833 1.49999 5.58359e-06
14.975 1.5 0.999996 5.35921e-06 0 166.389 1.49999 8.03881e-06
15.025 1.5 0.999998 6.26576e-06 0 166.944 1.5 9.39863e-06
15.075 1.5 1 6.30834e-06 0 167.5 1.5 9.46251e-06
15.125 1.5 1 5.47193e-06 0 168.056 1.50001 8.2079e-06
15.175 1.5 1.00001 3.86488e-06 0 168.611 1.50001 5.79733e-06
15.225 1.5 1.00001 1.71355e-06 0 169.167 1.50001 2.57033e-06
15.275 1.5 1.00001 -6.51855e-07 0 169.722 1.50001 -9.77783e-07
15.325 1.5 1.00001 -2.82118e-06 0 170.278 1.50001 -4.23177e-06
15.375 1.5 1 -4.54559e-06 0 170.833 1.50001 -6.81839e-06
15.425 1.5 1 -5.58639e-06 0 171.389 1.5 -8.37959e-06
15.475 1.5 0.999999 -5.79738e-06 0 171.944 1.5 -8.69606e-06
15.525 1.5 0.999997 -5.14417e-06 0 172.5 1.49999 -7.71625e-06
15.575 1.5 0.999995 -3.72352e-06 0 173.056 1.49999 -5.58528e-06
15.625 1.5 0.999994 -1.74803e-06 0 173.611 1.49999 -2.62204e-06
15.675 1.5 0.999994 4.59964e-07 0 174.167 1.49999 6.89945e-07
15.725 1.5 0.999995 2.4978e-06 0 174.722 1.49999 3.74669e-06
15.775 1.5 0.999996 4.11496e-06 0 175.278 1.49999 6.17243e-06
15.825 1.5 0.999998 5.08305e-06 0 175.833 1.5 7.62457e-06
15.875 1.5 1 5.2639e-06 0 176.389 1.5 7.89584e-06
15.925 1.5 1 4.63235e-06 0 176.944 1.5 6.94852e-06
15.975 1.5 1 3.29272e-06 0 177.5 1.50001 4.93908e-06
16.025 1.5 1 1.4619e-06 0 178.056 1.50001 2.19285e-06
16.075 1.5 1.00001 -5.41555e-07 0 178.611 1.50001 -8.12334e-07
16.125 1.5 1 -2.34001e-06 0 179.167 1.50001 -3.51003e-06
16.175 1.5 1 -3.7111e-06 0 179.722 1.50001 -5.56665e-06
16.225 1.5 1 -4.4518e-06 0 180.278 1.5 -6.6777e-06
16.275 1.5 0.999999 -4.45768e-06 0 180.833 1.5 -6.68652e-06
16.325 1.5 0.999997 -3.73606e-06 0 181.389 1.5 -5.60409e-06
16.375 1.5 0.999996 -2.41754e-06 0 181.944 1.49999 -3.6263e-06
16.425 1.5 0.999996 -7.37769e-07 0 182.5 1.49999 -1.10665e-06
16.475 1.5 0.999996 9.87065e-07 0 183.056 1.49999 1.4806e-06
16.525 1.5 0.999997 2.4419e-06 0 183.611 1.49999 3.66285e-06
16.575 1.5 0.999998 3.44368e-06 0 184.167 1.5 5.16551e-06
16.625 1.5 1 3.84103e-06 0 184.722 1.5 5.76154e-06
16.675 1.5 1 3.57507e-06 0 185.278 1.5 5.36261e-06
16.725 1.5 1 2.71331e-06 0 185.833 1.5 4.06997e-06
16.775 1.5 1 1.41322e-06 0 186.389 1.50001 2.11984e-06
16.825 1.5 1 -7.38138e-08 0 186.944 1.50001 -1.10721e-07
16.875 1.5 1 -1.43855e-06 0 187.5 1.50001 -2.15782e-06
16.925 1.5 1 -2.48318e-06 0 188.056 1.5 -3.72478e-06
16.975 1.5 1 -3.05043e-06 0 188.611 1.5 -4.57565e-06
17.025 1.5 1 -3.05983e-06 0 189.167 1.5 -4.58975e-06
17.075 1.5 0.999998 -2.5247e-06 0 189.722 1.5 -3.78705e-06
17.125 1.5 0.999997 -1.55686e-06 0 190.278 1.5 -2.33529e-06
17.175 1.5 0.999997 -3.54069e-07 0 190.833 1.49999 -5.31104e-07
17.225 1.5 0.999997 8.31434e-07 0 191.389 1.49999 1.24715e-06
17.275 1.5 0.999998 1.78175e-06 0 191.944 1.5 2.67263e-06
17.325 1.5 0.999999 2.36307e-06 0 192.5 1.5 3.5446e-06
17.375 1.5 1 2.4884e-06 0 193.056 1.5 3.7326e-06
17.425 1.5 1 2.14721e-06 0 193.611 1.5 3.22081e-06
17.475 1.5 1 1.42263e-06 0 194.167 1.5 2.13395e-06
17.525 1.5 1 4.6929e-07 0 194.722 1.5 7.03935e-07
17.575 1.5 1 -5.06464e-07 0 195.278 1.5 -7.59696e-07
17.625 1.5 1 -1.30315e-06 0 195.833 1.5 -1.95472e-06
17.675 1.5 1 -1.80819e-06 0 196.389 1.5 -2.71229e-06
17.725 1.5 1 -1.9443e-06 0 196.944 1.5 -2.91644e-06
17.775 1.5 0.999999 -1.69648e-06 0 197.5 1.5 -2.54471e-06
17.825 1.5 0.999999 -1.13307e-06 0 198.056 1.5 -1.69961e-06
17.875 1.5 0.999998 -3.80786e-07 0 198.611 1.5 -5.71178e-07
17.925 1.5 0.999998 3.90137e-07 0 199.167 1.5 5.85205e-07
17.975 1.5 0.999999 1.01391e-06 0 199.722 1.5 1.52087e-06
18.025 1.5 0.999999 1.39873e-06 0 200.278 1.5 2.09809e-06
18.075 1.5 1 1.48582e-06 0 200.833 1.5 2.22873e-06
18.125 1.5 1 1.26924e-06 0 201.389 1.5 1.90387e-06
18.175 1.5 1 8.08632e-07 0 201.944 1.5 1.21295e-06
18.225 1.5 1 2.15109e-07 0 202.5 1.5 3.22663e-07
18.275 1.5 1 -3.69994e-07 0 203.056 1.5 -5.54991e-07
18.325 1.5 1 -8.25561e-07 0 203.611 1.5 -1.23834e-06
18.375 1.5 1 -1.08012e-06 0 204.167 1.5 -1.62018e-06
18.425 1.5 1 -1.09567e-06 0 204.722 1.5 -1.64351e-06
18.475 1.5 0.999999 -8.82496e-07 0 205.278 1.5 -1.32374e-06
18.525 1.5 0.999999 -4.96112e-07 0 205.833 1.5 -7.44168e-07
18.575 1.5 0.999999 -3.42067e-08 0 206.389 1.5 -5.13101e-08
18.625 1.5 0.999999 3.85665e-07 0 206.944 1.5 5.78497e-07
18.675 1.5 0.999999 6.87943e-07 0 207.5 1.5 1.03191e-06
18.725 1.5 1 8.22547e-07 0 208.056 1.5 1.23382e-06
18.775 1.5 1 7.69326e-07 0 208.611 1.5 1.15399e-06
18.825 1.5 1 5.54298e-07 0 209.167 1.5 8.31447e-07
18.875 1.5 1 2.34719e-07 0 209.722 1.5 3.52078e-07
18.925 1.5 1 -1.08232e-07 0 210.278 1.5 -1.62349e-07
18.975 1.5 1 -3.88223e-07 0 210.833 1.5 -5.82335e-07
19.025 1.5 1 -5.58949e-07 0 211.389 1.5 -8.38423e-07
19.075 1.5 1 -5.93483e-07 0 211.944 1.5 -8.90224e-07
19.125 1.5 1 -4.92963e-07 0 212.5 1.5 -7.39445e-07
19.175 1.5 1 -2.88246e-07 0 213.056 1.5 -4.32368e-07
19.225 1.5 0.999999 -3.58465e-08 0 213.611 1.5 -5.37698e-08
19.275 1.5 1 1.94935e-07 0 214.167 1.5 2.92403e-07
19.325 1.5 1 3.58294e-07 0 214.722 1.5 5.37441e-07
19.375 1.5 1 4.26904e-07 0 215.278 1.5 6.40356e-07
19.425 1.5 1 3.90652e-07 0 215.833 1.5 5.85979e-07
19.475 1.5 1 2.66838e-07 0 216.389 1.5 4.00258e-07
19.525 1.5 1 9.18588e-08 0 216.944 1.5 1.37788e-07
19.575 1.5 1 -8.57442e-08 0 217.5 1.5 -1.28616e-07
19.625 1.5 1 -2.21934e-07 0 218.056 1.5 -3.32901e-07
19.675 1.5 1 -2.93389e-07 0 218.611 1.5 -4.40084e-07
19.725 1.5 1 -2.8862e-07 0 219.167 1.5 -4.3293e-07
19.775 1.5 1 -2.15248e-07 0 219.722 1.5 -3.22872e-07
19.825 1.5 1 -9.66823e-08 0 220.278 1.5 -1.45023e-07
19.875 1.5 1 3.29747e-08 0 220.833 1.5 4.94621e-08
19.925 1.5 1 1.37564e-07 0 221.389 1.5 2.06345e-07
19.975 1.5 1 1.9807e-07 0 221.944 1.5 2.97105e-07
