-19.975 1.49978 0.999963 4.33461e-05 0 -20.1768 1.49973 6.50096e-05
-19.925 1.49976 0.999953 2.21256e-05 0 -20.1263 1.49969 3.31832e-05
-19.875 1.49975 0.999943 1.53855e-06 0 -20.0758 1.49967 2.30745e-06
-19.825 1.49974 0.999933 -1.81229e-05 0 -20.0253 1.49964 -2.71797e-05
-19.775 1.49973 0.999923 -3.65868e-05 0 -19.9747 1.49962 -5.48705e-05
-19.725 1.49973 0.999914 -5.36049e-05 0 -19.9242 1.4996 -8.03929e-05
-19.675 1.49973 0.999905 -6.89808e-05 0 -19.8737 1.49959 -0.000103453
-19.625 1.49973 0.999897 -8.26661e-05 0 -19.8232 1.49958 -0.000123977
-19.575 1.49973 0.99989 -9.46276e-05 0 -19.7727 1.49957 -0.000141916
-19.525 1.49974 0.999884 -0.000104588 0 -19.7222 1.49957 -0.000156856
-19.475 1.49976 0.999879 -0.000112141 0 -19.6717 1.49958 -0.000168184
-19.425 1.49978 0.999875 -0.000116925 0 -19.6212 1.49959 -0.000175362
-19.375 1.4998 0.999872 -0.00011874 0 -19.5707 1.49961 -0.000178087
-19.325 1.49982 0.999871 -0.00011805 0 -19.5202 1.49963 -0.000177054
-19.275 1.49984 0.99987 -0.000115439 0 -19.4697 1.49965 -0.00017314
-19.225 1.49986 0.999871 -0.000111384 0 -19.4192 1.49966 -0.000167059
-19.175 1.49987 0.999874 -0.000106129 0 -19.3687 1.49968 -0.000159181
-19.125 1.49989 0.999877 -9.99592e-05 0 -19.3182 1.4997 -0.000149927
-19.075 1.4999 0.999881 -9.31269e-05 0 -19.2677 1.49972 -0.000139681
-19.025 1.49991 0.999886 -8.58525e-05 0 -19.2172 1.49974 -0.000128771
-18.975 1.49993 0.999893 -7.83272e-05 0 -19.1667 1.49976 -0.000117485
-18.925 1.49994 0.999899 -7.07178e-05 0 -19.1162 1.49979 -0.000106072
-18.875 1.49995 0.999907 -6.3166e-05 0 -19.0657 1.49981 -9.47457e-05
-18.825 1.49996 0.999915 -5.57883e-05 0 -19.0152 1.49983 -8.36802e-05
-18.775 1.49997 0.999923 -4.86787e-05 0 -18.9646 1.49986 -7.30167e-05
-18.725 1.49998 0.999932 -4.19133e-05 0 -18.9141 1.49988 -6.28691e-05
-18.675 1.49999 0.999941 -3.55523e-05 0 -18.8636 1.4999 -5.33281e-05
-18.625 1.5 0.999949 -2.96419e-05 0 -18.8131 1.49992 -4.44628e-05
-18.575 1.50001 0.999958 -2.42186e-05 0 -18.7626 1.49995 -3.63281e-05
-18.525 1.50002 0.999967 -1.93037e-05 0 -18.7121 1.49997 -2.89559e-05
-18.475 1.50002 0.999976 -1.48931e-05 0 -18.6616 1.49999 -2.234e-05
-18.425 1.50003 0.999984 -1.09638e-05 0 -18.6111 1.50001 -1.64461e-05
-18.375 1.50004 0.999992 -7.48181e-06 0 -18.5606 1.50003 -1.1223e-05
-18.325 1.50005 1 -4.41273e-06 0 -18.5101 1.50005 -6.6193e-06
-18.275 1.50006 1.00001 -1.72253e-06 0 -18.4596 1.50007 -2.58389e-06
-18.225 1.50007 1.00002 6.22162e-07 0 -18.4091 1.50009 9.33284e-07
-18.175 1.50007 1.00002 2.65337e-06 0 -18.3586 1.50011 3.98025e-06
-18.125 1.50008 1.00003 4.40185e-06 0 -18.3081 1.50013 6.60314e-06
-18.075 1.50009 1.00004 5.85803e-06 0 -18.2576 1.50014 8.78757e-06
-18.025 1.5001 1.00004 6.98773e-06 0 -18.2071 1.50016 1.04823e-05
-17.975 1.50011 1.00005 7.74635e-06 0 -18.1566 1.50018 1.16203e-05
-17.925 1.50011 1.00005 8.07876e-06 0 -18.1061 1.50019 1.21191e-05
-17.875 1.50012 1.00006 7.92402e-06 0 -18.0556 1.50021 1.1887e-05
-17.825 1.50013 1.00006 7.22575e-06 0 -18.0051 1.50022 1.08395e-05
-17.775 1.50013 1.00007 5.92914e-06 0 -17.9545 1.50023 8.89448e-06
-17.725 1.50013 1.00007 3.99165e-06 0 -17.904 1.50024 5.98802e-06
-17.675 1.50014 1.00008 1.3855e-06 0 -17.8535 1.50025 2.07844e-06
-17.625 1.50014 1.00008 -1.89655e-06 0 -17.803 1.50026 -2.84509e-06
-17.575 1.50014 1.00008 -5.83898e-06 0 -17.7525 1.50026 -8.7593e-06
-17.525 1.50014 1.00008 -1.04042e-05 0 -17.702 1.50027 -1.56078e-05
-17.475 1.50015 1.00008 -1.55403e-05 0 -17.6515 1.50027 -2.33127e-05
-17.425 1.50014 1.00008 -2.11334e-05 0 -17.601 1.50027 -3.17032e-05
-17.375 1.50014 1.00008 -2.70098e-05 0 -17.5505 1.50027 -4.05187e-05
-17.325 1.50014 1.00008 -3.3142e-05 0 -17.5 1.50026 -4.97176e-05
-17.275 1.50014 1.00008 -3.94445e-05 0 -17.4495 1.50026 -5.91722e-05
-17.225 1.50013 1.00007 -4.57957e-05 0 -17.399 1.50025 -6.86997e-05
-17.175 1.50013 1.00007 -5.20627e-05 0 -17.3485 1.50023 -7.81008e-05
-17.125 1.50012 1.00006 -5.81181e-05 0 -17.298 1.50022 -8.71843e-05
-17.075 1.50012 1.00006 -6.38405e-05 0 -17.2475 1.5002 -9.57682e-05
-17.025 1.50011 1.00005 -6.91122e-05 0 -17.197 1.50018 -0.000103676
-16.975 1.5001 1.00004 -7.38216e-05 0 -17.1465 1.50016 -0.00011074
-16.925 1.50009 1.00003 -7.78706e-05 0 -17.096 1.50014 -0.000116813
-16.875 1.50008 1.00002 -8.11775e-05 0 -17.0455 1.50011 -0.000121773
-16.825 1.50007 1.00001 -8.36765e-05 0 -16.9949 1.50009 -0.00012552
-16.775 1.50005 1 -8.53182e-05 0 -16.9444 1.50006 -0.000127982
-16.725 1.50004 0.999991 -8.60723e-05 0 -16.8939 1.50003 -0.000129112
-16.675 1.50003 0.99998 -8.59249e-05 0 -16.8434 1.5 -0.00012889
-16.625 1.50002 0.99997 -8.48559e-05 0 -16.7929 1.49997 -0.000127285
-16.575 1.50001 0.999959 -8.28691e-05 0 -16.7424 1.49994 -0.000124304
-16.525 1.49999 0.999949 -8.00007e-05 0 -16.6919 1.49992 -0.000120001
-16.475 1.49998 0.999939 -7.63056e-05 0 -16.6414 1.49989 -0.000114457
-16.425 1.49997 0.99993 -7.18558e-05 0 -16.5909 1.49987 -0.000107782
-16.375 1.49996 0.999922 -6.67378e-05 0 -16.5404 1.49985 -0.000100104
-16.325 1.49995 0.999914 -6.10482e-05 0 -16.4899 1.49983 -9.15695e-05
-16.275 1.49995 0.999908 -5.48897e-05 0 -16.4394 1.49981 -8.23317e-05
-16.225 1.49994 0.999902 -4.83696e-05 0 -16.3889 1.49979 -7.25515e-05
-16.175 1.49993 0.999898 -4.15971e-05 0 -16.3384 1.49978 -6.23929e-05
-16.125 1.49993 0.999894 -3.46796e-05 0 -16.2879 1.49977 -5.2017e-05
-16.075 1.49992 0.999892 -2.77165e-05 0 -16.2374 1.49976 -4.15726e-05
-16.025 1.49992 0.999891 -2.079e-05 0 -16.1869 1.49976 -3.11834e-05
-15.975 1.49992 0.999891 -1.4008e-05 0 -16.1364 1.49976 -2.10108e-05
-15.925 1.49992 0.999891 -7.51032e-06 0 -16.0859 1.49975 -1.12649e-05
-15.875 1.49992 0.999893 -1.27066e-06 0 -16.0354 1.49976 -1.90588e-06
-15.825 1.49992 0.999896 4.66814e-06 0 -15.9848 1.49976 7.00182e-06
-15.775 1.49992 0.999899 1.02506e-05 0 -15.9343 1.49977 1.53751e-05
-15.725 1.49992 0.999904 1.54979e-05 0 -15.8838 1.49978 2.32456e-05
-15.675 1.49992 0.999908 2.0431e-05 0 -15.8333 1.49979 3.06449e-05
-15.625 1.49993 0.999914 2.50518e-05 0 -15.7828 1.4998 3.75759e-05
-15.575 1.49993 0.99992 2.93612e-05 0 -15.7323 1.49981 4.40398e-05
-15.525 1.49994 0.999927 3.33698e-05 0 -15.6818 1.49983 5.00525e-05
-15.475 1.49994 0.999934 3.70938e-05 0 -15.6313 1.49984 5.56386e-05
-15.425 1.49995 0.999941 4.05476e-05 0 -15.5808 1.49986 6.08194e-05
-15.375 1.49996 0.999949 4.37385e-05 0 -15.5303 1.49988 6.56057e-05
-15.325 1.49996 0.999957 4.66653e-05 0 -15.4798 1.4999 6.99961e-05
-15.275 1.49997 0.999965 4.93182e-05 0 -15.4293 1.49992 7.39758e-05
-15.225 1.49998 0.999974 5.1679e-05 0 -15.3788 1.49994 7.75173e-05
-15.175 1.49999 0.999982 5.37225e-05 0 -15.3283 1.49996 8.05831e-05
-15.125 1.49999 0.999991 5.54182e-05 0 -15.2778 1.49998 8.3127e-05
-15.075 1.5 1 5.67308e-05 0 -15.2273 1.5 8.50964e-05
-15.025 1.50001 1.00001 5.76218e-05 0 -15.1768 1.50002 8.64333e-05
-14.975 1.50002 1.00002 5.805e-05 0 -15.1263 1.50005 8.70761e-05
-14.925 1.50003 1.00003 5.79736e-05 0 -15.0758 1.50007 8.6962e-05
-14.875 1.50004 1.00004 5.73538e-05 0 -15.0253 1.50009 8.60328e-05
-14.825 1.50005 1.00004 5.61503e-05 0 -14.9747 1.50011 8.4228e-05
-14.775 1.50005 1.00005 5.43334e-05 0 -14.9242 1.50013 8.1503e-05
-14.725 1.50006 1.00006 5.18815e-05 0 -14.8737 1.50015 7.78255e-05
-14.675 1.50007 1.00007 4.87811e-05 0 -14.8232 1.50017 7.31751e-05
-14.625 1.50008 1.00007 4.50297e-05 0 -14.7727 1.50019 6.7548e-05
-14.575 1.50008 1.00008 4.0639e-05 0 -14.7222 1.5002 6.09619e-05
-14.525 1.50009 1.00008 3.56364e-05 0 -14.6717 1.50021 5.34577e-05
-14.475 1.50009 1.00009 3.00627e-05 0 -14.6212 1.50022 4.50969e-05
-14.425 1.5001 1.00009 2.39735e-05 0 -14.5707 1.50023 3.59627e-05
-14.375 1.5001 1.00009 1.74267e-05 0 -14.5202 1.50023 2.61419e-05
-14.325 1.5001 1.00009 1.05464e-05 0 -14.4697 1.50024 1.58206e-05
-14.275 1.5001 1.00009 3.49503e-06 0 -14.4192 1.50024 5.24291e-06
-14.225 1.5001 1.00009 -3.7262e-06 0 -14.3687 1.50023 -5.58969e-06
-14.175 1.5001 1.00008 -1.09532e-05 0 -14.3182 1.50023 -1.6431e-05
-14.125 1.5001 1.00008 -1.80859e-05 0 -14.2677 1.50022 -2.71306e-05
-14.075 1.5001 1.00007 -2.50443e-05 0 -14.2172 1.5002 -3.75689e-05
-14.025 1.50009 1.00006 -3.17133e-05 0 -14.1667 1.50019 -4.75729e-05
-13.975 1.50009 1.00006 -3.79637e-05 0 -14.1162 1.50017 -5.6949e-05
-13.925 1.50008 1.00005 -4.36747e-05 0 -14.0657 1.50015 -6.55157e-05
-13.875 1.50008 1.00004 -4.8739e-05 0 -14.0152 1.50013 -7.31122e-05
-13.825 1.50007 1.00003 -5.30646e-05 0 -13.9646 1.50011 -7.96005e-05
-13.775 1.50006 1.00002 -5.65763e-05 0 -13.9141 1.50008 -8.48679e-05
-13.725 1.50005 1 -5.92167e-05 0 -13.8636 1.50006 -8.88281e-05
-13.675 1.50004 0.999993 -6.09484e-05 0 -13.8131 1.50003 -9.14252e-05
-13.625 1.50003 0.999982 -6.17515e-05 0 -13.7626 1.50001 -9.26294e-05
-13.575 1.50002 0.999971 -6.16222e-05 0 -13.7121 1.49998 -9.24347e-05
-13.525 1.50002 0.99996 -6.05864e-05 0 -13.6616 1.49995 -9.08805e-05
-13.475 1.50001 0.999949 -5.86823e-05 0 -13.6111 1.49993 -8.80238e-05
-13.425 1.5 0.999939 -5.59718e-05 0 -13.5606 1.49991 -8.39576e-05
-13.375 1.49999 0.99993 -5.25294e-05 0 -13.5101 1.49988 -7.87936e-05
-13.325 1.49998 0.999921 -4.84382e-05 0 -13.4596 1.49986 -7.26564e-05
-13.275 1.49998 0.999914 -4.37892e-05 0 -13.4091 1.49985 -6.56828e-05
-13.225 1.49997 0.999907 -3.86786e-05 0 -13.3586 1.49983 -5.80167e-05
-13.175 1.49996 0.999901 -3.32026e-05 0 -13.3081 1.49982 -4.98026e-05
-13.125 1.49996 0.999896 -2.74566e-05 0 -13.2576 1.4998 -4.11838e-05
-13.075 1.49996 0.999892 -2.15361e-05 0 -13.2071 1.49979 -3.23032e-05
-13.025 1.49995 0.999889 -1.55331e-05 0 -13.1566 1.49979 -2.3299e-05
-12.975 1.49995 0.999887 -9.53294e-06 0 -13.1061 1.49978 -1.4299e-05
-12.925 1.49995 0.999887 -3.60316e-06 0 -13.0556 1.49978 -5.40456e-06
-12.875 1.49995 0.999887 2.15309e-06 0 -13.0051 1.49978 3.22953e-06
-12.825 1.49995 0.999888 7.61565e-06 0 -12.9545 1.49978 1.14231e-05
-12.775 1.49995 0.99989 1.28091e-05 0 -12.904 1.49979 1.9213e-05
-12.725 1.49996 0.999893 1.77353e-05 0 -12.8535 1.4998 2.66022e-05
-12.675 1.49996 0.999896 2.23666e-05 0 -12.803 1.4998 3.35489e-05
-12.625 1.49996 0.999901 2.66635e-05 0 -12.7525 1.49981 3.99942e-05
-12.575 1.49997 0.999906 3.05965e-05 0 -12.702 1.49983 4.58938e-05
-12.525 1.49997 0.999912 3.41498e-05 0 -12.6515 1.49984 5.12237e-05
-12.475 1.49998 0.999919 3.73158e-05 0 -12.601 1.49985 5.59728e-05
-12.425 1.49998 0.999926 4.009e-05 0 -12.5505 1.49987 6.01343e-05
-12.375 1.49999 0.999934 4.24669e-05 0 -12.5 1.49989 6.36999e-05
-12.325 1.5 0.999942 4.44372e-05 0 -12.4495 1.49991 6.66556e-05
-12.275 1.5 0.999951 4.59861e-05 0 -12.399 1.49993 6.89792e-05
-12.225 1.50001 0.99996 4.70937e-05 0 -12.3485 1.49995 7.06409e-05
-12.175 1.50002 0.99997 4.77371e-05 0 -12.298 1.49997 7.16064e-05
-12.125 1.50002 0.99998 4.78816e-05 0 -12.2475 1.49999 7.18236e-05
-12.075 1.50003 0.99999 4.74917e-05 0 -12.197 1.50002 7.12391e-05
-12.025 1.50004 1 4.65403e-05 0 -12.1465 1.50004 6.98122e-05
-11.975 1.50004 1.00001 4.49989e-05 0 -12.096 1.50006 6.75004e-05
-11.925 1.50005 1.00002 4.28445e-05 0 -12.0455 1.50008 6.42689e-05
-11.875 1.50006 1.00003 4.00714e-05 0 -11.9949 1.5001 6.01095e-05
-11.825 1.50006 1.00004 3.66844e-05 0 -11.9444 1.50012 5.5029e-05
-11.775 1.50007 1.00005 3.26992e-05 0 -11.8939 1.50014 4.90511e-05
-11.725 1.50007 1.00006 2.81458e-05 0 -11.8434 1.50016 4.22207e-05
-11.675 1.50008 1.00006 2.30698e-05 0 -11.7929 1.50017 3.46065e-05
-11.625 1.50008 1.00007 1.75309e-05 0 -11.7424 1.50018 2.62977e-05
-11.575 1.50008 1.00007 1.15997e-05 0 -11.6919 1.50019 1.74004e-05
-11.525 1.50008 1.00008 5.355e-06 0 -11.6414 1.5002 8.03295e-06
-11.475 1.50008 1.00008 -1.11922e-06 0 -11.5909 1.50021 -1.67893e-06
-11.425 1.50008 1.00008 -7.70971e-06 0 -11.5404 1.50021 -1.15652e-05
-11.375 1.50008 1.00008 -1.42686e-05 0 -11.4899 1.50021 -2.1404e-05
-11.325 1.50008 1.00008 -2.06856e-05 0 -11.4394 1.5002 -3.10299e-05
-11.275 1.50007 1.00008 -2.68955e-05 0 -11.3889 1.5002 -4.03453e-05
-11.225 1.50007 1.00008 -3.28456e-05 0 -11.3384 1.50019 -4.92706e-05
-11.175 1.50006 1.00007 -3.84508e-05 0 -11.2879 1.50017 -5.76787e-05
-11.125 1.50006 1.00007 -4.36147e-05 0 -11.2374 1.50016 -6.54245e-05
-11.075 1.50005 1.00006 -4.82386e-05 0 -11.1869 1.50014 -7.23604e-05
-11.025 1.50004 1.00005 -5.22319e-05 0 -11.1364 1.50012 -7.83501e-05
-10.975 1.50003 1.00004 -5.55148e-05 0 -11.0859 1.5001 -8.32742e-05
-10.925 1.50003 1.00003 -5.80205e-05 0 -11.0354 1.50008 -8.70323e-05
-10.875 1.50002 1.00002 -5.9699e-05 0 -10.9848 1.50005 -8.95496e-05
-10.825 1.50001 1.00001 -6.05209e-05 0 -10.9343 1.50003 -9.07818e-05
-10.775 1.5 1 -6.04819e-05 0 -10.8838 1.50001 -9.07229e-05
-10.725 1.49999 0.999994 -5.95931e-05 0 -10.8333 1.49998 -8.9389e-05
-10.675 1.49998 0.999984 -5.78646e-05 0 -10.7828 1.49996 -8.67959e-05
-10.625 1.49997 0.999975 -5.53397e-05 0 -10.7323 1.49994 -8.30082e-05
-10.575 1.49997 0.999965 -5.20726e-05 0 -10.6818 1.49991 -7.81071e-05
-10.525 1.49996 0.999957 -4.81243e-05 0 -10.6313 1.49989 -7.21844e-05
-10.475 1.49995 0.99995 -4.3565e-05 0 -10.5808 1.49988 -6.53453e-05
-10.425 1.49994 0.999943 -3.84735e-05 0 -10.5303 1.49986 -5.77081e-05
-10.375 1.49994 0.999937 -3.29324e-05 0 -10.4798 1.49984 -4.93966e-05
-10.325 1.49993 0.999932 -2.70233e-05 0 -10.4293 1.49983 -4.05331e-05
-10.275 1.49993 0.999929 -2.08254e-05 0 -10.3788 1.49982 -3.12367e-05
-10.225 1.49993 0.999926 -1.44204e-05 0 -10.3283 1.49982 -2.16296e-05
-10.175 1.49993 0.999924 -7.89456e-06 0 -10.2778 1.49981 -1.18413e-05
-10.125 1.49993 0.999924 -1.33748e-06 0 -10.2273 1.49981 -2.00613e-06
-10.075 1.49993 0.999924 5.10565e-06 0 -10.1768 1.49981 7.65809e-06
-10.025 1.49993 0.999926 1.13316e-05 0 -10.1263 1.49982 1.69966e-05
-9.975 1.49993 0.999928 1.73494e-05 0 -10.0758 1.49982 2.60229e-05
-9.925 1.49993 0.999931 2.31252e-05 0 -10.0253 1.49983 3.46862e-05
-9.875 1.49994 0.999935 2.85887e-05 0 -9.97475 1.49984 4.28812e-05
-9.825 1.49994 0.999939 3.36669e-05 0 -9.92424 1.49985 5.04984e-05
-9.775 1.49995 0.999944 3.83037e-05 0 -9.87374 1.49986 5.74535e-05
-9.725 1.49995 0.999949 4.24563e-05 0 -9.82323 1.49988 6.36825e-05
-9.675 1.49996 0.999955 4.60893e-05 0 -9.77273 1.49989 6.91322e-05
-9.625 1.49997 0.999962 4.91732e-05 0 -9.72222 1.49991 7.37582e-05
-9.575 1.49997 0.999968 5.16835e-05 0 -9.67172 1.49993 7.75239e-05
-9.525 1.49998 0.999975 5.35989e-05 0 -9.62121 1.49995 8.03974e-05
-9.475 1.49999 0.999982 5.48998e-05 0 -9.57071 1.49996 8.23492e-05
-9.425 1.5 0.99999 5.55679e-05 0 -9.5202 1.49998 8.33518e-05
-9.375 1.50001 0.999997 5.55891e-05 0 -9.4697 1.5 8.3384e-05
-9.325 1.50002 1 5.49379e-05 0 -9.41919 1.50002 8.24077e-05
-9.275 1.50002 1.00001 5.35927e-05 0 -9.36869 1.50004 8.03903e-05
-9.225 1.50003 1.00002 5.15423e-05 0 -9.31818 1.50006 7.73151e-05
-9.175 1.50004 1.00002 4.87832e-05 0 -9.26768 1.50007 7.31767e-05
-9.125 1.50005 1.00003 4.53218e-05 0 -9.21717 1.50009 6.79848e-05
-9.075 1.50005 1.00003 4.11753e-05 0 -9.16667 1.5001 6.17652e-05
-9.025 1.50006 1.00004 3.63711e-05 0 -9.11616 1.50011 5.45588e-05
-8.975 1.50006 1.00004 3.0947e-05 0 -9.06566 1.50012 4.64225e-05
-8.925 1.50007 1.00004 2.4955e-05 0 -9.01515 1.50013 3.74341e-05
-8.875 1.50007 1.00005 1.84664e-05 0 -8.96465 1.50014 2.77009e-05
-8.825 1.50007 1.00005 1.15704e-05 0 -8.91414 1.50014 1.73564e-05
-8.775 1.50007 1.00005 4.42142e-06 0 -8.86364 1.50014 6.63246e-06
-8.725 1.50007 1.00004 -2.90517e-06 0 -8.81313 1.50014 -4.35797e-06
-8.675 1.50007 1.00004 -1.02993e-05 0 -8.76263 1.50013 -1.54497e-05
-8.625 1.50007 1.00004 -1.76541e-05 0 -8.71212 1.50013 -2.64825e-05
-8.575 1.50007 1.00003 -2.48959e-05 0 -8.66162 1.50012 -3.73456e-05
-8.525 1.50006 1.00003 -3.19209e-05 0 -8.61111 1.5001 -4.78834e-05
-8.475 1.50006 1.00002 -3.86094e-05 0 -8.56061 1.50009 -5.79164e-05
-8.425 1.50005 1.00001 -4.48472e-05 0 -8.5101 1.50007 -6.72731e-05
-8.375 1.50004 1 -5.05302e-05 0 -8.4596 1.50005 -7.57976e-05
-8.325 1.50004 0.999992 -5.55659e-05 0 -8.40909 1.50002 -8.33509e-05
-8.275 1.50003 0.999982 -5.98748e-05 0 -8.35859 1.5 -8.98138e-05
-8.225 1.50002 0.999971 -6.33916e-05 0 -8.30808 1.49997 -9.50885e-05
-8.175 1.50001 0.99996 -6.60655e-05 0 -8.25758 1.49995 -9.90987e-05
-8.125 1.5 0.999949 -6.78619e-05 0 -8.20707 1.49992 -0.000101793
-8.075 1.49999 0.999937 -6.87653e-05 0 -8.15657 1.49989 -0.000103147
-8.025 1.49998 0.999926 -6.8791e-05 0 -8.10606 1.49987 -0.000103185
-7.975 1.49997 0.999915 -6.79807e-05 0 -8.05556 1.49984 -0.000101969
-7.925 1.49996 0.999904 -6.63893e-05 0 -8.00505 1.49981 -9.95812e-05
-7.875 1.49995 0.999894 -6.40973e-05 0 -7.95455 1.49979 -9.61426e-05
-7.825 1.49994 0.999884 -6.11992e-05 0 -7.90404 1.49976 -9.1795e-05
-7.775 1.49993 0.999875 -5.78019e-05 0 -7.85354 1.49974 -8.66988e-05
-7.725 1.49992 0.999866 -5.40257e-05 0 -7.80303 1.49972 -8.10344e-05
-7.675 1.49991 0.999859 -5.00041e-05 0 -7.75253 1.4997 -7.50019e-05
-7.625 1.49991 0.999852 -4.588e-05 0 -7.70202 1.49968 -6.88156e-05
-7.575 1.4999 0.999846 -4.17993e-05 0 -7.65152 1.49967 -6.26948e-05
-7.525 1.49989 0.999841 -3.79089e-05 0 -7.60101 1.49966 -5.68593e-05
-7.475 1.49989 0.999837 -3.4351e-05 0 -7.55051 1.49964 -5.15227e-05
-7.425 1.49988 0.999834 -3.12611e-05 0 -7.5 1.49963 -4.6888e-05
-7.375 1.49988 0.999831 -2.87633e-05 0 -7.44949 1.49963 -4.31415e-05
-7.325 1.49987 0.99983 -2.6969e-05 0 -7.39899 1.49962 -4.04501e-05
-7.275 1.49987 0.999828 -2.59761e-05 0 -7.34848 1.49961 -3.89607e-05
-7.225 1.49987 0.999828 -2.58681e-05 0 -7.29798 1.49961 -3.87987e-05
-7.175 1.49986 0.999827 -2.67069e-05 0 -7.24747 1.4996 -4.00567e-05
-7.125 1.49986 0.999827 -2.85447e-05 0 -7.19697 1.4996 -4.2813e-05
-7.075 1.49985 0.999827 -3.14221e-05 0 -7.14646 1.49959 -4.71285e-05
-7.025 1.49985 0.999827 -3.5361e-05 0 -7.09596 1.49959 -5.30362e-05
-6.975 1.49984 0.999826 -4.03745e-05 0 -7.04545 1.49958 -6.05555e-05
-6.925 1.49984 0.999825 -4.64803e-05 0 -6.99495 1.49957 -6.97129e-05
-6.875 1.49983 0.999824 -5.36977e-05 0 -6.94444 1.49957 -8.05374e-05
-6.825 1.49982 0.999822 -6.20439e-05 0 -6.89394 1.49955 -9.30547e-05
-6.775 1.49981 0.999819 -7.1531e-05 0 -6.84343 1.49954 -0.000107283
-6.725 1.4998 0.999815 -8.21674e-05 0 -6.79293 1.49952 -0.000123235
-6.675 1.49979 0.99981 -9.39615e-05 0 -6.74242 1.4995 -0.000140922
-6.625 1.49977 0.999804 -0.000106923 0 -6.69192 1.49948 -0.000160361
-6.575 1.49976 0.999796 -0.000121065 0 -6.64141 1.49945 -0.000181567
-6.525 1.49974 0.999787 -0.000136398 0 -6.59091 1.49942 -0.00020456
-6.475 1.49971 0.999775 -0.000152934 0 -6.5404 1.49938 -0.000229357
-6.425 1.49969 0.999762 -0.000170684 0 -6.4899 1.49933 -0.000255974
-6.375 1.49966 0.999746 -0.00018966 0 -6.43939 1.49928 -0.000284426
-6.325 1.49963 0.999728 -0.000209869 0 -6.38889 1.49922 -0.000314727
-6.275 1.4996 0.999708 -0.00023132 0 -6.33838 1.49916 -0.000346888
-6.225 1.49956 0.999685 -0.000254018 0 -6.28788 1.49909 -0.000380916
-6.175 1.49952 0.999659 -0.000277968 0 -6.23737 1.49901 -0.00041682
-6.125 1.49948 0.99963 -0.000303175 0 -6.18687 1.49892 -0.000454605
-6.075 1.49943 0.999598 -0.000329646 0 -6.13636 1.49883 -0.000494281
-6.025 1.49938 0.999564 -0.000357389 0 -6.08586 1.49872 -0.000535862
-5.975 1.49932 0.999525 -0.000386423 0 -6.03535 1.49861 -0.000579373
-5.925 1.49926 0.999484 -0.000416773 0 -5.98485 1.49849 -0.000624852
-5.875 1.4992 0.999438 -0.000448479 0 -5.93434 1.49836 -0.000672358
-5.825 1.49913 0.99939 -0.000481596 0 -5.88384 1.49821 -0.000721974
-5.775 1.49905 0.999337 -0.000516201 0 -5.83333 1.49806 -0.000773812
-5.725 1.49897 0.999281 -0.000552391 0 -5.78283 1.49789 -0.000828018
-5.675 1.49889 0.99922 -0.000590289 0 -5.73232 1.49772 -0.000884776
-5.625 1.49879 0.999156 -0.000630046 0 -5.68182 1.49753 -0.00094431
-5.575 1.4987 0.999087 -0.000671844 0 -5.63131 1.49733 -0.00100689
-5.525 1.49859 0.999014 -0.000715898 0 -5.58081 1.49712 -0.00107284
-5.475 1.49848 0.998937 -0.000762454 0 -5.5303 1.49689 -0.00114252
-5.425 1.49836 0.998855 -0.000811796 0 -5.4798 1.49665 -0.00121637
-5.375 1.49824 0.998767 -0.000864241 0 -5.42929 1.49639 -0.00129484
-5.325 1.49811 0.998675 -0.000920143 0 -5.37879 1.49612 -0.00137847
-5.275 1.49796 0.998577 -0.000979889 0 -5.32828 1.49583 -0.00146784
-5.225 1.49781 0.998474 -0.0010439 0 -5.27778 1.49553 -0.00156357
-5.175 1.49765 0.998364 -0.00111264 0 -5.22727 1.4952 -0.00166635
-5.125 1.49748 0.998248 -0.00118659 0 -5.17677 1.49485 -0.00177689
-5.075 1.49729 0.998124 -0.00126626 0 -5.12626 1.49449 -0.00189596
-5.025 1.4971 0.997993 -0.0013522 0 -5.07576 1.49409 -0.00202438
-4.975 1.49689 0.997854 -0.00144498 0 -5.02525 1.49367 -0.00216298
-4.925 1.49666 0.997705 -0.00154521 0 -4.97475 1.49323 -0.00231265
-4.875 1.49642 0.997547 -0.00165349 0 -4.92424 1.49275 -0.00247432
-4.825 1.49617 0.997378 -0.00177048 0 -4.87374 1.49224 -0.00264893
-4.775 1.49589 0.997197 -0.00189685 0 -4.82323 1.4917 -0.00283748
-4.725 1.4956 0.997003 -0.0020333 0 -4.77273 1.49111 -0.003041
-4.675 1.49528 0.996796 -0.00218057 0 -4.72222 1.49049 -0.00326057
-4.625 1.49494 0.996573 -0.00233942 0 -4.67172 1.48982 -0.0034973
-4.575 1.49458 0.996334 -0.00251066 0 -4.62121 1.4891 -0.00375238
-4.525 1.49419 0.996077 -0.00269513 0 -4.57071 1.48833 -0.00402704
-4.475 1.49377 0.995801 -0.00289372 0 -4.5202 1.4875 -0.00432255
-4.425 1.49332 0.995504 -0.00310737 0 -4.4697 1.48661 -0.0046403
-4.375 1.49284 0.995184 -0.00333708 0 -4.41919 1.48565 -0.00498174
-4.325 1.49233 0.99484 -0.00358392 0 -4.36869 1.48463 -0.00534837
-4.275 1.49177 0.99447 -0.003849 0 -4.31818 1.48352 -0.00574182
-4.225 1.49117 0.994072 -0.00413351 0 -4.26768 1.48233 -0.00616379
-4.175 1.49053 0.993643 -0.00443874 0 -4.21717 1.48106 -0.00661609
-4.125 1.48985 0.993181 -0.00476603 0 -4.16667 1.47969 -0.00710066
-4.075 1.48911 0.992685 -0.00511683 0 -4.11616 1.47822 -0.00761952
-4.025 1.48832 0.992151 -0.00549266 0 -4.06566 1.47664 -0.00817483
-3.975 1.48747 0.991577 -0.00589514 0 -4.01515 1.47494 -0.00876884
-3.925 1.48656 0.99096 -0.00632599 0 -3.96465 1.47312 -0.00940396
-3.875 1.48558 0.990297 -0.00678706 0 -3.91414 1.47117 -0.0100827
-3.825 1.48454 0.989585 -0.00728028 0 -3.86364 1.46907 -0.0108078
-3.775 1.48341 0.98882 -0.00780771 0 -3.81313 1.46683 -0.0115821
-3.725 1.48221 0.987999 -0.00837152 0 -3.76263 1.46442 -0.0124084
-3.675 1.48093 0.987117 -0.00897402 0 -3.71212 1.46185 -0.0132898
-3.625 1.47955 0.986171 -0.00961765 0 -3.66162 1.45909 -0.0142298
-3.575 1.47807 0.985157 -0.010305 0 -3.61111 1.45613 -0.0152316
-3.525 1.47649 0.984068 -0.0110389 0 -3.56061 1.45297 -0.0162989
-3.475 1.4748 0.982901 -0.0118221 0 -3.5101 1.44959 -0.0174354
-3.425 1.473 0.98165 -0.0126578 0 -3.4596 1.44597 -0.0186449
-3.375 1.47107 0.980309 -0.0135491 0 -3.40909 1.4421 -0.0199316
-3.325 1.469 0.978872 -0.0144995 0 -3.35859 1.43796 -0.0212997
-3.275 1.46679 0.977332 -0.0155124 0 -3.30808 1.43355 -0.0227536
-3.225 1.46444 0.975683 -0.0165917 0 -3.25758 1.42883 -0.0242976
-3.175 1.46192 0.973917 -0.0177412 0 -3.20707 1.42379 -0.0259362
-3.125 1.45924 0.972026 -0.0189647 0 -3.15657 1.41842 -0.027674
-3.075 1.45637 0.970001 -0.0202665 0 -3.10606 1.41268 -0.0295155
-3.025 1.45332 0.967834 -0.0216509 0 -3.05556 1.40657 -0.0314655
-2.975 1.45006 0.965515 -0.0231221 0 -3.00505 1.40005 -0.0335284
-2.925 1.44659 0.963034 -0.0246846 0 -2.95455 1.39312 -0.0357085
-2.875 1.4429 0.96038 -0.0263427 0 -2.90404 1.38573 -0.0380098
-2.825 1.43897 0.957541 -0.0281008 0 -2.85354 1.37787 -0.0404362
-2.775 1.43479 0.954506 -0.0299634 0 -2.80303 1.36951 -0.0429912
-2.725 1.43035 0.951261 -0.0319348 0 -2.75253 1.36063 -0.0456778
-2.675 1.42563 0.947794 -0.0340191 0 -2.70202 1.3512 -0.0484985
-2.625 1.42062 0.944089 -0.0362199 0 -2.65152 1.34119 -0.0514547
-2.575 1.41531 0.940133 -0.0385407 0 -2.60101 1.33058 -0.054547
-2.525 1.40968 0.935909 -0.0409846 0 -2.55051 1.31933 -0.0577753
-2.475 1.40372 0.931401 -0.0435542 0 -2.5 1.30743 -0.0611381
-2.425 1.39742 0.926591 -0.0462514 0 -2.44949 1.29484 -0.0646327
-2.375 1.39077 0.921463 -0.0490768 0 -2.39899 1.28154 -0.0682544
-2.325 1.38374 0.915997 -0.0520303 0 -2.34848 1.2675 -0.0719964
-2.275 1.37633 0.910176 -0.0551105 0 -2.29798 1.2527 -0.0758502
-2.225 1.36853 0.903979 -0.0583146 0 -2.24747 1.23712 -0.0798054
-2.175 1.36033 0.897387 -0.0616385 0 -2.19697 1.22074 -0.0838488
-2.125 1.35172 0.890381 -0.0650755 0 -2.14646 1.20355 -0.0879641
-2.075 1.3427 0.88294 -0.0686169 0 -2.09596 1.18552 -0.0921318
-2.025 1.33326 0.875047 -0.0722509 0 -2.04545 1.16666 -0.0963289
-1.975 1.32339 0.866681 -0.0759637 0 -1.99495 1.14696 -0.10053
-1.925 1.31311 0.857826 -0.0797383 0 -1.94444 1.12642 -0.104705
-1.875 1.30241 0.848464 -0.0835541 0 -1.89394 1.10505 -0.108821
-1.825 1.2913 0.838581 -0.087386 0 -1.84343 1.08286 -0.112842
-1.775 1.27979 0.828165 -0.0912044 0 -1.79293 1.05988 -0.116723
-1.725 1.26791 0.817203 -0.0949755 0 -1.74242 1.03614 -0.12042
-1.675 1.25565 0.805689 -0.0986613 0 -1.69192 1.01167 -0.123884
-1.625 1.24307 0.793622 -0.102219 0 -1.64141 0.986523 -0.127065
-1.575 1.23017 0.781006 -0.1056 0 -1.59091 0.960771 -0.129906
-1.525 1.21701 0.767854 -0.10875 0 -1.5404 0.934484 -0.132349
-1.475 1.20362 0.754181 -0.111608 0 -1.4899 0.907747 -0.134333
-1.425 1.19005 0.740015 -0.11411 0 -1.43939 0.880657 -0.135798
-1.375 1.17637 0.72539 -0.11619 0 -1.38889 0.853325 -0.136682
-1.325 1.16263 0.710355 -0.117776 0 -1.33838 0.825881 -0.13693
-1.275 1.14893 0.69497 -0.118791 0 -1.28788 0.798474 -0.136483
-1.225 1.13534 0.67932 -0.119156 0 -1.23737 0.771255 -0.135282
-1.175 1.12192 0.663513 -0.118794 0 -1.18687 0.744407 -0.133278
-1.125 1.10876 0.647642 -0.117639 0 -1.13636 0.718079 -0.130433
-1.075 1.09594 0.631804 -0.115617 0 -1.08586 0.692418 -0.126709
-1.025 1.08354 0.616129 -0.112664 0 -1.03535 0.667602 -0.122076
-0.975 1.07166 0.60076 -0.108728 0 -0.984848 0.643811 -0.11652
-0.925 1.06038 0.58585 -0.103773 0 -0.934343 0.621226 -0.110039
-0.875 1.0498 0.571566 -0.0977809 0 -0.883838 0.600032 -0.102651
-0.825 1.04001 0.558078 -0.0907536 0 -0.833333 0.580406 -0.0943845
-0.775 1.03108 0.545562 -0.0827128 0 -0.782828 0.562519 -0.0852838
-0.725 1.02311 0.53419 -0.0737014 0 -0.732323 0.546534 -0.0754045
-0.675 1.01616 0.524128 -0.0637868 0 -0.681818 0.532596 -0.0648174
-0.625 1.0103 0.515528 -0.0530632 0 -0.631313 0.520836 -0.0536096
-0.575 1.00558 0.508528 -0.0416482 0 -0.580808 0.511367 -0.0418807
-0.525 1.00206 0.503244 -0.0296784 0 -0.530303 0.504282 -0.0297397
-0.475 0.999763 0.499767 -0.0173089 0 -0.479798 0.499648 -0.0173048
-0.425 0.998771 0.498159 -0.0046986 0 -0.429293 0.497547 -0.00469283
-0.375 0.998691 0.498447 0.00793052 0 -0.378788 0.497795 0.00792015
-0.325 0.999731 0.500615 0.0203125 0 -0.328283 0.50048 0.0203071
-0.275 1.00241 0.504615 0.0323832 0 -0.277778 0.505832 0.0324613
-0.225 1.00641 0.510379 0.0440274 0 -0.227273 0.513651 0.0443097
-0.175 1.01152 0.51781 0.0550991 0 -0.176768 0.523774 0.0557337
-0.125 1.01771 0.526786 0.0654633 0 -0.126263 0.536118 0.066623
-0.075 1.02498 0.537168 0.0750128 0 -0.0757576 0.550588 0.0768867
-0.025 1.03325 0.5488 0.083665 0 -0.0252525 0.567049 0.0864471
0.025 1.04244 0.561515 0.0913611 0 0.0252525 0.585347 0.0952387
0.075 1.05247 0.575143 0.0980654 0 0.0757576 0.60532 0.103211
0.125 1.06325 0.589512 0.103764 0 0.126263 0.6268 0.110327
0.175 1.0747 0.604458 0.108462 0 0.176768 0.64961 0.116564
0.225 1.08672 0.619821 0.112181 0 0.227273 0.673572 0.12191
0.275 1.09923 0.635454 0.11496 0 0.277778 0.698509 0.126367
0.325 1.11214 0.65122 0.116851 0 0.328283 0.724248 0.129955
0.375 1.12537 0.666995 0.117914 0 0.378788 0.750619 0.132697
0.425 1.13881 0.682657 0.118207 0 0.429293 0.777418 0.134616
0.475 1.15236 0.698089 0.117802 0 0.479798 0.804447 0.13575
0.525 1.16594 0.713233 0.116775 0 0.530303 0.83159 0.136153
0.575 1.17952 0.728036 0.115198 0 0.580808 0.858731 0.135878
0.625 1.19302 0.742441 0.11314 0 0.631313 0.885749 0.134978
0.675 1.20641 0.756405 0.110669 0 0.681818 0.912532 0.133512
0.725 1.21962 0.769889 0.107852 0 0.732323 0.938973 0.131538
0.775 1.23262 0.78287 0.104751 0 0.782828 0.964978 0.129118
0.825 1.24535 0.795329 0.101424 0 0.833333 0.990465 0.126309
0.875 1.25779 0.807256 0.0979233 0 0.883838 1.01536 0.123167
0.925 1.26991 0.818647 0.094295 0 0.934343 1.03961 0.119746
0.975 1.28167 0.829502 0.0905817 0 0.984848 1.06315 0.116096
1.025 1.29306 0.839826 0.0868212 0 1.03535 1.08595 0.112265
1.075 1.30406 0.849628 0.0830462 0 1.08586 1.10797 0.108298
1.125 1.31466 0.858918 0.0792848 0 1.13636 1.12919 0.104233
1.175 1.32486 0.867708 0.075561 0 1.18687 1.14959 0.100107
1.225 1.33463 0.876016 0.0718954 0 1.23737 1.16916 0.0959541
1.275 1.344 0.883858 0.0683051 0 1.28788 1.1879 0.0918019
1.325 1.35295 0.891252 0.0648041 0 1.33838 1.20582 0.0876764
1.375 1.36148 0.898217 0.0614034 0 1.38889 1.22291 0.0835997
1.425 1.36962 0.904772 0.0581115 0 1.43939 1.23919 0.0795906
1.475 1.37736 0.910936 0.054935 0 1.4899 1.25469 0.0756652
1.525 1.38471 0.916728 0.0518787 0 1.5404 1.2694 0.071837
1.575 1.39169 0.922166 0.0489456 0 1.59091 1.28337 0.0681169
1.625 1.39829 0.92727 0.0461372 0 1.64141 1.2966 0.0645134
1.675 1.40455 0.932056 0.0434539 0 1.69192 1.30912 0.0610333
1.725 1.41047 0.936542 0.0408952 0 1.74242 1.32096 0.0576813
1.775 1.41605 0.940744 0.0384596 0 1.79293 1.33215 0.0544609
1.825 1.42133 0.944679 0.0361451 0 1.84343 1.3427 0.051374
1.875 1.4263 0.948363 0.0339488 0 1.89394 1.35265 0.0484213
1.925 1.43098 0.951809 0.0318678 0 1.94444 1.36202 0.0456023
1.975 1.43539 0.955032 0.0298984 0 1.99495 1.37085 0.042916
2.025 1.43954 0.958045 0.0280369 0 2.04545 1.37915 0.0403603
2.075 1.44344 0.960861 0.0262794 0 2.09596 1.38695 0.0379328
2.125 1.44711 0.963493 0.0246217 0 2.14646 1.39428 0.0356302
2.175 1.45055 0.965952 0.0230597 0 2.19697 1.40116 0.0334492
2.225 1.45378 0.968248 0.0215891 0 2.24747 1.40762 0.0313858
2.275 1.45681 0.970392 0.0202058 0 2.29798 1.41368 0.0294361
2.325 1.45965 0.972394 0.0189057 0 2.34848 1.41935 0.0275957
2.375 1.46231 0.974263 0.0176845 0 2.39899 1.42468 0.0258603
2.425 1.46481 0.976007 0.0165383 0 2.44949 1.42966 0.0242254
2.475 1.46714 0.977635 0.0154631 0 2.5 1.43433 0.0226866
2.525 1.46933 0.979154 0.0144552 0 2.55051 1.4387 0.0212394
2.575 1.47138 0.980573 0.0135107 0 2.60101 1.44279 0.0198794
2.625 1.4733 0.981896 0.0126263 0 2.65152 1.44662 0.0186023
2.675 1.47509 0.983131 0.0117983 0 2.70202 1.45021 0.0174036
2.725 1.47677 0.984284 0.0110236 0 2.75253 1.45356 0.0162793
2.775 1.47834 0.98536 0.0102989 0 2.80303 1.45669 0.0152252
2.825 1.4798 0.986365 0.00962117 0 2.85354 1.45963 0.0142375
2.875 1.48118 0.987303 0.00898759 0 2.90404 1.46237 0.0133122
2.925 1.48246 0.988179 0.00839534 0 2.95455 1.46493 0.0124458
2.975 1.48366 0.988996 0.00784182 0 3.00505 1.46733 0.0116346
3.025 1.48478 0.98976 0.00732452 0 3.05556 1.46958 0.0108753
3.075 1.48583 0.990473 0.00684106 0 3.10606 1.47167 0.0101646
3.125 1.48681 0.991139 0.00638921 0 3.15657 1.47363 0.00949953
3.175 1.48772 0.991761 0.00596685 0 3.20707 1.47547 0.00887702
3.225 1.48858 0.992342 0.00557198 0 3.25758 1.47718 0.00829433
3.275 1.48938 0.992885 0.00520273 0 3.30808 1.47878 0.00774883
3.325 1.49012 0.993392 0.00485735 0 3.35859 1.48028 0.00723805
3.375 1.49082 0.993865 0.0045342 0 3.40909 1.48168 0.00675968
3.425 1.49147 0.994307 0.00423175 0 3.4596 1.48298 0.00631154
3.475 1.49208 0.99472 0.00394861 0 3.5101 1.4842 0.00589164
3.525 1.49265 0.995105 0.00368346 0 3.56061 1.48534 0.0054981
3.575 1.49318 0.995464 0.0034351 0 3.61111 1.4864 0.00512921
3.625 1.49367 0.995798 0.00320243 0 3.66162 1.48739 0.00478338
3.675 1.49413 0.99611 0.00298445 0 3.71212 1.48832 0.00445916
3.725 1.49456 0.996401 0.00278023 0 3.76263 1.48918 0.00415522
3.775 1.49496 0.996671 0.00258894 0 3.81313 1.48998 0.00387036
3.825 1.49533 0.996923 0.0024098 0 3.86364 1.49073 0.00360346
3.875 1.49568 0.997157 0.00224213 0 3.91414 1.49143 0.00335351
3.925 1.496 0.997374 0.00208529 0 3.96465 1.49207 0.00311959
3.975 1.4963 0.997576 0.0019387 0 4.01515 1.49267 0.00290087
4.025 1.49658 0.997763 0.00180182 0 4.06566 1.49323 0.00269656
4.075 1.49684 0.997936 0.00167416 0 4.11616 1.49375 0.00250594
4.125 1.49708 0.998097 0.00155525 0 4.16667 1.49423 0.00232834
4.175 1.4973 0.998246 0.00144467 0 4.21717 1.49467 0.0021631
4.225 1.49751 0.998384 0.00134198 0 4.26768 1.49509 0.00200962
4.275 1.4977 0.998511 0.00124678 0 4.31818 1.49547 0.00186731
4.325 1.49788 0.998629 0.00115868 0 4.36869 1.49583 0.00173557
4.375 1.49805 0.998739 0.0010773 0 4.41919 1.49616 0.00161385
4.425 1.4982 0.99884 0.00100225 0 4.4697 1.49647 0.00150158
4.475 1.49835 0.998935 0.000933157 0 4.5202 1.49675 0.00139819
4.525 1.49848 0.999022 0.000869633 0 4.57071 1.49702 0.00130313
4.575 1.49861 0.999104 0.000811302 0 4.62121 1.49726 0.00121582
4.625 1.49873 0.999179 0.00075779 0 4.67172 1.4975 0.00113572
4.675 1.49883 0.99925 0.000708723 0 4.72222 1.49771 0.00106226
4.725 1.49894 0.999317 0.000663735 0 4.77273 1.49791 0.000994897
4.775 1.49903 0.999379 0.000622467 0 4.82323 1.4981 0.000933099
4.825 1.49912 0.999437 0.000584568 0 4.87374 1.49828 0.00087634
4.875 1.49921 0.999493 0.000549697 0 4.92424 1.49845 0.00082411
4.925 1.49929 0.999545 0.000517525 0 4.97475 1.49861 0.000775919
4.975 1.49936 0.999594 0.000487739 0 5.02525 1.49875 0.000731297
5.025 1.49943 0.999641 0.000460043 0 5.07576 1.4989 0.000689804
5.075 1.4995 0.999686 0.000434166 0 5.12626 1.49903 0.000651032
5.125 1.49956 0.999729 0.000409858 0 5.17677 1.49916 0.000614609
5.175 1.49962 0.999769 0.000386895 0 5.22727 1.49928 0.000580197
5.225 1.49968 0.999808 0.000365077 0 5.27778 1.49939 0.000547498
5.275 1.49973 0.999845 0.000344229 0 5.32828 1.4995 0.000516251
5.325 1.49978 0.99988 0.0003242 0 5.37879 1.4996 0.00048623
5.375 1.49983 0.999914 0.000304863 0 5.42929 1.4997 0.000457242
5.425 1.49987 0.999945 0.000286113 0 5.4798 1.49979 0.000429133
5.475 1.49992 0.999975 0.000267871 0 5.5303 1.49988 0.000401784
5.525 1.49995 1 0.00025008 0 5.58081 1.49996 0.000375108
5.575 1.49999 1.00003 0.000232704 0 5.63131 1.50003 0.000349054
5.625 1.50002 1.00005 0.000215731 0 5.68182 1.5001 0.000323602
5.675 1.50005 1.00008 0.000199164 0 5.73232 1.50017 0.000298756
5.725 1.50008 1.0001 0.000183023 0 5.78283 1.50023 0.000274549
5.775 1.50011 1.00012 0.000167342 0 5.83333 1.50028 0.000251031
5.825 1.50013 1.00013 0.000152166 0 5.88384 1.50033 0.00022827
5.875 1.50015 1.00015 0.00013755 0 5.93434 1.50038 0.000206346
5.925 1.50017 1.00016 0.000123552 0 5.98485 1.50042 0.000185349
5.975 1.50019 1.00017 0.000110237 0 6.03535 1.50045 0.000165376
6.025 1.50021 1.00018 9.76726e-05 0 6.08586 1.50048 0.000146529
6.075 1.50022 1.00019 8.59275e-05 0 6.13636 1.50051 0.00012891
6.125 1.50023 1.0002 7.50678e-05 0 6.18687 1.50053 0.000112619
6.175 1.50024 1.00021 6.51545e-05 0 6.23737 1.50055 9.77476e-05
6.225 1.50025 1.00021 5.62406e-05 0 6.28788 1.50057 8.43751e-05
6.275 1.50026 1.00021 4.83689e-05 0 6.33838 1.50058 7.25659e-05
6.325 1.50027 1.00022 4.1569e-05 0 6.38889 1.50059 6.23646e-05
6.375 1.50027 1.00022 3.58541e-05 0 6.43939 1.5006 5.37909e-05
6.425 1.50028 1.00022 3.12184e-05 0 6.4899 1.5006 4.68362e-05
6.475 1.50028 1.00022 2.76376e-05 0 6.5404 1.50061 4.14641e-05
6.525 1.50029 1.00022 2.50693e-05 0 6.59091 1.50062 3.76111e-05
6.575 1.50029 1.00022 2.34455e-05 0 6.64141 1.50062 3.5175e-05
6.625 1.50029 1.00022 2.26811e-05 0 6.69192 1.50063 3.40283e-05
6.675 1.5003 1.00022 2.26806e-05 0 6.74242 1.50063 3.40276e-05
6.725 1.5003 1.00023 2.3328e-05 0 6.79293 1.50064 3.49989e-05
6.775 1.5003 1.00023 2.4515e-05 0 6.84343 1.50064 3.67799e-05
6.825 1.50031 1.00023 2.61139e-05 0 6.89394 1.50065 3.91789e-05
6.875 1.50031 1.00023 2.7995e-05 0 6.94444 1.50066 4.20011e-05
6.925 1.50031 1.00024 3.00268e-05 0 6.99495 1.50067 4.50496e-05
6.975 1.50032 1.00024 3.20752e-05 0 7.04545 1.50068 4.81231e-05
7.025 1.50032 1.00025 3.40021e-05 0 7.09596 1.5007 5.10143e-05
7.075 1.50033 1.00025 3.56735e-05 0 7.14646 1.50071 5.35219e-05
7.125 1.50034 1.00026 3.69681e-05 0 7.19697 1.50072 5.54645e-05
7.175 1.50034 1.00026 3.77848e-05 0 7.24747 1.50074 5.66901e-05
7.225 1.50035 1.00027 3.80358e-05 0 7.29798 1.50075 5.70669e-05
7.275 1.50035 1.00028 3.76379e-05 0 7.34848 1.50077 5.64701e-05
7.325 1.50036 1.00028 3.65468e-05 0 7.39899 1.50078 5.48333e-05
7.375 1.50036 1.00029 3.4731e-05 0 7.44949 1.50079 5.2109e-05
7.425 1.50037 1.00029 3.21818e-05 0 7.5 1.50081 4.82845e-05
7.475 1.50037 1.0003 2.89126e-05 0 7.55051 1.50082 4.33796e-05
7.525 1.50038 1.0003 2.49566e-05 0 7.60101 1.50082 3.74443e-05
7.575 1.50038 1.0003 2.03697e-05 0 7.65152 1.50083 3.05623e-05
7.625 1.50038 1.0003 1.523e-05 0 7.70202 1.50084 2.28508e-05
7.675 1.50038 1.0003 9.6267e-06 0 7.75253 1.50084 1.44437e-05
7.725 1.50038 1.0003 3.70978e-06 0 7.80303 1.50084 5.56609e-06
7.775 1.50039 1.0003 -2.39435e-06 0 7.85354 1.50084 -3.59245e-06
7.825 1.50038 1.0003 -8.58031e-06 0 7.90404 1.50084 -1.28738e-05
7.875 1.50038 1.0003 -1.47294e-05 0 7.95455 1.50083 -2.20997e-05
7.925 1.50038 1.00029 -2.07509e-05 0 8.00505 1.50082 -3.11343e-05
7.975 1.50038 1.00029 -2.65314e-05 0 8.05556 1.50081 -3.98071e-05
8.025 1.50037 1.00028 -3.19515e-05 0 8.10606 1.5008 -4.79392e-05
8.075 1.50037 1.00028 -3.69083e-05 0 8.15657 1.50078 -5.5376e-05
8.125 1.50036 1.00027 -4.13172e-05 0 8.20707 1.50077 -6.19907e-05
8.175 1.50035 1.00026 -4.51092e-05 0 8.25758 1.50075 -6.76799e-05
8.225 1.50035 1.00026 -4.82316e-05 0 8.30808 1.50073 -7.23641e-05
8.275 1.50034 1.00025 -5.06496e-05 0 8.35859 1.50071 -7.59916e-05
8.325 1.50033 1.00024 -5.23484e-05 0 8.40909 1.50069 -7.854e-05
8.375 1.50032 1.00023 -5.33291e-05 0 8.4596 1.50067 -8.00109e-05
8.425 1.50032 1.00023 -5.36063e-05 0 8.5101 1.50065 -8.04263e-05
8.475 1.50031 1.00022 -5.32155e-05 0 8.56061 1.50064 -7.98396e-05
8.525 1.5003 1.00021 -5.22291e-05 0 8.61111 1.50062 -7.83593e-05
8.575 1.50029 1.00021 -5.07259e-05 0 8.66162 1.5006 -7.61037e-05
8.625 1.50028 1.0002 -4.87991e-05 0 8.71212 1.50058 -7.32125e-05
8.675 1.50028 1.00019 -4.65556e-05 0 8.76263 1.50057 -6.98464e-05
8.725 1.50027 1.00019 -4.41133e-05 0 8.81313 1.50055 -6.61819e-05
8.775 1.50026 1.00018 -4.1594e-05 0 8.86364 1.50054 -6.24021e-05
8.825 1.50026 1.00018 -3.91178e-05 0 8.91414 1.50053 -5.86869e-05
8.875 1.50025 1.00018 -3.68011e-05 0 8.96465 1.50052 -5.52109e-05
8.925 1.50025 1.00018 -3.47535e-05 0 9.01515 1.50051 -5.21389e-05
8.975 1.50024 1.00017 -3.30761e-05 0 9.06566 1.5005 -4.96222e-05
9.025 1.50024 1.00017 -3.18561e-05 0 9.11616 1.50049 -4.77918e-05
9.075 1.50023 1.00017 -3.11628e-05 0 9.16667 1.50049 -4.67515e-05
9.125 1.50023 1.00017 -3.10454e-05 0 9.21717 1.50048 -4.65751e-05
9.175 1.50022 1.00017 -3.15245e-05 0 9.26768 1.50047 -4.72938e-05
9.225 1.50022 1.00017 -3.26012e-05 0 9.31818 1.50047 -4.8909e-05
9.275 1.50021 1.00016 -3.42675e-05 0 9.36869 1.50046 -5.14085e-05
9.325 1.50021 1.00016 -3.64964e-05 0 9.41919 1.50045 -5.47522e-05
9.375 1.5002 1.00016 -3.9243e-05 0 9.4697 1.50044 -5.88725e-05
9.425 1.5002 1.00016 -4.24455e-05 0 9.5202 1.50043 -6.36765e-05
9.475 1.50019 1.00015 -4.6026e-05 0 9.57071 1.50042 -6.90477e-05
9.525 1.50018 1.00015 -4.98927e-05 0 9.62121 1.5004 -7.48482e-05
9.575 1.50017 1.00014 -5.39434e-05 0 9.67172 1.50039 -8.09245e-05
9.625 1.50017 1.00013 -5.80704e-05 0 9.72222 1.50037 -8.71152e-05
9.675 1.50016 1.00013 -6.21651e-05 0 9.77273 1.50035 -9.32574e-05
9.725 1.50015 1.00012 -6.61203e-05 0 9.82323 1.50032 -9.91902e-05
9.775 1.50014 1.00011 -6.98342e-05 0 9.87374 1.5003 -0.000104761
9.825 1.50013 1.0001 -7.32127e-05 0 9.92424 1.50027 -0.000109828
9.875 1.50012 1.00009 -7.6174e-05 0 9.97475 1.50024 -0.00011427
9.925 1.5001 1.00007 -7.86503e-05 0 10.0253 1.50021 -0.000117984
9.975 1.50009 1.00006 -8.05854e-05 0 10.0758 1.50018 -0.000120885
10.025 1.50008 1.00005 -8.19337e-05 0 10.1263 1.50015 -0.000122907
10.075 1.50007 1.00003 -8.26642e-05 0 10.1768 1.50012 -0.000124002
10.125 1.50005 1.00002 -8.27698e-05 0 10.2273 1.50008 -0.000124159
10.175 1.50004 1 -8.22544e-05 0 10.2778 1.50005 -0.000123385
10.225 1.50003 0.999991 -8.11246e-05 0 10.3283 1.50002 -0.000121689
10.275 1.50002 0.999977 -7.94144e-05 0 10.3788 1.49998 -0.000119123
10.325 1.50001 0.999964 -7.71747e-05 0 10.4293 1.49995 -0.000115763
10.375 1.49999 0.999952 -7.44682e-05 0 10.4798 1.49992 -0.000111702
10.425 1.49998 0.99994 -7.13694e-05 0 10.5303 1.49989 -0.000107053
10.475 1.49997 0.999929 -6.79622e-05 0 10.5808 1.49987 -0.000101941
10.525 1.49996 0.999919 -6.43365e-05 0 10.6313 1.49984 -9.65025e-05
10.575 1.49995 0.99991 -6.05853e-05 0 10.6818 1.49982 -9.08752e-05
10.625 1.49995 0.999902 -5.68019e-05 0 10.7323 1.4998 -8.51997e-05
10.675 1.49994 0.999895 -5.3077e-05 0 10.7828 1.49978 -7.96122e-05
10.725 1.49993 0.999889 -4.94969e-05 0 10.8333 1.49976 -7.42419e-05
10.775 1.49992 0.999884 -4.61369e-05 0 10.8838 1.49975 -6.92018e-05
10.825 1.49992 0.99988 -4.30602e-05 0 10.9343 1.49974 -6.45866e-05
10.875 1.49991 0.999877 -4.03158e-05 0 10.9848 1.49973 -6.04701e-05
10.925 1.4999 0.999874 -3.79373e-05 0 11.0354 1.49972 -5.69024e-05
10.975 1.4999 0.999872 -3.59428e-05 0 11.0859 1.49971 -5.39105e-05
11.025 1.49989 0.99987 -3.43355e-05 0 11.1364 1.4997 -5.14996e-05
11.075 1.49989 0.999869 -3.31047e-05 0 11.1869 1.49969 -4.96533e-05
11.125 1.49988 0.999868 -3.22273e-05 0 11.2374 1.49969 -4.83372e-05
11.175 1.49988 0.999867 -3.16683e-05 0 11.2879 1.49968 -4.74986e-05
11.225 1.49987 0.999865 -3.13743e-05 0 11.3384 1.49967 -4.70575e-05
11.275 1.49987 0.999864 -3.12902e-05 0 11.3889 1.49967 -4.69312e-05
11.325 1.49986 0.999862 -3.13545e-05 0 11.4394 1.49966 -4.70275e-05
11.375 1.49986 0.99986 -3.1501e-05 0 11.4899 1.49965 -4.7247e-05
11.425 1.49985 0.999858 -3.16631e-05 0 11.5404 1.49964 -4.74901e-05
11.475 1.49985 0.999855 -3.17607e-05 0 11.5909 1.49963 -4.76363e-05
11.525 1.49985 0.999851 -3.17081e-05 0 11.6414 1.49962 -4.75573e-05
11.575 1.49984 0.999848 -3.1423e-05 0 11.6919 1.49961 -4.71295e-05
11.625 1.49984 0.999844 -3.08252e-05 0 11.7424 1.4996 -4.62327e-05
11.675 1.49983 0.999839 -2.98439e-05 0 11.7929 1.49959 -4.47609e-05
11.725 1.49983 0.999835 -2.8416e-05 0 11.8434 1.49958 -4.26191e-05
11.775 1.49982 0.99983 -2.64854e-05 0 11.8939 1.49957 -3.97235e-05
11.825 1.49982 0.999826 -2.39996e-05 0 11.9444 1.49956 -3.59951e-05
11.875 1.49982 0.999821 -2.09243e-05 0 11.9949 1.49955 -3.13825e-05
11.925 1.49981 0.999818 -1.72504e-05 0 12.0455 1.49954 -2.58724e-05
11.975 1.49981 0.999814 -1.29879e-05 0 12.096 1.49953 -1.94793e-05
12.025 1.49981 0.999811 -8.15991e-06 0 12.1465 1.49953 -1.22383e-05
12.075 1.49981 0.999809 -2.80456e-06 0 12.197 1.49952 -4.2063e-06
12.125 1.49981 0.999808 3.03288e-06 0 12.2475 1.49952 4.54874e-06
12.175 1.49981 0.999807 9.20955e-06 0 12.298 1.49952 1.38126e-05
12.225 1.49981 0.999808 1.56135e-05 0 12.3485 1.49952 2.34173e-05
12.275 1.49981 0.99981 2.22056e-05 0 12.399 1.49953 3.33042e-05
12.325 1.49982 0.999812 2.89286e-05 0 12.4495 1.49954 4.33877e-05
12.375 1.49982 0.999816 3.56766e-05 0 12.5 1.49955 5.35085e-05
12.425 1.49983 0.999821 4.23313e-05 0 12.5505 1.49956 6.34897e-05
12.475 1.49984 0.999827 4.87811e-05 0 12.601 1.49958 7.31637e-05
12.525 1.49984 0.999834 5.4919e-05 0 12.6515 1.4996 8.237e-05
12.575 1.49985 0.999842 6.06372e-05 0 12.702 1.49962 9.09469e-05
12.625 1.49986 0.99985 6.58289e-05 0 12.7525 1.49964 9.87344e-05
12.675 1.49987 0.99986 7.03945e-05 0 12.803 1.49966 0.000105583
12.725 1.49988 0.99987 7.42484e-05 0 12.8535 1.49969 0.000111364
12.775 1.49989 0.99988 7.73254e-05 0 12.904 1.49971 0.00011598
12.825 1.49991 0.99989 7.95839e-05 0 12.9545 1.49974 0.000119368
12.875 1.49992 0.999901 8.10077e-05 0 13.0051 1.49977 0.000121505
12.925 1.49993 0.999912 8.16034e-05 0 13.0556 1.4998 0.000122399
12.975 1.49994 0.999922 8.13984e-05 0 13.1061 1.49983 0.000122093
13.025 1.49995 0.999933 8.04497e-05 0 13.1566 1.49985 0.000120671
13.075 1.49997 0.999943 7.88197e-05 0 13.2071 1.49988 0.000118227
13.125 1.49998 0.999952 7.65953e-05 0 13.2576 1.49991 0.000114891
13.175 1.49999 0.999962 7.38768e-05 0 13.3081 1.49993 0.000110814
13.225 1.5 0.99997 7.07748e-05 0 13.3586 1.49996 0.000106162
13.275 1.50001 0.999979 6.74079e-05 0 13.4091 1.49998 0.000101113
13.325 1.50002 0.999986 6.38965e-05 0 13.4596 1.5 9.58462e-05
13.375 1.50003 0.999994 6.03547e-05 0 13.5101 1.50002 9.0534e-05
13.425 1.50004 1 5.68863e-05 0 13.5606 1.50004 8.53318e-05
13.475 1.50005 1.00001 5.35835e-05 0 13.6111 1.50006 8.03779e-05
13.525 1.50006 1.00001 5.05235e-05 0 13.6616 1.50008 7.57882e-05
13.575 1.50007 1.00002 4.77661e-05 0 13.7121 1.50009 7.16523e-05
13.625 1.50007 1.00002 4.5352e-05 0 13.7626 1.50011 6.80313e-05
13.675 1.50008 1.00003 4.33025e-05 0 13.8131 1.50012 6.49571e-05
13.725 1.50008 1.00004 4.16169e-05 0 13.8636 1.50014 6.24289e-05
13.775 1.50009 1.00004 4.02792e-05 0 13.9141 1.50015 6.04224e-05
13.825 1.5001 1.00005 3.92608e-05 0 13.9646 1.50017 5.88949e-05
13.875 1.5001 1.00005 3.85171e-05 0 14.0152 1.50018 5.77796e-05
13.925 1.50011 1.00006 3.79902e-05 0 14.0657 1.5002 5.69894e-05
13.975 1.50011 1.00007 3.76118e-05 0 14.1162 1.50021 5.6422e-05
14.025 1.50012 1.00007 3.73033e-05 0 14.1667 1.50023 5.59593e-05
14.075 1.50012 1.00008 3.69811e-05 0 14.2172 1.50025 5.54762e-05
14.125 1.50013 1.00009 3.65609e-05 0 14.2677 1.50026 5.4846e-05
14.175 1.50013 1.0001 3.59583e-05 0 14.3182 1.50028 5.39423e-05
14.225 1.50014 1.0001 3.50935e-05 0 14.3687 1.5003 5.26452e-05
14.275 1.50015 1.00011 3.38835e-05 0 14.4192 1.50031 5.08301e-05
14.325 1.50015 1.00012 3.22571e-05 0 14.4697 1.50033 4.83906e-05
14.375 1.50016 1.00012 3.01524e-05 0 14.5202 1.50034 4.52334e-05
14.425 1.50016 1.00013 2.75173e-05 0 14.5707 1.50036 4.12804e-05
14.475 1.50017 1.00014 2.43145e-05 0 14.6212 1.50037 3.64757e-05
14.525 1.50017 1.00014 2.05252e-05 0 14.6717 1.50038 3.07913e-05
14.575 1.50017 1.00015 1.61484e-05 0 14.7222 1.50039 2.42254e-05
14.625 1.50018 1.00015 1.11977e-05 0 14.7727 1.5004 1.67985e-05
14.675 1.50018 1.00015 5.70339e-06 0 14.8232 1.50041 8.55609e-06
14.725 1.50018 1.00015 -2.85736e-07 0 14.8737 1.50041 -4.28655e-07
14.775 1.50018 1.00015 -6.64022e-06 0 14.9242 1.50041 -9.96151e-06
14.825 1.50018 1.00015 -1.31954e-05 0 14.9747 1.50041 -1.97954e-05
14.875 1.50017 1.00015 -1.9916e-05 0 15.0253 1.5004 -2.98774e-05
14.925 1.50017 1.00015 -2.67504e-05 0 15.0758 1.50039 -4.01302e-05
14.975 1.50016 1.00014 -3.35899e-05 0 15.1263 1.50038 -5.03903e-05
15.025 1.50016 1.00014 -4.03022e-05 0 15.1768 1.50037 -6.04598e-05
15.075 1.50015 1.00013 -4.6758e-05 0 15.2273 1.50035 -7.01441e-05
15.125 1.50015 1.00012 -5.28337e-05 0 15.2778 1.50033 -7.92583e-05
15.175 1.50014 1.00012 -5.84152e-05 0 15.3283 1.50031 -8.76309e-05
15.225 1.50013 1.00011 -6.34043e-05 0 15.3788 1.50029 -9.51146e-05
15.275 1.50012 1.00009 -6.7727e-05 0 15.4293 1.50026 -0.000101599
15.325 1.50011 1.00008 -7.13369e-05 0 15.4798 1.50024 -0.000107013
15.375 1.5001 1.00007 -7.4211e-05 0 15.5303 1.50021 -0.000111324
15.425 1.50009 1.00006 -7.63467e-05 0 15.5808 1.50018 -0.000114527
15.475 1.50008 1.00005 -7.77595e-05 0 15.6313 1.50015 -0.000116645
15.525 1.50007 1.00004 -7.84816e-05 0 15.6818 1.50012 -0.000117728
15.575 1.50006 1.00002 -7.85524e-05 0 15.7323 1.50009 -0.000117833
15.625 1.50004 1.00001 -7.80417e-05 0 15.7828 1.50006 -0.000117066
15.675 1.50003 1 -7.70317e-05 0 15.8333 1.50003 -0.00011555
15.725 1.50002 0.999989 -7.5618e-05 0 15.8838 1.50001 -0.000113429
15.775 1.50001 0.999978 -7.39058e-05 0 15.9343 1.49998 -0.00011086
15.825 1.5 0.999968 -7.20023e-05 0 15.9848 1.49995 -0.000108004
15.875 1.49999 0.999958 -7.00128e-05 0 16.0354 1.49993 -0.000105019
15.925 1.49998 0.999949 -6.80379e-05 0 16.0859 1.49991 -0.000102056
15.975 1.49997 0.999941 -6.61715e-05 0 16.1364 1.49989 -9.92556e-05
16.025 1.49997 0.999933 -6.44928e-05 0 16.1869 1.49987 -9.67371e-05
16.075 1.49996 0.999926 -6.30637e-05 0 16.2374 1.49985 -9.45929e-05
16.125 1.49995 0.999919 -6.19257e-05 0 16.2879 1.49983 -9.28855e-05
16.175 1.49994 0.999913 -6.11006e-05 0 16.3384 1.49981 -9.16474e-05
16.225 1.49994 0.999907 -6.05916e-05 0 16.3889 1.4998 -9.08834e-05
16.275 1.49993 0.999902 -6.03847e-05 0 16.4394 1.49978 -9.05727e-05
16.325 1.49992 0.999897 -6.04484e-05 0 16.4899 1.49977 -9.06679e-05
16.375 1.49992 0.999892 -6.07324e-05 0 16.5404 1.49975 -9.10934e-05
16.425 1.49991 0.999888 -6.11787e-05 0 16.5909 1.49974 -9.17625e-05
16.475 1.4999 0.999884 -6.17193e-05 0 16.6414 1.49973 -9.2573e-05
16.525 1.4999 0.99988 -6.22822e-05 0 16.6919 1.49972 -9.34169e-05
16.575 1.49989 0.999876 -6.27918e-05 0 16.7424 1.4997 -9.41808e-05
16.625 1.49988 0.999872 -6.31675e-05 0 16.7929 1.49969 -9.4744e-05
16.675 1.49988 0.999869 -6.33303e-05 0 16.8434 1.49968 -9.49878e-05
16.725 1.49987 0.999866 -6.32089e-05 0 16.8939 1.49967 -9.48053e-05
16.775 1.49987 0.999863 -6.27456e-05 0 16.9444 1.49966 -9.41101e-05
16.825 1.49986 0.99986 -6.18902e-05 0 16.9949 1.49965 -9.28269e-05
16.875 1.49986 0.999858 -6.06053e-05 0 17.0455 1.49965 -9.08994e-05
16.925 1.49986 0.999857 -5.88662e-05 0 17.096 1.49964 -8.82908e-05
16.975 1.49985 0.999856 -5.66673e-05 0 17.1465 1.49964 -8.49926e-05
17.025 1.49985 0.999856 -5.40353e-05 0 17.197 1.49963 -8.10448e-05
17.075 1.49985 0.999856 -5.10516e-05 0 17.2475 1.49963 -7.65697e-05
17.125 1.49985 0.999857 -4.77397e-05 0 17.298 1.49963 -7.16023e-05
17.175 1.49985 0.999859 -4.41613e-05 0 17.3485 1.49964 -6.62352e-05
17.225 1.49985 0.999863 -4.04386e-05 0 17.399 1.49964 -6.06519e-05
17.275 1.49985 0.999866 -3.66355e-05 0 17.4495 1.49965 -5.49479e-05
17.325 1.49986 0.999871 -3.28237e-05 0 17.5 1.49966 -4.92309e-05
17.375 1.49986 0.999877 -2.91031e-05 0 17.5505 1.49968 -4.36507e-05
17.425 1.49987 0.999884 -2.55777e-05 0 17.601 1.49969 -3.83632e-05
17.475 1.49988 0.999892 -2.23391e-05 0 17.6515 1.49971 -3.35058e-05
17.525 1.49988 0.999901 -1.94648e-05 0 17.702 1.49974 -2.9195e-05
17.575 1.49989 0.999911 -1.70207e-05 0 17.7525 1.49976 -2.55293e-05
17.625 1.49991 0.999921 -1.50577e-05 0 17.803 1.49979 -2.25852e-05
17.675 1.49992 0.999932 -1.36066e-05 0 17.8535 1.49982 -2.04088e-05
17.725 1.49993 0.999944 -1.26782e-05 0 17.904 1.49985 -1.90164e-05
17.775 1.49995 0.999956 -1.22627e-05 0 17.9545 1.49988 -1.83934e-05
17.825 1.49997 0.999968 -1.23201e-05 0 18.0051 1.49992 -1.84797e-05
17.875 1.49998 0.999981 -1.27768e-05 0 18.0556 1.49995 -1.9165e-05
17.925 1.5 0.999993 -1.35511e-05 0 18.1061 1.49999 -2.03266e-05
17.975 1.50002 1 -1.45345e-05 0 18.1566 1.50003 -2.1802e-05
18.025 1.50004 1.00002 -1.55939e-05 0 18.2071 1.50007 -2.33915e-05
18.075 1.50006 1.00003 -1.65788e-05 0 18.2576 1.5001 -2.48692e-05
18.125 1.50008 1.00004 -1.73273e-05 0 18.3081 1.50014 -2.59924e-05
18.175 1.5001 1.00005 -1.76737e-05 0 18.3586 1.50017 -2.65123e-05
18.225 1.50012 1.00006 -1.74481e-05 0 18.4091 1.50021 -2.61743e-05
18.275 1.50014 1.00007 -1.64701e-05 0 18.4596 1.50024 -2.47075e-05
18.325 1.50017 1.00007 -1.45389e-05 0 18.5101 1.50028 -2.18108e-05
18.375 1.50019 1.00008 -1.14309e-05 0 18.5606 1.50031 -1.71484e-05
18.425 1.50021 1.00009 -6.88803e-06 0 18.6111 1.50034 -1.03335e-05
18.475 1.50023 1.00009 -7.66897e-07 0 18.6616 1.50037 -1.15052e-06
18.525 1.50025 1.00009 6.91912e-06 0 18.7121 1.50039 1.03804e-05
18.575 1.50027 1.0001 1.61099e-05 0 18.7626 1.50042 2.41692e-05
18.625 1.50029 1.0001 2.67042e-05 0 18.8131 1.50044 4.0064e-05
18.675 1.5003 1.0001 3.85644e-05 0 18.8636 1.50045 5.78583e-05
18.725 1.50031 1.0001 5.15157e-05 0 18.9141 1.50046 7.72896e-05
18.775 1.50032 1.0001 6.53913e-05 0 18.9646 1.50047 9.81078e-05
18.825 1.50033 1.0001 7.99406e-05 0 19.0152 1.50047 0.000119937
18.875 1.50033 1.0001 9.4894e-05 0 19.0657 1.50047 0.000142372
18.925 1.50033 1.0001 0.000110031 0 19.1162 1.50047 0.000165082
18.975 1.50033 1.00009 0.000125231 0 19.1667 1.50047 0.000187888
19.025 1.50033 1.00009 0.000140361 0 19.2172 1.50046 0.000210587
19.075 1.50032 1.00009 0.000155113 0 19.2677 1.50045 0.000232719
19.125 1.50031 1.00008 0.000169063 0 19.3182 1.50043 0.000253647
19.175 1.50029 1.00008 0.000181754 0 19.3687 1.50041 0.000272684
19.225 1.50027 1.00008 0.000192777 0 19.4192 1.50039 0.000289218
19.275 1.50025 1.00007 0.00020182 0 19.4697 1.50036 0.00030278
19.325 1.50022 1.00007 0.000208662 0 19.5202 1.50033 0.00031304
19.375 1.5002 1.00006 0.000213139 0 19.5707 1.50029 0.00031975
19.425 1.50016 1.00006 0.000215099 0 19.6212 1.50025 0.000322684
19.475 1.50013 1.00005 0.000214386 0 19.6717 1.50021 0.000321608
19.525 1.50009 1.00005 0.00021082 0 19.7222 1.50017 0.00031625
19.575 1.50005 1.00004 0.000204165 0 19.7727 1.50012 0.000306258
19.625 1.50001 1.00004 0.000194205 0 19.8232 1.50006 0.00029131
19.675 1.49997 1.00003 0.000181097 0 19.8737 1.50001 0.00027164
19.725 1.49993 1.00002 0.000165393 0 19.9242 1.49996 0.000248079
19.775 1.4999 1.00001 0.000147611 0 19.9747 1.49992 0.000221402
19.825 1.49987 1 0.000128233 0 20.0253 1.49987 0.000192333
19.875 1.49984 0.999993 0.000107713 0 20.0758 1.49983 0.000161552
19.925 1.49982 0.999983 8.64734e-05 0 20.1263 1.4998 0.000129695
19.975 1.4998 0.999973 6.49014e-05 0 20.1768 1.49976 9.7339e-05
