-19.9875 1.5 1 6.81859e-13 0 -1998.75 1.5 1.02279e-12
-19.9625 1.5 1 6.398e-13 0 -1996.25 1.5 9.597e-13
-19.9375 1.5 1 5.98719e-13 0 -1993.75 1.5 8.98079e-13
-19.9125 1.5 1 5.60558e-13 0 -1991.25 1.5 8.40837e-13
-19.8875 1.5 1 5.23794e-13 0 -1988.75 1.5 7.85691e-13
-19.8625 1.5 1 4.87021e-13 0 -1986.25 1.5 7.30531e-13
-19.8375 1.5 1 4.50924e-13 0 -1983.75 1.5 6.76385e-13
-19.8125 1.5 1 4.15791e-13 0 -1981.25 1.5 6.23686e-13
-19.7875 1.5 1 3.80465e-13 0 -1978.75 1.5 5.70698e-13
-19.7625 1.5 1 3.45153e-13 0 -1976.25 1.5 5.1773e-13
-19.7375 1.5 1 3.08257e-13 0 -1973.75 1.5 4.62385e-13
-19.7125 1.5 1 2.70396e-13 0 -1971.25 1.5 4.05594e-13
-19.6875 1.5 1 2.32332e-13 0 -1968.75 1.5 3.48497e-13
-19.6625 1.5 1 1.93441e-13 0 -1966.25 1.5 2.90161e-13
-19.6375 1.5 1 1.5347e-13 0 -1963.75 1.5 2.30205e-13
-19.6125 1.5 1 1.13516e-13 0 -1961.25 1.5 1.70275e-13
-19.5875 1.5 1 7.31677e-14 0 -1958.75 1.5 1.09752e-13
-19.5625 1.5 1 3.21211e-14 0 -1956.25 1.5 4.81817e-14
-19.5375 1.5 1 -9.31532e-15 0 -1953.75 1.5 -1.3973e-14
-19.5125 1.5 1 -5.17255e-14 0 -1951.25 1.5 -7.75882e-14
-19.4875 1.5 1 -9.55558e-14 0 -1948.75 1.5 -1.43334e-13
-19.4625 1.5 1 -1.40354e-13 0 -1946.25 1.5 -2.10531e-13
-19.4375 1.5 1 -1.8683e-13 0 -1943.75 1.5 -2.80245e-13
-19.4125 1.5 1 -2.34085e-13 0 -1941.25 1.5 -3.51127e-13
-19.3875 1.5 1 -2.82858e-13 0 -1938.75 1.5 -4.24287e-13
-19.3625 1.5 1 -3.33347e-13 0 -1936.25 1.5 -5.00021e-13
-19.3375 1.5 1 -3.8554e-13 0 -1933.75 1.5 -5.7831e-13
-19.3125 1.5 1 -4.39894e-13 0 -1931.25 1.5 -6.59841e-13
-19.2875 1.5 1 -4.95859e-13 0 -1928.75 1.5 -7.43788e-13
-19.2625 1.5 1 -5.52965e-13 0 -1926.25 1.5 -8.29448e-13
-19.2375 1.5 1 -6.11535e-13 0 -1923.75 1.5 -9.17302e-13
-19.2125 1.5 1 -6.71709e-13 0 -1921.25 1.5 -1.00756e-12
-19.1875 1.5 1 -7.33286e-13 0 -1918.75 1.5 -1.09993e-12
-19.1625 1.5 1 -7.95806e-13 0 -1916.25 1.5 -1.19371e-12
-19.1375 1.5 1 -8.5902e-13 0 -1913.75 1.5 -1.28853e-12
-19.1125 1.5 1 -9.23326e-13 0 -1911.25 1.5 -1.38499e-12
-19.0875 1.5 1 -9.88305e-13 0 -1908.75 1.5 -1.48246e-12
-19.0625 1.5 1 -1.05387e-12 0 -1906.25 1.5 -1.5808e-12
-19.0375 1.5 1 -1.12021e-12 0 -1903.75 1.5 -1.68031e-12
-19.0125 1.5 1 -1.18537e-12 0 -1901.25 1.5 -1.77806e-12
-18.9875 1.5 1 -1.24981e-12 0 -1898.75 1.5 -1.87471e-12
-18.9625 1.5 1 -1.31438e-12 0 -1896.25 1.5 -1.97157e-12
-18.9375 1.5 1 -1.37859e-12 0 -1893.75 1.5 -2.06788e-12
-18.9125 1.5 1 -1.44277e-12 0 -1891.25 1.5 -2.16416e-12
-18.8875 1.5 1 -1.50597e-12 0 -1888.75 1.5 -2.25895e-12
-18.8625 1.5 1 -1.56832e-12 0 -1886.25 1.5 -2.35248e-12
-18.8375 1.5 1 -1.62833e-12 0 -1883.75 1.5 -2.44249e-12
-18.8125 1.5 1 -1.68713e-12 0 -1881.25 1.5 -2.53069e-12
-18.7875 1.5 1 -1.74519e-12 0 -1878.75 1.5 -2.61779e-12
-18.7625 1.5 1 -1.8016e-12 0 -1876.25 1.5 -2.7024e-12
-18.7375 1.5 1 -1.85702e-12 0 -1873.75 1.5 -2.78553e-12
-18.7125 1.5 1 -1.91074e-12 0 -1871.25 1.5 -2.86612e-12
-18.6875 1.5 1 -1.96348e-12 0 -1868.75 1.5 -2.94522e-12
-18.6625 1.5 1 -2.015e-12 0 -1866.25 1.5 -3.02249e-12
-18.6375 1.5 1 -2.06467e-12 0 -1863.75 1.5 -3.09701e-12
-18.6125 1.5 1 -2.11296e-12 0 -1861.25 1.5 -3.16944e-12
-18.5875 1.5 1 -2.16103e-12 0 -1858.75 1.5 -3.24154e-12
-18.5625 1.5 1 -2.21013e-12 0 -1856.25 1.5 -3.31519e-12
-18.5375 1.5 1 -2.26201e-12 0 -1853.75 1.5 -3.39302e-12
-18.5125 1.5 1 -2.31584e-12 0 -1851.25 1.5 -3.47377e-12
-18.4875 1.5 1 -2.37198e-12 0 -1848.75 1.5 -3.55796e-12
-18.4625 1.5 1 -2.43108e-12 0 -1846.25 1.5 -3.64662e-12
-18.4375 1.5 1 -2.49368e-12 0 -1843.75 1.5 -3.74052e-12
-18.4125 1.5 1 -2.56192e-12 0 -1841.25 1.5 -3.84288e-12
-18.3875 1.5 1 -2.6356e-12 0 -1838.75 1.5 -3.95341e-12
-18.3625 1.5 1 -2.71532e-12 0 -1836.25 1.5 -4.07298e-12
-18.3375 1.5 1 -2.8022e-12 0 -1833.75 1.5 -4.2033e-12
-18.3125 1.5 1 -2.89762e-12 0 -1831.25 1.5 -4.34643e-12
-18.2875 1.5 1 -3.00272e-12 0 -1828.75 1.5 -4.50408e-12
-18.2625 1.5 1 -3.11656e-12 0 -1826.25 1.5 -4.67484e-12
-18.2375 1.5 1 -3.23914e-12 0 -1823.75 1.5 -4.8587e-12
-18.2125 1.5 1 -3.37097e-12 0 -1821.25 1.5 -5.05645e-12
-18.1875 1.5 1 -3.51107e-12 0 -1818.75 1.5 -5.2666e-12
-18.1625 1.5 1 -3.66016e-12 0 -1816.25 1.5 -5.49024e-12
-18.1375 1.5 1 -3.81673e-12 0 -1813.75 1.5 -5.7251e-12
-18.1125 1.5 1 -3.98044e-12 0 -1811.25 1.5 -5.97066e-12
-18.0875 1.5 1 -4.14982e-12 0 -1808.75 1.5 -6.22474e-12
-18.0625 1.5 1 -4.32383e-12 0 -1806.25 1.5 -6.48574e-12
-18.0375 1.5 1 -4.50207e-12 0 -1803.75 1.5 -6.75311e-12
-18.0125 1.5 1 -4.68371e-12 0 -1801.25 1.5 -7.02557e-12
-17.9875 1.5 1 -4.86842e-12 0 -1798.75 1.5 -7.30263e-12
-17.9625 1.5 1 -5.05515e-12 0 -1796.25 1.5 -7.58272e-12
-17.9375 1.5 1 -5.24353e-12 0 -1793.75 1.5 -7.8653e-12
-17.9125 1.5 1 -5.43342e-12 0 -1791.25 1.5 -8.15013e-12
-17.8875 1.5 1 -5.62421e-12 0 -1788.75 1.5 -8.43632e-12
-17.8625 1.5 1 -5.81559e-12 0 -1786.25 1.5 -8.72338e-12
-17.8375 1.5 1 -6.00858e-12 0 -1783.75 1.5 -9.01287e-12
-17.8125 1.5 1 -6.20421e-12 0 -1781.25 1.5 -9.30632e-12
-17.7875 1.5 1 -6.40432e-12 0 -1778.75 1.5 -9.60648e-12
-17.7625 1.5 1 -6.61014e-12 0 -1776.25 1.5 -9.91521e-12
-17.7375 1.5 1 -6.82383e-12 0 -1773.75 1.5 -1.02357e-11
-17.7125 1.5 1 -7.04728e-12 0 -1771.25 1.5 -1.05709e-11
-17.6875 1.5 1 -7.2821e-12 0 -1768.75 1.5 -1.09231e-11
-17.6625 1.5 1 -7.52971e-12 0 -1766.25 1.5 -1.12946e-11
-17.6375 1.5 1 -7.79195e-12 0 -1763.75 1.5 -1.16879e-11
-17.6125 1.5 1 -8.0697e-12 0 -1761.25 1.5 -1.21045e-11
-17.5875 1.5 1 -8.36353e-12 0 -1758.75 1.5 -1.25453e-11
-17.5625 1.5 1 -8.67443e-12 0 -1756.25 1.5 -1.30116e-11
-17.5375 1.5 1 -9.00224e-12 0 -1753.75 1.5 -1.35034e-11
-17.5125 1.5 1 -9.34633e-12 0 -1751.25 1.5 -1.40195e-11
-17.4875 1.5 1 -9.70602e-12 0 -1748.75 1.5 -1.4559e-11
-17.4625 1.5 1 -1.00795e-11 0 -1746.25 1.5 -1.51193e-11
-17.4375 1.5 1 -1.04648e-11 0 -1743.75 1.5 -1.56973e-11
-17.4125 1.5 1 -1.08608e-11 0 -1741.25 1.5 -1.62913e-11
-17.3875 1.5 1 -1.12662e-11 0 -1738.75 1.5 -1.68993e-11
-17.3625 1.5 1 -1.16799e-11 0 -1736.25 1.5 -1.75198e-11
-17.3375 1.5 1 -1.21017e-11 0 -1733.75 1.5 -1.81526e-11
-17.3125 1.5 1 -1.25318e-11 0 -1731.25 1.5 -1.87977e-11
-17.2875 1.5 1 -1.29713e-11 0 -1728.75 1.5 -1.9457e-11
-17.2625 1.5 1 -1.34219e-11 0 -1726.25 1.5 -2.01328e-11
-17.2375 1.5 1 -1.38853e-11 0 -1723.75 1.5 -2.0828e-11
-17.2125 1.5 1 -1.43645e-11 0 -1721.25 1.5 -2.15468e-11
-17.1875 1.5 1 -1.48614e-11 0 -1718.75 1.5 -2.22921e-11
-17.1625 1.5 1 -1.53796e-11 0 -1716.25 1.5 -2.30694e-11
-17.1375 1.5 1 -1.59206e-11 0 -1713.75 1.5 -2.38809e-11
-17.1125 1.5 1 -1.64879e-11 0 -1711.25 1.5 -2.47319e-11
-17.0875 1.5 1 -1.70827e-11 0 -1708.75 1.5 -2.56241e-11
-17.0625 1.5 1 -1.77051e-11 0 -1706.25 1.5 -2.65576e-11
-17.0375 1.5 1 -1.83552e-11 0 -1703.75 1.5 -2.75328e-11
-17.0125 1.5 1 -1.9033e-11 0 -1701.25 1.5 -2.85495e-11
-16.9875 1.5 1 -1.97375e-11 0 -1698.75 1.5 -2.96063e-11
-16.9625 1.5 1 -2.04668e-11 0 -1696.25 1.5 -3.07002e-11
-16.9375 1.5 1 -2.122e-11 0 -1693.75 1.5 -3.18299e-11
-16.9125 1.5 1 -2.19958e-11 0 -1691.25 1.5 -3.29936e-11
-16.8875 1.5 1 -2.27925e-11 0 -1688.75 1.5 -3.41887e-11
-16.8625 1.5 1 -2.36116e-11 0 -1686.25 1.5 -3.54175e-11
-16.8375 1.5 1 -2.44536e-11 0 -1683.75 1.5 -3.66804e-11
-16.8125 1.5 1 -2.532e-11 0 -1681.25 1.5 -3.798e-11
-16.7875 1.5 1 -2.62146e-11 0 -1678.75 1.5 -3.93219e-11
-16.7625 1.5 1 -2.714e-11 0 -1676.25 1.5 -4.071e-11
-16.7375 1.5 1 -2.81002e-11 0 -1673.75 1.5 -4.21503e-11
-16.7125 1.5 1 -2.90982e-11 0 -1671.25 1.5 -4.36473e-11
-16.6875 1.5 1 -3.01379e-11 0 -1668.75 1.5 -4.52068e-11
-16.6625 1.5 1 -3.12211e-11 0 -1666.25 1.5 -4.68316e-11
-16.6375 1.5 1 -3.23493e-11 0 -1663.75 1.5 -4.8524e-11
-16.6125 1.5 1 -3.35237e-11 0 -1661.25 1.5 -5.02855e-11
-16.5875 1.5 1 -3.47443e-11 0 -1658.75 1.5 -5.21165e-11
-16.5625 1.5 1 -3.60108e-11 0 -1656.25 1.5 -5.40162e-11
-16.5375 1.5 1 -3.73215e-11 0 -1653.75 1.5 -5.59822e-11
-16.5125 1.5 1 -3.86754e-11 0 -1651.25 1.5 -5.8013e-11
-16.4875 1.5 1 -4.00722e-11 0 -1648.75 1.5 -6.01083e-11
-16.4625 1.5 1 -4.15123e-11 0 -1646.25 1.5 -6.22685e-11
-16.4375 1.5 1 -4.29977e-11 0 -1643.75 1.5 -6.44966e-11
-16.4125 1.5 1 -4.4532e-11 0 -1641.25 1.5 -6.6798e-11
-16.3875 1.5 1 -4.612e-11 0 -1638.75 1.5 -6.91799e-11
-16.3625 1.5 1 -4.77657e-11 0 -1636.25 1.5 -7.16485e-11
-16.3375 1.5 1 -4.94738e-11 0 -1633.75 1.5 -7.42107e-11
-16.3125 1.5 1 -5.12492e-11 0 -1631.25 1.5 -7.68738e-11
-16.2875 1.5 1 -5.30946e-11 0 -1628.75 1.5 -7.9642e-11
-16.2625 1.5 1 -5.50119e-11 0 -1626.25 1.5 -8.25179e-11
-16.2375 1.5 1 -5.70025e-11 0 -1623.75 1.5 -8.55038e-11
-16.2125 1.5 1 -5.90661e-11 0 -1621.25 1.5 -8.85991e-11
-16.1875 1.5 1 -6.12025e-11 0 -1618.75 1.5 -9.18038e-11
-16.1625 1.5 1 -6.34124e-11 0 -1616.25 1.5 -9.51185e-11
-16.1375 1.5 1 -6.56974e-11 0 -1613.75 1.5 -9.85461e-11
-16.1125 1.5 1 -6.80608e-11 0 -1611.25 1.5 -1.02091e-10
-16.0875 1.5 1 -7.05058e-11 0 -1608.75 1.5 -1.05759e-10
-16.0625 1.5 1 -7.30367e-11 0 -1606.25 1.5 -1.09555e-10
-16.0375 1.5 1 -7.56571e-11 0 -1603.75 1.5 -1.13486e-10
-16.0125 1.5 1 -7.83727e-11 0 -1601.25 1.5 -1.17559e-10
-15.9875 1.5 1 -8.11878e-11 0 -1598.75 1.5 -1.21782e-10
-15.9625 1.5 1 -8.41076e-11 0 -1596.25 1.5 -1.26161e-10
-15.9375 1.5 1 -8.7135e-11 0 -1593.75 1.5 -1.30702e-10
-15.9125 1.5 1 -9.02757e-11 0 -1591.25 1.5 -1.35414e-10
-15.8875 1.5 1 -9.35322e-11 0 -1588.75 1.5 -1.40298e-10
-15.8625 1.5 1 -9.69064e-11 0 -1586.25 1.5 -1.4536e-10
-15.8375 1.5 1 -1.00401e-10 0 -1583.75 1.5 -1.50601e-10
-15.8125 1.5 1 -1.04018e-10 0 -1581.25 1.5 -1.56027e-10
-15.7875 1.5 1 -1.0776e-10 0 -1578.75 1.5 -1.61641e-10
-15.7625 1.5 1 -1.11633e-10 0 -1576.25 1.5 -1.6745e-10
-15.7375 1.5 1 -1.15644e-10 0 -1573.75 1.5 -1.73466e-10
-15.7125 1.5 1 -1.19799e-10 0 -1571.25 1.5 -1.79698e-10
-15.6875 1.5 1 -1.24105e-10 0 -1568.75 1.5 -1.86158e-10
-15.6625 1.5 1 -1.2857e-10 0 -1566.25 1.5 -1.92855e-10
-15.6375 1.5 1 -1.33199e-10 0 -1563.75 1.5 -1.99799e-10
-15.6125 1.5 1 -1.37997e-10 0 -1561.25 1.5 -2.06995e-10
-15.5875 1.5 1 -1.42968e-10 0 -1558.75 1.5 -2.14452e-10
-15.5625 1.5 1 -1.48118e-10 0 -1556.25 1.5 -2.22177e-10
-15.5375 1.5 1 -1.53452e-10 0 -1553.75 1.5 -2.30178e-10
-15.5125 1.5 1 -1.58975e-10 0 -1551.25 1.5 -2.38463e-10
-15.4875 1.5 1 -1.64694e-10 0 -1548.75 1.5 -2.47042e-10
-15.4625 1.5 1 -1.70616e-10 0 -1546.25 1.5 -2.55924e-10
-15.4375 1.5 1 -1.76751e-10 0 -1543.75 1.5 -2.65126e-10
-15.4125 1.5 1 -1.83107e-10 0 -1541.25 1.5 -2.7466e-10
-15.3875 1.5 1 -1.89694e-10 0 -1538.75 1.5 -2.84541e-10
-15.3625 1.5 1 -1.9652e-10 0 -1536.25 1.5 -2.94781e-10
-15.3375 1.5 1 -2.03594e-10 0 -1533.75 1.5 -3.05392e-10
-15.3125 1.5 1 -2.10925e-10 0 -1531.25 1.5 -3.16388e-10
-15.2875 1.5 1 -2.1852e-10 0 -1528.75 1.5 -3.2778e-10
-15.2625 1.5 1 -2.26387e-10 0 -1526.25 1.5 -3.39581e-10
-15.2375 1.5 1 -2.34536e-10 0 -1523.75 1.5 -3.51803e-10
-15.2125 1.5 1 -2.42975e-10 0 -1521.25 1.5 -3.64463e-10
-15.1875 1.5 1 -2.51717e-10 0 -1518.75 1.5 -3.77576e-10
-15.1625 1.5 1 -2.60773e-10 0 -1516.25 1.5 -3.9116e-10
-15.1375 1.5 1 -2.70156e-10 0 -1513.75 1.5 -4.05234e-10
-15.1125 1.5 1 -2.79876e-10 0 -1511.25 1.5 -4.19814e-10
-15.0875 1.5 1 -2.89948e-10 0 -1508.75 1.5 -4.34921e-10
-15.0625 1.5 1 -3.00382e-10 0 -1506.25 1.5 -4.50574e-10
-15.0375 1.5 1 -3.11194e-10 0 -1503.75 1.5 -4.66791e-10
-15.0125 1.5 1 -3.22396e-10 0 -1501.25 1.5 -4.83594e-10
-14.9875 1.5 1 -3.34e-10 0 -1498.75 1.5 -5.01e-10
-14.9625 1.5 1 -3.4602e-10 0 -1496.25 1.5 -5.1903e-10
-14.9375 1.5 1 -3.58471e-10 0 -1493.75 1.5 -5.37707e-10
-14.9125 1.5 1 -3.71371e-10 0 -1491.25 1.5 -5.57056e-10
-14.8875 1.5 1 -3.84735e-10 0 -1488.75 1.5 -5.77103e-10
-14.8625 1.5 1 -3.98581e-10 0 -1486.25 1.5 -5.97871e-10
-14.8375 1.5 1 -4.12925e-10 0 -1483.75 1.5 -6.19388e-10
-14.8125 1.5 1 -4.27787e-10 0 -1481.25 1.5 -6.41681e-10
-14.7875 1.5 1 -4.43184e-10 0 -1478.75 1.5 -6.64776e-10
-14.7625 1.5 1 -4.59135e-10 0 -1476.25 1.5 -6.88702e-10
-14.7375 1.5 1 -4.75659e-10 0 -1473.75 1.5 -7.13488e-10
-14.7125 1.5 1 -4.92777e-10 0 -1471.25 1.5 -7.39165e-10
-14.6875 1.5 1 -5.1051e-10 0 -1468.75 1.5 -7.65765e-10
-14.6625 1.5 1 -5.28882e-10 0 -1466.25 1.5 -7.93322e-10
-14.6375 1.5 1 -5.47913e-10 0 -1463.75 1.5 -8.2187e-10
-14.6125 1.5 1 -5.67631e-10 0 -1461.25 1.5 -8.51446e-10
-14.5875 1.5 1 -5.88059e-10 0 -1458.75 1.5 -8.82088e-10
-14.5625 1.5 1 -6.09222e-10 0 -1456.25 1.5 -9.13833e-10
-14.5375 1.5 1 -6.31147e-10 0 -1453.75 1.5 -9.4672e-10
-14.5125 1.5 1 -6.53861e-10 0 -1451.25 1.5 -9.80791e-10
-14.4875 1.5 1 -6.77391e-10 0 -1448.75 1.5 -1.01609e-09
-14.4625 1.5 1 -7.01768e-10 0 -1446.25 1.5 -1.05265e-09
-14.4375 1.5 1 -7.27022e-10 0 -1443.75 1.5 -1.09053e-09
-14.4125 1.5 1 -7.53186e-10 0 -1441.25 1.5 -1.12978e-09
-14.3875 1.5 1 -7.80291e-10 0 -1438.75 1.5 -1.17044e-09
-14.3625 1.5 1 -8.08372e-10 0 -1436.25 1.5 -1.21256e-09
-14.3375 1.5 1 -8.37465e-10 0 -1433.75 1.5 -1.2562e-09
-14.3125 1.5 1 -8.67604e-10 0 -1431.25 1.5 -1.30141e-09
-14.2875 1.5 1 -8.98828e-10 0 -1428.75 1.5 -1.34824e-09
-14.2625 1.5 1 -9.31175e-10 0 -1426.25 1.5 -1.39676e-09
-14.2375 1.5 1 -9.64686e-10 0 -1423.75 1.5 -1.44703e-09
-14.2125 1.5 1 -9.99402e-10 0 -1421.25 1.5 -1.4991e-09
-14.1875 1.5 1 -1.03537e-09 0 -1418.75 1.5 -1.55305e-09
-14.1625 1.5 1 -1.07263e-09 0 -1416.25 1.5 -1.60894e-09
-14.1375 1.5 1 -1.11123e-09 0 -1413.75 1.5 -1.66684e-09
-14.1125 1.5 1 -1.15122e-09 0 -1411.25 1.5 -1.72683e-09
-14.0875 1.5 1 -1.19265e-09 0 -1408.75 1.5 -1.78897e-09
-14.0625 1.5 1 -1.23557e-09 0 -1406.25 1.5 -1.85335e-09
-14.0375 1.5 1 -1.28004e-09 0 -1403.75 1.5 -1.92005e-09
-14.0125 1.5 1 -1.3261e-09 0 -1401.25 1.5 -1.98915e-09
-13.9875 1.5 1 -1.37383e-09 0 -1398.75 1.5 -2.06074e-09
-13.9625 1.5 1 -1.42327e-09 0 -1396.25 1.5 -2.13491e-09
-13.9375 1.5 1 -1.47449e-09 0 -1393.75 1.5 -2.21174e-09
-13.9125 1.5 1 -1.52756e-09 0 -1391.25 1.5 -2.29133e-09
-13.8875 1.5 1 -1.58253e-09 0 -1388.75 1.5 -2.37379e-09
-13.8625 1.5 1 -1.63948e-09 0 -1386.25 1.5 -2.45922e-09
-13.8375 1.5 1 -1.69848e-09 0 -1383.75 1.5 -2.54772e-09
-13.8125 1.5 1 -1.7596e-09 0 -1381.25 1.5 -2.63941e-09
-13.7875 1.5 1 -1.82293e-09 0 -1378.75 1.5 -2.73439e-09
-13.7625 1.5 1 -1.88853e-09 0 -1376.25 1.5 -2.8328e-09
-13.7375 1.5 1 -1.9565e-09 0 -1373.75 1.5 -2.93474e-09
-13.7125 1.5 1 -2.02691e-09 0 -1371.25 1.5 -3.04036e-09
-13.6875 1.5 1 -2.09985e-09 0 -1368.75 1.5 -3.14978e-09
-13.6625 1.5 1 -2.17542e-09 0 -1366.25 1.5 -3.26313e-09
-13.6375 1.5 1 -2.25371e-09 0 -1363.75 1.5 -3.38056e-09
-13.6125 1.5 1 -2.33481e-09 0 -1361.25 1.5 -3.50222e-09
-13.5875 1.5 1 -2.41884e-09 0 -1358.75 1.5 -3.62825e-09
-13.5625 1.5 1 -2.50588e-09 0 -1356.25 1.5 -3.75882e-09
-13.5375 1.5 1 -2.59606e-09 0 -1353.75 1.5 -3.89409e-09
-13.5125 1.5 1 -2.68949e-09 0 -1351.25 1.5 -4.03423e-09
-13.4875 1.5 1 -2.78628e-09 0 -1348.75 1.5 -4.17942e-09
-13.4625 1.5 1 -2.88655e-09 0 -1346.25 1.5 -4.32983e-09
-13.4375 1.5 1 -2.99043e-09 0 -1343.75 1.5 -4.48565e-09
-13.4125 1.5 1 -3.09805e-09 0 -1341.25 1.5 -4.64708e-09
-13.3875 1.5 1 -3.20955e-09 0 -1338.75 1.5 -4.81432e-09
-13.3625 1.5 1 -3.32505e-09 0 -1336.25 1.5 -4.98758e-09
-13.3375 1.5 1 -3.44471e-09 0 -1333.75 1.5 -5.16707e-09
-13.3125 1.5 1 -3.56868e-09 0 -1331.25 1.5 -5.35302e-09
-13.2875 1.5 1 -3.69711e-09 0 -1328.75 1.5 -5.54566e-09
-13.2625 1.5 1 -3.83016e-09 0 -1326.25 1.5 -5.74524e-09
-13.2375 1.5 1 -3.968e-09 0 -1323.75 1.5 -5.952e-09
-13.2125 1.5 1 -4.1108e-09 0 -1321.25 1.5 -6.1662e-09
-13.1875 1.5 1 -4.25873e-09 0 -1318.75 1.5 -6.3881e-09
-13.1625 1.5 1 -4.412e-09 0 -1316.25 1.5 -6.61799e-09
-13.1375 1.5 1 -4.57077e-09 0 -1313.75 1.5 -6.85616e-09
-13.1125 1.5 1 -4.73527e-09 0 -1311.25 1.5 -7.1029e-09
-13.0875 1.5 1 -4.90568e-09 0 -1308.75 1.5 -7.35852e-09
-13.0625 1.5 1 -5.08222e-09 0 -1306.25 1.5 -7.62333e-09
-13.0375 1.5 1 -5.26512e-09 0 -1303.75 1.5 -7.89768e-09
-13.0125 1.5 1 -5.4546e-09 0 -1301.25 1.5 -8.1819e-09
-12.9875 1.5 1 -5.6509e-09 0 -1298.75 1.5 -8.47635e-09
-12.9625 1.5 1 -5.85426e-09 0 -1296.25 1.5 -8.78139e-09
-12.9375 1.5 1 -6.06494e-09 0 -1293.75 1.5 -9.09741e-09
-12.9125 1.5 1 -6.28321e-09 0 -1291.25 1.5 -9.42481e-09
-12.8875 1.5 1 -6.50933e-09 0 -1288.75 1.5 -9.76399e-09
-12.8625 1.5 1 -6.74358e-09 0 -1286.25 1.5 -1.01154e-08
-12.8375 1.5 1 -6.98627e-09 0 -1283.75 1.5 -1.04794e-08
-12.8125 1.5 1 -7.23769e-09 0 -1281.25 1.5 -1.08565e-08
-12.7875 1.5 1 -7.49816e-09 0 -1278.75 1.5 -1.12472e-08
-12.7625 1.5 1 -7.768e-09 0 -1276.25 1.5 -1.1652e-08
-12.7375 1.5 1 -8.04755e-09 0 -1273.75 1.5 -1.20713e-08
-12.7125 1.5 1 -8.33716e-09 0 -1271.25 1.5 -1.25057e-08
-12.6875 1.5 1 -8.6372e-09 0 -1268.75 1.5 -1.29558e-08
-12.6625 1.5 1 -8.94803e-09 0 -1266.25 1.5 -1.34221e-08
-12.6375 1.5 1 -9.27005e-09 0 -1263.75 1.5 -1.39051e-08
-12.6125 1.5 1 -9.60366e-09 0 -1261.25 1.5 -1.44055e-08
-12.5875 1.5 1 -9.94928e-09 0 -1258.75 1.5 -1.49239e-08
-12.5625 1.5 1 -1.03073e-08 0 -1256.25 1.5 -1.5461e-08
-12.5375 1.5 1 -1.06783e-08 0 -1253.75 1.5 -1.60174e-08
-12.5125 1.5 1 -1.10626e-08 0 -1251.25 1.5 -1.65938e-08
-12.4875 1.5 1 -1.14607e-08 0 -1248.75 1.5 -1.7191e-08
-12.4625 1.5 1 -1.18731e-08 0 -1246.25 1.5 -1.78097e-08
-12.4375 1.5 1 -1.23004e-08 0 -1243.75 1.5 -1.84506e-08
-12.4125 1.5 1 -1.27431e-08 0 -1241.25 1.5 -1.91146e-08
-12.3875 1.5 1 -1.32017e-08 0 -1238.75 1.5 -1.98025e-08
-12.3625 1.5 1 -1.36768e-08 0 -1236.25 1.5 -2.05151e-08
-12.3375 1.5 1 -1.4169e-08 0 -1233.75 1.5 -2.12534e-08
-12.3125 1.5 1 -1.46789e-08 0 -1231.25 1.5 -2.20183e-08
-12.2875 1.5 1 -1.52071e-08 0 -1228.75 1.5 -2.28107e-08
-12.2625 1.5 1 -1.57544e-08 0 -1226.25 1.5 -2.36316e-08
-12.2375 1.5 1 -1.63214e-08 0 -1223.75 1.5 -2.4482e-08
-12.2125 1.5 1 -1.69087e-08 0 -1221.25 1.5 -2.53631e-08
-12.1875 1.5 1 -1.75172e-08 0 -1218.75 1.5 -2.62759e-08
-12.1625 1.5 1 -1.81476e-08 0 -1216.25 1.5 -2.72215e-08
-12.1375 1.5 1 -1.88007e-08 0 -1213.75 1.5 -2.82011e-08
-12.1125 1.5 1 -1.94773e-08 0 -1211.25 1.5 -2.9216e-08
-12.0875 1.5 1 -2.01783e-08 0 -1208.75 1.5 -3.02674e-08
-12.0625 1.5 1 -2.09044e-08 0 -1206.25 1.5 -3.13567e-08
-12.0375 1.5 1 -2.16568e-08 0 -1203.75 1.5 -3.24851e-08
-12.0125 1.5 1 -2.24361e-08 0 -1201.25 1.5 -3.36542e-08
-11.9875 1.5 1 -2.32436e-08 0 -1198.75 1.5 -3.48653e-08
-11.9625 1.5 1 -2.408e-08 0 -1196.25 1.5 -3.61201e-08
-11.9375 1.5 1 -2.49466e-08 0 -1193.75 1.5 -3.74199e-08
-11.9125 1.5 1 -2.58444e-08 0 -1191.25 1.5 -3.87666e-08
-11.8875 1.5 1 -2.67745e-08 0 -1188.75 1.5 -4.01617e-08
-11.8625 1.5 1 -2.7738e-08 0 -1186.25 1.5 -4.16071e-08
-11.8375 1.5 1 -2.87363e-08 0 -1183.75 1.5 -4.31044e-08
-11.8125 1.5 1 -2.97704e-08 0 -1181.25 1.5 -4.46556e-08
-11.7875 1.5 1 -3.08418e-08 0 -1178.75 1.5 -4.62627e-08
-11.7625 1.5 1 -3.19517e-08 0 -1176.25 1.5 -4.79276e-08
-11.7375 1.5 1 -3.31016e-08 0 -1173.75 1.5 -4.96524e-08
-11.7125 1.5 1 -3.42928e-08 0 -1171.25 1.5 -5.14393e-08
-11.6875 1.5 1 -3.5527e-08 0 -1168.75 1.5 -5.32905e-08
-11.6625 1.5 1 -3.68055e-08 0 -1166.25 1.5 -5.52083e-08
-11.6375 1.5 1 -3.81301e-08 0 -1163.75 1.5 -5.71951e-08
-11.6125 1.5 1 -3.95023e-08 0 -1161.25 1.5 -5.92534e-08
-11.5875 1.5 1 -4.09239e-08 0 -1158.75 1.5 -6.13858e-08
-11.5625 1.5 1 -4.23966e-08 0 -1156.25 1.5 -6.35949e-08
-11.5375 1.5 1 -4.39224e-08 0 -1153.75 1.5 -6.58836e-08
-11.5125 1.5 1 -4.55031e-08 0 -1151.25 1.5 -6.82546e-08
-11.4875 1.5 1 -4.71406e-08 0 -1148.75 1.5 -7.07109e-08
-11.4625 1.5 1 -4.88371e-08 0 -1146.25 1.5 -7.32556e-08
-11.4375 1.5 1 -5.05946e-08 0 -1143.75 1.5 -7.58919e-08
-11.4125 1.5 1 -5.24154e-08 0 -1141.25 1.5 -7.86231e-08
-11.3875 1.5 1 -5.43017e-08 0 -1138.75 1.5 -8.14526e-08
-11.3625 1.5 1 -5.62559e-08 0 -1136.25 1.5 -8.43839e-08
-11.3375 1.5 1 -5.82805e-08 0 -1133.75 1.5 -8.74207e-08
-11.3125 1.5 1 -6.03778e-08 0 -1131.25 1.5 -9.05668e-08
-11.2875 1.5 1 -6.25507e-08 0 -1128.75 1.5 -9.38261e-08
-11.2625 1.5 1 -6.48018e-08 0 -1126.25 1.5 -9.72026e-08
-11.2375 1.5 1 -6.71338e-08 0 -1123.75 1.5 -1.00701e-07
-11.2125 1.5 1 -6.95498e-08 0 -1121.25 1.5 -1.04325e-07
-11.1875 1.5 1 -7.20528e-08 0 -1118.75 1.5 -1.08079e-07
-11.1625 1.5 1 -7.46458e-08 0 -1116.25 1.5 -1.11969e-07
-11.1375 1.5 1 -7.73321e-08 0 -1113.75 1.5 -1.15998e-07
-11.1125 1.5 1 -8.01151e-08 0 -1111.25 1.5 -1.20173e-07
-11.0875 1.5 1 -8.29983e-08 0 -1108.75 1.5 -1.24497e-07
-11.0625 1.5 1 -8.59852e-08 0 -1106.25 1.5 -1.28978e-07
-11.0375 1.5 1 -8.90796e-08 0 -1103.75 1.5 -1.33619e-07
-11.0125 1.5 1 -9.22854e-08 0 -1101.25 1.5 -1.38428e-07
-10.9875 1.5 1 -9.56066e-08 0 -1098.75 1.5 -1.4341e-07
-10.9625 1.5 1 -9.90472e-08 0 -1096.25 1.5 -1.48571e-07
-10.9375 1.5 1 -1.02612e-07 0 -1093.75 1.5 -1.53918e-07
-10.9125 1.5 1 -1.06304e-07 0 -1091.25 1.5 -1.59457e-07
-10.8875 1.5 1 -1.1013e-07 0 -1088.75 1.5 -1.65195e-07
-10.8625 1.5 1 -1.14093e-07 0 -1086.25 1.5 -1.7114e-07
-10.8375 1.5 1 -1.18199e-07 0 -1083.75 1.5 -1.77299e-07
-10.8125 1.5 1 -1.22453e-07 0 -1081.25 1.5 -1.8368e-07
-10.7875 1.5 1 -1.2686e-07 0 -1078.75 1.5 -1.9029e-07
-10.7625 1.5 1 -1.31425e-07 0 -1076.25 1.5 -1.97138e-07
-10.7375 1.5 1 -1.36155e-07 0 -1073.75 1.5 -2.04233e-07
-10.7125 1.5 1 -1.41055e-07 0 -1071.25 1.5 -2.11583e-07
-10.6875 1.5 1 -1.46131e-07 0 -1068.75 1.5 -2.19197e-07
-10.6625 1.5 1 -1.5139e-07 0 -1066.25 1.5 -2.27085e-07
-10.6375 1.5 1 -1.56838e-07 0 -1063.75 1.5 -2.35258e-07
-10.6125 1.5 1 -1.62483e-07 0 -1061.25 1.5 -2.43724e-07
-10.5875 1.5 1 -1.6833e-07 0 -1058.75 1.5 -2.52495e-07
-10.5625 1.5 1 -1.74388e-07 0 -1056.25 1.5 -2.61582e-07
-10.5375 1.5 1 -1.80664e-07 0 -1053.75 1.5 -2.70996e-07
-10.5125 1.5 1 -1.87165e-07 0 -1051.25 1.5 -2.80748e-07
-10.4875 1.5 1 -1.93901e-07 0 -1048.75 1.5 -2.90852e-07
-10.4625 1.5 1 -2.00879e-07 0 -1046.25 1.5 -3.01319e-07
-10.4375 1.5 1 -2.08108e-07 0 -1043.75 1.5 -3.12162e-07
-10.4125 1.5 1 -2.15598e-07 0 -1041.25 1.5 -3.23396e-07
-10.3875 1.5 1 -2.23357e-07 0 -1038.75 1.5 -3.35035e-07
-10.3625 1.5 1 -2.31395e-07 0 -1036.25 1.5 -3.47092e-07
-10.3375 1.5 1 -2.39722e-07 0 -1033.75 1.5 -3.59583e-07
-10.3125 1.5 1 -2.48349e-07 0 -1031.25 1.5 -3.72523e-07
-10.2875 1.5 1 -2.57287e-07 0 -1028.75 1.5 -3.8593e-07
-10.2625 1.5 1 -2.66546e-07 0 -1026.25 1.5 -3.99818e-07
-10.2375 1.5 1 -2.76138e-07 0 -1023.75 1.5 -4.14207e-07
-10.2125 1.5 1 -2.86076e-07 0 -1021.25 1.5 -4.29113e-07
-10.1875 1.5 1 -2.96371e-07 0 -1018.75 1.5 -4.44556e-07
-10.1625 1.5 1 -3.07037e-07 0 -1016.25 1.5 -4.60555e-07
-10.1375 1.5 1 -3.18086e-07 0 -1013.75 1.5 -4.77129e-07
-10.1125 1.5 1 -3.29533e-07 0 -1011.25 1.5 -4.943e-07
-10.0875 1.5 1 -3.41393e-07 0 -1008.75 1.5 -5.12089e-07
-10.0625 1.5 0.999999 -3.53679e-07 0 -1006.25 1.5 -5.30517e-07
-10.0375 1.5 0.999999 -3.66407e-07 0 -1003.75 1.5 -5.4961e-07
-10.0125 1.5 0.999999 -3.79593e-07 0 -1001.25 1.5 -5.69389e-07
-9.9875 1.5 0.999999 -3.93253e-07 0 -998.75 1.5 -5.8988e-07
-9.9625 1.5 0.999999 -4.07406e-07 0 -996.25 1.5 -6.11108e-07
-9.9375 1.5 0.999999 -4.22067e-07 0 -993.75 1.5 -6.33101e-07
-9.9125 1.5 0.999999 -4.37257e-07 0 -991.25 1.5 -6.55884e-07
-9.8875 1.5 0.999999 -4.52992e-07 0 -988.75 1.5 -6.79488e-07
-9.8625 1.5 0.999999 -4.69295e-07 0 -986.25 1.5 -7.03941e-07
-9.8375 1.5 0.999999 -4.86183e-07 0 -983.75 1.5 -7.29275e-07
-9.8125 1.5 0.999999 -5.0368e-07 0 -981.25 1.5 -7.5552e-07
-9.7875 1.5 0.999999 -5.21806e-07 0 -978.75 1.5 -7.82709e-07
-9.7625 1.5 0.999999 -5.40585e-07 0 -976.25 1.5 -8.10877e-07
-9.7375 1.5 0.999999 -5.60039e-07 0 -973.75 1.5 -8.40058e-07
-9.7125 1.5 0.999999 -5.80194e-07 0 -971.25 1.5 -8.7029e-07
-9.6875 1.5 0.999999 -6.01074e-07 0 -968.75 1.5 -9.0161e-07
-9.6625 1.5 0.999999 -6.22705e-07 0 -966.25 1.5 -9.34057e-07
-9.6375 1.5 0.999999 -6.45115e-07 0 -963.75 1.5 -9.67671e-07
-9.6125 1.5 0.999999 -6.68331e-07 0 -961.25 1.5 -1.0025e-06
-9.5875 1.5 0.999999 -6.92383e-07 0 -958.75 1.5 -1.03857e-06
-9.5625 1.5 0.999999 -7.173e-07 0 -956.25 1.5 -1.07595e-06
-9.5375 1.5 0.999999 -7.43114e-07 0 -953.75 1.5 -1.11467e-06
-9.5125 1.5 0.999999 -7.69857e-07 0 -951.25 1.5 -1.15478e-06
-9.4875 1.5 0.999999 -7.97562e-07 0 -948.75 1.5 -1.19634e-06
-9.4625 1.5 0.999999 -8.26265e-07 0 -946.25 1.5 -1.2394e-06
-9.4375 1.5 0.999999 -8.56e-07 0 -943.75 1.5 -1.284e-06
-9.4125 1.5 0.999999 -8.86805e-07 0 -941.25 1.5 -1.33021e-06
-9.3875 1.5 0.999999 -9.1872e-07 0 -938.75 1.5 -1.37808e-06
-9.3625 1.5 0.999999 -9.51782e-07 0 -936.25 1.5 -1.42767e-06
-9.3375 1.5 0.999999 -9.86035e-07 0 -933.75 1.5 -1.47905e-06
-9.3125 1.5 0.999999 -1.02152e-06 0 -931.25 1.5 -1.53228e-06
-9.2875 1.5 0.999999 -1.05828e-06 0 -928.75 1.5 -1.58742e-06
-9.2625 1.5 0.999998 -1.09637e-06 0 -926.25 1.5 -1.64455e-06
-9.2375 1.5 0.999998 -1.13582e-06 0 -923.75 1.5 -1.70373e-06
-9.2125 1.5 0.999998 -1.1767e-06 0 -921.25 1.5 -1.76504e-06
-9.1875 1.5 0.999998 -1.21904e-06 0 -918.75 1.49999 -1.82856e-06
-9.1625 1.5 0.999998 -1.26292e-06 0 -916.25 1.49999 -1.89437e-06
-9.1375 1.5 0.999998 -1.30836e-06 0 -913.75 1.49999 -1.96254e-06
-9.1125 1.5 0.999998 -1.35545e-06 0 -911.25 1.49999 -2.03317e-06
-9.0875 1.5 0.999998 -1.40423e-06 0 -908.75 1.49999 -2.10634e-06
-9.0625 1.5 0.999998 -1.45476e-06 0 -906.25 1.49999 -2.18214e-06
-9.0375 1.5 0.999998 -1.50712e-06 0 -903.75 1.49999 -2.26067e-06
-9.0125 1.5 0.999998 -1.56135e-06 0 -901.25 1.49999 -2.34203e-06
-8.9875 1.5 0.999998 -1.61754e-06 0 -898.75 1.49999 -2.42631e-06
-8.9625 1.5 0.999998 -1.67576e-06 0 -896.25 1.49999 -2.51363e-06
-8.9375 1.5 0.999998 -1.73606e-06 0 -893.75 1.49999 -2.60409e-06
-8.9125 1.5 0.999997 -1.79854e-06 0 -891.25 1.49999 -2.6978e-06
-8.8875 1.5 0.999997 -1.86326e-06 0 -888.75 1.49999 -2.79489e-06
-8.8625 1.5 0.999997 -1.93032e-06 0 -886.25 1.49999 -2.89547e-06
-8.8375 1.5 0.999997 -1.99979e-06 0 -883.75 1.49999 -2.99967e-06
-8.8125 1.5 0.999997 -2.07175e-06 0 -881.25 1.49999 -3.10762e-06
-8.7875 1.5 0.999997 -2.14631e-06 0 -878.75 1.49999 -3.21946e-06
-8.7625 1.5 0.999997 -2.22355e-06 0 -876.25 1.49999 -3.33532e-06
-8.7375 1.5 0.999997 -2.30357e-06 0 -873.75 1.49999 -3.45535e-06
-8.7125 1.49999 0.999997 -2.38647e-06 0 -871.25 1.49999 -3.57969e-06
-8.6875 1.49999 0.999997 -2.47235e-06 0 -868.75 1.49999 -3.70852e-06
-8.6625 1.49999 0.999996 -2.56133e-06 0 -866.25 1.49999 -3.84198e-06
-8.6375 1.49999 0.999996 -2.6535e-06 0 -863.75 1.49999 -3.98024e-06
-8.6125 1.49999 0.999996 -2.749e-06 0 -861.25 1.49999 -4.12348e-06
-8.5875 1.49999 0.999996 -2.84793e-06 0 -858.75 1.49999 -4.27187e-06
-8.5625 1.49999 0.999996 -2.95042e-06 0 -856.25 1.49999 -4.4256e-06
-8.5375 1.49999 0.999996 -3.05659e-06 0 -853.75 1.49999 -4.58487e-06
-8.5125 1.49999 0.999996 -3.16659e-06 0 -851.25 1.49999 -4.74987e-06
-8.4875 1.49999 0.999995 -3.28055e-06 0 -848.75 1.49999 -4.9208e-06
-8.4625 1.49999 0.999995 -3.39861e-06 0 -846.25 1.49999 -5.09789e-06
-8.4375 1.49999 0.999995 -3.52092e-06 0 -843.75 1.49999 -5.28135e-06
-8.4125 1.49999 0.999995 -3.64762e-06 0 -841.25 1.49998 -5.47141e-06
-8.3875 1.49999 0.999995 -3.77889e-06 0 -838.75 1.49998 -5.66831e-06
-8.3625 1.49999 0.999994 -3.91489e-06 0 -836.25 1.49998 -5.8723e-06
-8.3375 1.49999 0.999994 -4.05577e-06 0 -833.75 1.49998 -6.08362e-06
-8.3125 1.49999 0.999994 -4.20173e-06 0 -831.25 1.49998 -6.30255e-06
-8.2875 1.49999 0.999994 -4.35294e-06 0 -828.75 1.49998 -6.52937e-06
-8.2625 1.49999 0.999994 -4.50959e-06 0 -826.25 1.49998 -6.76434e-06
-8.2375 1.49999 0.999993 -4.67188e-06 0 -823.75 1.49998 -7.00777e-06
-8.2125 1.49999 0.999993 -4.84e-06 0 -821.25 1.49998 -7.25996e-06
-8.1875 1.49999 0.999993 -5.01418e-06 0 -818.75 1.49998 -7.52122e-06
-8.1625 1.49999 0.999993 -5.19463e-06 0 -816.25 1.49998 -7.79189e-06
-8.1375 1.49999 0.999992 -5.38157e-06 0 -813.75 1.49998 -8.07229e-06
-8.1125 1.49999 0.999992 -5.57524e-06 0 -811.25 1.49998 -8.36279e-06
-8.0875 1.49999 0.999992 -5.77587e-06 0 -808.75 1.49998 -8.66374e-06
-8.0625 1.49999 0.999992 -5.98373e-06 0 -806.25 1.49997 -8.97552e-06
-8.0375 1.49999 0.999991 -6.19907e-06 0 -803.75 1.49997 -9.29852e-06
-8.0125 1.49999 0.999991 -6.42215e-06 0 -801.25 1.49997 -9.63314e-06
-7.9875 1.49999 0.999991 -6.65327e-06 0 -798.75 1.49997 -9.97981e-06
-7.9625 1.49999 0.99999 -6.8927e-06 0 -796.25 1.49997 -1.0339e-05
-7.9375 1.49998 0.99999 -7.14075e-06 0 -793.75 1.49997 -1.0711e-05
-7.9125 1.49998 0.99999 -7.39772e-06 0 -791.25 1.49997 -1.10965e-05
-7.8875 1.49998 0.999989 -7.66394e-06 0 -788.75 1.49997 -1.14958e-05
-7.8625 1.49998 0.999989 -7.93975e-06 0 -786.25 1.49997 -1.19095e-05
-7.8375 1.49998 0.999988 -8.22547e-06 0 -783.75 1.49997 -1.23381e-05
-7.8125 1.49998 0.999988 -8.52148e-06 0 -781.25 1.49996 -1.27821e-05
-7.7875 1.49998 0.999988 -8.82814e-06 0 -778.75 1.49996 -1.32421e-05
-7.7625 1.49998 0.999987 -9.14584e-06 0 -776.25 1.49996 -1.37186e-05
-7.7375 1.49998 0.999987 -9.47497e-06 0 -773.75 1.49996 -1.42123e-05
-7.7125 1.49998 0.999986 -9.81595e-06 0 -771.25 1.49996 -1.47237e-05
-7.6875 1.49998 0.999986 -1.01692e-05 0 -768.75 1.49996 -1.52536e-05
-7.6625 1.49998 0.999985 -1.05351e-05 0 -766.25 1.49996 -1.58025e-05
-7.6375 1.49998 0.999985 -1.09143e-05 0 -763.75 1.49995 -1.63712e-05
-7.6125 1.49998 0.999984 -1.1307e-05 0 -761.25 1.49995 -1.69603e-05
-7.5875 1.49998 0.999983 -1.17139e-05 0 -758.75 1.49995 -1.75706e-05
-7.5625 1.49997 0.999983 -1.21355e-05 0 -756.25 1.49995 -1.82029e-05
-7.5375 1.49997 0.999982 -1.25722e-05 0 -753.75 1.49995 -1.8858e-05
-7.5125 1.49997 0.999982 -1.30246e-05 0 -751.25 1.49994 -1.95366e-05
-7.4875 1.49997 0.999981 -1.34933e-05 0 -748.75 1.49994 -2.02396e-05
-7.4625 1.49997 0.99998 -1.39789e-05 0 -746.25 1.49994 -2.09679e-05
-7.4375 1.49997 0.99998 -1.4482e-05 0 -743.75 1.49994 -2.17225e-05
-7.4125 1.49997 0.999979 -1.50031e-05 0 -741.25 1.49994 -2.25042e-05
-7.3875 1.49997 0.999978 -1.5543e-05 0 -738.75 1.49993 -2.3314e-05
-7.3625 1.49997 0.999977 -1.61023e-05 0 -736.25 1.49993 -2.4153e-05
-7.3375 1.49996 0.999976 -1.66818e-05 0 -733.75 1.49993 -2.50221e-05
-7.3125 1.49996 0.999976 -1.72821e-05 0 -731.25 1.49993 -2.59225e-05
-7.2875 1.49996 0.999975 -1.7904e-05 0 -728.75 1.49992 -2.68554e-05
-7.2625 1.49996 0.999974 -1.85483e-05 0 -726.25 1.49992 -2.78218e-05
-7.2375 1.49996 0.999973 -1.92158e-05 0 -723.75 1.49992 -2.88229e-05
-7.2125 1.49996 0.999972 -1.99073e-05 0 -721.25 1.49992 -2.98601e-05
-7.1875 1.49996 0.999971 -2.06237e-05 0 -718.75 1.49991 -3.09346e-05
-7.1625 1.49995 0.99997 -2.13658e-05 0 -716.25 1.49991 -3.20478e-05
-7.1375 1.49995 0.999969 -2.21347e-05 0 -713.75 1.49991 -3.3201e-05
-7.1125 1.49995 0.999968 -2.29312e-05 0 -711.25 1.4999 -3.43957e-05
-7.0875 1.49995 0.999966 -2.37564e-05 0 -708.75 1.4999 -3.56334e-05
-7.0625 1.49995 0.999965 -2.46113e-05 0 -706.25 1.4999 -3.69156e-05
-7.0375 1.49995 0.999964 -2.54969e-05 0 -703.75 1.49989 -3.8244e-05
-7.0125 1.49994 0.999963 -2.64144e-05 0 -701.25 1.49989 -3.96202e-05
-6.9875 1.49994 0.999961 -2.7365e-05 0 -698.75 1.49988 -4.10458e-05
-6.9625 1.49994 0.99996 -2.83497e-05 0 -696.25 1.49988 -4.25228e-05
-6.9375 1.49994 0.999958 -2.93698e-05 0 -693.75 1.49988 -4.40529e-05
-6.9125 1.49994 0.999957 -3.04267e-05 0 -691.25 1.49987 -4.56381e-05
-6.8875 1.49993 0.999955 -3.15216e-05 0 -688.75 1.49987 -4.72803e-05
-6.8625 1.49993 0.999954 -3.26559e-05 0 -686.25 1.49986 -4.89815e-05
-6.8375 1.49993 0.999952 -3.3831e-05 0 -683.75 1.49986 -5.0744e-05
-6.8125 1.49993 0.99995 -3.50483e-05 0 -681.25 1.49985 -5.25699e-05
-6.7875 1.49992 0.999949 -3.63095e-05 0 -678.75 1.49985 -5.44615e-05
-6.7625 1.49992 0.999947 -3.76161e-05 0 -676.25 1.49984 -5.64212e-05
-6.7375 1.49992 0.999945 -3.89697e-05 0 -673.75 1.49983 -5.84513e-05
-6.7125 1.49991 0.999943 -4.0372e-05 0 -671.25 1.49983 -6.05545e-05
-6.6875 1.49991 0.999941 -4.18247e-05 0 -668.75 1.49982 -6.27333e-05
-6.6625 1.49991 0.999939 -4.33296e-05 0 -666.25 1.49982 -6.49905e-05
-6.6375 1.4999 0.999937 -4.48887e-05 0 -663.75 1.49981 -6.73288e-05
-6.6125 1.4999 0.999934 -4.6504e-05 0 -661.25 1.4998 -6.97514e-05
-6.5875 1.4999 0.999932 -4.81773e-05 0 -658.75 1.4998 -7.22611e-05
-6.5625 1.49989 0.999929 -4.9911e-05 0 -656.25 1.49979 -7.48611e-05
-6.5375 1.49989 0.999927 -5.1707e-05 0 -653.75 1.49978 -7.75548e-05
-6.5125 1.49989 0.999924 -5.35675e-05 0 -651.25 1.49977 -8.03452e-05
-6.4875 1.49988 0.999922 -5.5495e-05 0 -648.75 1.49976 -8.32359e-05
-6.4625 1.49988 0.999919 -5.74917e-05 0 -646.25 1.49976 -8.62305e-05
-6.4375 1.49987 0.999916 -5.95601e-05 0 -643.75 1.49975 -8.93327e-05
-6.4125 1.49987 0.999913 -6.17031e-05 0 -641.25 1.49974 -9.25466e-05
-6.3875 1.49986 0.99991 -6.39233e-05 0 -638.75 1.49973 -9.58762e-05
-6.3625 1.49986 0.999906 -6.62235e-05 0 -636.25 1.49972 -9.93259e-05
-6.3375 1.49985 0.999903 -6.86066e-05 0 -633.75 1.49971 -0.0001029
-6.3125 1.49985 0.999899 -7.10753e-05 0 -631.25 1.4997 -0.000106602
-6.2875 1.49984 0.999896 -7.36327e-05 0 -628.75 1.49969 -0.000110438
-6.2625 1.49984 0.999892 -7.62817e-05 0 -626.25 1.49968 -0.00011441
-6.2375 1.49983 0.999888 -7.90258e-05 0 -623.75 1.49966 -0.000118525
-6.2125 1.49983 0.999884 -8.18686e-05 0 -621.25 1.49965 -0.000122789
-6.1875 1.49982 0.99988 -8.48139e-05 0 -618.75 1.49964 -0.000127206
-6.1625 1.49981 0.999876 -8.78657e-05 0 -616.25 1.49963 -0.000131782
-6.1375 1.49981 0.999871 -9.10277e-05 0 -613.75 1.49961 -0.000136524
-6.1125 1.4998 0.999867 -9.43036e-05 0 -611.25 1.4996 -0.000141437
-6.0875 1.49979 0.999862 -9.76971e-05 0 -608.75 1.49959 -0.000146525
-6.0625 1.49979 0.999857 -0.000101212 0 -606.25 1.49957 -0.000151796
-6.0375 1.49978 0.999852 -0.000104852 0 -603.75 1.49956 -0.000157255
-6.0125 1.49977 0.999846 -0.000108623 0 -601.25 1.49954 -0.00016291
-5.9875 1.49976 0.999841 -0.00011253 0 -598.75 1.49952 -0.000168768
-5.9625 1.49975 0.999835 -0.000116578 0 -596.25 1.49951 -0.000174838
-5.9375 1.49974 0.999829 -0.000120772 0 -593.75 1.49949 -0.000181128
-5.9125 1.49973 0.999823 -0.000125119 0 -591.25 1.49947 -0.000187645
-5.8875 1.49973 0.999817 -0.000129622 0 -588.75 1.49945 -0.000194398
-5.8625 1.49972 0.99981 -0.000134287 0 -586.25 1.49943 -0.000201392
-5.8375 1.4997 0.999803 -0.000139117 0 -583.75 1.49941 -0.000208635
-5.8125 1.49969 0.999796 -0.00014412 0 -581.25 1.49939 -0.000216136
-5.7875 1.49968 0.999789 -0.000149301 0 -578.75 1.49937 -0.000223904
-5.7625 1.49967 0.999781 -0.000154669 0 -576.25 1.49934 -0.000231953
-5.7375 1.49966 0.999773 -0.000160231 0 -573.75 1.49932 -0.000240293
-5.7125 1.49965 0.999765 -0.000165996 0 -571.25 1.4993 -0.000248936
-5.6875 1.49964 0.999757 -0.000171971 0 -568.75 1.49927 -0.000257894
-5.6625 1.49962 0.999748 -0.000178161 0 -566.25 1.49924 -0.000267174
-5.6375 1.49961 0.999739 -0.000184573 0 -563.75 1.49922 -0.000276787
-5.6125 1.49959 0.99973 -0.000191212 0 -561.25 1.49919 -0.00028674
-5.5875 1.49958 0.99972 -0.000198086 0 -558.75 1.49916 -0.000297046
-5.5625 1.49956 0.99971 -0.000205205 0 -556.25 1.49913 -0.000307718
-5.5375 1.49955 0.999699 -0.00021258 0 -553.75 1.4991 -0.000318774
-5.5125 1.49953 0.999688 -0.000220222 0 -551.25 1.49907 -0.00033023
-5.4875 1.49952 0.999677 -0.000228143 0 -548.75 1.49903 -0.000342105
-5.4625 1.4995 0.999666 -0.000236354 0 -546.25 1.499 -0.000354412
-5.4375 1.49948 0.999654 -0.000244862 0 -543.75 1.49896 -0.000367165
-5.4125 1.49946 0.999641 -0.000253674 0 -541.25 1.49892 -0.000380375
-5.3875 1.49944 0.999628 -0.000262799 0 -538.75 1.49889 -0.000394052
-5.3625 1.49942 0.999615 -0.000272246 0 -536.25 1.49885 -0.000408212
-5.3375 1.4994 0.999601 -0.000282027 0 -533.75 1.4988 -0.000422872
-5.3125 1.49938 0.999587 -0.000292158 0 -531.25 1.49876 -0.000438055
-5.2875 1.49936 0.999572 -0.000302655 0 -528.75 1.49872 -0.000453788
-5.2625 1.49933 0.999556 -0.000313535 0 -526.25 1.49867 -0.000470094
-5.2375 1.49931 0.99954 -0.000324814 0 -523.75 1.49862 -0.000486997
-5.2125 1.49929 0.999524 -0.000336504 0 -521.25 1.49857 -0.000504516
-5.1875 1.49926 0.999507 -0.000348616 0 -518.75 1.49852 -0.000522666
-5.1625 1.49923 0.999489 -0.000361159 0 -516.25 1.49847 -0.000541462
-5.1375 1.49921 0.999471 -0.000374145 0 -513.75 1.49841 -0.00056092
-5.1125 1.49918 0.999452 -0.000387587 0 -511.25 1.49836 -0.000581062
-5.0875 1.49915 0.999432 -0.000401505 0 -508.75 1.4983 -0.000601915
-5.0625 1.49912 0.999411 -0.000415918 0 -506.25 1.49824 -0.000623511
-5.0375 1.49909 0.99939 -0.000430853 0 -503.75 1.49817 -0.000645885
-5.0125 1.49905 0.999368 -0.000446332 0 -501.25 1.49811 -0.000669076
-4.9875 1.49902 0.999346 -0.000462379 0 -498.75 1.49804 -0.000693115
-4.9625 1.49898 0.999322 -0.000479013 0 -496.25 1.49797 -0.000718033
-4.9375 1.49895 0.999298 -0.000496252 0 -493.75 1.49789 -0.000743855
-4.9125 1.49891 0.999272 -0.00051411 0 -491.25 1.49782 -0.000770604
-4.8875 1.49887 0.999246 -0.000532602 0 -488.75 1.49774 -0.000798301
-4.8625 1.49883 0.999219 -0.000551744 0 -486.25 1.49766 -0.00082697
-4.8375 1.49879 0.999191 -0.000571556 0 -483.75 1.49757 -0.00085664
-4.8125 1.49874 0.999162 -0.000592062 0 -481.25 1.49749 -0.000887349
-4.7875 1.4987 0.999132 -0.000613293 0 -478.75 1.4974 -0.000919141
-4.7625 1.49865 0.999101 -0.000635284 0 -476.25 1.4973 -0.00095207
-4.7375 1.4986 0.999068 -0.000658074 0 -473.75 1.49721 -0.000986192
-4.7125 1.49855 0.999035 -0.000681703 0 -471.25 1.49711 -0.00102157
-4.6875 1.4985 0.999 -0.000706207 0 -468.75 1.497 -0.00105825
-4.6625 1.49845 0.998964 -0.000731617 0 -466.25 1.49689 -0.00109629
-4.6375 1.49839 0.998927 -0.000757958 0 -463.75 1.49678 -0.00113572
-4.6125 1.49833 0.998888 -0.000785245 0 -461.25 1.49667 -0.00117656
-4.5875 1.49827 0.998848 -0.000813491 0 -458.75 1.49655 -0.00121883
-4.5625 1.49821 0.998807 -0.000842711 0 -456.25 1.49642 -0.00126256
-4.5375 1.49815 0.998764 -0.000872929 0 -453.75 1.4963 -0.00130778
-4.5125 1.49808 0.998719 -0.00090418 0 -451.25 1.49616 -0.00135453
-4.4875 1.49801 0.998673 -0.000936518 0 -448.75 1.49602 -0.00140292
-4.4625 1.49794 0.998626 -0.000970012 0 -446.25 1.49588 -0.00145302
-4.4375 1.49787 0.998576 -0.00100474 0 -443.75 1.49573 -0.00150496
-4.4125 1.49779 0.998525 -0.00104076 0 -441.25 1.49558 -0.00155885
-4.3875 1.49771 0.998472 -0.00107816 0 -438.75 1.49542 -0.00161477
-4.3625 1.49763 0.998417 -0.00111696 0 -436.25 1.49526 -0.00167279
-4.3375 1.49754 0.99836 -0.00115719 0 -433.75 1.49509 -0.00173294
-4.3125 1.49746 0.998301 -0.00119886 0 -431.25 1.49491 -0.00179524
-4.2875 1.49736 0.99824 -0.00124198 0 -428.75 1.49473 -0.0018597
-4.2625 1.49727 0.998177 -0.00128655 0 -426.25 1.49454 -0.00192632
-4.2375 1.49717 0.998111 -0.00133262 0 -423.75 1.49434 -0.00199516
-4.2125 1.49707 0.998043 -0.00138024 0 -421.25 1.49414 -0.00206632
-4.1875 1.49696 0.997973 -0.0014295 0 -418.75 1.49393 -0.00213991
-4.1625 1.49686 0.9979 -0.00148052 0 -416.25 1.49371 -0.00221612
-4.1375 1.49674 0.997825 -0.00153339 0 -413.75 1.49349 -0.0022951
-4.1125 1.49663 0.997746 -0.00158825 0 -411.25 1.49325 -0.00237702
-4.0875 1.49651 0.997665 -0.00164517 0 -408.75 1.49301 -0.00246201
-4.0625 1.49638 0.997581 -0.00170422 0 -406.25 1.49276 -0.00255017
-4.0375 1.49625 0.997494 -0.00176545 0 -403.75 1.4925 -0.00264156
-4.0125 1.49612 0.997404 -0.00182888 0 -401.25 1.49223 -0.00273622
-3.9875 1.49598 0.997311 -0.00189454 0 -398.75 1.49195 -0.00283419
-3.9625 1.49583 0.997214 -0.00196247 0 -396.25 1.49167 -0.00293552
-3.9375 1.49568 0.997114 -0.00203271 0 -393.75 1.49137 -0.00304029
-3.9125 1.49553 0.997011 -0.00210535 0 -391.25 1.49106 -0.00314861
-3.8875 1.49537 0.996903 -0.0021805 0 -388.75 1.49074 -0.00326065
-3.8625 1.4952 0.996792 -0.00225828 0 -386.25 1.49041 -0.00337659
-3.8375 1.49503 0.996677 -0.00233883 0 -383.75 1.49006 -0.00349663
-3.8125 1.49485 0.996557 -0.00242229 0 -381.25 1.48971 -0.00362096
-3.7875 1.49467 0.996434 -0.00250877 0 -378.75 1.48934 -0.00374978
-3.7625 1.49448 0.996305 -0.00259838 0 -376.25 1.48896 -0.00388322
-3.7375 1.49428 0.996173 -0.00269122 0 -373.75 1.48856 -0.00402143
-3.7125 1.49408 0.996035 -0.00278736 0 -371.25 1.48815 -0.00416453
-3.6875 1.49386 0.995893 -0.00288691 0 -368.75 1.48773 -0.00431265
-3.6625 1.49364 0.995745 -0.00298995 0 -366.25 1.48729 -0.00446593
-3.6375 1.49342 0.995592 -0.00309662 0 -363.75 1.48683 -0.00462455
-3.6125 1.49318 0.995434 -0.00320706 0 -361.25 1.48636 -0.00478872
-3.5875 1.49294 0.99527 -0.0033214 0 -358.75 1.48588 -0.00495865
-3.5625 1.49269 0.9951 -0.00343982 0 -356.25 1.48537 -0.00513457
-3.5375 1.49242 0.994924 -0.00356246 0 -353.75 1.48485 -0.0053167
-3.5125 1.49215 0.994742 -0.00368945 0 -351.25 1.48431 -0.00550523
-3.4875 1.49187 0.994554 -0.00382093 0 -348.75 1.48375 -0.00570034
-3.4625 1.49158 0.994358 -0.00395699 0 -346.25 1.48317 -0.00590219
-3.4375 1.49128 0.994156 -0.00409776 0 -343.75 1.48257 -0.00611092
-3.4125 1.49097 0.993947 -0.00424334 0 -341.25 1.48195 -0.00632671
-3.3875 1.49065 0.99373 -0.0043939 0 -338.75 1.4813 -0.00654978
-3.3625 1.49032 0.993505 -0.00454962 0 -336.25 1.48064 -0.00678038
-3.3375 1.48997 0.993272 -0.00471073 0 -333.75 1.47995 -0.00701886
-3.3125 1.48962 0.993031 -0.00487747 0 -331.25 1.47923 -0.00726556
-3.2875 1.48925 0.99278 -0.00505012 0 -328.75 1.4785 -0.00752088
-3.2625 1.48886 0.992521 -0.00522897 0 -326.25 1.47773 -0.00778522
-3.2375 1.48847 0.992252 -0.00541426 0 -323.75 1.47694 -0.00805895
-3.2125 1.48806 0.991974 -0.00560624 0 -321.25 1.47612 -0.00834241
-3.1875 1.48763 0.991686 -0.00580511 0 -318.75 1.47527 -0.00863587
-3.1625 1.48719 0.991388 -0.00601102 0 -316.25 1.47439 -0.00893956
-3.1375 1.48674 0.99108 -0.00622413 0 -313.75 1.47348 -0.00925367
-3.1125 1.48627 0.990761 -0.00644457 0 -311.25 1.47254 -0.00957836
-3.0875 1.48578 0.99043 -0.00667246 0 -308.75 1.47156 -0.00991383
-3.0625 1.48528 0.990089 -0.00690799 0 -306.25 1.47056 -0.0102603
-3.0375 1.48476 0.989735 -0.00715135 0 -303.75 1.46951 -0.010618
-3.0125 1.48422 0.989368 -0.0074028 0 -301.25 1.46844 -0.0109874
-2.9875 1.48366 0.988988 -0.00766265 0 -298.75 1.46732 -0.0113687
-2.9625 1.48308 0.988594 -0.00793123 0 -296.25 1.46616 -0.0117627
-2.9375 1.48248 0.988186 -0.00820895 0 -293.75 1.46497 -0.0121696
-2.9125 1.48186 0.987764 -0.00849618 0 -291.25 1.46373 -0.0125902
-2.8875 1.48122 0.987326 -0.00879334 0 -288.75 1.46245 -0.0130249
-2.8625 1.48056 0.986872 -0.00910084 0 -286.25 1.46112 -0.0134743
-2.8375 1.47987 0.986402 -0.00941906 0 -283.75 1.45975 -0.013939
-2.8125 1.47917 0.985915 -0.0097484 0 -281.25 1.45833 -0.0144195
-2.7875 1.47843 0.985411 -0.0100892 0 -278.75 1.45686 -0.0149162
-2.7625 1.47767 0.984889 -0.0104418 0 -276.25 1.45535 -0.0154295
-2.7375 1.47689 0.984349 -0.0108065 0 -273.75 1.45378 -0.01596
-2.7125 1.47608 0.98379 -0.0111836 0 -271.25 1.45215 -0.0165078
-2.6875 1.47524 0.983212 -0.0115733 0 -268.75 1.45047 -0.0170735
-2.6625 1.47437 0.982614 -0.0119761 0 -266.25 1.44874 -0.0176572
-2.6375 1.47347 0.981995 -0.0123921 0 -263.75 1.44694 -0.0182595
-2.6125 1.47254 0.981354 -0.0128218 0 -261.25 1.44509 -0.0188806
-2.5875 1.47159 0.980691 -0.0132654 0 -258.75 1.44317 -0.0195211
-2.5625 1.47059 0.980004 -0.0137233 0 -256.25 1.44119 -0.0201814
-2.5375 1.46957 0.979293 -0.014196 0 -253.75 1.43914 -0.020862
-2.5125 1.46851 0.978557 -0.014684 0 -251.25 1.43702 -0.0215635
-2.4875 1.46741 0.977795 -0.0151877 0 -248.75 1.43483 -0.0222866
-2.4625 1.46628 0.977006 -0.0157077 0 -246.25 1.43256 -0.0230318
-2.4375 1.46511 0.976189 -0.0162445 0 -243.75 1.43022 -0.0238
-2.4125 1.4639 0.975343 -0.0167988 0 -241.25 1.4278 -0.0245917
-2.3875 1.46265 0.974467 -0.017371 0 -238.75 1.4253 -0.0254077
-2.3625 1.46136 0.973561 -0.0179618 0 -236.25 1.42272 -0.0262485
-2.3375 1.46002 0.972623 -0.0185716 0 -233.75 1.42005 -0.0271149
-2.3125 1.45865 0.971652 -0.0192009 0 -231.25 1.4173 -0.0280073
-2.2875 1.45722 0.970647 -0.0198502 0 -228.75 1.41445 -0.0289262
-2.2625 1.45575 0.969608 -0.02052 0 -226.25 1.41151 -0.0298721
-2.2375 1.45424 0.968533 -0.0212107 0 -223.75 1.40847 -0.0308453
-2.2125 1.45267 0.96742 -0.0219227 0 -221.25 1.40534 -0.0318464
-2.1875 1.45105 0.966269 -0.0226565 0 -218.75 1.40211 -0.0328758
-2.1625 1.44938 0.965078 -0.0234127 0 -216.25 1.39877 -0.0339339
-2.1375 1.44766 0.963846 -0.0241916 0 -213.75 1.39532 -0.0350212
-2.1125 1.44588 0.962571 -0.0249939 0 -211.25 1.39176 -0.0361382
-2.0875 1.44404 0.961253 -0.0258202 0 -208.75 1.38809 -0.0372855
-2.0625 1.44215 0.959888 -0.026671 0 -206.25 1.3843 -0.0384636
-2.0375 1.4402 0.958476 -0.027547 0 -203.75 1.3804 -0.0396732
-2.0125 1.43818 0.957016 -0.0284489 0 -201.25 1.37636 -0.0409148
-1.9875 1.43611 0.955505 -0.0293773 0 -198.75 1.37221 -0.0421889
-1.9625 1.43397 0.953943 -0.0303327 0 -196.25 1.36792 -0.0434961
-1.9375 1.43176 0.952328 -0.0313158 0 -193.75 1.3635 -0.0448366
-1.9125 1.42948 0.950657 -0.032327 0 -191.25 1.35895 -0.0462109
-1.8875 1.42714 0.948931 -0.0333669 0 -188.75 1.35425 -0.0476191
-1.8625 1.42472 0.947146 -0.0344358 0 -186.25 1.34942 -0.0490614
-1.8375 1.42223 0.945302 -0.0355342 0 -183.75 1.34444 -0.0505378
-1.8125 1.41967 0.943396 -0.0366623 0 -181.25 1.33931 -0.0520482
-1.7875 1.41703 0.941426 -0.0378204 0 -178.75 1.33403 -0.0535926
-1.7625 1.41431 0.939392 -0.0390089 0 -176.25 1.32859 -0.0551706
-1.7375 1.41151 0.93729 -0.0402279 0 -173.75 1.32299 -0.056782
-1.7125 1.40863 0.935119 -0.0414775 0 -171.25 1.31724 -0.0584265
-1.6875 1.40567 0.932876 -0.0427581 0 -168.75 1.31131 -0.0601036
-1.6625 1.40262 0.93056 -0.0440696 0 -166.25 1.30522 -0.0618129
-1.6375 1.39949 0.928168 -0.0454122 0 -163.75 1.29896 -0.0635538
-1.6125 1.39627 0.925697 -0.046786 0 -161.25 1.29252 -0.0653256
-1.5875 1.39295 0.923147 -0.048191 0 -158.75 1.2859 -0.0671278
-1.5625 1.38955 0.920514 -0.0496271 0 -156.25 1.2791 -0.0689595
-1.5375 1.38606 0.917796 -0.0510943 0 -153.75 1.27212 -0.0708197
-1.5125 1.38247 0.91499 -0.0525924 0 -151.25 1.26495 -0.0727075
-1.4875 1.37879 0.912095 -0.0541211 0 -148.75 1.25759 -0.0746216
-1.4625 1.37501 0.909107 -0.0556801 0 -146.25 1.25003 -0.0765607
-1.4375 1.37113 0.906025 -0.0572689 0 -143.75 1.24228 -0.0785233
-1.4125 1.36716 0.902846 -0.058887 0 -141.25 1.23433 -0.0805078
-1.3875 1.36308 0.899568 -0.0605337 0 -138.75 1.22619 -0.0825125
-1.3625 1.35891 0.896188 -0.0622083 0 -136.25 1.21784 -0.0845354
-1.3375 1.35463 0.892703 -0.0639099 0 -133.75 1.20928 -0.0865743
-1.3125 1.35025 0.889112 -0.0656373 0 -131.25 1.20053 -0.0886269
-1.2875 1.34577 0.885412 -0.0673895 0 -128.75 1.19156 -0.0906906
-1.2625 1.34118 0.881601 -0.0691649 0 -126.25 1.18239 -0.0927628
-1.2375 1.33649 0.877675 -0.0709621 0 -123.75 1.17301 -0.0948405
-1.2125 1.3317 0.873634 -0.0727795 0 -121.25 1.16342 -0.0969205
-1.1875 1.3268 0.869474 -0.0746151 0 -118.75 1.15362 -0.0989996
-1.1625 1.3218 0.865194 -0.0764668 0 -116.25 1.14362 -0.101074
-1.1375 1.3167 0.860791 -0.0783324 0 -113.75 1.1334 -0.10314
-1.1125 1.31149 0.856265 -0.0802092 0 -111.25 1.12298 -0.105194
-1.0875 1.30618 0.851611 -0.0820945 0 -108.75 1.11236 -0.10723
-1.0625 1.30077 0.84683 -0.0839852 0 -106.25 1.10153 -0.109246
-1.0375 1.29526 0.84192 -0.085878 0 -103.75 1.09051 -0.111235
-1.0125 1.28966 0.836878 -0.0877694 0 -101.25 1.07929 -0.113192
-0.9875 1.28395 0.831704 -0.0896554 0 -98.75 1.06787 -0.115113
-0.9625 1.27815 0.826397 -0.0915321 0 -96.25 1.05626 -0.116992
-0.9375 1.27226 0.820955 -0.0933948 0 -93.75 1.04447 -0.118822
-0.9125 1.26628 0.815378 -0.0952387 0 -91.25 1.03249 -0.120598
-0.8875 1.2602 0.809666 -0.0970589 0 -88.75 1.02035 -0.122314
-0.8625 1.25405 0.803819 -0.0988497 0 -86.25 1.00803 -0.123962
-0.8375 1.24781 0.797837 -0.100606 0 -83.75 0.995553 -0.125537
-0.8125 1.2415 0.79172 -0.10232 0 -81.25 0.982922 -0.127031
-0.7875 1.23512 0.78547 -0.103988 0 -78.75 0.970147 -0.128437
-0.7625 1.22866 0.779087 -0.105601 0 -76.25 0.957234 -0.129748
-0.7375 1.22214 0.772574 -0.107154 0 -73.75 0.944195 -0.130957
-0.7125 1.21556 0.765933 -0.108638 0 -71.25 0.931038 -0.132056
-0.6875 1.20893 0.759165 -0.110046 0 -68.75 0.917776 -0.133038
-0.6625 1.20225 0.752276 -0.111371 0 -66.25 0.90442 -0.133896
-0.6375 1.19552 0.745268 -0.112604 0 -63.75 0.890983 -0.134621
-0.6125 1.18876 0.738145 -0.113738 0 -61.25 0.877479 -0.135207
-0.5875 1.18198 0.730913 -0.114762 0 -58.75 0.863923 -0.135647
-0.5625 1.17517 0.723578 -0.11567 0 -56.25 0.85033 -0.135932
-0.5375 1.16836 0.716146 -0.116451 0 -53.75 0.836716 -0.136057
-0.5125 1.16155 0.708624 -0.117097 0 -51.25 0.823099 -0.136013
-0.4875 1.15474 0.70102 -0.117598 0 -48.75 0.809496 -0.135795
-0.4625 1.14795 0.693343 -0.117944 0 -46.25 0.795924 -0.135394
-0.4375 1.14119 0.685603 -0.118127 0 -43.75 0.782401 -0.134805
-0.4125 1.13446 0.677813 -0.118138 0 -41.25 0.76895 -0.134022
-0.3875 1.12778 0.669986 -0.117967 0 -38.75 0.755595 -0.13304
-0.3625 1.12115 0.662131 -0.117605 0 -36.25 0.742349 -0.131854
-0.3375 1.11459 0.65426 -0.117045 0 -33.75 0.729231 -0.130457
-0.3125 1.1081 0.646387 -0.116277 0 -31.25 0.716263 -0.128847
-0.2875 1.1017 0.638528 -0.115294 0 -28.75 0.703467 -0.12702
-0.2625 1.0954 0.630698 -0.114087 0 -26.25 0.690866 -0.124971
-0.2375 1.0892 0.622914 -0.112651 0 -23.75 0.678481 -0.1227
-0.2125 1.08313 0.615193 -0.110978 0 -21.25 0.666333 -0.120203
-0.1875 1.07718 0.607553 -0.109064 0 -18.75 0.654447 -0.117482
-0.1625 1.07138 0.600014 -0.106903 0 -16.25 0.642843 -0.114534
-0.1375 1.06573 0.592594 -0.104493 0 -13.75 0.631546 -0.111362
-0.1125 1.06025 0.585315 -0.101831 0 -11.25 0.620579 -0.107966
-0.0875 1.05494 0.578196 -0.0989147 0 -8.75 0.609964 -0.10435
-0.0625 1.04982 0.571259 -0.0957442 0 -6.25 0.59972 -0.100514
-0.0375 1.04489 0.564524 -0.0923209 0 -3.75 0.589864 -0.0964649
-0.0125 1.04015 0.558014 -0.0886475 0 -1.25 0.580421 -0.0922071
0.0125 1.03565 0.551749 -0.0847277 0 1.25 0.571416 -0.0877479
0.0375 1.03138 0.545751 -0.080566 0 3.75 0.562878 -0.0830944
0.0625 1.02738 0.540041 -0.076168 0 6.25 0.554825 -0.0782533
0.0875 1.02363 0.534639 -0.071541 0 8.75 0.547273 -0.0732315
0.1125 1.02014 0.529566 -0.0666941 0 11.25 0.540231 -0.0680373
0.1375 1.01691 0.52484 -0.0616385 0 13.75 0.533713 -0.0626806
0.1625 1.01393 0.52048 -0.0563872 0 16.25 0.527731 -0.0571727
0.1875 1.01122 0.516504 -0.0509544 0 18.75 0.5223 -0.0515262
0.2125 1.00879 0.512926 -0.0453555 0 21.25 0.517436 -0.0457543
0.2375 1.00665 0.509762 -0.0396072 0 23.75 0.513153 -0.0398706
0.2625 1.0048 0.507025 -0.0337271 0 26.25 0.509461 -0.0338891
0.2875 1.00326 0.504727 -0.0277336 0 28.75 0.50637 -0.027824
0.3125 1.00202 0.502876 -0.0216462 0 31.25 0.50389 -0.0216898
0.3375 1.00108 0.501482 -0.0154847 0 33.75 0.502025 -0.0155015
0.3625 1.00046 0.50055 -0.00927018 0 36.25 0.50078 -0.00927444
0.3875 1.00016 0.500085 -0.00302241 0 38.75 0.500164 -0.00302289
0.4125 1.00011 0.500088 0.00323188 0 41.25 0.500143 0.00323224
0.4375 1.0003 0.500559 0.00945857 0 43.75 0.500711 0.00946144
0.4625 1.00091 0.501496 0.0156477 0 46.25 0.50195 0.0156619
0.4875 1.00186 0.502894 0.0217846 0 48.75 0.503829 0.0218251
0.5125 1.00311 0.504747 0.027849 0 51.25 0.506316 0.0279355
0.5375 1.00465 0.507048 0.0338197 0 53.75 0.509406 0.033977
0.5625 1.00649 0.509787 0.0396773 0 56.25 0.513097 0.039935
0.5875 1.00864 0.512951 0.0454036 0 58.75 0.517381 0.0457956
0.6125 1.01107 0.516529 0.0509812 0 61.25 0.522246 0.0515455
0.6375 1.01379 0.520505 0.0563941 0 63.75 0.527681 0.0571715
0.6625 1.01678 0.524864 0.061627 0 66.25 0.533672 0.0626612
0.6875 1.02005 0.529588 0.0666663 0 68.75 0.540206 0.0680029
0.7125 1.02358 0.534659 0.0714995 0 71.25 0.547266 0.0731855
0.7375 1.02737 0.540058 0.0761157 0 73.75 0.554838 0.0781987
0.7625 1.0314 0.545765 0.0805054 0 76.25 0.562902 0.0830332
0.7875 1.03567 0.551759 0.0846605 0 78.75 0.57144 0.0876803
0.8125 1.04017 0.55802 0.0885747 0 81.25 0.580435 0.0921326
0.8375 1.04488 0.564527 0.092243 0 83.75 0.589865 0.0963832
0.8625 1.04981 0.571257 0.0956615 0 86.25 0.599711 0.100426
0.8875 1.05493 0.578191 0.098828 0 88.75 0.60995 0.104257
0.9125 1.06024 0.585306 0.101741 0 91.25 0.620563 0.10787
0.9375 1.06572 0.592582 0.104402 0 93.75 0.631527 0.111263
0.9625 1.07137 0.599999 0.106811 0 96.25 0.64282 0.114434
0.9875 1.07717 0.607535 0.108972 0 98.75 0.654421 0.117382
1.0125 1.08312 0.615173 0.110888 0 101.25 0.666307 0.120105
1.0375 1.0892 0.622893 0.112563 0 103.75 0.678455 0.122604
1.0625 1.0954 0.630676 0.114004 0 106.25 0.690844 0.12488
1.0875 1.10171 0.638507 0.115216 0 108.75 0.70345 0.126935
1.1125 1.10812 0.646367 0.116206 0 111.25 0.716252 0.12877
1.1375 1.11461 0.654242 0.116982 0 113.75 0.729228 0.130389
1.1625 1.12119 0.662116 0.11755 0 116.25 0.742356 0.131796
1.1875 1.12782 0.669975 0.11792 0 118.75 0.755613 0.132993
1.2125 1.13451 0.677807 0.118099 0 121.25 0.76898 0.133985
1.2375 1.14124 0.685596 0.118096 0 123.75 0.782432 0.134777
1.2625 1.148 0.693329 0.117922 0 126.25 0.795944 0.135374
1.2875 1.15479 0.701 0.117583 0 128.75 0.809507 0.135784
1.3125 1.16159 0.7086 0.11709 0 131.25 0.823102 0.136011
1.3375 1.1684 0.716119 0.116452 0 133.75 0.836711 0.136062
1.3625 1.1752 0.72355 0.115678 0 136.25 0.850314 0.135945
1.3875 1.18199 0.730886 0.114777 0 138.75 0.863897 0.135665
1.4125 1.18876 0.738119 0.113758 0 141.25 0.877445 0.135231
1.4375 1.1955 0.745243 0.112629 0 143.75 0.890942 0.134648
1.4625 1.20222 0.752254 0.111399 0 146.25 0.904373 0.133926
1.4875 1.20889 0.759147 0.110077 0 148.75 0.917726 0.133071
1.5125 1.21552 0.765917 0.10867 0 151.25 0.930987 0.132091
1.5375 1.2221 0.772561 0.107187 0 153.75 0.944144 0.130993
1.5625 1.22861 0.779077 0.105635 0 156.25 0.957186 0.129784
1.5875 1.23507 0.785462 0.104021 0 158.75 0.9701 0.128474
1.6125 1.24146 0.791714 0.102354 0 161.25 0.982879 0.127068
1.6375 1.24777 0.797832 0.100638 0 163.75 0.995513 0.125574
1.6625 1.25401 0.803815 0.0988816 0 166.25 1.00799 0.123999
1.6875 1.26017 0.809662 0.0970899 0 168.75 1.02031 0.12235
1.7125 1.26624 0.815374 0.0952689 0 171.25 1.03246 0.120633
1.7375 1.27223 0.820949 0.093424 0 173.75 1.04443 0.118857
1.7625 1.27812 0.826389 0.0915605 0 176.25 1.05623 0.117026
1.7875 1.28393 0.831695 0.0896831 0 178.75 1.06784 0.115147
1.8125 1.28964 0.836868 0.0877963 0 181.25 1.07926 0.113225
1.8375 1.29525 0.841908 0.0859042 0 183.75 1.09048 0.111267
1.8625 1.30076 0.846817 0.0840106 0 186.25 1.10151 0.109278
1.8875 1.30618 0.851596 0.0821191 0 188.75 1.11234 0.107262
1.9125 1.31149 0.856248 0.080233 0 191.25 1.12296 0.105225
1.9375 1.3167 0.860774 0.0783552 0 193.75 1.13338 0.10317
1.9625 1.3218 0.865176 0.0764885 0 196.25 1.14359 0.101103
1.9875 1.32681 0.869456 0.0746354 0 198.75 1.1536 0.0990269
2.0125 1.33171 0.873617 0.0727982 0 201.25 1.1634 0.0969459
2.0375 1.3365 0.877659 0.0709789 0 203.75 1.17299 0.0948635
2.0625 1.34119 0.881586 0.0691795 0 206.25 1.18238 0.092783
2.0875 1.34578 0.885399 0.0674015 0 208.75 1.19155 0.0907076
2.1125 1.35026 0.889101 0.0656467 0 211.25 1.20052 0.0886402
2.1375 1.35464 0.892695 0.0639163 0 213.75 1.20928 0.0865838
2.1625 1.35892 0.896182 0.0622117 0 216.25 1.21784 0.0845407
2.1875 1.3631 0.899565 0.0605339 0 218.75 1.22619 0.0825136
2.2125 1.36717 0.902846 0.058884 0 221.25 1.23434 0.0805045
2.2375 1.37115 0.906027 0.0572627 0 223.75 1.2423 0.0785156
2.2625 1.37502 0.909112 0.0556708 0 226.25 1.25005 0.0765486
2.2875 1.3788 0.912102 0.054109 0 228.75 1.25761 0.0746055
2.3125 1.38248 0.914999 0.0525777 0 231.25 1.26497 0.0726877
2.3375 1.38607 0.917807 0.0510774 0 233.75 1.27214 0.0707968
2.3625 1.38956 0.920526 0.0496084 0 236.25 1.27913 0.068934
2.3875 1.39296 0.923161 0.048171 0 238.75 1.28593 0.0671004
2.4125 1.39627 0.925712 0.0467653 0 241.25 1.29254 0.065297
2.4375 1.39949 0.928183 0.0453914 0 243.75 1.29898 0.0635249
2.4625 1.40262 0.930575 0.0440494 0 246.25 1.30525 0.0617847
2.4875 1.40567 0.932891 0.0427392 0 248.75 1.31134 0.0600771
2.5125 1.40863 0.935133 0.0414607 0 251.25 1.31726 0.0584028
2.5375 1.41151 0.937304 0.0402137 0 253.75 1.32301 0.056762
2.5625 1.41431 0.939405 0.038998 0 256.25 1.32861 0.0551551
2.5875 1.41702 0.941438 0.0378132 0 258.75 1.33404 0.0535822
2.6125 1.41966 0.943406 0.0366589 0 261.25 1.33932 0.0520433
2.6375 1.42223 0.94531 0.0355346 0 263.75 1.34445 0.0505383
2.6625 1.42472 0.947153 0.0344399 0 266.25 1.34943 0.0490671
2.6875 1.42713 0.948937 0.0333742 0 268.75 1.35426 0.0476294
2.7125 1.42948 0.950662 0.0323368 0 271.25 1.35895 0.0462249
2.7375 1.43176 0.952332 0.0313274 0 273.75 1.36351 0.0448532
2.7625 1.43396 0.953947 0.0303453 0 276.25 1.36793 0.043514
2.7875 1.43611 0.955509 0.0293899 0 278.75 1.37221 0.042207
2.8125 1.43819 0.957019 0.0284608 0 281.25 1.37637 0.0409319
2.8375 1.4402 0.95848 0.0275576 0 283.75 1.3804 0.0396885
2.8625 1.44215 0.959891 0.0266798 0 286.25 1.38431 0.0384764
2.8875 1.44405 0.961256 0.0258271 0 288.75 1.3881 0.0372955
2.9125 1.44588 0.962575 0.0249989 0 291.25 1.39177 0.0361455
2.9375 1.44766 0.96385 0.024195 0 293.75 1.39533 0.0350261
2.9625 1.44939 0.965082 0.0234148 0 296.25 1.39878 0.033937
2.9875 1.45106 0.966272 0.0226578 0 298.75 1.40211 0.0328777
3.0125 1.45267 0.967423 0.0219236 0 301.25 1.40535 0.0318478
3.0375 1.45424 0.968535 0.0212115 0 303.75 1.40848 0.0308467
3.0625 1.45576 0.96961 0.020521 0 306.25 1.41152 0.0298737
3.0875 1.45723 0.97065 0.0198515 0 308.75 1.41446 0.0289282
3.1125 1.45865 0.971654 0.0192023 0 311.25 1.4173 0.0280095
3.1375 1.46003 0.972624 0.0185729 0 313.75 1.42006 0.0271169
3.1625 1.46136 0.973562 0.0179627 0 316.25 1.42273 0.0262499
3.1875 1.46265 0.974469 0.0173711 0 318.75 1.42531 0.0254079
3.2125 1.4639 0.975344 0.0167978 0 321.25 1.42781 0.0245904
3.2375 1.46511 0.97619 0.0162423 0 323.75 1.43023 0.0237968
3.2625 1.46628 0.977007 0.0157043 0 326.25 1.43257 0.0230269
3.2875 1.46741 0.977796 0.0151832 0 328.75 1.43483 0.02228
3.3125 1.46851 0.978558 0.0146787 0 331.25 1.43702 0.0215559
3.3375 1.46957 0.979294 0.0141905 0 333.75 1.43914 0.0208539
3.3625 1.4706 0.980005 0.0137179 0 336.25 1.44119 0.0201735
3.3875 1.47159 0.980692 0.0132606 0 338.75 1.44317 0.0195142
3.4125 1.47255 0.981356 0.0128181 0 341.25 1.44509 0.0188752
3.4375 1.47347 0.981998 0.0123898 0 343.75 1.44695 0.0182561
3.4625 1.47437 0.982618 0.0119753 0 346.25 1.44874 0.017656
3.4875 1.47524 0.983217 0.011574 0 348.75 1.45048 0.0170744
3.5125 1.47608 0.983796 0.0111854 0 351.25 1.45216 0.0165106
3.5375 1.47689 0.984355 0.0108093 0 353.75 1.45379 0.0159641
3.5625 1.47768 0.984895 0.0104451 0 356.25 1.45536 0.0154345
3.5875 1.47843 0.985416 0.0100926 0 358.75 1.45687 0.0149212
3.6125 1.47917 0.985919 0.00975143 0 361.25 1.45834 0.014424
3.6375 1.47988 0.986405 0.0094214 0 363.75 1.45976 0.0139425
3.6625 1.48056 0.986874 0.00910223 0 366.25 1.46113 0.0134764
3.6875 1.48122 0.987326 0.00879369 0 368.75 1.46245 0.0130254
3.7125 1.48186 0.987763 0.00849551 0 371.25 1.46373 0.0125892
3.7375 1.48248 0.988185 0.00820741 0 373.75 1.46497 0.0121673
3.7625 1.48308 0.988593 0.00792908 0 376.25 1.46616 0.0117595
3.7875 1.48366 0.988986 0.00766018 0 378.75 1.46732 0.0113651
3.8125 1.48422 0.989366 0.00740034 0 381.25 1.46844 0.0109837
3.8375 1.48476 0.989734 0.0071492 0 383.75 1.46952 0.0106148
3.8625 1.48528 0.990089 0.00690636 0 386.25 1.47056 0.0102579
3.8875 1.48578 0.990432 0.00667147 0 388.75 1.47157 0.00991236
3.9125 1.48627 0.990763 0.00644421 0 391.25 1.47254 0.00957784
3.9375 1.48674 0.991083 0.00622431 0 393.75 1.47348 0.00925394
3.9625 1.4872 0.991392 0.00601157 0 396.25 1.47439 0.00894038
3.9875 1.48764 0.99169 0.0058058 0 398.75 1.47527 0.00863691
4.0125 1.48806 0.991978 0.00560688 0 401.25 1.47612 0.00834337
4.0375 1.48847 0.992255 0.00541468 0 403.75 1.47694 0.00805958
4.0625 1.48887 0.992523 0.00522907 0 406.25 1.47773 0.00778538
4.0875 1.48925 0.992781 0.0050499 0 408.75 1.4785 0.00752056
4.1125 1.48962 0.993031 0.00487697 0 411.25 1.47924 0.00726483
4.1375 1.48997 0.993272 0.00471006 0 413.75 1.47995 0.00701788
4.1625 1.49032 0.993504 0.00454891 0 416.25 1.48064 0.00677934
4.1875 1.49065 0.993729 0.00439326 0 418.75 1.48131 0.00654882
4.2125 1.49097 0.993946 0.00424284 0 421.25 1.48195 0.00632597
4.2375 1.49129 0.994156 0.00409742 0 423.75 1.48257 0.00611043
4.2625 1.49159 0.994359 0.00395681 0 426.25 1.48317 0.00590193
4.2875 1.49188 0.994555 0.00382085 0 428.75 1.48375 0.00570023
4.3125 1.49216 0.994744 0.00368941 0 431.25 1.48431 0.00550517
4.3375 1.49243 0.994926 0.00356237 0 433.75 1.48485 0.00531658
4.3625 1.49269 0.995102 0.00343965 0 436.25 1.48538 0.00513432
4.3875 1.49294 0.995271 0.00332113 0 438.75 1.48588 0.00495824
4.4125 1.49318 0.995435 0.00320669 0 441.25 1.48637 0.00478817
4.4375 1.49342 0.995593 0.0030962 0 443.75 1.48684 0.00462393
4.4625 1.49365 0.995746 0.00298954 0 446.25 1.48729 0.00446531
4.4875 1.49386 0.995893 0.00288655 0 448.75 1.48773 0.00431212
4.5125 1.49408 0.996036 0.00278712 0 451.25 1.48815 0.00416417
4.5375 1.49428 0.996173 0.00269111 0 453.75 1.48856 0.00402128
4.5625 1.49448 0.996306 0.00259841 0 456.25 1.48896 0.00388327
4.5875 1.49467 0.996434 0.0025089 0 458.75 1.48934 0.00374997
4.6125 1.49485 0.996557 0.00242246 0 461.25 1.48971 0.00362122
4.6375 1.49503 0.996677 0.00233896 0 463.75 1.49006 0.00349682
4.6625 1.4952 0.996792 0.0022583 0 466.25 1.49041 0.00337662
4.6875 1.49537 0.996904 0.00218036 0 468.75 1.49074 0.00326044
4.7125 1.49553 0.997011 0.00210503 0 471.25 1.49106 0.00314813
4.7375 1.49568 0.997115 0.00203224 0 473.75 1.49137 0.00303958
4.7625 1.49583 0.997215 0.00196191 0 476.25 1.49167 0.00293469
4.7875 1.49598 0.997312 0.00189399 0 478.75 1.49196 0.00283336
4.8125 1.49612 0.997405 0.00182843 0 481.25 1.49223 0.00273554
4.8375 1.49625 0.997495 0.00176518 0 483.75 1.4925 0.00264114
4.8625 1.49638 0.997581 0.00170417 0 486.25 1.49276 0.00255009
4.8875 1.49651 0.997665 0.00164533 0 488.75 1.49301 0.00246225
4.9125 1.49663 0.997746 0.00158856 0 491.25 1.49325 0.00237748
4.9375 1.49674 0.997824 0.00153376 0 493.75 1.49349 0.00229564
4.9625 1.49686 0.9979 0.00148081 0 496.25 1.49371 0.00221656
4.9875 1.49697 0.997973 0.00142963 0 498.75 1.49393 0.0021401
5.0125 1.49707 0.998043 0.00138014 0 501.25 1.49414 0.00206617
5.0375 1.49717 0.998111 0.0013323 0 503.75 1.49434 0.00199469
5.0625 1.49727 0.998177 0.00128608 0 506.25 1.49454 0.00192561
5.0875 1.49736 0.99824 0.00124145 0 508.75 1.49473 0.0018589
5.1125 1.49746 0.998301 0.0011984 0 511.25 1.49491 0.00179455
5.1375 1.49754 0.99836 0.00115688 0 513.75 1.49509 0.00173248
5.1625 1.49763 0.998417 0.00111686 0 516.25 1.49526 0.00167264
5.1875 1.49771 0.998472 0.00107825 0 518.75 1.49542 0.00161491
5.2125 1.49779 0.998525 0.00104099 0 521.25 1.49558 0.00155919
5.2375 1.49787 0.998576 0.001005 0 523.75 1.49573 0.00150536
5.2625 1.49794 0.998626 0.000970223 0 526.25 1.49588 0.00145334
5.2875 1.49801 0.998673 0.000936603 0 528.75 1.49603 0.00140304
5.3125 1.49808 0.99872 0.00090411 0 531.25 1.49616 0.00135443
5.3375 1.49815 0.998764 0.000872724 0 533.75 1.4963 0.00130747
5.3625 1.49821 0.998807 0.000842426 0 536.25 1.49642 0.00126213
5.3875 1.49827 0.998848 0.000813197 0 538.75 1.49655 0.00121839
5.4125 1.49833 0.998888 0.000785007 0 541.25 1.49667 0.0011762
5.4375 1.49839 0.998927 0.000757818 0 543.75 1.49678 0.00113551
5.4625 1.49845 0.998964 0.000731585 0 546.25 1.4969 0.00109624
5.4875 1.4985 0.999 0.000706259 0 548.75 1.497 0.00105833
5.5125 1.49855 0.999035 0.000681798 0 551.25 1.49711 0.00102171
5.5375 1.4986 0.999068 0.000658164 0 553.75 1.49721 0.000986327
5.5625 1.49865 0.999101 0.00063533 0 556.25 1.4973 0.000952138
5.5875 1.4987 0.999132 0.000613275 0 558.75 1.4974 0.000919114
5.6125 1.49874 0.999162 0.000591982 0 561.25 1.49749 0.000887229
5.6375 1.49879 0.999191 0.000571434 0 563.75 1.49758 0.000856458
5.6625 1.49883 0.999219 0.00055161 0 566.25 1.49766 0.000826769
5.6875 1.49887 0.999246 0.000532485 0 568.75 1.49774 0.000798126
5.7125 1.49891 0.999272 0.000514031 0 571.25 1.49782 0.000770486
5.7375 1.49895 0.999298 0.000496217 0 573.75 1.49789 0.000743803
5.7625 1.49898 0.999322 0.000479015 0 576.25 1.49797 0.000718035
5.7875 1.49902 0.999346 0.0004624 0 578.75 1.49804 0.000693146
5.8125 1.49905 0.999368 0.000446351 0 581.25 1.49811 0.000669104
5.8375 1.49909 0.99939 0.000430853 0 583.75 1.49817 0.000645886
5.8625 1.49912 0.999412 0.000415892 0 586.25 1.49824 0.00062347
5.8875 1.49915 0.999432 0.000401453 0 588.75 1.4983 0.000601837
5.9125 1.49918 0.999452 0.000387521 0 591.25 1.49836 0.000580963
5.9375 1.49921 0.999471 0.000374079 0 593.75 1.49841 0.000560822
5.9625 1.49923 0.999489 0.000361107 0 596.25 1.49847 0.000541384
5.9875 1.49926 0.999507 0.000348585 0 598.75 1.49852 0.000522619
6.0125 1.49929 0.999524 0.000336492 0 601.25 1.49857 0.000504498
6.0375 1.49931 0.999541 0.000324814 0 603.75 1.49862 0.000486997
6.0625 1.49933 0.999556 0.000313536 0 606.25 1.49867 0.000470095
6.0875 1.49936 0.999572 0.000302646 0 608.75 1.49872 0.000453775
6.1125 1.49938 0.999587 0.000292135 0 611.25 1.49876 0.000438022
6.1375 1.4994 0.999601 0.000281993 0 613.75 1.4988 0.00042282
6.1625 1.49942 0.999615 0.000272206 0 616.25 1.49885 0.000408152
6.1875 1.49944 0.999628 0.000262762 0 618.75 1.49889 0.000393996
6.2125 1.49946 0.999641 0.000253646 0 621.25 1.49892 0.000380333
6.2375 1.49948 0.999654 0.000244845 0 623.75 1.49896 0.00036714
6.2625 1.4995 0.999666 0.000236346 0 626.25 1.499 0.000354401
6.2875 1.49952 0.999677 0.000228139 0 628.75 1.49903 0.000342098
6.3125 1.49953 0.999689 0.000220215 0 631.25 1.49907 0.00033022
6.3375 1.49955 0.999699 0.000212566 0 633.75 1.4991 0.000318754
6.3625 1.49956 0.99971 0.000205185 0 636.25 1.49913 0.000307688
6.3875 1.49958 0.99972 0.000198062 0 638.75 1.49916 0.00029701
6.4125 1.49959 0.99973 0.000191188 0 641.25 1.49919 0.000286704
6.4375 1.49961 0.999739 0.000184552 0 643.75 1.49922 0.000276756
6.4625 1.49962 0.999748 0.000178147 0 646.25 1.49924 0.000267152
6.4875 1.49964 0.999757 0.000171961 0 648.75 1.49927 0.000257879
6.5125 1.49965 0.999765 0.00016599 0 651.25 1.4993 0.000248926
6.5375 1.49966 0.999773 0.000160224 0 653.75 1.49932 0.000240282
6.5625 1.49967 0.999781 0.00015466 0 656.25 1.49934 0.000231939
6.5875 1.49968 0.999789 0.000149289 0 658.75 1.49937 0.000223886
6.6125 1.49969 0.999796 0.000144105 0 661.25 1.49939 0.000216114
6.6375 1.4997 0.999803 0.000139103 0 663.75 1.49941 0.000208613
6.6625 1.49972 0.99981 0.000134273 0 666.25 1.49943 0.000201372
6.6875 1.49973 0.999817 0.000129611 0 668.75 1.49945 0.000194381
6.7125 1.49973 0.999823 0.00012511 0 671.25 1.49947 0.000187632
6.7375 1.49974 0.999829 0.000120765 0 673.75 1.49949 0.000181117
6.7625 1.49975 0.999835 0.000116571 0 676.25 1.49951 0.000174827
6.7875 1.49976 0.999841 0.000112522 0 678.75 1.49952 0.000168757
6.8125 1.49977 0.999846 0.000108615 0 681.25 1.49954 0.000162897
6.8375 1.49978 0.999852 0.000104843 0 683.75 1.49956 0.000157241
6.8625 1.49979 0.999857 0.000101202 0 686.25 1.49957 0.000151782
6.8875 1.49979 0.999862 9.76881e-05 0 688.75 1.49959 0.000146512
6.9125 1.4998 0.999867 9.42956e-05 0 691.25 1.4996 0.000141425
6.9375 1.49981 0.999871 9.10208e-05 0 693.75 1.49961 0.000136514
6.9625 1.49981 0.999876 8.78595e-05 0 696.25 1.49963 0.000131773
6.9875 1.49982 0.99988 8.48081e-05 0 698.75 1.49964 0.000127197
7.0125 1.49983 0.999884 8.18627e-05 0 701.25 1.49965 0.00012278
7.0375 1.49983 0.999888 7.90197e-05 0 703.75 1.49966 0.000118516
7.0625 1.49984 0.999892 7.62754e-05 0 706.25 1.49968 0.000114401
7.0875 1.49984 0.999896 7.36264e-05 0 708.75 1.49969 0.000110428
7.1125 1.49985 0.9999 7.10693e-05 0 711.25 1.4997 0.000106593
7.1375 1.49985 0.999903 6.8601e-05 0 713.75 1.49971 0.000102892
7.1625 1.49986 0.999906 6.62184e-05 0 716.25 1.49972 9.93183e-05
7.1875 1.49986 0.99991 6.39185e-05 0 718.75 1.49973 9.58691e-05
7.2125 1.49987 0.999913 6.16985e-05 0 721.25 1.49974 9.25397e-05
7.2375 1.49987 0.999916 5.95556e-05 0 723.75 1.49975 8.93259e-05
7.2625 1.49988 0.999919 5.74871e-05 0 726.25 1.49976 8.62237e-05
7.2875 1.49988 0.999922 5.54905e-05 0 728.75 1.49976 8.32292e-05
7.3125 1.49989 0.999924 5.35632e-05 0 731.25 1.49977 8.03387e-05
7.3375 1.49989 0.999927 5.17028e-05 0 733.75 1.49978 7.75485e-05
7.3625 1.49989 0.999929 4.9907e-05 0 736.25 1.49979 7.48552e-05
7.3875 1.4999 0.999932 4.81736e-05 0 738.75 1.4998 7.22555e-05
7.4125 1.4999 0.999934 4.65004e-05 0 741.25 1.4998 6.9746e-05
7.4375 1.4999 0.999937 4.48853e-05 0 743.75 1.49981 6.73236e-05
7.4625 1.49991 0.999939 4.33262e-05 0 746.25 1.49982 6.49854e-05
7.4875 1.49991 0.999941 4.18214e-05 0 748.75 1.49982 6.27283e-05
7.5125 1.49991 0.999943 4.03688e-05 0 751.25 1.49983 6.05497e-05
7.5375 1.49992 0.999945 3.89666e-05 0 753.75 1.49983 5.84467e-05
7.5625 1.49992 0.999947 3.76131e-05 0 756.25 1.49984 5.64167e-05
7.5875 1.49992 0.999949 3.63067e-05 0 758.75 1.49985 5.44572e-05
7.6125 1.49993 0.99995 3.50456e-05 0 761.25 1.49985 5.25658e-05
7.6375 1.49993 0.999952 3.38283e-05 0 763.75 1.49986 5.074e-05
7.6625 1.49993 0.999954 3.26533e-05 0 766.25 1.49986 4.89777e-05
7.6875 1.49993 0.999955 3.15191e-05 0 768.75 1.49987 4.72766e-05
7.7125 1.49994 0.999957 3.04243e-05 0 771.25 1.49987 4.56345e-05
7.7375 1.49994 0.999958 2.93675e-05 0 773.75 1.49988 4.40495e-05
7.7625 1.49994 0.99996 2.83474e-05 0 776.25 1.49988 4.25195e-05
7.7875 1.49994 0.999961 2.73628e-05 0 778.75 1.49988 4.10426e-05
7.8125 1.49994 0.999963 2.64124e-05 0 781.25 1.49989 3.9617e-05
7.8375 1.49995 0.999964 2.54949e-05 0 783.75 1.49989 3.8241e-05
7.8625 1.49995 0.999965 2.46093e-05 0 786.25 1.4999 3.69127e-05
7.8875 1.49995 0.999966 2.37545e-05 0 788.75 1.4999 3.56306e-05
7.9125 1.49995 0.999968 2.29294e-05 0 791.25 1.4999 3.4393e-05
7.9375 1.49995 0.999969 2.21329e-05 0 793.75 1.49991 3.31984e-05
7.9625 1.49995 0.99997 2.13641e-05 0 796.25 1.49991 3.20452e-05
7.9875 1.49996 0.999971 2.0622e-05 0 798.75 1.49991 3.09322e-05
8.0125 1.49996 0.999972 1.99057e-05 0 801.25 1.49992 2.98577e-05
8.0375 1.49996 0.999973 1.92143e-05 0 803.75 1.49992 2.88206e-05
8.0625 1.49996 0.999974 1.85469e-05 0 806.25 1.49992 2.78196e-05
8.0875 1.49996 0.999975 1.79026e-05 0 808.75 1.49992 2.68533e-05
8.1125 1.49996 0.999976 1.72808e-05 0 811.25 1.49993 2.59205e-05
8.1375 1.49996 0.999976 1.66805e-05 0 813.75 1.49993 2.50201e-05
8.1625 1.49997 0.999977 1.61011e-05 0 816.25 1.49993 2.41511e-05
8.1875 1.49997 0.999978 1.55418e-05 0 818.75 1.49993 2.33122e-05
8.2125 1.49997 0.999979 1.50019e-05 0 821.25 1.49994 2.25024e-05
8.2375 1.49997 0.99998 1.44808e-05 0 823.75 1.49994 2.17208e-05
8.2625 1.49997 0.99998 1.39778e-05 0 826.25 1.49994 2.09663e-05
8.2875 1.49997 0.999981 1.34923e-05 0 828.75 1.49994 2.0238e-05
8.3125 1.49997 0.999982 1.30236e-05 0 831.25 1.49994 1.9535e-05
8.3375 1.49997 0.999982 1.25712e-05 0 833.75 1.49995 1.88565e-05
8.3625 1.49997 0.999983 1.21345e-05 0 836.25 1.49995 1.82015e-05
8.3875 1.49998 0.999983 1.1713e-05 0 838.75 1.49995 1.75692e-05
8.4125 1.49998 0.999984 1.13061e-05 0 841.25 1.49995 1.69589e-05
8.4375 1.49998 0.999985 1.09134e-05 0 843.75 1.49995 1.63699e-05
8.4625 1.49998 0.999985 1.05343e-05 0 846.25 1.49996 1.58012e-05
8.4875 1.49998 0.999986 1.01684e-05 0 848.75 1.49996 1.52524e-05
8.5125 1.49998 0.999986 9.81517e-06 0 851.25 1.49996 1.47226e-05
8.5375 1.49998 0.999987 9.47422e-06 0 853.75 1.49996 1.42111e-05
8.5625 1.49998 0.999987 9.14512e-06 0 856.25 1.49996 1.37175e-05
8.5875 1.49998 0.999988 8.82745e-06 0 858.75 1.49996 1.3241e-05
8.6125 1.49998 0.999988 8.52081e-06 0 861.25 1.49996 1.27811e-05
8.6375 1.49998 0.999988 8.22482e-06 0 863.75 1.49997 1.23371e-05
8.6625 1.49998 0.999989 7.93912e-06 0 866.25 1.49997 1.19085e-05
8.6875 1.49998 0.999989 7.66334e-06 0 868.75 1.49997 1.14949e-05
8.7125 1.49998 0.99999 7.39714e-06 0 871.25 1.49997 1.10956e-05
8.7375 1.49998 0.99999 7.14019e-06 0 873.75 1.49997 1.07102e-05
8.7625 1.49999 0.99999 6.89216e-06 0 876.25 1.49997 1.03381e-05
8.7875 1.49999 0.999991 6.65274e-06 0 878.75 1.49997 9.97902e-06
8.8125 1.49999 0.999991 6.42165e-06 0 881.25 1.49997 9.63238e-06
8.8375 1.49999 0.999991 6.19858e-06 0 883.75 1.49997 9.29779e-06
8.8625 1.49999 0.999992 5.98326e-06 0 886.25 1.49997 8.97481e-06
8.8875 1.49999 0.999992 5.77542e-06 0 888.75 1.49998 8.66306e-06
8.9125 1.49999 0.999992 5.5748e-06 0 891.25 1.49998 8.36213e-06
8.9375 1.49999 0.999992 5.38114e-06 0 893.75 1.49998 8.07165e-06
8.9625 1.49999 0.999993 5.19422e-06 0 896.25 1.49998 7.79127e-06
8.9875 1.49999 0.999993 5.01379e-06 0 898.75 1.49998 7.52063e-06
9.0125 1.49999 0.999993 4.83962e-06 0 901.25 1.49998 7.25938e-06
9.0375 1.49999 0.999993 4.67151e-06 0 903.75 1.49998 7.00721e-06
9.0625 1.49999 0.999994 4.50923e-06 0 906.25 1.49998 6.7638e-06
9.0875 1.49999 0.999994 4.35259e-06 0 908.75 1.49998 6.52885e-06
9.1125 1.49999 0.999994 4.2014e-06 0 911.25 1.49998 6.30206e-06
9.1375 1.49999 0.999994 4.05545e-06 0 913.75 1.49998 6.08314e-06
9.1625 1.49999 0.999994 3.91458e-06 0 916.25 1.49998 5.87183e-06
9.1875 1.49999 0.999995 3.77859e-06 0 918.75 1.49998 5.66786e-06
9.2125 1.49999 0.999995 3.64734e-06 0 921.25 1.49998 5.47098e-06
9.2375 1.49999 0.999995 3.52064e-06 0 923.75 1.49999 5.28093e-06
9.2625 1.49999 0.999995 3.39834e-06 0 926.25 1.49999 5.09749e-06
9.2875 1.49999 0.999995 3.28029e-06 0 928.75 1.49999 4.92041e-06
9.3125 1.49999 0.999996 3.16634e-06 0 931.25 1.49999 4.74949e-06
9.3375 1.49999 0.999996 3.05635e-06 0 933.75 1.49999 4.58451e-06
9.3625 1.49999 0.999996 2.95018e-06 0 936.25 1.49999 4.42526e-06
9.3875 1.49999 0.999996 2.8477e-06 0 938.75 1.49999 4.27153e-06
9.4125 1.49999 0.999996 2.74878e-06 0 941.25 1.49999 4.12315e-06
9.4375 1.49999 0.999996 2.65329e-06 0 943.75 1.49999 3.97993e-06
9.4625 1.49999 0.999996 2.56113e-06 0 946.25 1.49999 3.84167e-06
9.4875 1.49999 0.999997 2.47216e-06 0 948.75 1.49999 3.70823e-06
9.5125 1.49999 0.999997 2.38628e-06 0 951.25 1.49999 3.57941e-06
9.5375 1.5 0.999997 2.30339e-06 0 953.75 1.49999 3.45507e-06
9.5625 1.5 0.999997 2.22338e-06 0 956.25 1.49999 3.33505e-06
9.5875 1.5 0.999997 2.14614e-06 0 958.75 1.49999 3.2192e-06
9.6125 1.5 0.999997 2.07159e-06 0 961.25 1.49999 3.10738e-06
9.6375 1.5 0.999997 1.99963e-06 0 963.75 1.49999 2.99943e-06
9.6625 1.5 0.999997 1.93017e-06 0 966.25 1.49999 2.89524e-06
9.6875 1.5 0.999997 1.86312e-06 0 968.75 1.49999 2.79467e-06
9.7125 1.5 0.999997 1.7984e-06 0 971.25 1.49999 2.69759e-06
9.7375 1.5 0.999998 1.73593e-06 0 973.75 1.49999 2.60388e-06
9.7625 1.5 0.999998 1.67562e-06 0 976.25 1.49999 2.51343e-06
9.7875 1.5 0.999998 1.61742e-06 0 978.75 1.49999 2.42612e-06
9.8125 1.5 0.999998 1.56123e-06 0 981.25 1.49999 2.34184e-06
9.8375 1.5 0.999998 1.507e-06 0 983.75 1.49999 2.26049e-06
9.8625 1.5 0.999998 1.45465e-06 0 986.25 1.49999 2.18197e-06
9.8875 1.5 0.999998 1.40412e-06 0 988.75 1.49999 2.10617e-06
9.9125 1.5 0.999998 1.35534e-06 0 991.25 1.49999 2.03301e-06
9.9375 1.5 0.999998 1.30826e-06 0 993.75 1.49999 1.96239e-06
9.9625 1.5 0.999998 1.26282e-06 0 996.25 1.49999 1.89422e-06
9.9875 1.5 0.999998 1.21895e-06 0 998.75 1.49999 1.82842e-06
10.0125 1.5 0.999998 1.17661e-06 0 1001.25 1.5 1.7649e-06
10.0375 1.5 0.999998 1.13573e-06 0 1003.75 1.5 1.7036e-06
10.0625 1.5 0.999998 1.09628e-06 0 1006.25 1.5 1.64442e-06
10.0875 1.5 0.999999 1.0582e-06 0 1008.75 1.5 1.58729e-06
10.1125 1.5 0.999999 1.02144e-06 0 1011.25 1.5 1.53216e-06
10.1375 1.5 0.999999 9.85957e-07 0 1013.75 1.5 1.47893e-06
10.1625 1.5 0.999999 9.51707e-07 0 1016.25 1.5 1.42756e-06
10.1875 1.5 0.999999 9.18647e-07 0 1018.75 1.5 1.37797e-06
10.2125 1.5 0.999999 8.86735e-07 0 1021.25 1.5 1.3301e-06
10.2375 1.5 0.999999 8.55932e-07 0 1023.75 1.5 1.2839e-06
10.2625 1.5 0.999999 8.26199e-07 0 1026.25 1.5 1.2393e-06
10.2875 1.5 0.999999 7.97499e-07 0 1028.75 1.5 1.19625e-06
10.3125 1.5 0.999999 7.69796e-07 0 1031.25 1.5 1.15469e-06
10.3375 1.5 0.999999 7.43055e-07 0 1033.75 1.5 1.11458e-06
10.3625 1.5 0.999999 7.17243e-07 0 1036.25 1.5 1.07586e-06
10.3875 1.5 0.999999 6.92328e-07 0 1038.75 1.5 1.03849e-06
10.4125 1.5 0.999999 6.68278e-07 0 1041.25 1.5 1.00242e-06
10.4375 1.5 0.999999 6.45064e-07 0 1043.75 1.5 9.67595e-07
10.4625 1.5 0.999999 6.22656e-07 0 1046.25 1.5 9.33983e-07
10.4875 1.5 0.999999 6.01026e-07 0 1048.75 1.5 9.01539e-07
10.5125 1.5 0.999999 5.80148e-07 0 1051.25 1.5 8.70221e-07
10.5375 1.5 0.999999 5.59995e-07 0 1053.75 1.5 8.39992e-07
10.5625 1.5 0.999999 5.40542e-07 0 1056.25 1.5 8.10813e-07
10.5875 1.5 0.999999 5.21765e-07 0 1058.75 1.5 7.82647e-07
10.6125 1.5 0.999999 5.0364e-07 0 1061.25 1.5 7.5546e-07
10.6375 1.5 0.999999 4.86145e-07 0 1063.75 1.5 7.29217e-07
10.6625 1.5 0.999999 4.69258e-07 0 1066.25 1.5 7.03886e-07
10.6875 1.5 0.999999 4.52957e-07 0 1068.75 1.5 6.79435e-07
10.7125 1.5 0.999999 4.37222e-07 0 1071.25 1.5 6.55833e-07
10.7375 1.5 0.999999 4.22034e-07 0 1073.75 1.5 6.33051e-07
10.7625 1.5 0.999999 4.07374e-07 0 1076.25 1.5 6.1106e-07
10.7875 1.5 0.999999 3.93222e-07 0 1078.75 1.5 5.89833e-07
10.8125 1.5 0.999999 3.79563e-07 0 1081.25 1.5 5.69344e-07
10.8375 1.5 0.999999 3.66378e-07 0 1083.75 1.5 5.49566e-07
10.8625 1.5 1 3.53651e-07 0 1086.25 1.5 5.30476e-07
10.8875 1.5 1 3.41366e-07 0 1088.75 1.5 5.12048e-07
10.9125 1.5 1 3.29507e-07 0 1091.25 1.5 4.94261e-07
10.9375 1.5 1 3.18061e-07 0 1093.75 1.5 4.77091e-07
10.9625 1.5 1 3.07012e-07 0 1096.25 1.5 4.60518e-07
10.9875 1.5 1 2.96348e-07 0 1098.75 1.5 4.44521e-07
11.0125 1.5 1 2.86053e-07 0 1101.25 1.5 4.2908e-07
11.0375 1.5 1 2.76116e-07 0 1103.75 1.5 4.14174e-07
11.0625 1.5 1 2.66525e-07 0 1106.25 1.5 3.99787e-07
11.0875 1.5 1 2.57266e-07 0 1108.75 1.5 3.85899e-07
11.1125 1.5 1 2.48329e-07 0 1111.25 1.5 3.72494e-07
11.1375 1.5 1 2.39703e-07 0 1113.75 1.5 3.59554e-07
11.1625 1.5 1 2.31376e-07 0 1116.25 1.5 3.47064e-07
11.1875 1.5 1 2.23339e-07 0 1118.75 1.5 3.35008e-07
11.2125 1.5 1 2.15581e-07 0 1121.25 1.5 3.23371e-07
11.2375 1.5 1 2.08092e-07 0 1123.75 1.5 3.12138e-07
11.2625 1.5 1 2.00863e-07 0 1126.25 1.5 3.01295e-07
11.2875 1.5 1 1.93886e-07 0 1128.75 1.5 2.90829e-07
11.3125 1.5 1 1.87151e-07 0 1131.25 1.5 2.80726e-07
11.3375 1.5 1 1.80649e-07 0 1133.75 1.5 2.70974e-07
11.3625 1.5 1 1.74374e-07 0 1136.25 1.5 2.61561e-07
11.3875 1.5 1 1.68317e-07 0 1138.75 1.5 2.52475e-07
11.4125 1.5 1 1.6247e-07 0 1141.25 1.5 2.43705e-07
11.4375 1.5 1 1.56826e-07 0 1143.75 1.5 2.35239e-07
11.4625 1.5 1 1.51378e-07 0 1146.25 1.5 2.27067e-07
11.4875 1.5 1 1.4612e-07 0 1148.75 1.5 2.1918e-07
11.5125 1.5 1 1.41044e-07 0 1151.25 1.5 2.11566e-07
11.5375 1.5 1 1.36144e-07 0 1153.75 1.5 2.04217e-07
11.5625 1.5 1 1.31415e-07 0 1156.25 1.5 1.97123e-07
11.5875 1.5 1 1.2685e-07 0 1158.75 1.5 1.90275e-07
11.6125 1.5 1 1.22444e-07 0 1161.25 1.5 1.83665e-07
11.6375 1.5 1 1.1819e-07 0 1163.75 1.5 1.77285e-07
11.6625 1.5 1 1.14084e-07 0 1166.25 1.5 1.71127e-07
11.6875 1.5 1 1.10121e-07 0 1168.75 1.5 1.65182e-07
11.7125 1.5 1 1.06296e-07 0 1171.25 1.5 1.59444e-07
11.7375 1.5 1 1.02604e-07 0 1173.75 1.5 1.53905e-07
11.7625 1.5 1 9.90394e-08 0 1176.25 1.5 1.48559e-07
11.7875 1.5 1 9.5599e-08 0 1178.75 1.5 1.43399e-07
11.8125 1.5 1 9.22781e-08 0 1181.25 1.5 1.38417e-07
11.8375 1.5 1 8.90726e-08 0 1183.75 1.5 1.33609e-07
11.8625 1.5 1 8.59784e-08 0 1186.25 1.5 1.28968e-07
11.8875 1.5 1 8.29918e-08 0 1188.75 1.5 1.24488e-07
11.9125 1.5 1 8.01088e-08 0 1191.25 1.5 1.20163e-07
11.9375 1.5 1 7.7326e-08 0 1193.75 1.5 1.15989e-07
11.9625 1.5 1 7.46399e-08 0 1196.25 1.5 1.1196e-07
11.9875 1.5 1 7.20471e-08 0 1198.75 1.5 1.08071e-07
12.0125 1.5 1 6.95443e-08 0 1201.25 1.5 1.04317e-07
12.0375 1.5 1 6.71285e-08 0 1203.75 1.5 1.00693e-07
12.0625 1.5 1 6.47967e-08 0 1206.25 1.5 9.7195e-08
12.0875 1.5 1 6.25458e-08 0 1208.75 1.5 9.38186e-08
12.1125 1.5 1 6.03731e-08 0 1211.25 1.5 9.05596e-08
12.1375 1.5 1 5.82759e-08 0 1213.75 1.5 8.74138e-08
12.1625 1.5 1 5.62515e-08 0 1216.25 1.5 8.43772e-08
12.1875 1.5 1 5.42974e-08 0 1218.75 1.5 8.14462e-08
12.2125 1.5 1 5.24113e-08 0 1221.25 1.5 7.86169e-08
12.2375 1.5 1 5.05906e-08 0 1223.75 1.5 7.5886e-08
12.2625 1.5 1 4.88332e-08 0 1226.25 1.5 7.32499e-08
12.2875 1.5 1 4.71369e-08 0 1228.75 1.5 7.07053e-08
12.3125 1.5 1 4.54995e-08 0 1231.25 1.5 6.82492e-08
12.3375 1.5 1 4.39189e-08 0 1233.75 1.5 6.58784e-08
12.3625 1.5 1 4.23933e-08 0 1236.25 1.5 6.35899e-08
12.3875 1.5 1 4.09206e-08 0 1238.75 1.5 6.1381e-08
12.4125 1.5 1 3.94992e-08 0 1241.25 1.5 5.92487e-08
12.4375 1.5 1 3.8127e-08 0 1243.75 1.5 5.71906e-08
12.4625 1.5 1 3.68026e-08 0 1246.25 1.5 5.52039e-08
12.4875 1.5 1 3.55242e-08 0 1248.75 1.5 5.32863e-08
12.5125 1.5 1 3.42901e-08 0 1251.25 1.5 5.14352e-08
12.5375 1.5 1 3.3099e-08 0 1253.75 1.5 4.96485e-08
12.5625 1.5 1 3.19492e-08 0 1256.25 1.5 4.79238e-08
12.5875 1.5 1 3.08394e-08 0 1258.75 1.5 4.6259e-08
12.6125 1.5 1 2.97681e-08 0 1261.25 1.5 4.46521e-08
12.6375 1.5 1 2.8734e-08 0 1263.75 1.5 4.3101e-08
12.6625 1.5 1 2.77359e-08 0 1266.25 1.5 4.16038e-08
12.6875 1.5 1 2.67724e-08 0 1268.75 1.5 4.01586e-08
12.7125 1.5 1 2.58424e-08 0 1271.25 1.5 3.87635e-08
12.7375 1.5 1 2.49447e-08 0 1273.75 1.5 3.7417e-08
12.7625 1.5 1 2.40781e-08 0 1276.25 1.5 3.61172e-08
12.7875 1.5 1 2.32417e-08 0 1278.75 1.5 3.48626e-08
12.8125 1.5 1 2.24344e-08 0 1281.25 1.5 3.36515e-08
12.8375 1.5 1 2.1655e-08 0 1283.75 1.5 3.24826e-08
12.8625 1.5 1 2.09028e-08 0 1286.25 1.5 3.13542e-08
12.8875 1.5 1 2.01767e-08 0 1288.75 1.5 3.0265e-08
12.9125 1.5 1 1.94758e-08 0 1291.25 1.5 2.92137e-08
12.9375 1.5 1 1.87993e-08 0 1293.75 1.5 2.81989e-08
12.9625 1.5 1 1.81462e-08 0 1296.25 1.5 2.72193e-08
12.9875 1.5 1 1.75159e-08 0 1298.75 1.5 2.62738e-08
13.0125 1.5 1 1.69074e-08 0 1301.25 1.5 2.53611e-08
13.0375 1.5 1 1.63201e-08 0 1303.75 1.5 2.44801e-08
13.0625 1.5 1 1.57532e-08 0 1306.25 1.5 2.36297e-08
13.0875 1.5 1 1.52059e-08 0 1308.75 1.5 2.28089e-08
13.1125 1.5 1 1.46777e-08 0 1311.25 1.5 2.20166e-08
13.1375 1.5 1 1.41678e-08 0 1313.75 1.5 2.12518e-08
13.1625 1.5 1 1.36757e-08 0 1316.25 1.5 2.05135e-08
13.1875 1.5 1 1.32006e-08 0 1318.75 1.5 1.98009e-08
13.2125 1.5 1 1.27421e-08 0 1321.25 1.5 1.91131e-08
13.2375 1.5 1 1.22994e-08 0 1323.75 1.5 1.84491e-08
13.2625 1.5 1 1.18722e-08 0 1326.25 1.5 1.78083e-08
13.2875 1.5 1 1.14598e-08 0 1328.75 1.5 1.71897e-08
13.3125 1.5 1 1.10617e-08 0 1331.25 1.5 1.65925e-08
13.3375 1.5 1 1.06774e-08 0 1333.75 1.5 1.60161e-08
13.3625 1.5 1 1.03065e-08 0 1336.25 1.5 1.54598e-08
13.3875 1.5 1 9.94849e-09 0 1338.75 1.5 1.49227e-08
13.4125 1.5 1 9.60291e-09 0 1341.25 1.5 1.44044e-08
13.4375 1.5 1 9.26932e-09 0 1343.75 1.5 1.3904e-08
13.4625 1.5 1 8.94733e-09 0 1346.25 1.5 1.3421e-08
13.4875 1.5 1 8.63652e-09 0 1348.75 1.5 1.29548e-08
13.5125 1.5 1 8.33651e-09 0 1351.25 1.5 1.25048e-08
13.5375 1.5 1 8.04692e-09 0 1353.75 1.5 1.20704e-08
13.5625 1.5 1 7.76738e-09 0 1356.25 1.5 1.16511e-08
13.5875 1.5 1 7.49756e-09 0 1358.75 1.5 1.12463e-08
13.6125 1.5 1 7.23712e-09 0 1361.25 1.5 1.08557e-08
13.6375 1.5 1 6.98572e-09 0 1363.75 1.5 1.04786e-08
13.6625 1.5 1 6.74305e-09 0 1366.25 1.5 1.01146e-08
13.6875 1.5 1 6.50881e-09 0 1368.75 1.5 9.76322e-09
13.7125 1.5 1 6.28271e-09 0 1371.25 1.5 9.42407e-09
13.7375 1.5 1 6.06446e-09 0 1373.75 1.5 9.0967e-09
13.7625 1.5 1 5.8538e-09 0 1376.25 1.5 8.7807e-09
13.7875 1.5 1 5.65045e-09 0 1378.75 1.5 8.47568e-09
13.8125 1.5 1 5.45417e-09 0 1381.25 1.5 8.18125e-09
13.8375 1.5 1 5.2647e-09 0 1383.75 1.5 7.89705e-09
13.8625 1.5 1 5.08182e-09 0 1386.25 1.5 7.62273e-09
13.8875 1.5 1 4.90529e-09 0 1388.75 1.5 7.35794e-09
13.9125 1.5 1 4.73489e-09 0 1391.25 1.5 7.10234e-09
13.9375 1.5 1 4.57041e-09 0 1393.75 1.5 6.85562e-09
13.9625 1.5 1 4.41165e-09 0 1396.25 1.5 6.61747e-09
13.9875 1.5 1 4.2584e-09 0 1398.75 1.5 6.3876e-09
14.0125 1.5 1 4.11047e-09 0 1401.25 1.5 6.16571e-09
14.0375 1.5 1 3.96768e-09 0 1403.75 1.5 5.95152e-09
14.0625 1.5 1 3.82985e-09 0 1406.25 1.5 5.74478e-09
14.0875 1.5 1 3.69681e-09 0 1408.75 1.5 5.54522e-09
14.1125 1.5 1 3.5684e-09 0 1411.25 1.5 5.35259e-09
14.1375 1.5 1 3.44444e-09 0 1413.75 1.5 5.16666e-09
14.1625 1.5 1 3.32479e-09 0 1416.25 1.5 4.98718e-09
14.1875 1.5 1 3.20929e-09 0 1418.75 1.5 4.81394e-09
14.2125 1.5 1 3.09781e-09 0 1421.25 1.5 4.64671e-09
14.2375 1.5 1 2.9902e-09 0 1423.75 1.5 4.4853e-09
14.2625 1.5 1 2.88633e-09 0 1426.25 1.5 4.32949e-09
14.2875 1.5 1 2.78606e-09 0 1428.75 1.5 4.17909e-09
14.3125 1.5 1 2.68928e-09 0 1431.25 1.5 4.03392e-09
14.3375 1.5 1 2.59586e-09 0 1433.75 1.5 3.89379e-09
14.3625 1.5 1 2.50569e-09 0 1436.25 1.5 3.75853e-09
14.3875 1.5 1 2.41865e-09 0 1438.75 1.5 3.62797e-09
14.4125 1.5 1 2.33463e-09 0 1441.25 1.5 3.50194e-09
14.4375 1.5 1 2.25353e-09 0 1443.75 1.5 3.38029e-09
14.4625 1.5 1 2.17525e-09 0 1446.25 1.5 3.26287e-09
14.4875 1.5 1 2.09968e-09 0 1448.75 1.5 3.14952e-09
14.5125 1.5 1 2.02675e-09 0 1451.25 1.5 3.04012e-09
14.5375 1.5 1 1.95634e-09 0 1453.75 1.5 2.93451e-09
14.5625 1.5 1 1.88838e-09 0 1456.25 1.5 2.83257e-09
14.5875 1.5 1 1.82278e-09 0 1458.75 1.5 2.73418e-09
14.6125 1.5 1 1.75947e-09 0 1461.25 1.5 2.6392e-09
14.6375 1.5 1 1.69835e-09 0 1463.75 1.5 2.54752e-09
14.6625 1.5 1 1.63935e-09 0 1466.25 1.5 2.45902e-09
14.6875 1.5 1 1.5824e-09 0 1468.75 1.5 2.3736e-09
14.7125 1.5 1 1.52743e-09 0 1471.25 1.5 2.29115e-09
14.7375 1.5 1 1.47437e-09 0 1473.75 1.5 2.21156e-09
14.7625 1.5 1 1.42316e-09 0 1476.25 1.5 2.13473e-09
14.7875 1.5 1 1.37372e-09 0 1478.75 1.5 2.06058e-09
14.8125 1.5 1 1.326e-09 0 1481.25 1.5 1.989e-09
14.8375 1.5 1 1.27994e-09 0 1483.75 1.5 1.9199e-09
14.8625 1.5 1 1.23548e-09 0 1486.25 1.5 1.85321e-09
14.8875 1.5 1 1.19256e-09 0 1488.75 1.5 1.78884e-09
14.9125 1.5 1 1.15113e-09 0 1491.25 1.5 1.7267e-09
14.9375 1.5 1 1.11115e-09 0 1493.75 1.5 1.66672e-09
14.9625 1.5 1 1.07255e-09 0 1496.25 1.5 1.60882e-09
14.9875 1.5 1 1.03529e-09 0 1498.75 1.5 1.55293e-09
15.0125 1.5 1 9.99325e-10 0 1501.25 1.5 1.49899e-09
15.0375 1.5 1 9.64611e-10 0 1503.75 1.5 1.44692e-09
15.0625 1.5 1 9.31102e-10 0 1506.25 1.5 1.39665e-09
15.0875 1.5 1 8.98759e-10 0 1508.75 1.5 1.34814e-09
15.1125 1.5 1 8.67539e-10 0 1511.25 1.5 1.30131e-09
15.1375 1.5 1 8.37403e-10 0 1513.75 1.5 1.2561e-09
15.1625 1.5 1 8.08313e-10 0 1516.25 1.5 1.21247e-09
15.1875 1.5 1 7.80233e-10 0 1518.75 1.5 1.17035e-09
15.2125 1.5 1 7.53129e-10 0 1521.25 1.5 1.12969e-09
15.2375 1.5 1 7.26966e-10 0 1523.75 1.5 1.09045e-09
15.2625 1.5 1 7.01713e-10 0 1526.25 1.5 1.05257e-09
15.2875 1.5 1 6.77338e-10 0 1528.75 1.5 1.01601e-09
15.3125 1.5 1 6.5381e-10 0 1531.25 1.5 9.80715e-10
15.3375 1.5 1 6.31101e-10 0 1533.75 1.5 9.46651e-10
15.3625 1.5 1 6.09179e-10 0 1536.25 1.5 9.13769e-10
15.3875 1.5 1 5.88018e-10 0 1538.75 1.5 8.82027e-10
15.4125 1.5 1 5.67591e-10 0 1541.25 1.5 8.51387e-10
15.4375 1.5 1 5.47872e-10 0 1543.75 1.5 8.21808e-10
15.4625 1.5 1 5.28838e-10 0 1546.25 1.5 7.93257e-10
15.4875 1.5 1 5.10466e-10 0 1548.75 1.5 7.65699e-10
15.5125 1.5 1 4.92732e-10 0 1551.25 1.5 7.39098e-10
15.5375 1.5 1 4.75615e-10 0 1553.75 1.5 7.13423e-10
15.5625 1.5 1 4.59094e-10 0 1556.25 1.5 6.88641e-10
15.5875 1.5 1 4.43149e-10 0 1558.75 1.5 6.64723e-10
15.6125 1.5 1 4.27757e-10 0 1561.25 1.5 6.41636e-10
15.6375 1.5 1 4.129e-10 0 1563.75 1.5 6.19349e-10
15.6625 1.5 1 3.98557e-10 0 1566.25 1.5 5.97835e-10
15.6875 1.5 1 3.84711e-10 0 1568.75 1.5 5.77066e-10
15.7125 1.5 1 3.71345e-10 0 1571.25 1.5 5.57017e-10
15.7375 1.5 1 3.58442e-10 0 1573.75 1.5 5.37663e-10
15.7625 1.5 1 3.45988e-10 0 1576.25 1.5 5.18982e-10
15.7875 1.5 1 3.33969e-10 0 1578.75 1.5 5.00953e-10
15.8125 1.5 1 3.22369e-10 0 1581.25 1.5 4.83554e-10
15.8375 1.5 1 3.11175e-10 0 1583.75 1.5 4.66762e-10
15.8625 1.5 1 3.00369e-10 0 1586.25 1.5 4.50554e-10
15.8875 1.5 1 2.89938e-10 0 1588.75 1.5 4.34908e-10
15.9125 1.5 1 2.79868e-10 0 1591.25 1.5 4.19803e-10
15.9375 1.5 1 2.70146e-10 0 1593.75 1.5 4.05219e-10
15.9625 1.5 1 2.60759e-10 0 1596.25 1.5 3.91138e-10
15.9875 1.5 1 2.51697e-10 0 1598.75 1.5 3.77546e-10
16.0125 1.5 1 2.4295e-10 0 1601.25 1.5 3.64425e-10
16.0375 1.5 1 2.34506e-10 0 1603.75 1.5 3.51759e-10
16.0625 1.5 1 2.26358e-10 0 1606.25 1.5 3.39537e-10
16.0875 1.5 1 2.18496e-10 0 1608.75 1.5 3.27744e-10
16.1125 1.5 1 2.10909e-10 0 1611.25 1.5 3.16364e-10
16.1375 1.5 1 2.03587e-10 0 1613.75 1.5 3.05381e-10
16.1625 1.5 1 1.96521e-10 0 1616.25 1.5 2.94781e-10
16.1875 1.5 1 1.89699e-10 0 1618.75 1.5 2.84548e-10
16.2125 1.5 1 1.83112e-10 0 1621.25 1.5 2.74667e-10
16.2375 1.5 1 1.76749e-10 0 1623.75 1.5 2.65124e-10
16.2625 1.5 1 1.70604e-10 0 1626.25 1.5 2.55906e-10
16.2875 1.5 1 1.6467e-10 0 1628.75 1.5 2.47005e-10
16.3125 1.5 1 1.58942e-10 0 1631.25 1.5 2.38413e-10
16.3375 1.5 1 1.53415e-10 0 1633.75 1.5 2.30123e-10
16.3625 1.5 1 1.48083e-10 0 1636.25 1.5 2.22125e-10
16.3875 1.5 1 1.4294e-10 0 1638.75 1.5 2.1441e-10
16.4125 1.5 1 1.3798e-10 0 1641.25 1.5 2.06969e-10
16.4375 1.5 1 1.33194e-10 0 1643.75 1.5 1.99791e-10
16.4625 1.5 1 1.28576e-10 0 1646.25 1.5 1.92865e-10
16.4875 1.5 1 1.24117e-10 0 1648.75 1.5 1.86176e-10
16.5125 1.5 1 1.1981e-10 0 1651.25 1.5 1.79715e-10
16.5375 1.5 1 1.15648e-10 0 1653.75 1.5 1.73473e-10
16.5625 1.5 1 1.11628e-10 0 1656.25 1.5 1.67442e-10
16.5875 1.5 1 1.07743e-10 0 1658.75 1.5 1.61615e-10
16.6125 1.5 1 1.03993e-10 0 1661.25 1.5 1.55989e-10
16.6375 1.5 1 1.00373e-10 0 1663.75 1.5 1.50559e-10
16.6625 1.5 1 9.68791e-11 0 1666.25 1.5 1.45319e-10
16.6875 1.5 1 9.35093e-11 0 1668.75 1.5 1.40264e-10
16.7125 1.5 1 9.02597e-11 0 1671.25 1.5 1.3539e-10
16.7375 1.5 1 8.71269e-11 0 1673.75 1.5 1.3069e-10
16.7625 1.5 1 8.41075e-11 0 1676.25 1.5 1.26161e-10
16.7875 1.5 1 8.11963e-11 0 1678.75 1.5 1.21794e-10
16.8125 1.5 1 7.83875e-11 0 1681.25 1.5 1.17581e-10
16.8375 1.5 1 7.56755e-11 0 1683.75 1.5 1.13513e-10
16.8625 1.5 1 7.30536e-11 0 1686.25 1.5 1.0958e-10
16.8875 1.5 1 7.05178e-11 0 1688.75 1.5 1.05777e-10
16.9125 1.5 1 6.80647e-11 0 1691.25 1.5 1.02097e-10
16.9375 1.5 1 6.56926e-11 0 1693.75 1.5 9.8539e-11
16.9625 1.5 1 6.33998e-11 0 1696.25 1.5 9.50997e-11
16.9875 1.5 1 6.11858e-11 0 1698.75 1.5 9.17786e-11
17.0125 1.5 1 5.90493e-11 0 1701.25 1.5 8.8574e-11
17.0375 1.5 1 5.69902e-11 0 1703.75 1.5 8.54853e-11
17.0625 1.5 1 5.5006e-11 0 1706.25 1.5 8.2509e-11
17.0875 1.5 1 5.30944e-11 0 1708.75 1.5 7.96416e-11
17.1125 1.5 1 5.12531e-11 0 1711.25 1.5 7.68797e-11
17.1375 1.5 1 4.94791e-11 0 1713.75 1.5 7.42186e-11
17.1625 1.5 1 4.77701e-11 0 1716.25 1.5 7.16551e-11
17.1875 1.5 1 4.61223e-11 0 1718.75 1.5 6.91834e-11
17.2125 1.5 1 4.4532e-11 0 1721.25 1.5 6.6798e-11
17.2375 1.5 1 4.29958e-11 0 1723.75 1.5 6.44936e-11
17.2625 1.5 1 4.15095e-11 0 1726.25 1.5 6.22642e-11
17.2875 1.5 1 4.00701e-11 0 1728.75 1.5 6.01052e-11
17.3125 1.5 1 3.8676e-11 0 1731.25 1.5 5.8014e-11
17.3375 1.5 1 3.73249e-11 0 1733.75 1.5 5.59874e-11
17.3625 1.5 1 3.60167e-11 0 1736.25 1.5 5.40251e-11
17.3875 1.5 1 3.47513e-11 0 1738.75 1.5 5.2127e-11
17.4125 1.5 1 3.35292e-11 0 1741.25 1.5 5.02938e-11
17.4375 1.5 1 3.23506e-11 0 1743.75 1.5 4.85258e-11
17.4625 1.5 1 3.12164e-11 0 1746.25 1.5 4.68246e-11
17.4875 1.5 1 3.01257e-11 0 1748.75 1.5 4.51885e-11
17.5125 1.5 1 2.90776e-11 0 1751.25 1.5 4.36165e-11
17.5375 1.5 1 2.80707e-11 0 1753.75 1.5 4.21061e-11
17.5625 1.5 1 2.71029e-11 0 1756.25 1.5 4.06544e-11
17.5875 1.5 1 2.61722e-11 0 1758.75 1.5 3.92583e-11
17.6125 1.5 1 2.52766e-11 0 1761.25 1.5 3.79149e-11
17.6375 1.5 1 2.44143e-11 0 1763.75 1.5 3.66214e-11
17.6625 1.5 1 2.35819e-11 0 1766.25 1.5 3.53728e-11
17.6875 1.5 1 2.27765e-11 0 1768.75 1.5 3.41647e-11
17.7125 1.5 1 2.19957e-11 0 1771.25 1.5 3.29935e-11
17.7375 1.5 1 2.12375e-11 0 1773.75 1.5 3.18563e-11
17.7625 1.5 1 2.05004e-11 0 1776.25 1.5 3.07506e-11
17.7875 1.5 1 1.9784e-11 0 1778.75 1.5 2.96759e-11
17.8125 1.5 1 1.9088e-11 0 1781.25 1.5 2.86321e-11
17.8375 1.5 1 1.84132e-11 0 1783.75 1.5 2.76199e-11
17.8625 1.5 1 1.77593e-11 0 1786.25 1.5 2.6639e-11
17.8875 1.5 1 1.71269e-11 0 1788.75 1.5 2.56903e-11
17.9125 1.5 1 1.6517e-11 0 1791.25 1.5 2.47755e-11
17.9375 1.5 1 1.59296e-11 0 1793.75 1.5 2.38944e-11
17.9625 1.5 1 1.5365e-11 0 1796.25 1.5 2.30474e-11
17.9875 1.5 1 1.48236e-11 0 1798.75 1.5 2.22355e-11
18.0125 1.5 1 1.43044e-11 0 1801.25 1.5 2.14566e-11
18.0375 1.5 1 1.38082e-11 0 1803.75 1.5 2.07124e-11
18.0625 1.5 1 1.33338e-11 0 1806.25 1.5 2.00007e-11
18.0875 1.5 1 1.28795e-11 0 1808.75 1.5 1.93193e-11
18.1125 1.5 1 1.24435e-11 0 1811.25 1.5 1.86652e-11
18.1375 1.5 1 1.20253e-11 0 1813.75 1.5 1.8038e-11
18.1625 1.5 1 1.16225e-11 0 1816.25 1.5 1.74337e-11
18.1875 1.5 1 1.12339e-11 0 1818.75 1.5 1.68509e-11
18.2125 1.5 1 1.08582e-11 0 1821.25 1.5 1.62873e-11
18.2375 1.5 1 1.04945e-11 0 1823.75 1.5 1.57417e-11
18.2625 1.5 1 1.01416e-11 0 1826.25 1.5 1.52124e-11
18.2875 1.5 1 9.79798e-12 0 1828.75 1.5 1.4697e-11
18.3125 1.5 1 9.46296e-12 0 1831.25 1.5 1.41944e-11
18.3375 1.5 1 9.13551e-12 0 1833.75 1.5 1.37033e-11
18.3625 1.5 1 8.81628e-12 0 1836.25 1.5 1.32244e-11
18.3875 1.5 1 8.50458e-12 0 1838.75 1.5 1.27569e-11
18.4125 1.5 1 8.2009e-12 0 1841.25 1.5 1.23014e-11
18.4375 1.5 1 7.90471e-12 0 1843.75 1.5 1.18571e-11
18.4625 1.5 1 7.61641e-12 0 1846.25 1.5 1.14246e-11
18.4875 1.5 1 7.33694e-12 0 1848.75 1.5 1.10054e-11
18.5125 1.5 1 7.06681e-12 0 1851.25 1.5 1.06002e-11
18.5375 1.5 1 6.80579e-12 0 1853.75 1.5 1.02087e-11
18.5625 1.5 1 6.55486e-12 0 1856.25 1.5 9.8323e-12
18.5875 1.5 1 6.31366e-12 0 1858.75 1.5 9.47049e-12
18.6125 1.5 1 6.0822e-12 0 1861.25 1.5 9.1233e-12
18.6375 1.5 1 5.86054e-12 0 1863.75 1.5 8.79081e-12
18.6625 1.5 1 5.65005e-12 0 1866.25 1.5 8.47507e-12
18.6875 1.5 1 5.44978e-12 0 1868.75 1.5 8.17467e-12
18.7125 1.5 1 5.25974e-12 0 1871.25 1.5 7.88962e-12
18.7375 1.5 1 5.07928e-12 0 1873.75 1.5 7.61892e-12
18.7625 1.5 1 4.90766e-12 0 1876.25 1.5 7.3615e-12
18.7875 1.5 1 4.74466e-12 0 1878.75 1.5 7.11699e-12
18.8125 1.5 1 4.58863e-12 0 1881.25 1.5 6.88295e-12
18.8375 1.5 1 4.43998e-12 0 1883.75 1.5 6.65997e-12
18.8625 1.5 1 4.29858e-12 0 1886.25 1.5 6.44788e-12
18.8875 1.5 1 4.16283e-12 0 1888.75 1.5 6.24424e-12
18.9125 1.5 1 4.03304e-12 0 1891.25 1.5 6.04956e-12
18.9375 1.5 1 3.90751e-12 0 1893.75 1.5 5.86127e-12
18.9625 1.5 1 3.7862e-12 0 1896.25 1.5 5.6793e-12
18.9875 1.5 1 3.66917e-12 0 1898.75 1.5 5.50375e-12
19.0125 1.5 1 3.55584e-12 0 1901.25 1.5 5.33376e-12
19.0375 1.5 1 3.44611e-12 0 1903.75 1.5 5.16917e-12
19.0625 1.5 1 3.33906e-12 0 1906.25 1.5 5.00858e-12
19.0875 1.5 1 3.23422e-12 0 1908.75 1.5 4.85134e-12
19.1125 1.5 1 3.1315e-12 0 1911.25 1.5 4.69725e-12
19.1375 1.5 1 3.02999e-12 0 1913.75 1.5 4.54499e-12
19.1625 1.5 1 2.93013e-12 0 1916.25 1.5 4.39519e-12
19.1875 1.5 1 2.83207e-12 0 1918.75 1.5 4.2481e-12
19.2125 1.5 1 2.73577e-12 0 1921.25 1.5 4.10366e-12
19.2375 1.5 1 2.6421e-12 0 1923.75 1.5 3.96314e-12
19.2625 1.5 1 2.55059e-12 0 1926.25 1.5 3.82589e-12
19.2875 1.5 1 2.46031e-12 0 1928.75 1.5 3.69046e-12
19.3125 1.5 1 2.37194e-12 0 1931.25 1.5 3.55791e-12
19.3375 1.5 1 2.28446e-12 0 1933.75 1.5 3.42669e-12
19.3625 1.5 1 2.19908e-12 0 1936.25 1.5 3.29862e-12
19.3875 1.5 1 2.1161e-12 0 1938.75 1.5 3.17416e-12
19.4125 1.5 1 2.03587e-12 0 1941.25 1.5 3.0538e-12
19.4375 1.5 1 1.95822e-12 0 1943.75 1.5 2.93734e-12
19.4625 1.5 1 1.88298e-12 0 1946.25 1.5 2.82447e-12
19.4875 1.5 1 1.80988e-12 0 1948.75 1.5 2.71483e-12
19.5125 1.5 1 1.73852e-12 0 1951.25 1.5 2.60778e-12
19.5375 1.5 1 1.66845e-12 0 1953.75 1.5 2.50267e-12
19.5625 1.5 1 1.60009e-12 0 1956.25 1.5 2.40013e-12
19.5875 1.5 1 1.53395e-12 0 1958.75 1.5 2.30092e-12
19.6125 1.5 1 1.47001e-12 0 1961.25 1.5 2.20501e-12
19.6375 1.5 1 1.4076e-12 0 1963.75 1.5 2.11141e-12
19.6625 1.5 1 1.34775e-12 0 1966.25 1.5 2.02162e-12
19.6875 1.5 1 1.29004e-12 0 1968.75 1.5 1.93505e-12
19.7125 1.5 1 1.23479e-12 0 1971.25 1.5 1.85219e-12
19.7375 1.5 1 1.18133e-12 0 1973.75 1.5 1.772e-12
19.7625 1.5 1 1.12995e-12 0 1976.25 1.5 1.69493e-12
19.7875 1.5 1 1.08032e-12 0 1978.75 1.5 1.62048e-12
19.8125 1.5 1 1.03179e-12 0 1981.25 1.5 1.54768e-12
19.8375 1.5 1 9.8489e-13 0 1983.75 1.5 1.47733e-12
19.8625 1.5 1 9.3866e-13 0 1986.25 1.5 1.40799e-12
19.8875 1.5 1 8.93846e-13 0 1988.75 1.5 1.34077e-12
19.9125 1.5 1 8.49984e-13 0 1991.25 1.5 1.27498e-12
19.9375 1.5 1 8.07623e-13 0 1993.75 1.5 1.21144e-12
19.9625 1.5 1 7.64946e-13 0 1996.25 1.5 1.14742e-12
19.9875 1.5 1 7.23866e-13 0 1998.75 1.5 1.0858e-12
