-19.9875 1.5 1 2.21583e-06 0 -199.875 1.5 3.32374e-06
-19.9625 1.5 1 2.15176e-06 0 -199.625 1.5 3.22764e-06
-19.9375 1.5 1 1.97838e-06 0 -199.375 1.5 2.96757e-06
-19.9125 1.5 1 1.70501e-06 0 -199.125 1.5 2.55752e-06
-19.8875 1.5 1 1.34622e-06 0 -198.875 1.5 2.01933e-06
-19.8625 1.5 1 9.2132e-07 0 -198.625 1.5 1.38198e-06
-19.8375 1.5 1 4.52975e-07 0 -198.375 1.5 6.79463e-07
-19.8125 1.5 1 -3.23179e-08 0 -198.125 1.5 -4.84769e-08
-19.7875 1.5 1 -5.07163e-07 0 -197.875 1.5 -7.60745e-07
-19.7625 1.5 1 -9.50806e-07 0 -197.625 1.5 -1.42621e-06
-19.7375 1.5 1 -1.34118e-06 0 -197.375 1.5 -2.01177e-06
-19.7125 1.5 1 -1.65834e-06 0 -197.125 1.5 -2.48751e-06
-19.6875 1.5 1 -1.88601e-06 0 -196.875 1.5 -2.82902e-06
-19.6625 1.5 1 -2.01281e-06 0 -196.625 1.5 -3.01921e-06
-19.6375 1.5 1 -2.03267e-06 0 -196.375 1.5 -3.04901e-06
-19.6125 1.5 0.999999 -1.94427e-06 0 -196.125 1.5 -2.9164e-06
-19.5875 1.5 0.999999 -1.75309e-06 0 -195.875 1.5 -2.62964e-06
-19.5625 1.5 0.999999 -1.46967e-06 0 -195.625 1.5 -2.2045e-06
-19.5375 1.5 0.999998 -1.1102e-06 0 -195.375 1.5 -1.6653e-06
-19.5125 1.5 0.999998 -6.95145e-07 0 -195.125 1.5 -1.04272e-06
-19.4875 1.5 0.999998 -2.47795e-07 0 -194.875 1.5 -3.71693e-07
-19.4625 1.5 0.999998 2.05161e-07 0 -194.625 1.5 3.07741e-07
-19.4375 1.5 0.999998 6.37309e-07 0 -194.375 1.5 9.55964e-07
-19.4125 1.5 0.999998 1.02798e-06 0 -194.125 1.5 1.54197e-06
-19.3875 1.5 0.999999 1.35687e-06 0 -193.875 1.5 2.0353e-06
-19.3625 1.5 0.999999 1.60706e-06 0 -193.625 1.5 2.41059e-06
-19.3375 1.5 0.999999 1.76595e-06 0 -193.375 1.5 2.64893e-06
-19.3125 1.5 1 1.82594e-06 0 -193.125 1.5 2.73891e-06
-19.2875 1.5 1 1.78497e-06 0 -192.875 1.5 2.67745e-06
-19.2625 1.5 1 1.64693e-06 0 -192.625 1.5 2.47039e-06
-19.2375 1.5 1 1.42089e-06 0 -192.375 1.5 2.13134e-06
-19.2125 1.5 1 1.12047e-06 0 -192.125 1.5 1.6807e-06
-19.1875 1.5 1 7.62881e-07 0 -191.875 1.5 1.14432e-06
-19.1625 1.5 1 3.68393e-07 0 -191.625 1.5 5.52589e-07
-19.1375 1.5 1 -3.95498e-08 0 -191.375 1.5 -5.93247e-08
-19.1125 1.5 1 -4.351e-07 0 -191.125 1.5 -6.52651e-07
-19.0875 1.5 1 -7.98389e-07 0 -190.875 1.5 -1.19758e-06
-19.0625 1.5 1 -1.11107e-06 0 -190.625 1.5 -1.66661e-06
-19.0375 1.5 1 -1.35606e-06 0 -190.375 1.5 -2.03409e-06
-19.0125 1.5 1 -1.52017e-06 0 -190.125 1.5 -2.28026e-06
-18.9875 1.5 1 -1.59512e-06 0 -189.875 1.5 -2.39268e-06
-18.9625 1.5 1 -1.57814e-06 0 -189.625 1.5 -2.36721e-06
-18.9375 1.5 0.999999 -1.47175e-06 0 -189.375 1.5 -2.20763e-06
-18.9125 1.5 0.999999 -1.28354e-06 0 -189.125 1.5 -1.9253e-06
-18.8875 1.5 0.999999 -1.0259e-06 0 -188.875 1.5 -1.53885e-06
-18.8625 1.5 0.999999 -7.14869e-07 0 -188.625 1.5 -1.0723e-06
-18.8375 1.5 0.999999 -3.69446e-07 0 -188.375 1.5 -5.54169e-07
-18.8125 1.5 0.999998 -1.054e-08 0 -188.125 1.5 -1.581e-08
-18.7875 1.5 0.999999 3.38894e-07 0 -187.875 1.5 5.08341e-07
-18.7625 1.5 0.999999 6.59022e-07 0 -187.625 1.5 9.88533e-07
-18.7375 1.5 0.999999 9.34662e-07 0 -187.375 1.5 1.40199e-06
-18.7125 1.5 0.999999 1.15113e-06 0 -187.125 1.5 1.72669e-06
-18.6875 1.5 0.999999 1.29686e-06 0 -186.875 1.5 1.94529e-06
-18.6625 1.5 1 1.36455e-06 0 -186.625 1.5 2.04682e-06
-18.6375 1.5 1 1.35178e-06 0 -186.375 1.5 2.02767e-06
-18.6125 1.5 1 1.26073e-06 0 -186.125 1.5 1.8911e-06
-18.5875 1.5 1 1.0975e-06 0 -185.875 1.5 1.64625e-06
-18.5625 1.5 1 8.72877e-07 0 -185.625 1.5 1.30932e-06
-18.5375 1.5 1 6.01196e-07 0 -185.375 1.5 9.01794e-07
-18.5125 1.5 1 2.9956e-07 0 -185.125 1.5 4.4934e-07
-18.4875 1.5 1 -1.32074e-08 0 -184.875 1.5 -1.98111e-08
-18.4625 1.5 1 -3.16046e-07 0 -184.625 1.5 -4.74069e-07
-18.4375 1.5 1 -5.90554e-07 0 -184.375 1.5 -8.85832e-07
-18.4125 1.5 1 -8.23034e-07 0 -184.125 1.5 -1.23455e-06
-18.3875 1.5 1 -1.00069e-06 0 -183.875 1.5 -1.50103e-06
-18.3625 1.5 1 -1.11403e-06 0 -183.625 1.5 -1.67104e-06
-18.3375 1.5 1 -1.15759e-06 0 -183.375 1.5 -1.73639e-06
-18.3125 1.5 1 -1.1306e-06 0 -183.125 1.5 -1.6959e-06
-18.2875 1.5 1 -1.03643e-06 0 -182.875 1.5 -1.55465e-06
-18.2625 1.5 0.999999 -8.82033e-07 0 -182.625 1.5 -1.32305e-06
-18.2375 1.5 0.999999 -6.77818e-07 0 -182.375 1.5 -1.01673e-06
-18.2125 1.5 0.999999 -4.36979e-07 0 -182.125 1.5 -6.55468e-07
-18.1875 1.5 0.999999 -1.74956e-07 0 -181.875 1.5 -2.62434e-07
-18.1625 1.5 0.999999 9.14835e-08 0 -181.625 1.5 1.37225e-07
-18.1375 1.5 0.999999 3.44098e-07 0 -181.375 1.5 5.16148e-07
-18.1125 1.5 0.999999 5.68213e-07 0 -181.125 1.5 8.5232e-07
-18.0875 1.5 0.999999 7.51965e-07 0 -180.875 1.5 1.12795e-06
-18.0625 1.5 0.999999 8.84565e-07 0 -180.625 1.5 1.32685e-06
-18.0375 1.5 1 9.58519e-07 0 -180.375 1.5 1.43778e-06
-18.0125 1.5 1 9.70477e-07 0 -180.125 1.5 1.45572e-06
-17.9875 1.5 1 9.2101e-07 0 -179.875 1.5 1.38152e-06
-17.9625 1.5 1 8.14075e-07 0 -179.625 1.5 1.22111e-06
-17.9375 1.5 1 6.57661e-07 0 -179.375 1.5 9.86492e-07
-17.9125 1.5 1 4.63046e-07 0 -179.125 1.5 6.94569e-07
-17.8875 1.5 1 2.43557e-07 0 -178.875 1.5 3.65335e-07
-17.8625 1.5 1 1.34908e-08 0 -178.625 1.5 2.02362e-08
-17.8375 1.5 1 -2.11033e-07 0 -178.375 1.5 -3.1655e-07
-17.8125 1.5 1 -4.13694e-07 0 -178.125 1.5 -6.20542e-07
-17.7875 1.5 1 -5.84084e-07 0 -177.875 1.5 -8.76126e-07
-17.7625 1.5 1 -7.12524e-07 0 -177.625 1.5 -1.06879e-06
-17.7375 1.5 1 -7.91663e-07 0 -177.375 1.5 -1.18749e-06
-17.7125 1.5 1 -8.17361e-07 0 -177.125 1.5 -1.22604e-06
-17.6875 1.5 1 -7.89034e-07 0 -176.875 1.5 -1.18355e-06
-17.6625 1.5 1 -7.09685e-07 0 -176.625 1.5 -1.06453e-06
-17.6375 1.5 1 -5.84709e-07 0 -176.375 1.5 -8.77064e-07
-17.6125 1.5 0.999999 -4.2285e-07 0 -176.125 1.5 -6.34275e-07
-17.5875 1.5 0.999999 -2.35377e-07 0 -175.875 1.5 -3.53066e-07
-17.5625 1.5 0.999999 -3.51187e-08 0 -175.625 1.5 -5.26781e-08
-17.5375 1.5 0.999999 1.64126e-07 0 -175.375 1.5 2.46189e-07
-17.5125 1.5 0.999999 3.47665e-07 0 -175.125 1.5 5.21497e-07
-17.4875 1.5 0.999999 5.02458e-07 0 -174.875 1.5 7.53688e-07
-17.4625 1.5 0.999999 6.19967e-07 0 -174.625 1.5 9.2995e-07
-17.4375 1.5 0.999999 6.92806e-07 0 -174.375 1.5 1.03921e-06
-17.4125 1.5 1 7.16533e-07 0 -174.125 1.5 1.0748e-06
-17.3875 1.5 1 6.90168e-07 0 -173.875 1.5 1.03525e-06
-17.3625 1.5 1 6.16497e-07 0 -173.625 1.5 9.24746e-07
-17.3375 1.5 1 5.00866e-07 0 -173.375 1.5 7.51299e-07
-17.3125 1.5 1 3.51565e-07 0 -173.125 1.5 5.27347e-07
-17.2875 1.5 1 1.7919e-07 0 -172.875 1.5 2.68786e-07
-17.2625 1.5 1 -4.34821e-09 0 -172.625 1.5 -6.52231e-09
-17.2375 1.5 1 -1.86268e-07 0 -172.375 1.5 -2.79402e-07
-17.2125 1.5 1 -3.53451e-07 0 -172.125 1.5 -5.30176e-07
-17.1875 1.5 1 -4.9373e-07 0 -171.875 1.5 -7.40595e-07
-17.1625 1.5 1 -5.98052e-07 0 -171.625 1.5 -8.97078e-07
-17.1375 1.5 1 -6.60364e-07 0 -171.375 1.5 -9.90546e-07
-17.1125 1.5 1 -6.76478e-07 0 -171.125 1.5 -1.01472e-06
-17.0875 1.5 1 -6.45208e-07 0 -170.875 1.5 -9.67812e-07
-17.0625 1.5 1 -5.68946e-07 0 -170.625 1.5 -8.5342e-07
-17.0375 1.5 1 -4.52543e-07 0 -170.375 1.5 -6.78814e-07
-17.0125 1.5 1 -3.03316e-07 0 -170.125 1.5 -4.54973e-07
-16.9875 1.5 1 -1.31361e-07 0 -169.875 1.5 -1.97042e-07
-16.9625 1.5 1 5.14968e-08 0 -169.625 1.5 7.72452e-08
-16.9375 1.5 0.999999 2.32297e-07 0 -169.375 1.5 3.48446e-07
-16.9125 1.5 0.999999 3.98395e-07 0 -169.125 1.5 5.97592e-07
-16.8875 1.5 0.999999 5.3782e-07 0 -168.875 1.5 8.0673e-07
-16.8625 1.5 0.999999 6.39821e-07 0 -168.625 1.5 9.59731e-07
-16.8375 1.5 1 6.98454e-07 0 -168.375 1.5 1.04768e-06
-16.8125 1.5 1 7.09692e-07 0 -168.125 1.5 1.06454e-06
-16.7875 1.5 1 6.72707e-07 0 -167.875 1.5 1.00906e-06
-16.7625 1.5 1 5.89925e-07 0 -167.625 1.5 8.84887e-07
-16.7375 1.5 1 4.66464e-07 0 -167.375 1.5 6.99697e-07
-16.7125 1.5 1 3.09859e-07 0 -167.125 1.5 4.64788e-07
-16.6875 1.5 1 1.30089e-07 0 -166.875 1.5 1.95133e-07
-16.6625 1.5 1 -6.11423e-08 0 -166.625 1.5 -9.17134e-08
-16.6375 1.5 1 -2.51038e-07 0 -166.375 1.5 -3.76557e-07
-16.6125 1.5 1 -4.27074e-07 0 -166.125 1.5 -6.40611e-07
-16.5875 1.5 1 -5.77739e-07 0 -165.875 1.5 -8.66608e-07
-16.5625 1.5 1 -6.92829e-07 0 -165.625 1.5 -1.03924e-06
-16.5375 1.5 1 -7.644e-07 0 -165.375 1.5 -1.1466e-06
-16.5125 1.5 1 -7.88136e-07 0 -165.125 1.5 -1.1822e-06
-16.4875 1.5 1 -7.62267e-07 0 -164.875 1.5 -1.1434e-06
-16.4625 1.5 1 -6.88188e-07 0 -164.625 1.5 -1.03228e-06
-16.4375 1.5 1 -5.69675e-07 0 -164.375 1.5 -8.54513e-07
-16.4125 1.5 1 -4.13461e-07 0 -164.125 1.5 -6.20191e-07
-16.3875 1.5 1 -2.28913e-07 0 -163.875 1.5 -3.43369e-07
-16.3625 1.5 1 -2.73711e-08 0 -163.625 1.5 -4.10567e-08
-16.3375 1.5 1 1.78359e-07 0 -163.375 1.5 2.67538e-07
-16.3125 1.5 1 3.75225e-07 0 -163.125 1.5 5.62837e-07
-16.2875 1.5 1 5.51401e-07 0 -162.875 1.5 8.27101e-07
-16.2625 1.5 1 6.96442e-07 0 -162.625 1.5 1.04466e-06
-16.2375 1.5 1 8.01484e-07 0 -162.375 1.5 1.20223e-06
-16.2125 1.5 1 8.5946e-07 0 -162.125 1.5 1.28919e-06
-16.1875 1.5 1 8.66726e-07 0 -161.875 1.5 1.30009e-06
-16.1625 1.5 1 8.23632e-07 0 -161.625 1.5 1.23545e-06
-16.1375 1.5 1 7.33377e-07 0 -161.375 1.5 1.10007e-06
-16.1125 1.5 1 6.0127e-07 0 -161.125 1.5 9.01905e-07
-16.0875 1.5 1 4.34941e-07 0 -160.875 1.5 6.52412e-07
-16.0625 1.5 1 2.4375e-07 0 -160.625 1.5 3.65625e-07
-16.0375 1.5 1 3.81297e-08 0 -160.375 1.5 5.71946e-08
-16.0125 1.5 1 -1.70127e-07 0 -160.125 1.5 -2.55191e-07
-15.9875 1.5 1 -3.69385e-07 0 -159.875 1.5 -5.54077e-07
-15.9625 1.5 1 -5.48976e-07 0 -159.625 1.5 -8.23464e-07
-15.9375 1.5 1 -6.99894e-07 0 -159.375 1.5 -1.04984e-06
-15.9125 1.5 1 -8.1444e-07 0 -159.125 1.5 -1.22166e-06
-15.8875 1.5 1 -8.86167e-07 0 -158.875 1.5 -1.32925e-06
-15.8625 1.5 1 -9.11419e-07 0 -158.625 1.5 -1.36713e-06
-15.8375 1.5 1 -8.89653e-07 0 -158.375 1.5 -1.33448e-06
-15.8125 1.5 1 -8.22634e-07 0 -158.125 1.5 -1.23395e-06
-15.7875 1.5 1 -7.14055e-07 0 -157.875 1.5 -1.07108e-06
-15.7625 1.5 1 -5.70074e-07 0 -157.625 1.5 -8.55111e-07
-15.7375 1.5 1 -3.98533e-07 0 -157.375 1.5 -5.978e-07
-15.7125 1.5 1 -2.08665e-07 0 -157.125 1.5 -3.12997e-07
-15.6875 1.5 1 -1.00827e-08 0 -156.875 1.5 -1.5124e-08
-15.6625 1.5 1 1.87253e-07 0 -156.625 1.5 2.8088e-07
-15.6375 1.5 1 3.7413e-07 0 -156.375 1.5 5.61194e-07
-15.6125 1.5 1 5.42611e-07 0 -156.125 1.5 8.13917e-07
-15.5875 1.5 1 6.8623e-07 0 -155.875 1.5 1.02935e-06
-15.5625 1.5 1 7.99385e-07 0 -155.625 1.5 1.19908e-06
-15.5375 1.5 1 8.76968e-07 0 -155.375 1.5 1.31545e-06
-15.5125 1.5 1 9.16617e-07 0 -155.125 1.5 1.37493e-06
-15.4875 1.5 1 9.17513e-07 0 -154.875 1.5 1.37627e-06
-15.4625 1.5 1 8.80078e-07 0 -154.625 1.5 1.32012e-06
-15.4375 1.5 1 8.05605e-07 0 -154.375 1.5 1.20841e-06
-15.4125 1.5 1 6.97284e-07 0 -154.125 1.5 1.04593e-06
-15.3875 1.5 0.999999 5.59541e-07 0 -153.875 1.5 8.39312e-07
-15.3625 1.5 0.999999 3.97925e-07 0 -153.625 1.5 5.96888e-07
-15.3375 1.5 0.999999 2.1862e-07 0 -153.375 1.5 3.2793e-07
-15.3125 1.5 0.999999 2.85362e-08 0 -153.125 1.5 4.28043e-08
-15.2875 1.5 0.999999 -1.64977e-07 0 -152.875 1.5 -2.47465e-07
-15.2625 1.5 0.999999 -3.5497e-07 0 -152.625 1.5 -5.32454e-07
-15.2375 1.5 0.999999 -5.35563e-07 0 -152.375 1.5 -8.03345e-07
-15.2125 1.5 0.999999 -6.98955e-07 0 -152.125 1.5 -1.04843e-06
-15.1875 1.5 0.999999 -8.38541e-07 0 -151.875 1.5 -1.25781e-06
-15.1625 1.5 0.999999 -9.49231e-07 0 -151.625 1.5 -1.42385e-06
-15.1375 1.5 1 -1.02652e-06 0 -151.375 1.5 -1.53978e-06
-15.1125 1.5 1 -1.06668e-06 0 -151.125 1.5 -1.60002e-06
-15.0875 1.5 1 -1.06697e-06 0 -150.875 1.5 -1.60046e-06
-15.0625 1.5 1 -1.02569e-06 0 -150.625 1.5 -1.53854e-06
-15.0375 1.5 1 -9.42286e-07 0 -150.375 1.5 -1.41343e-06
-15.0125 1.5 1 -8.18064e-07 0 -150.125 1.5 -1.2271e-06
-14.9875 1.5 1 -6.55803e-07 0 -149.875 1.5 -9.83704e-07
-14.9625 1.5 1 -4.60053e-07 0 -149.625 1.5 -6.90079e-07
-14.9375 1.5 1 -2.36833e-07 0 -149.375 1.5 -3.55249e-07
-14.9125 1.5 1 7.31395e-09 0 -149.125 1.5 1.09709e-08
-14.8875 1.5 1 2.64731e-07 0 -148.875 1.5 3.97096e-07
-14.8625 1.5 1 5.24601e-07 0 -148.625 1.5 7.86901e-07
-14.8375 1.5 1 7.74856e-07 0 -148.375 1.5 1.16228e-06
-14.8125 1.5 1 1.00431e-06 0 -148.125 1.5 1.50646e-06
-14.7875 1.5 1 1.20189e-06 0 -147.875 1.5 1.80284e-06
-14.7625 1.5 1 1.35721e-06 0 -147.625 1.5 2.03582e-06
-14.7375 1.5 1 1.46129e-06 0 -147.375 1.5 2.19193e-06
-14.7125 1.5 1 1.50725e-06 0 -147.125 1.5 2.26088e-06
-14.6875 1.5 0.999999 1.49058e-06 0 -146.875 1.5 2.23587e-06
-14.6625 1.5 0.999999 1.40883e-06 0 -146.625 1.5 2.11325e-06
-14.6375 1.5 0.999999 1.26259e-06 0 -146.375 1.5 1.89388e-06
-14.6125 1.5 0.999998 1.05521e-06 0 -146.125 1.5 1.58282e-06
-14.5875 1.5 0.999998 7.92832e-07 0 -145.875 1.5 1.18925e-06
-14.5625 1.5 0.999998 4.84352e-07 0 -145.625 1.5 7.26529e-07
-14.5375 1.5 0.999998 1.40336e-07 0 -145.375 1.5 2.10504e-07
-14.5125 1.5 0.999998 -2.26905e-07 0 -145.125 1.5 -3.40358e-07
-14.4875 1.5 0.999998 -6.00813e-07 0 -144.875 1.5 -9.0122e-07
-14.4625 1.5 0.999998 -9.63256e-07 0 -144.625 1.5 -1.44489e-06
-14.4375 1.5 0.999999 -1.29733e-06 0 -144.375 1.5 -1.94599e-06
-14.4125 1.5 0.999999 -1.58676e-06 0 -144.125 1.5 -2.38014e-06
-14.3875 1.5 0.999999 -1.81678e-06 0 -143.875 1.5 -2.72517e-06
-14.3625 1.5 1 -1.975e-06 0 -143.625 1.5 -2.9625e-06
-14.3375 1.5 1 -2.05211e-06 0 -143.375 1.5 -3.07816e-06
-14.3125 1.5 1 -2.04232e-06 0 -143.125 1.5 -3.06348e-06
-14.2875 1.5 1 -1.94365e-06 0 -142.875 1.5 -2.91548e-06
-14.2625 1.5 1 -1.75791e-06 0 -142.625 1.5 -2.63687e-06
-14.2375 1.5 1 -1.4909e-06 0 -142.375 1.5 -2.23635e-06
-14.2125 1.5 1 -1.15234e-06 0 -142.125 1.5 -1.7285e-06
-14.1875 1.5 1 -7.55358e-07 0 -141.875 1.5 -1.13304e-06
-14.1625 1.5 1 -3.15749e-07 0 -141.625 1.5 -4.73623e-07
-14.1375 1.5 1 1.49962e-07 0 -141.375 1.5 2.24942e-07
-14.1125 1.5 1 6.23111e-07 0 -141.125 1.5 9.34666e-07
-14.0875 1.5 1 1.08238e-06 0 -140.875 1.5 1.62357e-06
-14.0625 1.5 1 1.50672e-06 0 -140.625 1.5 2.26008e-06
-14.0375 1.5 1 1.87759e-06 0 -140.375 1.5 2.81639e-06
-14.0125 1.5 1 2.1786e-06 0 -140.125 1.5 3.2679e-06
-13.9875 1.5 1 2.39611e-06 0 -139.875 1.5 3.59416e-06
-13.9625 1.5 1 2.51995e-06 0 -139.625 1.5 3.77992e-06
-13.9375 1.5 1 2.54385e-06 0 -139.375 1.5 3.81578e-06
-13.9125 1.5 0.999999 2.46562e-06 0 -139.125 1.5 3.69844e-06
-13.8875 1.5 0.999999 2.28673e-06 0 -138.875 1.5 3.43009e-06
-13.8625 1.5 0.999998 2.01339e-06 0 -138.625 1.5 3.02009e-06
-13.8375 1.5 0.999998 1.65547e-06 0 -138.375 1.5 2.48321e-06
-13.8125 1.5 0.999998 1.22633e-06 0 -138.125 1.5 1.83949e-06
-13.7875 1.5 0.999997 7.42214e-07 0 -137.875 1.5 1.11332e-06
-13.7625 1.5 0.999997 2.21173e-07 0 -137.625 1.5 3.3176e-07
-13.7375 1.5 0.999997 -3.18504e-07 0 -137.375 1.5 -4.77757e-07
-13.7125 1.5 0.999997 -8.5795e-07 0 -137.125 1.5 -1.28693e-06
-13.6875 1.5 0.999997 -1.37516e-06 0 -136.875 1.5 -2.06274e-06
-13.6625 1.5 0.999998 -1.84859e-06 0 -136.625 1.5 -2.77289e-06
-13.6375 1.5 0.999998 -2.25986e-06 0 -136.375 1.5 -3.38979e-06
-13.6125 1.5 0.999998 -2.59304e-06 0 -136.125 1.5 -3.88956e-06
-13.5875 1.5 0.999999 -2.83492e-06 0 -135.875 1.5 -4.25238e-06
-13.5625 1.5 1 -2.9755e-06 0 -135.625 1.5 -4.46326e-06
-13.5375 1.5 1 -3.00842e-06 0 -135.375 1.5 -4.51263e-06
-13.5125 1.5 1 -2.93116e-06 0 -135.125 1.5 -4.39674e-06
-13.4875 1.5 1 -2.74459e-06 0 -134.875 1.5 -4.11689e-06
-13.4625 1.5 1 -2.45416e-06 0 -134.625 1.5 -3.68123e-06
-13.4375 1.5 1 -2.06879e-06 0 -134.375 1.5 -3.10318e-06
-13.4125 1.5 1 -1.60088e-06 0 -134.125 1.5 -2.40131e-06
-13.3875 1.5 1 -1.06581e-06 0 -133.875 1.5 -1.59871e-06
-13.3625 1.5 1 -4.81368e-07 0 -133.625 1.5 -7.22051e-07
-13.3375 1.5 1 1.34692e-07 0 -133.375 1.5 2.02038e-07
-13.3125 1.5 1 7.62314e-07 0 -133.125 1.5 1.14347e-06
-13.2875 1.5 1 1.37827e-06 0 -132.875 1.5 2.0674e-06
-13.2625 1.5 1 1.95778e-06 0 -132.625 1.5 2.93667e-06
-13.2375 1.5 1 2.47928e-06 0 -132.375 1.5 3.71892e-06
-13.2125 1.5 1 2.92291e-06 0 -132.125 1.5 4.38436e-06
-13.1875 1.5 1 3.27102e-06 0 -131.875 1.5 4.90653e-06
-13.1625 1.5 1 3.50907e-06 0 -131.625 1.5 5.26361e-06
-13.1375 1.5 1 3.6263e-06 0 -131.375 1.5 5.43945e-06
-13.1125 1.5 0.999999 3.61632e-06 0 -131.125 1.5 5.42448e-06
-13.0875 1.5 0.999999 3.47717e-06 0 -130.875 1.5 5.21575e-06
-13.0625 1.5 0.999998 3.21108e-06 0 -130.625 1.5 4.81662e-06
-13.0375 1.5 0.999997 2.82496e-06 0 -130.375 1.5 4.23745e-06
-13.0125 1.5 0.999997 2.3303e-06 0 -130.125 1.5 3.49545e-06
-12.9875 1.5 0.999996 1.74273e-06 0 -129.875 1.5 2.6141e-06
-12.9625 1.5 0.999996 1.08177e-06 0 -129.625 1.5 1.62266e-06
-12.9375 1.5 0.999996 3.69327e-07 0 -129.375 1.5 5.5399e-07
-12.9125 1.5 0.999996 -3.72426e-07 0 -129.125 1.5 -5.58639e-07
-12.8875 1.5 0.999996 -1.11956e-06 0 -128.875 1.5 -1.67934e-06
-12.8625 1.5 0.999996 -1.84138e-06 0 -128.625 1.5 -2.76207e-06
-12.8375 1.5 0.999997 -2.51125e-06 0 -128.375 1.5 -3.76687e-06
-12.8125 1.5 0.999997 -3.10463e-06 0 -128.125 1.5 -4.65695e-06
-12.7875 1.5 0.999998 -3.59946e-06 0 -127.875 1.5 -5.39919e-06
-12.7625 1.5 0.999998 -3.97711e-06 0 -127.625 1.5 -5.96567e-06
-12.7375 1.5 0.999999 -4.2231e-06 0 -127.375 1.5 -6.33466e-06
-12.7125 1.5 1 -4.32747e-06 0 -127.125 1.5 -6.49121e-06
-12.6875 1.5 1 -4.28505e-06 0 -126.875 1.5 -6.42757e-06
-12.6625 1.5 1 -4.09574e-06 0 -126.625 1.5 -6.1436e-06
-12.6375 1.5 1 -3.76515e-06 0 -126.375 1.5 -5.64772e-06
-12.6125 1.5 1 -3.30344e-06 0 -126.125 1.5 -4.95516e-06
-12.5875 1.5 1 -2.72507e-06 0 -125.875 1.5 -4.0876e-06
-12.5625 1.5 1 -2.04839e-06 0 -125.625 1.5 -3.07258e-06
-12.5375 1.5 1 -1.29533e-06 0 -125.375 1.50001 -1.94299e-06
-12.5125 1.5 1 -4.89986e-07 0 -125.125 1.50001 -7.34978e-07
-12.4875 1.5 1 3.43993e-07 0 -124.875 1.50001 5.15988e-07
-12.4625 1.5 1 1.18138e-06 0 -124.625 1.50001 1.77207e-06
-12.4375 1.5 1 1.99217e-06 0 -124.375 1.50001 2.98825e-06
-12.4125 1.5 1 2.74805e-06 0 -124.125 1.5 4.12208e-06
-12.3875 1.5 1 3.42437e-06 0 -123.875 1.5 5.13655e-06
-12.3625 1.5 1 3.99898e-06 0 -123.625 1.5 5.99846e-06
-12.3375 1.5 1 4.45275e-06 0 -123.375 1.5 6.67912e-06
-12.3125 1.5 1 4.7701e-06 0 -123.125 1.5 7.15515e-06
-12.2875 1.5 1 4.93968e-06 0 -122.875 1.5 7.40952e-06
-12.2625 1.5 0.999999 4.95496e-06 0 -122.625 1.5 7.43245e-06
-12.2375 1.5 0.999998 4.81466e-06 0 -122.375 1.5 7.222e-06
-12.2125 1.5 0.999998 4.52163e-06 0 -122.125 1.5 6.78245e-06
-12.1875 1.5 0.999997 4.08348e-06 0 -121.875 1.5 6.12523e-06
-12.1625 1.5 0.999996 3.51223e-06 0 -121.625 1.5 5.26836e-06
-12.1375 1.5 0.999995 2.82401e-06 0 -121.375 1.49999 4.23602e-06
-12.1125 1.5 0.999995 2.03877e-06 0 -121.125 1.49999 3.05816e-06
-12.0875 1.5 0.999995 1.18005e-06 0 -120.875 1.49999 1.77008e-06
-12.0625 1.5 0.999994 2.72485e-07 0 -120.625 1.49999 4.08729e-07
-12.0375 1.5 0.999994 -6.59084e-07 0 -120.375 1.49999 -9.88628e-07
-12.0125 1.5 0.999995 -1.5889e-06 0 -120.125 1.49999 -2.38336e-06
-11.9875 1.5 0.999995 -2.48132e-06 0 -119.875 1.49999 -3.72199e-06
-11.9625 1.5 0.999995 -3.30873e-06 0 -119.625 1.49999 -4.9631e-06
-11.9375 1.5 0.999996 -4.04502e-06 0 -119.375 1.5 -6.06754e-06
-11.9125 1.5 0.999997 -4.66652e-06 0 -119.125 1.5 -6.99978e-06
-11.8875 1.5 0.999998 -5.15294e-06 0 -118.875 1.5 -7.72941e-06
-11.8625 1.5 0.999999 -5.48807e-06 0 -118.625 1.5 -8.2321e-06
-11.8375 1.5 1 -5.66027e-06 0 -118.375 1.5 -8.49041e-06
-11.8125 1.5 1 -5.6632e-06 0 -118.125 1.5 -8.4948e-06
-11.7875 1.5 1 -5.49615e-06 0 -117.875 1.5 -8.24422e-06
-11.7625 1.5 1 -5.16281e-06 0 -117.625 1.5 -7.7442e-06
-11.7375 1.5 1 -4.6723e-06 0 -117.375 1.5 -7.00844e-06
-11.7125 1.5 1 -4.03857e-06 0 -117.125 1.5 -6.05785e-06
-11.6875 1.5 1.00001 -3.27999e-06 0 -116.875 1.50001 -4.91998e-06
-11.6625 1.5 1.00001 -2.41865e-06 0 -116.625 1.50001 -3.62797e-06
-11.6375 1.5 1.00001 -1.47989e-06 0 -116.375 1.50001 -2.21983e-06
-11.6125 1.5 1.00001 -4.90287e-07 0 -116.125 1.50001 -7.35429e-07
-11.5875 1.5 1.00001 5.24439e-07 0 -115.875 1.50001 7.86658e-07
-11.5625 1.5 1.00001 1.53756e-06 0 -115.625 1.50001 2.30634e-06
-11.5375 1.5 1.00001 2.51476e-06 0 -115.375 1.50001 3.77213e-06
-11.5125 1.5 1.00001 3.42694e-06 0 -115.125 1.50001 5.1404e-06
-11.4875 1.5 1 4.24794e-06 0 -114.875 1.50001 6.37191e-06
-11.4625 1.5 1 4.95437e-06 0 -114.625 1.5 7.43154e-06
-11.4375 1.5 1 5.52621e-06 0 -114.375 1.5 8.28931e-06
-11.4125 1.5 1 5.94718e-06 0 -114.125 1.5 8.92076e-06
-11.3875 1.5 1 6.20508e-06 0 -113.875 1.5 9.30762e-06
-11.3625 1.5 1 6.29228e-06 0 -113.625 1.5 9.43841e-06
-11.3375 1.5 0.999999 6.20611e-06 0 -113.375 1.5 9.30917e-06
-11.3125 1.5 0.999998 5.94842e-06 0 -113.125 1.5 8.92263e-06
-11.2875 1.5 0.999997 5.5258e-06 0 -112.875 1.5 8.28871e-06
-11.2625 1.5 0.999996 4.94902e-06 0 -112.625 1.5 7.42354e-06
-11.2375 1.5 0.999995 4.23287e-06 0 -112.375 1.49999 6.34932e-06
-11.2125 1.5 0.999994 3.39593e-06 0 -112.125 1.49999 5.09391e-06
-11.1875 1.5 0.999994 2.46022e-06 0 -111.875 1.49999 3.69034e-06
-11.1625 1.5 0.999993 1.4509e-06 0 -111.625 1.49999 2.17635e-06
-11.1375 1.5 0.999993 3.93686e-07 0 -111.375 1.49999 5.90529e-07
-11.1125 1.5 0.999993 -6.86087e-07 0 -111.125 1.49999 -1.02913e-06
-11.0875 1.5 0.999993 -1.76219e-06 0 -110.875 1.49999 -2.64329e-06
-11.0625 1.5 0.999994 -2.79807e-06 0 -110.625 1.49999 -4.19711e-06
-11.0375 1.5 0.999994 -3.76581e-06 0 -110.375 1.49999 -5.64872e-06
-11.0125 1.5 0.999995 -4.63899e-06 0 -110.125 1.49999 -6.95849e-06
-10.9875 1.5 0.999996 -5.39364e-06 0 -109.875 1.5 -8.09047e-06
-10.9625 1.5 0.999997 -6.00917e-06 0 -109.625 1.5 -9.01376e-06
-10.9375 1.5 0.999998 -6.46886e-06 0 -109.375 1.5 -9.7033e-06
-10.9125 1.5 0.999999 -6.76023e-06 0 -109.125 1.5 -1.01404e-05
-10.8875 1.5 1 -6.87536e-06 0 -108.875 1.5 -1.0313e-05
-10.8625 1.5 1 -6.81137e-06 0 -108.625 1.5 -1.0217e-05
-10.8375 1.5 1 -6.5701e-06 0 -108.375 1.5 -9.85514e-06
-10.8125 1.5 1 -6.15844e-06 0 -108.125 1.5 -9.23765e-06
-10.7875 1.5 1 -5.58761e-06 0 -107.875 1.5 -8.38141e-06
-10.7625 1.5 1.00001 -4.87293e-06 0 -107.625 1.50001 -7.30939e-06
-10.7375 1.5 1.00001 -4.03312e-06 0 -107.375 1.50001 -6.04967e-06
-10.7125 1.5 1.00001 -3.08972e-06 0 -107.125 1.50001 -4.63457e-06
-10.6875 1.5 1.00001 -2.06697e-06 0 -106.875 1.50001 -3.10044e-06
-10.6625 1.5 1.00001 -9.90767e-07 0 -106.625 1.50001 -1.48615e-06
-10.6375 1.5 1.00001 1.15288e-07 0 -106.375 1.50001 1.72932e-07
-10.6125 1.5 1.00001 1.22573e-06 0 -106.125 1.50001 1.83859e-06
-10.5875 1.5 1.00001 2.31158e-06 0 -105.875 1.50001 3.46736e-06
-10.5625 1.5 1.00001 3.3432e-06 0 -105.625 1.50001 5.01479e-06
-10.5375 1.5 1.00001 4.29572e-06 0 -105.375 1.50001 6.44358e-06
-10.5125 1.5 1.00001 5.14641e-06 0 -105.125 1.50001 7.7196e-06
-10.4875 1.5 1 5.87492e-06 0 -104.875 1.5 8.81237e-06
-10.4625 1.5 1 6.46384e-06 0 -104.625 1.5 9.69576e-06
-10.4375 1.5 1 6.89912e-06 0 -104.375 1.5 1.03487e-05
-10.4125 1.5 1 7.17034e-06 0 -104.125 1.5 1.07555e-05
-10.3875 1.5 1 7.27106e-06 0 -103.875 1.5 1.09066e-05
-10.3625 1.5 0.999999 7.1991e-06 0 -103.625 1.5 1.07987e-05
-10.3375 1.5 0.999998 6.95612e-06 0 -103.375 1.5 1.04342e-05
-10.3125 1.5 0.999996 6.54768e-06 0 -103.125 1.5 9.82153e-06
-10.2875 1.5 0.999995 5.98326e-06 0 -102.875 1.5 8.97491e-06
-10.2625 1.5 0.999994 5.27612e-06 0 -102.625 1.49999 7.91419e-06
-10.2375 1.5 0.999994 4.44294e-06 0 -102.375 1.49999 6.66442e-06
-10.2125 1.5 0.999993 3.50351e-06 0 -102.125 1.49999 5.25527e-06
-10.1875 1.5 0.999992 2.48048e-06 0 -101.875 1.49999 3.72073e-06
-10.1625 1.5 0.999992 1.39881e-06 0 -101.625 1.49999 2.09822e-06
-10.1375 1.5 0.999992 2.82027e-07 0 -101.375 1.49999 4.23042e-07
-10.1125 1.5 0.999992 -8.46241e-07 0 -101.125 1.49999 -1.26936e-06
-10.0875 1.5 0.999992 -1.96039e-06 0 -100.875 1.49999 -2.94059e-06
-10.0625 1.5 0.999993 -3.02877e-06 0 -100.625 1.49999 -4.54317e-06
-10.0375 1.5 0.999993 -4.02657e-06 0 -100.375 1.49999 -6.03987e-06
-10.0125 1.5 0.999994 -4.93134e-06 0 -100.125 1.49999 -7.39703e-06
-9.9875 1.5 0.999995 -5.72323e-06 0 -99.875 1.49999 -8.58485e-06
-9.9625 1.5 0.999996 -6.38526e-06 0 -99.625 1.5 -9.5779e-06
-9.9375 1.5 0.999997 -6.90364e-06 0 -99.375 1.5 -1.03555e-05
-9.9125 1.5 0.999998 -7.26799e-06 0 -99.125 1.5 -1.0902e-05
-9.8875 1.5 0.999999 -7.47156e-06 0 -98.875 1.5 -1.12073e-05
-9.8625 1.5 1 -7.51137e-06 0 -98.625 1.5 -1.12671e-05
-9.8375 1.5 1 -7.38844e-06 0 -98.375 1.5 -1.10827e-05
-9.8125 1.5 1 -7.10663e-06 0 -98.125 1.5 -1.06599e-05
-9.7875 1.5 1 -6.67305e-06 0 -97.875 1.5 -1.00096e-05
-9.7625 1.5 1 -6.09787e-06 0 -97.625 1.5 -9.1468e-06
-9.7375 1.5 1.00001 -5.39403e-06 0 -97.375 1.50001 -8.09103e-06
-9.7125 1.5 1.00001 -4.57692e-06 0 -97.125 1.50001 -6.86536e-06
-9.6875 1.5 1.00001 -3.66406e-06 0 -96.875 1.50001 -5.49608e-06
-9.6625 1.5 1.00001 -2.67491e-06 0 -96.625 1.50001 -4.01236e-06
-9.6375 1.5 1.00001 -1.63068e-06 0 -96.375 1.50001 -2.44602e-06
-9.6125 1.5 1.00001 -5.5207e-07 0 -96.125 1.50001 -8.28103e-07
-9.5875 1.5 1.00001 5.41611e-07 0 -95.875 1.50001 8.12415e-07
-9.5625 1.5 1.00001 1.62922e-06 0 -95.625 1.50001 2.44383e-06
-9.5375 1.5 1.00001 2.68119e-06 0 -95.375 1.50001 4.02178e-06
-9.5125 1.5 1.00001 3.67538e-06 0 -95.125 1.50001 5.51305e-06
-9.4875 1.5 1.00001 4.59095e-06 0 -94.875 1.50001 6.88642e-06
-9.4625 1.5 1.00001 5.40885e-06 0 -94.625 1.50001 8.11326e-06
-9.4375 1.5 1 6.1123e-06 0 -94.375 1.5 9.16843e-06
-9.4125 1.5 1 6.68716e-06 0 -94.125 1.5 1.00307e-05
-9.3875 1.5 1 7.12218e-06 0 -93.875 1.5 1.06833e-05
-9.3625 1.5 1 7.40931e-06 0 -93.625 1.5 1.1114e-05
-9.3375 1.5 1 7.54402e-06 0 -93.375 1.5 1.1316e-05
-9.3125 1.5 0.999999 7.5252e-06 0 -93.125 1.5 1.12878e-05
-9.2875 1.5 0.999998 7.35514e-06 0 -92.875 1.5 1.10327e-05
-9.2625 1.5 0.999997 7.0395e-06 0 -92.625 1.5 1.05593e-05
-9.2375 1.5 0.999996 6.58656e-06 0 -92.375 1.5 9.87985e-06
-9.2125 1.5 0.999995 6.00724e-06 0 -92.125 1.5 9.01087e-06
-9.1875 1.5 0.999994 5.31471e-06 0 -91.875 1.49999 7.97208e-06
-9.1625 1.5 0.999993 4.52393e-06 0 -91.625 1.49999 6.7859e-06
-9.1375 1.5 0.999993 3.65126e-06 0 -91.375 1.49999 5.4769e-06
-9.1125 1.5 0.999992 2.71432e-06 0 -91.125 1.49999 4.07149e-06
-9.0875 1.5 0.999992 1.73189e-06 0 -90.875 1.49999 2.59784e-06
-9.0625 1.5 0.999992 7.22227e-07 0 -90.625 1.49999 1.08334e-06
-9.0375 1.5 0.999992 -2.98733e-07 0 -90.375 1.49999 -4.481e-07
-9.0125 1.5 0.999992 -1.31378e-06 0 -90.125 1.49999 -1.97067e-06
-8.9875 1.5 0.999992 -2.29943e-06 0 -89.875 1.49999 -3.44915e-06
-8.9625 1.5 0.999993 -3.23703e-06 0 -89.625 1.49999 -4.85556e-06
-8.9375 1.5 0.999993 -4.10956e-06 0 -89.375 1.49999 -6.16435e-06
-8.9125 1.5 0.999994 -4.9011e-06 0 -89.125 1.49999 -7.35167e-06
-8.8875 1.5 0.999995 -5.59736e-06 0 -88.875 1.49999 -8.39606e-06
-8.8625 1.5 0.999996 -6.18592e-06 0 -88.625 1.5 -9.27889e-06
-8.8375 1.5 0.999997 -6.65644e-06 0 -88.375 1.5 -9.98467e-06
-8.8125 1.5 0.999998 -7.00087e-06 0 -88.125 1.5 -1.05013e-05
-8.7875 1.5 0.999999 -7.21371e-06 0 -87.875 1.5 -1.08206e-05
-8.7625 1.5 1 -7.29218e-06 0 -87.625 1.5 -1.09383e-05
-8.7375 1.5 1 -7.23655e-06 0 -87.375 1.5 -1.08548e-05
-8.7125 1.5 1 -7.04972e-06 0 -87.125 1.5 -1.05746e-05
-8.6875 1.5 1 -6.73679e-06 0 -86.875 1.5 -1.01052e-05
-8.6625 1.5 1 -6.30546e-06 0 -86.625 1.5 -9.45818e-06
-8.6375 1.5 1 -5.76568e-06 0 -86.375 1.5 -8.6485e-06
-8.6125 1.5 1.00001 -5.12923e-06 0 -86.125 1.50001 -7.69383e-06
-8.5875 1.5 1.00001 -4.40945e-06 0 -85.875 1.50001 -6.61416e-06
-8.5625 1.5 1.00001 -3.62084e-06 0 -85.625 1.50001 -5.43124e-06
-8.5375 1.5 1.00001 -2.77872e-06 0 -85.375 1.50001 -4.16807e-06
-8.5125 1.5 1.00001 -1.89911e-06 0 -85.125 1.50001 -2.84866e-06
-8.4875 1.5 1.00001 -9.97767e-07 0 -84.875 1.50001 -1.49665e-06
-8.4625 1.5 1.00001 -8.79175e-08 0 -84.625 1.50001 -1.31876e-07
-8.4375 1.5 1.00001 8.17096e-07 0 -84.375 1.50001 1.22564e-06
-8.4125 1.5 1.00001 1.69965e-06 0 -84.125 1.50001 2.54947e-06
-8.3875 1.5 1.00001 2.54387e-06 0 -83.875 1.50001 3.8158e-06
-8.3625 1.5 1.00001 3.33638e-06 0 -83.625 1.50001 5.00456e-06
-8.3375 1.5 1.00001 4.06469e-06 0 -83.375 1.50001 6.09702e-06
-8.3125 1.5 1.00001 4.71761e-06 0 -83.125 1.50001 7.0764e-06
-8.2875 1.5 1 5.28534e-06 0 -82.875 1.5 7.92799e-06
-8.2625 1.5 1 5.75946e-06 0 -82.625 1.5 8.63918e-06
-8.2375 1.5 1 6.13312e-06 0 -82.375 1.5 9.19967e-06
-8.2125 1.5 1 6.4011e-06 0 -82.125 1.5 9.60164e-06
-8.1875 1.5 1 6.56007e-06 0 -81.875 1.5 9.8401e-06
-8.1625 1.5 1 6.60878e-06 0 -81.625 1.5 9.91317e-06
-8.1375 1.5 0.999999 6.54826e-06 0 -81.375 1.5 9.8224e-06
-8.1125 1.5 0.999998 6.38103e-06 0 -81.125 1.5 9.57155e-06
-8.0875 1.5 0.999997 6.11145e-06 0 -80.875 1.5 9.16718e-06
-8.0625 1.5 0.999997 5.74585e-06 0 -80.625 1.5 8.61878e-06
-8.0375 1.5 0.999996 5.29222e-06 0 -80.375 1.5 7.93834e-06
-8.0125 1.5 0.999995 4.75994e-06 0 -80.125 1.5 7.13992e-06
-7.9875 1.5 0.999995 4.15951e-06 0 -79.875 1.49999 6.23927e-06
-7.9625 1.5 0.999994 3.50228e-06 0 -79.625 1.49999 5.25343e-06
-7.9375 1.5 0.999994 2.80014e-06 0 -79.375 1.49999 4.20021e-06
-7.9125 1.5 0.999993 2.06528e-06 0 -79.125 1.49999 3.09793e-06
-7.8875 1.5 0.999993 1.31016e-06 0 -78.875 1.49999 1.96525e-06
-7.8625 1.5 0.999993 5.46019e-07 0 -78.625 1.49999 8.19031e-07
-7.8375 1.5 0.999993 -2.17522e-07 0 -78.375 1.49999 -3.26284e-07
-7.8125 1.5 0.999993 -9.70588e-07 0 -78.125 1.49999 -1.45589e-06
-7.7875 1.5 0.999993 -1.69853e-06 0 -77.875 1.49999 -2.54781e-06
-7.7625 1.5 0.999994 -2.39118e-06 0 -77.625 1.49999 -3.58677e-06
-7.7375 1.5 0.999994 -3.03923e-06 0 -77.375 1.49999 -4.55886e-06
-7.7125 1.5 0.999995 -3.63411e-06 0 -77.125 1.49999 -5.45117e-06
-7.6875 1.5 0.999995 -4.16806e-06 0 -76.875 1.5 -6.2521e-06
-7.6625 1.5 0.999996 -4.6343e-06 0 -76.625 1.5 -6.95146e-06
-7.6375 1.5 0.999996 -5.02704e-06 0 -76.375 1.5 -7.54057e-06
-7.6125 1.5 0.999997 -5.34158e-06 0 -76.125 1.5 -8.01239e-06
-7.5875 1.5 0.999998 -5.57441e-06 0 -75.875 1.5 -8.36162e-06
-7.5625 1.5 0.999999 -5.72327e-06 0 -75.625 1.5 -8.58491e-06
-7.5375 1.5 0.999999 -5.78738e-06 0 -75.375 1.5 -8.68107e-06
-7.5125 1.5 1 -5.76753e-06 0 -75.125 1.5 -8.65129e-06
-7.4875 1.5 1 -5.66583e-06 0 -74.875 1.5 -8.49874e-06
-7.4625 1.5 1 -5.48553e-06 0 -74.625 1.5 -8.22829e-06
-7.4375 1.5 1 -5.23129e-06 0 -74.375 1.5 -7.84692e-06
-7.4125 1.5 1 -4.90884e-06 0 -74.125 1.5 -7.36326e-06
-7.3875 1.5 1 -4.5248e-06 0 -73.875 1.5 -6.78718e-06
-7.3625 1.5 1 -4.08643e-06 0 -73.625 1.5 -6.12964e-06
-7.3375 1.5 1 -3.60159e-06 0 -73.375 1.5 -5.40238e-06
-7.3125 1.5 1 -3.07849e-06 0 -73.125 1.5 -4.61772e-06
-7.2875 1.5 1.00001 -2.52547e-06 0 -72.875 1.5 -3.7882e-06
-7.2625 1.5 1.00001 -1.95097e-06 0 -72.625 1.5 -2.92645e-06
-7.2375 1.5 1.00001 -1.36339e-06 0 -72.375 1.5 -2.04508e-06
-7.2125 1.5 1.00001 -7.7033e-07 0 -72.125 1.5 -1.15549e-06
-7.1875 1.5 1.00001 -1.78568e-07 0 -71.875 1.5 -2.67851e-07
-7.1625 1.5 1.00001 4.06497e-07 0 -71.625 1.5 6.09744e-07
-7.1375 1.5 1.00001 9.73866e-07 0 -71.375 1.5 1.4608e-06
-7.1125 1.5 1.00001 1.51645e-06 0 -71.125 1.5 2.27467e-06
-7.0875 1.5 1 2.02769e-06 0 -70.875 1.5 3.04153e-06
-7.0625 1.5 1 2.50129e-06 0 -70.625 1.5 3.75193e-06
-7.0375 1.5 1 2.93155e-06 0 -70.375 1.5 4.39731e-06
-7.0125 1.5 1 3.31338e-06 0 -70.125 1.5 4.97007e-06
-6.9875 1.5 1 3.6424e-06 0 -69.875 1.5 5.46359e-06
-6.9625 1.5 1 3.915e-06 0 -69.625 1.5 5.87249e-06
-6.9375 1.5 1 4.12852e-06 0 -69.375 1.5 6.19277e-06
-6.9125 1.5 1 4.28126e-06 0 -69.125 1.5 6.42188e-06
-6.8875 1.5 1 4.37251e-06 0 -68.875 1.5 6.55876e-06
-6.8625 1.5 1 4.40256e-06 0 -68.625 1.5 6.60384e-06
-6.8375 1.5 1 4.37276e-06 0 -68.375 1.5 6.55914e-06
-6.8125 1.5 0.999999 4.28512e-06 0 -68.125 1.5 6.42767e-06
-6.7875 1.5 0.999999 4.14234e-06 0 -67.875 1.5 6.21351e-06
-6.7625 1.5 0.999998 3.94784e-06 0 -67.625 1.5 5.92176e-06
-6.7375 1.5 0.999997 3.70554e-06 0 -67.375 1.5 5.55831e-06
-6.7125 1.5 0.999997 3.41974e-06 0 -67.125 1.5 5.12962e-06
-6.6875 1.5 0.999997 3.09507e-06 0 -66.875 1.5 4.64261e-06
-6.6625 1.5 0.999996 2.73632e-06 0 -66.625 1.5 4.10449e-06
-6.6375 1.5 0.999996 2.34843e-06 0 -66.375 1.5 3.52265e-06
-6.6125 1.5 0.999995 1.93641e-06 0 -66.125 1.5 2.90461e-06
-6.5875 1.5 0.999995 1.50534e-06 0 -65.875 1.49999 2.25801e-06
-6.5625 1.5 0.999995 1.06044e-06 0 -65.625 1.49999 1.59067e-06
-6.5375 1.5 0.999995 6.07103e-07 0 -65.375 1.49999 9.10655e-07
-6.5125 1.5 0.999995 1.50023e-07 0 -65.125 1.49999 2.25035e-07
-6.4875 1.5 0.999995 -3.06161e-07 0 -64.875 1.49999 -4.59242e-07
-6.4625 1.5 0.999995 -7.56904e-07 0 -64.625 1.49999 -1.13536e-06
-6.4375 1.5 0.999995 -1.19541e-06 0 -64.375 1.49999 -1.79311e-06
-6.4125 1.5 0.999995 -1.61626e-06 0 -64.125 1.49999 -2.42439e-06
-6.3875 1.5 0.999995 -2.01483e-06 0 -63.875 1.49999 -3.02225e-06
-6.3625 1.5 0.999996 -2.38686e-06 0 -63.625 1.49999 -3.5803e-06
-6.3375 1.5 0.999996 -2.7286e-06 0 -63.375 1.5 -4.09291e-06
-6.3125 1.5 0.999996 -3.03687e-06 0 -63.125 1.5 -4.55531e-06
-6.2875 1.5 0.999996 -3.30907e-06 0 -62.875 1.5 -4.9636e-06
-6.2625 1.5 0.999997 -3.5432e-06 0 -62.625 1.5 -5.31481e-06
-6.2375 1.5 0.999997 -3.73793e-06 0 -62.375 1.5 -5.60689e-06
-6.2125 1.5 0.999998 -3.89246e-06 0 -62.125 1.5 -5.8387e-06
-6.1875 1.5 0.999998 -4.00658e-06 0 -61.875 1.5 -6.00987e-06
-6.1625 1.5 0.999998 -4.08054e-06 0 -61.625 1.5 -6.1208e-06
-6.1375 1.5 0.999999 -4.11509e-06 0 -61.375 1.5 -6.17263e-06
-6.1125 1.5 0.999999 -4.11138e-06 0 -61.125 1.5 -6.16707e-06
-6.0875 1.5 1 -4.0706e-06 0 -60.875 1.5 -6.1059e-06
-6.0625 1.5 1 -3.99422e-06 0 -60.625 1.5 -5.99133e-06
-6.0375 1.5 1 -3.88397e-06 0 -60.375 1.5 -5.82595e-06
-6.0125 1.5 1 -3.74189e-06 0 -60.125 1.5 -5.61283e-06
-5.9875 1.5 1 -3.57035e-06 0 -59.875 1.5 -5.35551e-06
-5.9625 1.5 1 -3.37202e-06 0 -59.625 1.5 -5.05802e-06
-5.9375 1.5 1 -3.14988e-06 0 -59.375 1.5 -4.72481e-06
-5.9125 1.5 1 -2.90717e-06 0 -59.125 1.5 -4.36075e-06
-5.8875 1.5 1 -2.64737e-06 0 -58.875 1.5 -3.97105e-06
-5.8625 1.5 1 -2.37414e-06 0 -58.625 1.5 -3.56121e-06
-5.8375 1.5 1 -2.09136e-06 0 -58.375 1.5 -3.13703e-06
-5.8125 1.5 1 -1.80274e-06 0 -58.125 1.5 -2.7041e-06
-5.7875 1.5 1 -1.51143e-06 0 -57.875 1.5 -2.26714e-06
-5.7625 1.5 1 -1.22103e-06 0 -57.625 1.5 -1.83154e-06
-5.7375 1.5 1 -9.35052e-07 0 -57.375 1.5 -1.40257e-06
-5.7125 1.5 1 -6.57611e-07 0 -57.125 1.5 -9.86413e-07
-5.6875 1.5 1 -3.9181e-07 0 -56.875 1.5 -5.87713e-07
-5.6625 1.5 1 -1.40329e-07 0 -56.625 1.5 -2.10493e-07
-5.6375 1.5 1 9.44889e-08 0 -56.375 1.5 1.41733e-07
-5.6125 1.5 1 3.10071e-07 0 -56.125 1.5 4.65105e-07
-5.5875 1.5 1 5.04356e-07 0 -55.875 1.5 7.56532e-07
-5.5625 1.5 1 6.75516e-07 0 -55.625 1.5 1.01327e-06
-5.5375 1.5 1 8.2188e-07 0 -55.375 1.5 1.23282e-06
-5.5125 1.5 1 9.41987e-07 0 -55.125 1.5 1.41298e-06
-5.4875 1.5 1 1.03457e-06 0 -54.875 1.5 1.55185e-06
-5.4625 1.5 0.999999 1.09857e-06 0 -54.625 1.49999 1.64785e-06
-5.4375 1.5 0.999999 1.13317e-06 0 -54.375 1.49999 1.69976e-06
-5.4125 1.5 0.999999 1.13787e-06 0 -54.125 1.49999 1.7068e-06
-5.3875 1.5 0.999998 1.11246e-06 0 -53.875 1.49999 1.66869e-06
-5.3625 1.5 0.999998 1.05701e-06 0 -53.625 1.49999 1.5855e-06
-5.3375 1.5 0.999997 9.72029e-07 0 -53.375 1.49999 1.45804e-06
-5.3125 1.5 0.999997 8.58331e-07 0 -53.125 1.49999 1.28749e-06
-5.2875 1.5 0.999997 7.16891e-07 0 -52.875 1.49999 1.07533e-06
-5.2625 1.5 0.999996 5.4909e-07 0 -52.625 1.49999 8.23633e-07
-5.2375 1.5 0.999996 3.56581e-07 0 -52.375 1.49999 5.34871e-07
-5.2125 1.5 0.999995 1.40717e-07 0 -52.125 1.49999 2.11075e-07
-5.1875 1.5 0.999995 -9.71618e-08 0 -51.875 1.49999 -1.45742e-07
-5.1625 1.5 0.999995 -3.54955e-07 0 -51.625 1.49999 -5.32431e-07
-5.1375 1.5 0.999994 -6.30666e-07 0 -51.375 1.49999 -9.45997e-07
-5.1125 1.5 0.999994 -9.2234e-07 0 -51.125 1.49999 -1.38351e-06
-5.0875 1.5 0.999994 -1.22804e-06 0 -50.875 1.49999 -1.84206e-06
-5.0625 1.5 0.999994 -1.54584e-06 0 -50.625 1.49999 -2.31876e-06
-5.0375 1.5 0.999993 -1.87379e-06 0 -50.375 1.49999 -2.81068e-06
-5.0125 1.5 0.999993 -2.20993e-06 0 -50.125 1.49999 -3.31489e-06
-4.9875 1.5 0.999993 -2.55235e-06 0 -49.875 1.49999 -3.82851e-06
-4.9625 1.5 0.999993 -2.89912e-06 0 -49.625 1.49998 -4.34866e-06
-4.9375 1.5 0.999993 -3.24835e-06 0 -49.375 1.49998 -4.87251e-06
-4.9125 1.5 0.999993 -3.59815e-06 0 -49.125 1.49998 -5.3972e-06
-4.8875 1.49999 0.999992 -3.94662e-06 0 -48.875 1.49998 -5.91991e-06
-4.8625 1.49999 0.999992 -4.29193e-06 0 -48.625 1.49998 -6.43788e-06
-4.8375 1.49999 0.999992 -4.63233e-06 0 -48.375 1.49998 -6.94847e-06
-4.8125 1.49999 0.999992 -4.96624e-06 0 -48.125 1.49998 -7.44932e-06
-4.7875 1.49999 0.999992 -5.29225e-06 0 -47.875 1.49998 -7.93834e-06
-4.7625 1.49999 0.999992 -5.6092e-06 0 -47.625 1.49998 -8.41377e-06
-4.7375 1.49999 0.999992 -5.91615e-06 0 -47.375 1.49998 -8.87418e-06
-4.7125 1.49999 0.999992 -6.21245e-06 0 -47.125 1.49998 -9.31863e-06
-4.6875 1.49999 0.999992 -6.49763e-06 0 -46.875 1.49998 -9.74639e-06
-4.6625 1.49999 0.999992 -6.77091e-06 0 -46.625 1.49998 -1.01563e-05
-4.6375 1.49999 0.999992 -7.03199e-06 0 -46.375 1.49998 -1.05479e-05
-4.6125 1.49999 0.999992 -7.28076e-06 0 -46.125 1.49998 -1.09211e-05
-4.5875 1.49999 0.999992 -7.5172e-06 0 -45.875 1.49998 -1.12757e-05
-4.5625 1.49999 0.999992 -7.74131e-06 0 -45.625 1.49998 -1.16119e-05
-4.5375 1.49999 0.999992 -7.95313e-06 0 -45.375 1.49998 -1.19296e-05
-4.5125 1.49999 0.999992 -8.15273e-06 0 -45.125 1.49998 -1.2229e-05
-4.4875 1.49999 0.999992 -8.34057e-06 0 -44.875 1.49998 -1.25107e-05
-4.4625 1.49999 0.999992 -8.51727e-06 0 -44.625 1.49998 -1.27758e-05
-4.4375 1.49999 0.999992 -8.68353e-06 0 -44.375 1.49997 -1.30252e-05
-4.4125 1.49999 0.999992 -8.8402e-06 0 -44.125 1.49997 -1.32602e-05
-4.3875 1.49998 0.999992 -8.98827e-06 0 -43.875 1.49997 -1.34823e-05
-4.3625 1.49998 0.999992 -9.1289e-06 0 -43.625 1.49997 -1.36932e-05
-4.3375 1.49998 0.999992 -9.26334e-06 0 -43.375 1.49997 -1.38949e-05
-4.3125 1.49998 0.999992 -9.39298e-06 0 -43.125 1.49997 -1.40893e-05
-4.2875 1.49998 0.999991 -9.51926e-06 0 -42.875 1.49997 -1.42787e-05
-4.2625 1.49998 0.999991 -9.64367e-06 0 -42.625 1.49997 -1.44653e-05
-4.2375 1.49998 0.999991 -9.76775e-06 0 -42.375 1.49997 -1.46514e-05
-4.2125 1.49998 0.999991 -9.89304e-06 0 -42.125 1.49997 -1.48394e-05
-4.1875 1.49998 0.99999 -1.00211e-05 0 -41.875 1.49996 -1.50315e-05
-4.1625 1.49998 0.99999 -1.01536e-05 0 -41.625 1.49996 -1.52301e-05
-4.1375 1.49998 0.99999 -1.0292e-05 0 -41.375 1.49996 -1.54377e-05
-4.1125 1.49998 0.999989 -1.0438e-05 0 -41.125 1.49996 -1.56568e-05
-4.0875 1.49998 0.999989 -1.05932e-05 0 -40.875 1.49996 -1.58896e-05
-4.0625 1.49998 0.999988 -1.07594e-05 0 -40.625 1.49996 -1.61388e-05
-4.0375 1.49997 0.999988 -1.09381e-05 0 -40.375 1.49996 -1.64069e-05
-4.0125 1.49997 0.999987 -1.11312e-05 0 -40.125 1.49995 -1.66965e-05
-3.9875 1.49997 0.999987 -1.13404e-05 0 -39.875 1.49995 -1.70103e-05
-3.9625 1.49997 0.999986 -1.15674e-05 0 -39.625 1.49995 -1.73508e-05
-3.9375 1.49997 0.999985 -1.18142e-05 0 -39.375 1.49995 -1.77209e-05
-3.9125 1.49997 0.999985 -1.20823e-05 0 -39.125 1.49995 -1.81231e-05
-3.8875 1.49997 0.999984 -1.23736e-05 0 -38.875 1.49994 -1.856e-05
-3.8625 1.49997 0.999983 -1.26896e-05 0 -38.625 1.49994 -1.9034e-05
-3.8375 1.49997 0.999982 -1.30319e-05 0 -38.375 1.49994 -1.95474e-05
-3.8125 1.49997 0.999981 -1.34019e-05 0 -38.125 1.49994 -2.01024e-05
-3.7875 1.49997 0.99998 -1.38012e-05 0 -37.875 1.49994 -2.07013e-05
-3.7625 1.49996 0.999979 -1.42311e-05 0 -37.625 1.49993 -2.13461e-05
-3.7375 1.49996 0.999978 -1.4693e-05 0 -37.375 1.49993 -2.20389e-05
-3.7125 1.49996 0.999977 -1.51881e-05 0 -37.125 1.49993 -2.27816e-05
-3.6875 1.49996 0.999976 -1.57178e-05 0 -36.875 1.49993 -2.35761e-05
-3.6625 1.49996 0.999975 -1.62833e-05 0 -36.625 1.49992 -2.44243e-05
-3.6375 1.49996 0.999974 -1.68859e-05 0 -36.375 1.49992 -2.53281e-05
-3.6125 1.49996 0.999973 -1.75267e-05 0 -36.125 1.49992 -2.62894e-05
-3.5875 1.49996 0.999971 -1.82071e-05 0 -35.875 1.49991 -2.73098e-05
-3.5625 1.49995 0.99997 -1.8928e-05 0 -35.625 1.49991 -2.83911e-05
-3.5375 1.49995 0.999969 -1.96905e-05 0 -35.375 1.49991 -2.95349e-05
-3.5125 1.49995 0.999967 -2.04958e-05 0 -35.125 1.4999 -3.07427e-05
-3.4875 1.49995 0.999966 -2.13447e-05 0 -34.875 1.4999 -3.2016e-05
-3.4625 1.49995 0.999964 -2.22382e-05 0 -34.625 1.49989 -3.33561e-05
-3.4375 1.49995 0.999963 -2.31769e-05 0 -34.375 1.49989 -3.47642e-05
-3.4125 1.49994 0.999961 -2.41619e-05 0 -34.125 1.49989 -3.62415e-05
-3.3875 1.49994 0.99996 -2.51937e-05 0 -33.875 1.49988 -3.77891e-05
-3.3625 1.49994 0.999958 -2.62732e-05 0 -33.625 1.49988 -3.94082e-05
-3.3375 1.49994 0.999956 -2.7401e-05 0 -33.375 1.49987 -4.10999e-05
-3.3125 1.49994 0.999955 -2.85779e-05 0 -33.125 1.49987 -4.28651e-05
-3.2875 1.49993 0.999953 -2.98046e-05 0 -32.875 1.49986 -4.4705e-05
-3.2625 1.49993 0.999951 -3.10817e-05 0 -32.625 1.49986 -4.66205e-05
-3.2375 1.49993 0.999949 -3.241e-05 0 -32.375 1.49985 -4.86127e-05
-3.2125 1.49993 0.999947 -3.37901e-05 0 -32.125 1.49985 -5.06827e-05
-3.1875 1.49993 0.999946 -3.52227e-05 0 -31.875 1.49984 -5.28315e-05
-3.1625 1.49992 0.999944 -3.67087e-05 0 -31.625 1.49984 -5.50602e-05
-3.1375 1.49992 0.999942 -3.82486e-05 0 -31.375 1.49983 -5.73699e-05
-3.1125 1.49992 0.999939 -3.98433e-05 0 -31.125 1.49983 -5.97617e-05
-3.0875 1.49991 0.999937 -4.14936e-05 0 -30.875 1.49982 -6.22368e-05
-3.0625 1.49991 0.999935 -4.32001e-05 0 -30.625 1.49981 -6.47963e-05
-3.0375 1.49991 0.999933 -4.49638e-05 0 -30.375 1.49981 -6.74415e-05
-3.0125 1.4999 0.999931 -4.67854e-05 0 -30.125 1.4998 -7.01737e-05
-2.9875 1.4999 0.999928 -4.86661e-05 0 -29.875 1.49979 -7.29943e-05
-2.9625 1.4999 0.999926 -5.06068e-05 0 -29.625 1.49979 -7.5905e-05
-2.9375 1.49989 0.999923 -5.26087e-05 0 -29.375 1.49978 -7.89075e-05
-2.9125 1.49989 0.999921 -5.46731e-05 0 -29.125 1.49977 -8.20036e-05
-2.8875 1.49988 0.999918 -5.68014e-05 0 -28.875 1.49976 -8.51955e-05
-2.8625 1.49988 0.999915 -5.89948e-05 0 -28.625 1.49975 -8.84852e-05
-2.8375 1.49988 0.999912 -6.1255e-05 0 -28.375 1.49974 -9.1875e-05
-2.8125 1.49987 0.99991 -6.35837e-05 0 -28.125 1.49974 -9.53674e-05
-2.7875 1.49987 0.999907 -6.59827e-05 0 -27.875 1.49973 -9.89652e-05
-2.7625 1.49986 0.999903 -6.84538e-05 0 -27.625 1.49972 -0.000102671
-2.7375 1.49986 0.9999 -7.09992e-05 0 -27.375 1.49971 -0.000106489
-2.7125 1.49985 0.999897 -7.36212e-05 0 -27.125 1.4997 -0.000110421
-2.6875 1.49985 0.999893 -7.6322e-05 0 -26.875 1.49969 -0.000114471
-2.6625 1.49984 0.99989 -7.91042e-05 0 -26.625 1.49967 -0.000118644
-2.6375 1.49983 0.999886 -8.19705e-05 0 -26.375 1.49966 -0.000122942
-2.6125 1.49983 0.999882 -8.49237e-05 0 -26.125 1.49965 -0.000127371
-2.5875 1.49982 0.999878 -8.7967e-05 0 -25.875 1.49964 -0.000131935
-2.5625 1.49981 0.999874 -9.11037e-05 0 -25.625 1.49963 -0.000136639
-2.5375 1.49981 0.99987 -9.43373e-05 0 -25.375 1.49961 -0.000141488
-2.5125 1.4998 0.999866 -9.76715e-05 0 -25.125 1.4996 -0.000146488
-2.4875 1.49979 0.999861 -0.00010111 0 -24.875 1.49958 -0.000151644
-2.4625 1.49979 0.999856 -0.000104658 0 -24.625 1.49957 -0.000156964
-2.4375 1.49978 0.999852 -0.000108318 0 -24.375 1.49955 -0.000162453
-2.4125 1.49977 0.999846 -0.000112096 0 -24.125 1.49954 -0.000168117
-2.3875 1.49976 0.999841 -0.000115996 0 -23.875 1.49952 -0.000173966
-2.3625 1.49975 0.999836 -0.000120023 0 -23.625 1.49951 -0.000180005
-2.3375 1.49974 0.99983 -0.000124183 0 -23.375 1.49949 -0.000186243
-2.3125 1.49973 0.999824 -0.000128482 0 -23.125 1.49947 -0.000192689
-2.2875 1.49972 0.999818 -0.000132925 0 -22.875 1.49945 -0.00019935
-2.2625 1.49971 0.999811 -0.000137517 0 -22.625 1.49943 -0.000206236
-2.2375 1.4997 0.999805 -0.000142266 0 -22.375 1.49941 -0.000213357
-2.2125 1.49969 0.999798 -0.000147178 0 -22.125 1.49939 -0.000220722
-2.1875 1.49968 0.999791 -0.00015226 0 -21.875 1.49937 -0.000228341
-2.1625 1.49967 0.999783 -0.000157518 0 -21.625 1.49934 -0.000236225
-2.1375 1.49966 0.999776 -0.000162961 0 -21.375 1.49932 -0.000244386
-2.1125 1.49965 0.999768 -0.000168597 0 -21.125 1.4993 -0.000252836
-2.0875 1.49963 0.999759 -0.000174433 0 -20.875 1.49927 -0.000261585
-2.0625 1.49962 0.999751 -0.000180477 0 -20.625 1.49925 -0.000270647
-2.0375 1.49961 0.999742 -0.000186738 0 -20.375 1.49922 -0.000280034
-2.0125 1.49959 0.999732 -0.000193226 0 -20.125 1.49919 -0.000289759
-1.9875 1.49958 0.999722 -0.000199948 0 -19.875 1.49916 -0.000299838
-1.9625 1.49956 0.999712 -0.000206916 0 -19.625 1.49913 -0.000310283
-1.9375 1.49955 0.999702 -0.000214138 0 -19.375 1.4991 -0.00032111
-1.9125 1.49953 0.999691 -0.000221626 0 -19.125 1.49907 -0.000332335
-1.8875 1.49951 0.99968 -0.000229389 0 -18.875 1.49903 -0.000343972
-1.8625 1.4995 0.999668 -0.000237439 0 -18.625 1.499 -0.000356039
-1.8375 1.49948 0.999656 -0.000245787 0 -18.375 1.49896 -0.000368552
-1.8125 1.49946 0.999643 -0.000254444 0 -18.125 1.49892 -0.000381528
-1.7875 1.49944 0.99963 -0.000263423 0 -17.875 1.49889 -0.000394987
-1.7625 1.49942 0.999617 -0.000272736 0 -17.625 1.49885 -0.000408946
-1.7375 1.4994 0.999603 -0.000282396 0 -17.375 1.4988 -0.000423424
-1.7125 1.49938 0.999588 -0.000292416 0 -17.125 1.49876 -0.000438442
-1.6875 1.49936 0.999573 -0.00030281 0 -16.875 1.49872 -0.00045402
-1.6625 1.49933 0.999557 -0.000313592 0 -16.625 1.49867 -0.000470179
-1.6375 1.49931 0.999541 -0.000324776 0 -16.375 1.49862 -0.00048694
-1.6125 1.49928 0.999524 -0.000336378 0 -16.125 1.49857 -0.000504326
-1.5875 1.49926 0.999507 -0.000348412 0 -15.875 1.49852 -0.000522359
-1.5625 1.49923 0.999489 -0.000360894 0 -15.625 1.49847 -0.000541065
-1.5375 1.49921 0.99947 -0.000373842 0 -15.375 1.49841 -0.000560466
-1.5125 1.49918 0.999451 -0.000387272 0 -15.125 1.49835 -0.00058059
-1.4875 1.49915 0.999431 -0.000401202 0 -14.875 1.49829 -0.000601461
-1.4625 1.49912 0.99941 -0.000415649 0 -14.625 1.49823 -0.000623106
-1.4375 1.49909 0.999388 -0.000430631 0 -14.375 1.49817 -0.000645553
-1.4125 1.49905 0.999366 -0.000446169 0 -14.125 1.4981 -0.000668831
-1.3875 1.49902 0.999343 -0.000462281 0 -13.875 1.49803 -0.000692969
-1.3625 1.49898 0.999319 -0.000478989 0 -13.625 1.49796 -0.000717997
-1.3375 1.49895 0.999294 -0.000496313 0 -13.375 1.49789 -0.000743948
-1.3125 1.49891 0.999268 -0.000514275 0 -13.125 1.49781 -0.000770853
-1.2875 1.49887 0.999242 -0.000532898 0 -12.875 1.49774 -0.000798745
-1.2625 1.49883 0.999214 -0.000552203 0 -12.625 1.49765 -0.00082766
-1.2375 1.49879 0.999186 -0.000572216 0 -12.375 1.49757 -0.000857632
-1.2125 1.49875 0.999156 -0.000592961 0 -12.125 1.49748 -0.000888698
-1.1875 1.4987 0.999126 -0.000614462 0 -11.875 1.49739 -0.000920896
-1.1625 1.49866 0.999094 -0.000636748 0 -11.625 1.4973 -0.000954265
-1.1375 1.49861 0.999061 -0.000659844 0 -11.375 1.4972 -0.000988847
-1.1125 1.49856 0.999027 -0.000683779 0 -11.125 1.4971 -0.00102468
-1.0875 1.49851 0.998992 -0.000708582 0 -10.875 1.497 -0.00106181
-1.0625 1.49845 0.998956 -0.000734283 0 -10.625 1.49689 -0.00110029
-1.0375 1.4984 0.998918 -0.000760912 0 -10.375 1.49678 -0.00114015
-1.0125 1.49834 0.998879 -0.000788502 0 -10.125 1.49666 -0.00118144
-0.9875 1.49828 0.998839 -0.000817086 0 -9.875 1.49654 -0.00122422
-0.9625 1.49822 0.998797 -0.000846698 0 -9.625 1.49642 -0.00126854
-0.9375 1.49815 0.998754 -0.000877374 0 -9.375 1.49629 -0.00131444
-0.9125 1.49809 0.998709 -0.00090915 0 -9.125 1.49615 -0.00136199
-0.8875 1.49802 0.998663 -0.000942065 0 -8.875 1.49602 -0.00141123
-0.8625 1.49795 0.998615 -0.000976157 0 -8.625 1.49587 -0.00146223
-0.8375 1.49787 0.998565 -0.00101147 0 -8.375 1.49572 -0.00151505
-0.8125 1.4978 0.998514 -0.00104804 0 -8.125 1.49557 -0.00156975
-0.7875 1.49772 0.99846 -0.00108591 0 -7.875 1.49541 -0.00162639
-0.7625 1.49764 0.998405 -0.00112513 0 -7.625 1.49525 -0.00168504
-0.7375 1.49755 0.998348 -0.00116575 0 -7.375 1.49508 -0.00174577
-0.7125 1.49746 0.998289 -0.00120781 0 -7.125 1.4949 -0.00180866
-0.6875 1.49737 0.998228 -0.00125137 0 -6.875 1.49472 -0.00187377
-0.6625 1.49728 0.998164 -0.00129647 0 -6.625 1.49453 -0.00194118
-0.6375 1.49718 0.998099 -0.00134317 0 -6.375 1.49433 -0.00201097
-0.6125 1.49708 0.998031 -0.00139152 0 -6.125 1.49413 -0.00208322
-0.5875 1.49697 0.99796 -0.00144159 0 -5.875 1.49392 -0.00215802
-0.5625 1.49686 0.997887 -0.00149343 0 -5.625 1.4937 -0.00223545
-0.5375 1.49675 0.997812 -0.0015471 0 -5.375 1.49347 -0.00231562
-0.5125 1.49663 0.997734 -0.00160266 0 -5.125 1.49324 -0.0023986
-0.4875 1.49651 0.997653 -0.00166019 0 -4.875 1.493 -0.00248449
-0.4625 1.49639 0.997569 -0.00171975 0 -4.625 1.49275 -0.0025734
-0.4375 1.49626 0.997482 -0.0017814 0 -4.375 1.49249 -0.00266543
-0.4125 1.49612 0.997392 -0.00184523 0 -4.125 1.49222 -0.00276069
-0.3875 1.49598 0.997299 -0.00191131 0 -3.875 1.49194 -0.00285929
-0.3625 1.49584 0.997202 -0.00197972 0 -3.625 1.49165 -0.00296133
-0.3375 1.49569 0.997102 -0.00205053 0 -3.375 1.49136 -0.00306695
-0.3125 1.49553 0.996999 -0.00212383 0 -3.125 1.49105 -0.00317627
-0.2875 1.49537 0.996892 -0.00219972 0 -2.875 1.49073 -0.0032894
-0.2625 1.49521 0.996781 -0.00227827 0 -2.625 1.49039 -0.00340648
-0.2375 1.49504 0.996665 -0.00235957 0 -2.375 1.49005 -0.00352765
-0.2125 1.49486 0.996546 -0.00244374 0 -2.125 1.4897 -0.00365304
-0.1875 1.49467 0.996423 -0.00253085 0 -1.875 1.48933 -0.0037828
-0.1625 1.49448 0.996295 -0.00262103 0 -1.625 1.48895 -0.00391708
-0.1375 1.49429 0.996163 -0.00271436 0 -1.375 1.48855 -0.00405603
-0.1125 1.49408 0.996025 -0.00281097 0 -1.125 1.48814 -0.00419981
-0.0875 1.49387 0.995883 -0.00291096 0 -0.875 1.48772 -0.00434859
-0.0625 1.49365 0.995736 -0.00301445 0 -0.625 1.48728 -0.00450253
-0.0375 1.49342 0.995584 -0.00312156 0 -0.375 1.48683 -0.0046618
-0.0125 1.49319 0.995426 -0.00323241 0 -0.125 1.48636 -0.0048266
0.0125 1.49294 0.995262 -0.00334714 0 0.125 1.48587 -0.00499709
0.0375 1.49269 0.995093 -0.00346588 0 0.375 1.48537 -0.00517349
0.0625 1.49243 0.994917 -0.00358876 0 0.625 1.48484 -0.00535598
0.0875 1.49216 0.994735 -0.00371593 0 0.875 1.4843 -0.00554477
0.1125 1.49188 0.994547 -0.00384754 0 1.125 1.48374 -0.00574006
0.1375 1.49159 0.994352 -0.00398372 0 1.375 1.48317 -0.00594208
0.1625 1.49129 0.99415 -0.00412465 0 1.625 1.48257 -0.00615105
0.1875 1.49098 0.993941 -0.00427047 0 1.875 1.48195 -0.00636719
0.2125 1.49066 0.993724 -0.00442137 0 2.125 1.4813 -0.00659075
0.2375 1.49033 0.993499 -0.0045775 0 2.375 1.48064 -0.00682197
0.2625 1.48998 0.993267 -0.00473905 0 2.625 1.47995 -0.0070611
0.2875 1.48962 0.993026 -0.0049062 0 2.875 1.47924 -0.0073084
0.3125 1.48926 0.992776 -0.00507913 0 3.125 1.4785 -0.00756413
0.3375 1.48887 0.992518 -0.00525805 0 3.375 1.47773 -0.00782857
0.3625 1.48848 0.99225 -0.00544314 0 3.625 1.47694 -0.008102
0.3875 1.48807 0.991973 -0.00563462 0 3.875 1.47612 -0.0083847
0.4125 1.48765 0.991686 -0.00583269 0 4.125 1.47528 -0.00867698
0.4375 1.48721 0.991388 -0.00603757 0 4.375 1.4744 -0.00897913
0.4625 1.48675 0.99108 -0.0062495 0 4.625 1.47349 -0.00929147
0.4875 1.48629 0.990761 -0.00646868 0 4.875 1.47255 -0.00961431
0.5125 1.4858 0.990431 -0.00669537 0 5.125 1.47158 -0.00994798
0.5375 1.4853 0.990088 -0.00692979 0 5.375 1.47058 -0.0102928
0.5625 1.48478 0.989734 -0.00717219 0 5.625 1.46954 -0.0106491
0.5875 1.48424 0.989367 -0.00742283 0 5.875 1.46846 -0.0110173
0.6125 1.48369 0.988987 -0.00768197 0 6.125 1.46735 -0.0113976
0.6375 1.48311 0.988593 -0.00794986 0 6.375 1.46619 -0.0117905
0.6625 1.48252 0.988185 -0.00822679 0 6.625 1.465 -0.0121964
0.6875 1.4819 0.987763 -0.00851303 0 6.875 1.46377 -0.0126155
0.7125 1.48127 0.987326 -0.00880887 0 7.125 1.46249 -0.0130483
0.7375 1.48061 0.986873 -0.00911459 0 7.375 1.46117 -0.0134952
0.7625 1.47993 0.986404 -0.00943051 0 7.625 1.45981 -0.0139565
0.7875 1.47923 0.985919 -0.00975695 0 7.875 1.4584 -0.0144327
0.8125 1.4785 0.985416 -0.0100942 0 8.125 1.45694 -0.0149243
0.8375 1.47775 0.984895 -0.0104427 0 8.375 1.45543 -0.0154317
0.8625 1.47697 0.984356 -0.0108027 0 8.625 1.45386 -0.0159553
0.8875 1.47616 0.983798 -0.0111747 0 8.875 1.45225 -0.0164957
0.9125 1.47533 0.98322 -0.011559 0 9.125 1.45057 -0.0170533
0.9375 1.47446 0.982622 -0.011956 0 9.375 1.44884 -0.0176287
0.9625 1.47357 0.982003 -0.0123662 0 9.625 1.44705 -0.0182225
0.9875 1.47265 0.981361 -0.0127901 0 9.875 1.4452 -0.0188352
1.0125 1.47169 0.980697 -0.013228 0 10.125 1.44328 -0.0194675
1.0375 1.47069 0.98001 -0.0136806 0 10.375 1.4413 -0.02012
1.0625 1.46967 0.979298 -0.0141483 0 10.625 1.43924 -0.0207933
1.0875 1.4686 0.978562 -0.0146317 0 10.875 1.43712 -0.0214882
1.1125 1.4675 0.977799 -0.0151312 0 11.125 1.43492 -0.0222051
1.1375 1.46636 0.97701 -0.0156475 0 11.375 1.43265 -0.0229449
1.1625 1.46519 0.976193 -0.016181 0 11.625 1.4303 -0.0237081
1.1875 1.46397 0.975347 -0.0167322 0 11.875 1.42788 -0.0244954
1.2125 1.46271 0.974472 -0.0173018 0 12.125 1.42537 -0.0253074
1.2375 1.46141 0.973566 -0.0178901 0 12.375 1.42278 -0.0261448
1.2625 1.46007 0.972629 -0.0184978 0 12.625 1.4201 -0.027008
1.2875 1.45868 0.971659 -0.0191252 0 12.875 1.41734 -0.0278976
1.3125 1.45725 0.970655 -0.019773 0 13.125 1.41449 -0.0288141
1.3375 1.45577 0.969616 -0.0204414 0 13.375 1.41154 -0.0297581
1.3625 1.45425 0.96854 -0.0211312 0 13.625 1.4085 -0.03073
1.3875 1.45268 0.967428 -0.0218426 0 13.875 1.40536 -0.0317303
1.4125 1.45106 0.966277 -0.0225762 0 14.125 1.40212 -0.0327594
1.4375 1.44939 0.965086 -0.0233325 0 14.375 1.39878 -0.0338178
1.4625 1.44766 0.963854 -0.0241119 0 14.625 1.39533 -0.0349058
1.4875 1.44588 0.962579 -0.0249149 0 14.875 1.39178 -0.036024
1.5125 1.44405 0.961261 -0.0257419 0 15.125 1.38811 -0.0371727
1.5375 1.44216 0.959897 -0.0265935 0 15.375 1.38433 -0.0383521
1.5625 1.44021 0.958487 -0.0274699 0 15.625 1.38043 -0.0395626
1.5875 1.43821 0.957028 -0.0283717 0 15.875 1.37641 -0.0408044
1.6125 1.43614 0.955519 -0.0292992 0 16.125 1.37226 -0.0420778
1.6375 1.43401 0.953959 -0.0302529 0 16.375 1.36799 -0.0433829
1.6625 1.43181 0.952346 -0.0312332 0 16.625 1.36358 -0.0447201
1.6875 1.42955 0.950678 -0.0322406 0 16.875 1.35904 -0.0460895
1.7125 1.42721 0.948953 -0.0332757 0 17.125 1.35436 -0.0474915
1.7375 1.4248 0.947171 -0.0343392 0 17.375 1.34953 -0.0489265
1.7625 1.42231 0.945328 -0.0354316 0 17.625 1.34455 -0.0503947
1.7875 1.41974 0.943423 -0.0365537 0 17.875 1.33942 -0.0518967
1.8125 1.41709 0.941454 -0.0377061 0 18.125 1.33412 -0.0534329
1.8375 1.41435 0.93942 -0.0388894 0 18.375 1.32867 -0.0550035
1.8625 1.41154 0.937318 -0.0401043 0 18.625 1.32306 -0.0566087
1.8875 1.40864 0.935146 -0.041351 0 18.875 1.31728 -0.0582487
1.9125 1.40566 0.932903 -0.0426299 0 19.125 1.31134 -0.059923
1.9375 1.40259 0.930585 -0.0439409 0 19.375 1.30523 -0.0616313
1.9625 1.39945 0.928191 -0.0452843 0 19.625 1.29896 -0.063373
1.9875 1.39622 0.925719 -0.0466597 0 19.875 1.29251 -0.0651471
2.0125 1.3929 0.923167 -0.0480672 0 20.125 1.28588 -0.0669529
2.0375 1.3895 0.920532 -0.0495065 0 20.375 1.27908 -0.0687891
2.0625 1.386 0.917811 -0.0509775 0 20.625 1.27209 -0.0706547
2.0875 1.38241 0.915004 -0.0524799 0 20.875 1.26491 -0.0725487
2.1125 1.37872 0.912107 -0.0540136 0 21.125 1.25754 -0.0744697
2.1375 1.37494 0.909118 -0.0555782 0 21.375 1.24998 -0.0764165
2.1625 1.37105 0.906034 -0.0571733 0 21.625 1.24222 -0.0783877
2.1875 1.36707 0.902854 -0.0587983 0 21.875 1.23427 -0.0803816
2.2125 1.363 0.899575 -0.0604524 0 22.125 1.22612 -0.0823964
2.2375 1.35882 0.896194 -0.0621348 0 22.375 1.21777 -0.0844299
2.2625 1.35454 0.892709 -0.0638444 0 22.625 1.20921 -0.0864799
2.2875 1.35017 0.889118 -0.0655799 0 22.875 1.20046 -0.0885438
2.3125 1.34569 0.885418 -0.06734 0 23.125 1.1915 -0.0906187
2.3375 1.34111 0.881607 -0.0691231 0 23.375 1.18233 -0.0927017
2.3625 1.33643 0.877683 -0.0709278 0 23.625 1.17296 -0.0947899
2.3875 1.33164 0.873642 -0.0727522 0 23.875 1.16338 -0.0968798
2.4125 1.32675 0.869484 -0.0745944 0 24.125 1.15359 -0.0989681
2.4375 1.32175 0.865206 -0.0764523 0 24.375 1.14359 -0.101051
2.4625 1.31665 0.860806 -0.0783235 0 24.625 1.13338 -0.103125
2.4875 1.31145 0.856282 -0.0802056 0 24.875 1.12297 -0.105186
2.5125 1.30614 0.851632 -0.0820957 0 25.125 1.11235 -0.107229
2.5375 1.30073 0.846853 -0.0839909 0 25.375 1.10153 -0.10925
2.5625 1.29522 0.841946 -0.0858878 0 25.625 1.0905 -0.111244
2.5875 1.28961 0.836907 -0.087783 0 25.875 1.07928 -0.113206
2.6125 1.2839 0.831735 -0.0896726 0 26.125 1.06787 -0.115131
2.6375 1.2781 0.82643 -0.0915525 0 26.375 1.05626 -0.117013
2.6625 1.2722 0.820991 -0.0934183 0 26.625 1.04446 -0.118847
2.6875 1.26621 0.815416 -0.0952653 0 26.875 1.03249 -0.120626
2.7125 1.26014 0.809706 -0.0970885 0 27.125 1.02034 -0.122345
2.7375 1.25398 0.803859 -0.0988824 0 27.375 1.00802 -0.123996
2.7625 1.24774 0.797877 -0.100641 0 27.625 0.995541 -0.125574
2.7875 1.24142 0.791761 -0.10236 0 27.875 0.982906 -0.127071
2.8125 1.23503 0.785509 -0.104031 0 28.125 0.970125 -0.128481
2.8375 1.22857 0.779125 -0.105648 0 28.375 0.957207 -0.129796
2.8625 1.22204 0.77261 -0.107205 0 28.625 0.944163 -0.131009
2.8875 1.21546 0.765966 -0.108694 0 28.875 0.931002 -0.132113
2.9125 1.20883 0.759196 -0.110107 0 29.125 0.917737 -0.133101
2.9375 1.20215 0.752303 -0.111437 0 29.375 0.904378 -0.133964
2.9625 1.19543 0.745291 -0.112676 0 29.625 0.890939 -0.134695
2.9875 1.18867 0.738164 -0.113814 0 29.875 0.877434 -0.135288
3.0125 1.18189 0.730928 -0.114845 0 30.125 0.863876 -0.135734
3.0375 1.17509 0.723588 -0.115758 0 30.375 0.850281 -0.136026
3.0625 1.16828 0.716151 -0.116544 0 30.625 0.836665 -0.136156
3.0875 1.16147 0.708623 -0.117196 0 30.875 0.823046 -0.136119
3.1125 1.15467 0.701014 -0.117702 0 31.125 0.809441 -0.135907
3.1375 1.14789 0.693332 -0.118054 0 31.375 0.795866 -0.135512
3.1625 1.14113 0.685587 -0.118242 0 31.625 0.782341 -0.134929
3.1875 1.1344 0.677791 -0.118258 0 31.875 0.768887 -0.134151
3.2125 1.12772 0.669959 -0.118091 0 32.125 0.755528 -0.133174
3.2375 1.1211 0.662099 -0.117734 0 32.375 0.74228 -0.131992
3.2625 1.11454 0.654223 -0.117178 0 32.625 0.729159 -0.1306
3.2875 1.10806 0.646346 -0.116414 0 32.875 0.716189 -0.128993
3.3125 1.10166 0.638482 -0.115433 0 33.125 0.703391 -0.127168
3.3375 1.09536 0.630647 -0.114229 0 33.375 0.690787 -0.125122
3.3625 1.08917 0.622859 -0.112794 0 33.625 0.678399 -0.122852
3.3875 1.0831 0.615134 -0.111122 0 33.875 0.66625 -0.120357
3.4125 1.07716 0.60749 -0.109209 0 34.125 0.654362 -0.117635
3.4375 1.07136 0.599947 -0.107048 0 34.375 0.642757 -0.114686
3.4625 1.06571 0.592524 -0.104637 0 34.625 0.631459 -0.111512
3.4875 1.06023 0.585242 -0.101972 0 34.875 0.620489 -0.108114
3.5125 1.05492 0.57812 -0.0990536 0 35.125 0.609871 -0.104494
3.5375 1.0498 0.57118 -0.0958801 0 35.375 0.599625 -0.100655
3.5625 1.04488 0.564444 -0.0924527 0 35.625 0.589775 -0.0966018
3.5875 1.04016 0.557932 -0.0887737 0 35.875 0.58034 -0.0923391
3.6125 1.03567 0.551666 -0.0848469 0 36.125 0.571342 -0.0878731
3.6375 1.0314 0.545667 -0.0806774 0 36.375 0.5628 -0.0832105
3.6625 1.02737 0.539956 -0.0762719 0 36.625 0.554733 -0.0783593
3.6875 1.02358 0.534554 -0.0716385 0 36.875 0.547161 -0.073328
3.7125 1.02006 0.529481 -0.0667867 0 37.125 0.5401 -0.0681262
3.7375 1.01679 0.524756 -0.0617275 0 37.375 0.533568 -0.0627641
3.7625 1.0138 0.520397 -0.0564732 0 37.625 0.527579 -0.0572527
3.7875 1.01109 0.516422 -0.0510379 0 37.875 0.522148 -0.0516038
3.8125 1.00866 0.512846 -0.0454365 0 38.125 0.517288 -0.0458301
3.8375 1.00653 0.509685 -0.0396855 0 38.375 0.513011 -0.0399445
3.8625 1.00469 0.506951 -0.0338025 0 38.625 0.509327 -0.033961
3.8875 1.00315 0.504656 -0.0278061 0 38.875 0.506245 -0.0278937
3.9125 1.00192 0.50281 -0.0217157 0 39.125 0.503774 -0.0217573
3.9375 1.00099 0.501421 -0.0155514 0 39.375 0.501918 -0.0155668
3.9625 1.00038 0.500495 -0.00933418 0 39.625 0.500683 -0.00933769
3.9875 1.00008 0.500035 -0.00308399 0 39.875 0.500077 -0.00308425
4.0125 1.00004 0.500045 0.00317236 0 40.125 0.500066 0.00317249
4.0375 1.00025 0.500522 0.0094007 0 40.375 0.500645 0.00940301
4.0625 1.00086 0.501466 0.0155914 0 40.625 0.501897 0.0156048
4.0875 1.00182 0.502871 0.0217295 0 40.875 0.503788 0.0217691
4.1125 1.00308 0.504731 0.0277948 0 41.125 0.506287 0.0278805
4.1375 1.00463 0.507039 0.0337661 0 41.375 0.509389 0.0339226
4.1625 1.00649 0.509784 0.0396238 0 41.625 0.513092 0.0398809
4.1875 1.00864 0.512956 0.0453498 0 41.875 0.517389 0.0457417
4.2125 1.01108 0.516541 0.0509269 0 42.125 0.522266 0.0514914
4.2375 1.01381 0.520523 0.0563389 0 42.375 0.527712 0.057117
4.2625 1.01682 0.524888 0.0615707 0 42.625 0.533715 0.0626062
4.2875 1.02009 0.529618 0.0666087 0 42.875 0.54026 0.0679471
4.3125 1.02363 0.534694 0.0714403 0 43.125 0.547331 0.0731287
4.3375 1.02743 0.540098 0.0760547 0 43.375 0.554913 0.0781408
4.3625 1.03147 0.54581 0.0804425 0 43.625 0.562987 0.0829741
4.3875 1.03575 0.551808 0.0845957 0 43.875 0.571535 0.0876199
4.4125 1.04026 0.558072 0.0885079 0 44.125 0.580538 0.0920708
4.4375 1.04498 0.564581 0.0921741 0 44.375 0.589976 0.0963201
4.4625 1.04991 0.571314 0.0955907 0 44.625 0.599828 0.100362
4.4875 1.05504 0.578249 0.0987552 0 44.875 0.610075 0.104191
4.5125 1.06035 0.585365 0.101667 0 45.125 0.620693 0.107803
4.5375 1.06584 0.592641 0.104326 0 45.375 0.631661 0.111194
4.5625 1.07149 0.600057 0.106733 0 45.625 0.642957 0.114364
4.5875 1.0773 0.607592 0.108892 0 45.875 0.654558 0.11731
4.6125 1.08325 0.615228 0.110807 0 46.125 0.666443 0.120031
4.6375 1.08932 0.622945 0.112481 0 46.375 0.678588 0.122528
4.6625 1.09552 0.630726 0.11392 0 46.625 0.690971 0.124801
4.6875 1.10182 0.638552 0.11513 0 46.875 0.70357 0.126853
4.7125 1.10822 0.646408 0.116119 0 47.125 0.716363 0.128685
4.7375 1.11471 0.654277 0.116892 0 47.375 0.729328 0.130301
4.7625 1.12127 0.662145 0.117459 0 47.625 0.742444 0.131704
4.7875 1.1279 0.669997 0.117827 0 47.875 0.755689 0.132897
4.8125 1.13458 0.677822 0.118005 0 48.125 0.769041 0.133886
4.8375 1.1413 0.685603 0.118001 0 48.375 0.782477 0.134675
4.8625 1.14805 0.693327 0.117826 0 48.625 0.795974 0.13527
4.8875 1.15483 0.700989 0.117487 0 48.875 0.80952 0.135677
4.9125 1.16162 0.708579 0.116994 0 49.125 0.823097 0.135902
4.9375 1.16841 0.716089 0.116357 0 49.375 0.836688 0.135953
4.9625 1.1752 0.72351 0.115585 0 49.625 0.850273 0.135836
4.9875 1.18199 0.730835 0.114686 0 49.875 0.863837 0.135557
5.0125 1.18875 0.738058 0.11367 0 50.125 0.877365 0.135125
5.0375 1.19549 0.745173 0.112545 0 50.375 0.890843 0.134546
5.0625 1.20219 0.752174 0.11132 0 50.625 0.904257 0.133827
5.0875 1.20886 0.759058 0.110003 0 50.875 0.917592 0.132978
5.1125 1.21548 0.765819 0.108602 0 51.125 0.930836 0.132003
5.1375 1.22205 0.772456 0.107126 0 51.375 0.943976 0.130912
5.1625 1.22856 0.778965 0.105581 0 51.625 0.957003 0.129712
5.1875 1.23501 0.785344 0.103975 0 51.875 0.969904 0.12841
5.2125 1.24139 0.791591 0.102315 0 52.125 0.982671 0.127013
5.2375 1.2477 0.797704 0.100608 0 52.375 0.995294 0.125528
5.2625 1.25393 0.803684 0.0988595 0 52.625 1.00776 0.123963
5.2875 1.26008 0.809529 0.0970758 0 52.875 1.02008 0.122324
5.3125 1.26615 0.815239 0.0952625 0 53.125 1.03222 0.120617
5.3375 1.27214 0.820814 0.093425 0 53.375 1.04419 0.118849
5.3625 1.27803 0.826254 0.0915684 0 53.625 1.05598 0.117027
5.3875 1.28383 0.831561 0.0896973 0 53.875 1.06759 0.115156
5.4125 1.28954 0.836734 0.0878164 0 54.125 1.079 0.113243
5.4375 1.29515 0.841776 0.0859295 0 54.375 1.09023 0.111292
5.4625 1.30066 0.846687 0.0840407 0 54.625 1.10125 0.109309
5.4875 1.30608 0.851469 0.0821534 0 54.875 1.11208 0.107299
5.5125 1.31139 0.856123 0.080271 0 55.125 1.12271 0.105266
5.5375 1.3166 0.860651 0.0783967 0 55.375 1.13313 0.103217
5.5625 1.3217 0.865055 0.0765331 0 55.625 1.14335 0.101154
5.5875 1.32671 0.869337 0.0746829 0 55.875 1.15335 0.0990823
5.6125 1.3316 0.8735 0.0728485 0 56.125 1.16316 0.0970054
5.6375 1.3364 0.877544 0.0710319 0 56.375 1.17275 0.0949271
5.6625 1.34109 0.881473 0.0692352 0 56.625 1.18214 0.0928508
5.6875 1.34568 0.885288 0.0674601 0 56.875 1.19131 0.0907797
5.7125 1.35016 0.888993 0.0657081 0 57.125 1.20029 0.0887168
5.7375 1.35455 0.892588 0.0639807 0 57.375 1.20905 0.0866649
5.7625 1.35883 0.896078 0.0622792 0 57.625 1.21761 0.0846266
5.7875 1.363 0.899464 0.0606046 0 57.875 1.22597 0.0826043
5.8125 1.36708 0.902748 0.0589578 0 58.125 1.23413 0.0806001
5.8375 1.37106 0.905933 0.0573397 0 58.375 1.24209 0.0786161
5.8625 1.37494 0.909021 0.055751 0 58.625 1.24985 0.0766541
5.8875 1.37872 0.912016 0.0541922 0 58.875 1.25741 0.0747158
5.9125 1.3824 0.914918 0.0526639 0 59.125 1.26479 0.0728027
5.9375 1.38599 0.91773 0.0511663 0 59.375 1.27197 0.0709162
5.9625 1.38949 0.920456 0.0496998 0 59.625 1.27896 0.0690575
5.9875 1.3929 0.923096 0.0482646 0 59.875 1.28578 0.0672276
6.0125 1.39621 0.925654 0.0468608 0 60.125 1.29241 0.0654275
6.0375 1.39943 0.928131 0.0454883 0 60.375 1.29886 0.0636579
6.0625 1.40257 0.93053 0.0441473 0 60.625 1.30513 0.0619197
6.0875 1.40562 0.932853 0.0428375 0 60.875 1.31124 0.0602133
6.1125 1.40859 0.935102 0.0415589 0 61.125 1.31717 0.0585394
6.1375 1.41147 0.937279 0.0403113 0 61.375 1.32294 0.0568982
6.1625 1.41427 0.939387 0.0390944 0 61.625 1.32855 0.0552901
6.1875 1.417 0.941426 0.0379079 0 61.875 1.334 0.0537153
6.2125 1.41964 0.9434 0.0367515 0 62.125 1.33929 0.052174
6.2375 1.42221 0.94531 0.0356249 0 62.375 1.34443 0.0506661
6.2625 1.42471 0.947158 0.0345276 0 62.625 1.34942 0.0491917
6.2875 1.42713 0.948946 0.0334593 0 62.875 1.35427 0.0477507
6.3125 1.42948 0.950676 0.0324196 0 63.125 1.35897 0.046343
6.3375 1.43176 0.952349 0.0314079 0 63.375 1.36353 0.0449685
6.3625 1.43397 0.953967 0.0304239 0 63.625 1.36796 0.0436269
6.3875 1.43612 0.955533 0.0294669 0 63.875 1.37226 0.042318
6.4125 1.4382 0.957046 0.0285366 0 64.125 1.37642 0.0410413
6.4375 1.44022 0.95851 0.0276324 0 64.375 1.38046 0.0397967
6.4625 1.44218 0.959925 0.0267538 0 64.625 1.38438 0.0385837
6.4875 1.44408 0.961294 0.0259002 0 64.875 1.38818 0.0374019
6.5125 1.44592 0.962617 0.0250712 0 65.125 1.39186 0.0362509
6.5375 1.4477 0.963895 0.0242662 0 65.375 1.39543 0.0351302
6.5625 1.44943 0.965132 0.0234847 0 65.625 1.39889 0.0340394
6.5875 1.4511 0.966327 0.0227261 0 65.875 1.40224 0.0329779
6.6125 1.45272 0.967482 0.02199 0 66.125 1.40548 0.0319453
6.6375 1.45429 0.968598 0.0212757 0 66.375 1.40863 0.030941
6.6625 1.45581 0.969677 0.0205827 0 66.625 1.41167 0.0299646
6.6875 1.45729 0.97072 0.0199106 0 66.875 1.41462 0.0290155
6.7125 1.45871 0.971728 0.0192588 0 67.125 1.41747 0.028093
6.7375 1.46009 0.972701 0.0186267 0 67.375 1.42024 0.0271968
6.7625 1.46143 0.973642 0.018014 0 67.625 1.42291 0.0263262
6.7875 1.46273 0.974551 0.01742 0 67.875 1.4255 0.0254806
6.8125 1.46398 0.975429 0.0168443 0 68.125 1.42801 0.0246596
6.8375 1.46519 0.976277 0.0162863 0 68.375 1.43043 0.0238626
6.8625 1.46636 0.977096 0.0157457 0 68.625 1.43278 0.0230889
6.8875 1.4675 0.977888 0.015222 0 68.875 1.43505 0.0223382
6.9125 1.46859 0.978653 0.0147146 0 69.125 1.43724 0.0216097
6.9375 1.46966 0.979391 0.0142231 0 69.375 1.43937 0.0209031
6.9625 1.47068 0.980104 0.0137471 0 69.625 1.44142 0.0202176
6.9875 1.47168 0.980793 0.0132861 0 69.875 1.44341 0.0195529
7.0125 1.47264 0.981458 0.0128398 0 70.125 1.44533 0.0189083
7.0375 1.47357 0.9821 0.0124076 0 70.375 1.44719 0.0182835
7.0625 1.47446 0.982721 0.0119893 0 70.625 1.44899 0.0176778
7.0875 1.47533 0.983319 0.0115843 0 70.875 1.45072 0.0170907
7.1125 1.47617 0.983898 0.0111923 0 71.125 1.4524 0.0165218
7.1375 1.47698 0.984456 0.010813 0 71.375 1.45403 0.0159706
7.1625 1.47777 0.984995 0.0104459 0 71.625 1.45559 0.0154366
7.1875 1.47853 0.985515 0.0100907 0 71.875 1.45711 0.0149193
7.2125 1.47926 0.986017 0.009747 0 72.125 1.45857 0.0144183
7.2375 1.47997 0.986501 0.00941453 0 72.375 1.45999 0.0139332
7.2625 1.48065 0.986969 0.00909293 0 72.625 1.46136 0.0134635
7.2875 1.48131 0.987421 0.00878186 0 72.875 1.46268 0.0130087
7.3125 1.48195 0.987856 0.00848102 0 73.125 1.46396 0.0125685
7.3375 1.48257 0.988277 0.0081901 0 73.375 1.46519 0.0121424
7.3625 1.48317 0.988683 0.00790879 0 73.625 1.46638 0.01173
7.3875 1.48374 0.989074 0.00763682 0 73.875 1.46753 0.0113311
7.4125 1.4843 0.989452 0.00737389 0 74.125 1.46864 0.010945
7.4375 1.48484 0.989816 0.00711973 0 74.375 1.46971 0.0105716
7.4625 1.48535 0.990168 0.00687409 0 74.625 1.47075 0.0102105
7.4875 1.48586 0.990508 0.00663668 0 74.875 1.47175 0.00986115
7.5125 1.48634 0.990835 0.00640728 0 75.125 1.47272 0.00952339
7.5375 1.48681 0.991151 0.00618562 0 75.375 1.47365 0.00919683
7.5625 1.48726 0.991455 0.00597148 0 75.625 1.47455 0.00888113
7.5875 1.48769 0.991749 0.00576462 0 75.875 1.47542 0.00857599
7.6125 1.48812 0.992033 0.00556482 0 76.125 1.47626 0.00828109
7.6375 1.48852 0.992307 0.00537186 0 76.375 1.47707 0.00799613
7.6625 1.48891 0.992571 0.00518553 0 76.625 1.47785 0.00772081
7.6875 1.48929 0.992825 0.00500562 0 76.875 1.47861 0.00745483
7.7125 1.48966 0.993071 0.00483193 0 77.125 1.47934 0.00719793
7.7375 1.49001 0.993308 0.00466426 0 77.375 1.48004 0.00694981
7.7625 1.49035 0.993536 0.00450244 0 77.625 1.48072 0.00671023
7.7875 1.49068 0.993757 0.00434627 0 77.875 1.48138 0.00647891
7.8125 1.491 0.99397 0.00419557 0 78.125 1.48201 0.0062556
7.8375 1.49131 0.994175 0.00405017 0 78.375 1.48262 0.00604006
7.8625 1.49161 0.994373 0.00390991 0 78.625 1.48321 0.00583204
7.8875 1.49189 0.994564 0.0037746 0 78.875 1.48378 0.00563129
7.9125 1.49217 0.994749 0.0036441 0 79.125 1.48433 0.0054376
7.9375 1.49244 0.994927 0.00351824 0 79.375 1.48486 0.00525074
7.9625 1.49269 0.995099 0.00339688 0 79.625 1.48538 0.00507049
7.9875 1.49294 0.995265 0.00327986 0 79.875 1.48587 0.00489663
8.0125 1.49318 0.995425 0.00316704 0 80.125 1.48635 0.00472896
8.0375 1.49341 0.99558 0.00305827 0 80.375 1.48681 0.00456727
8.0625 1.49364 0.995729 0.00295342 0 80.625 1.48726 0.00441135
8.0875 1.49386 0.995873 0.00285236 0 80.875 1.48769 0.00426102
8.1125 1.49406 0.996013 0.00275495 0 81.125 1.48811 0.00411607
8.1375 1.49427 0.996147 0.00266107 0 81.375 1.48851 0.00397634
8.1625 1.49446 0.996278 0.00257058 0 81.625 1.4889 0.00384163
8.1875 1.49465 0.996403 0.00248337 0 81.875 1.48927 0.00371177
8.2125 1.49483 0.996525 0.00239932 0 82.125 1.48964 0.00358658
8.2375 1.49501 0.996642 0.00231831 0 82.375 1.48999 0.00346589
8.2625 1.49518 0.996756 0.00224023 0 82.625 1.49033 0.00334954
8.2875 1.49534 0.996866 0.00216496 0 82.875 1.49066 0.00323736
8.3125 1.4955 0.996972 0.00209241 0 83.125 1.49097 0.0031292
8.3375 1.49566 0.997075 0.00202246 0 83.375 1.49128 0.00302491
8.3625 1.49581 0.997174 0.00195502 0 83.625 1.49158 0.00292433
8.3875 1.49595 0.997271 0.00188998 0 83.875 1.49187 0.00282731
8.4125 1.49609 0.997364 0.00182725 0 84.125 1.49214 0.00273372
8.4375 1.49622 0.997454 0.00176673 0 84.375 1.49241 0.00264342
8.4625 1.49635 0.997542 0.00170833 0 84.625 1.49267 0.00255627
8.4875 1.49648 0.997626 0.00165197 0 84.875 1.49293 0.00247214
8.5125 1.4966 0.997708 0.00159756 0 85.125 1.49317 0.00239091
8.5375 1.49672 0.997788 0.00154501 0 85.375 1.4934 0.00231245
8.5625 1.49683 0.997864 0.00149425 0 85.625 1.49363 0.00223664
8.5875 1.49694 0.997939 0.0014452 0 85.875 1.49385 0.00216338
8.6125 1.49705 0.998011 0.00139778 0 86.125 1.49407 0.00209255
8.6375 1.49715 0.998081 0.00135193 0 86.375 1.49428 0.00202404
8.6625 1.49725 0.998149 0.00130756 0 86.625 1.49448 0.00195775
8.6875 1.49734 0.998214 0.00126463 0 86.875 1.49467 0.00189359
8.7125 1.49744 0.998278 0.00122306 0 87.125 1.49486 0.00183145
8.7375 1.49753 0.99834 0.00118279 0 87.375 1.49504 0.00177127
8.7625 1.49761 0.998399 0.00114378 0 87.625 1.49522 0.00171294
8.7875 1.4977 0.998457 0.00110595 0 87.875 1.49539 0.00165638
8.8125 1.49778 0.998513 0.00106927 0 88.125 1.49555 0.00160153
8.8375 1.49786 0.998567 0.00103367 0 88.375 1.49571 0.0015483
8.8625 1.49794 0.998619 0.000999129 0 88.625 1.49587 0.00149663
8.8875 1.49801 0.99867 0.000965587 0 88.875 1.49602 0.00144646
8.9125 1.49808 0.998719 0.000933008 0 89.125 1.49616 0.00139772
8.9375 1.49815 0.998766 0.000901356 0 89.375 1.4963 0.00135036
8.9625 1.49821 0.998812 0.000870594 0 89.625 1.49643 0.00130434
8.9875 1.49828 0.998856 0.00084069 0 89.875 1.49657 0.00125959
9.0125 1.49834 0.998899 0.000811615 0 90.125 1.49669 0.00121607
9.0375 1.4984 0.99894 0.000783341 0 90.375 1.49681 0.00117376
9.0625 1.49846 0.99898 0.000755844 0 90.625 1.49693 0.0011326
9.0875 1.49851 0.999018 0.000729101 0 90.875 1.49704 0.00109257
9.1125 1.49857 0.999055 0.000703092 0 91.125 1.49715 0.00105363
9.1375 1.49862 0.999091 0.000677798 0 91.375 1.49726 0.00101576
9.1625 1.49867 0.999125 0.000653203 0 91.625 1.49736 0.000978935
9.1875 1.49872 0.999158 0.000629293 0 91.875 1.49745 0.000943131
9.2125 1.49876 0.999189 0.000606054 0 92.125 1.49755 0.000908331
9.2375 1.49881 0.99922 0.000583476 0 92.375 1.49764 0.000874519
9.2625 1.49885 0.999249 0.00056155 0 92.625 1.49772 0.000841679
9.2875 1.49889 0.999277 0.000540265 0 92.875 1.49781 0.000809799
9.3125 1.49893 0.999303 0.000519617 0 93.125 1.49789 0.000778869
9.3375 1.49897 0.999329 0.000499597 0 93.375 1.49796 0.00074888
9.3625 1.49901 0.999353 0.000480201 0 93.625 1.49804 0.000719824
9.3875 1.49904 0.999377 0.000461424 0 93.875 1.49811 0.000691693
9.4125 1.49907 0.999399 0.000443262 0 94.125 1.49817 0.000664483
9.4375 1.49911 0.99942 0.000425711 0 94.375 1.49824 0.000638187
9.4625 1.49914 0.99944 0.000408768 0 94.625 1.4983 0.000612801
9.4875 1.49917 0.99946 0.00039243 0 94.875 1.49836 0.000588319
9.5125 1.4992 0.999478 0.000376692 0 95.125 1.49842 0.000564736
9.5375 1.49923 0.999496 0.000361551 0 95.375 1.49847 0.000542047
9.5625 1.49925 0.999513 0.000347003 0 95.625 1.49852 0.000520245
9.5875 1.49928 0.999529 0.000333043 0 95.875 1.49857 0.000499323
9.6125 1.4993 0.999544 0.000319665 0 96.125 1.49862 0.000479274
9.6375 1.49932 0.999558 0.000306864 0 96.375 1.49866 0.000460089
9.6625 1.49935 0.999572 0.000294634 0 96.625 1.49871 0.000441758
9.6875 1.49937 0.999586 0.000282965 0 96.875 1.49875 0.000424269
9.7125 1.49939 0.999598 0.00027185 0 97.125 1.49879 0.00040761
9.7375 1.49941 0.99961 0.000261279 0 97.375 1.49883 0.000391765
9.7625 1.49943 0.999622 0.000251242 0 97.625 1.49886 0.000376719
9.7875 1.49945 0.999633 0.000241726 0 97.875 1.4989 0.000362455
9.8125 1.49947 0.999643 0.000232718 0 98.125 1.49893 0.000348953
9.8375 1.49948 0.999653 0.000224205 0 98.375 1.49896 0.000336191
9.8625 1.4995 0.999663 0.00021617 0 98.625 1.49899 0.000324147
9.8875 1.49951 0.999673 0.000208598 0 98.875 1.49902 0.000312796
9.9125 1.49953 0.999682 0.00020147 0 99.125 1.49905 0.000302111
9.9375 1.49954 0.999691 0.000194769 0 99.375 1.49908 0.000292064
9.9625 1.49956 0.999699 0.000188473 0 99.625 1.49911 0.000282626
9.9875 1.49957 0.999708 0.000182563 0 99.875 1.49913 0.000273767
10.0125 1.49959 0.999716 0.000177017 0 100.125 1.49916 0.000265452
10.0375 1.4996 0.999724 0.000171813 0 100.375 1.49919 0.000257651
10.0625 1.49961 0.999731 0.000166928 0 100.625 1.49921 0.000250327
10.0875 1.49962 0.999739 0.000162339 0 100.875 1.49923 0.000243448
10.1125 1.49964 0.999747 0.000158023 0 101.125 1.49926 0.000236977
10.1375 1.49965 0.999754 0.000153956 0 101.375 1.49928 0.00023088
10.1625 1.49966 0.999762 0.000150115 0 101.625 1.4993 0.000225122
10.1875 1.49967 0.999769 0.000146476 0 101.875 1.49932 0.000219666
10.2125 1.49968 0.999776 0.000143016 0 102.125 1.49935 0.000214479
10.2375 1.49969 0.999784 0.000139713 0 102.375 1.49937 0.000209526
10.2625 1.4997 0.999791 0.000136543 0 102.625 1.49939 0.000204774
10.2875 1.49971 0.999798 0.000133486 0 102.875 1.49941 0.00020019
10.3125 1.49972 0.999805 0.00013052 0 103.125 1.49943 0.000195744
10.3375 1.49973 0.999812 0.000127626 0 103.375 1.49945 0.000191404
10.3625 1.49974 0.999819 0.000124785 0 103.625 1.49947 0.000187145
10.3875 1.49975 0.999826 0.000121979 0 103.875 1.49949 0.000182938
10.4125 1.49976 0.999833 0.000119193 0 104.125 1.49951 0.000178761
10.4375 1.49977 0.999839 0.000116412 0 104.375 1.49953 0.000174591
10.4625 1.49978 0.999846 0.000113623 0 104.625 1.49955 0.000170409
10.4875 1.49979 0.999853 0.000110815 0 104.875 1.49956 0.000166198
10.5125 1.49979 0.999859 0.000107978 0 105.125 1.49958 0.000161945
10.5375 1.4998 0.999865 0.000105105 0 105.375 1.4996 0.000157637
10.5625 1.49981 0.999872 0.000102191 0 105.625 1.49962 0.000153266
10.5875 1.49982 0.999878 9.923e-05 0 105.875 1.49963 0.000148827
10.6125 1.49982 0.999883 9.62213e-05 0 106.125 1.49965 0.000144315
10.6375 1.49983 0.999889 9.31639e-05 0 106.375 1.49967 0.00013973
10.6625 1.49984 0.999895 9.00589e-05 0 106.625 1.49968 0.000135074
10.6875 1.49985 0.9999 8.6909e-05 0 106.875 1.4997 0.00013035
10.7125 1.49985 0.999905 8.37183e-05 0 107.125 1.49971 0.000125565
10.7375 1.49986 0.99991 8.04926e-05 0 107.375 1.49972 0.000120727
10.7625 1.49986 0.999915 7.72386e-05 0 107.625 1.49974 0.000115847
10.7875 1.49987 0.999919 7.39646e-05 0 107.875 1.49975 0.000110937
10.8125 1.49988 0.999923 7.06798e-05 0 108.125 1.49976 0.000106011
10.8375 1.49988 0.999927 6.73947e-05 0 108.375 1.49977 0.000101084
10.8625 1.49989 0.999931 6.41205e-05 0 108.625 1.49978 9.61734e-05
10.8875 1.49989 0.999934 6.08692e-05 0 108.875 1.49979 9.12971e-05
10.9125 1.49989 0.999938 5.76534e-05 0 109.125 1.4998 8.64741e-05
10.9375 1.4999 0.999941 5.44861e-05 0 109.375 1.49981 8.17237e-05
10.9625 1.4999 0.999943 5.13804e-05 0 109.625 1.49982 7.70656e-05
10.9875 1.49991 0.999946 4.83494e-05 0 109.875 1.49982 7.25196e-05
11.0125 1.49991 0.999948 4.54059e-05 0 110.125 1.49983 6.81047e-05
11.0375 1.49991 0.99995 4.2562e-05 0 110.375 1.49984 6.38393e-05
11.0625 1.49992 0.999952 3.98295e-05 0 110.625 1.49984 5.97409e-05
11.0875 1.49992 0.999953 3.72192e-05 0 110.875 1.49985 5.58257e-05
11.1125 1.49992 0.999954 3.47408e-05 0 111.125 1.49985 5.21084e-05
11.1375 1.49992 0.999955 3.24031e-05 0 111.375 1.49986 4.86022e-05
11.1625 1.49993 0.999956 3.02136e-05 0 111.625 1.49986 4.53182e-05
11.1875 1.49993 0.999957 2.81786e-05 0 111.875 1.49986 4.2266e-05
11.2125 1.49993 0.999958 2.6303e-05 0 112.125 1.49987 3.94527e-05
11.2375 1.49993 0.999958 2.45903e-05 0 112.375 1.49987 3.68838e-05
11.2625 1.49993 0.999959 2.30428e-05 0 112.625 1.49987 3.45627e-05
11.2875 1.49994 0.999959 2.16614e-05 0 112.875 1.49987 3.24908e-05
11.3125 1.49994 0.999959 2.04457e-05 0 113.125 1.49988 3.06672e-05
11.3375 1.49994 0.99996 1.93936e-05 0 113.375 1.49988 2.90892e-05
11.3625 1.49994 0.99996 1.85016e-05 0 113.625 1.49988 2.77513e-05
11.3875 1.49994 0.99996 1.77649e-05 0 113.875 1.49988 2.66464e-05
11.4125 1.49994 0.99996 1.71771e-05 0 114.125 1.49988 2.57646e-05
11.4375 1.49994 0.99996 1.67298e-05 0 114.375 1.49988 2.50937e-05
11.4625 1.49995 0.999961 1.64142e-05 0 114.625 1.49989 2.46204e-05
11.4875 1.49995 0.999961 1.62201e-05 0 114.875 1.49989 2.43293e-05
11.5125 1.49995 0.999961 1.61363e-05 0 115.125 1.49989 2.42037e-05
11.5375 1.49995 0.999961 1.61505e-05 0 115.375 1.49989 2.42249e-05
11.5625 1.49995 0.999962 1.62491e-05 0 115.625 1.49989 2.43729e-05
11.5875 1.49995 0.999962 1.64191e-05 0 115.875 1.4999 2.46279e-05
11.6125 1.49995 0.999963 1.66466e-05 0 116.125 1.4999 2.49691e-05
11.6375 1.49995 0.999964 1.69174e-05 0 116.375 1.4999 2.53754e-05
11.6625 1.49996 0.999965 1.72179e-05 0 116.625 1.4999 2.58261e-05
11.6875 1.49996 0.999965 1.75346e-05 0 116.875 1.49991 2.63011e-05
11.7125 1.49996 0.999966 1.78544e-05 0 117.125 1.49991 2.67809e-05
11.7375 1.49996 0.999968 1.81651e-05 0 117.375 1.49991 2.72469e-05
11.7625 1.49996 0.999969 1.84547e-05 0 117.625 1.49991 2.76813e-05
11.7875 1.49996 0.99997 1.87121e-05 0 117.875 1.49992 2.80674e-05
11.8125 1.49996 0.999971 1.89271e-05 0 118.125 1.49992 2.83899e-05
11.8375 1.49997 0.999973 1.90905e-05 0 118.375 1.49992 2.8635e-05
11.8625 1.49997 0.999974 1.91939e-05 0 118.625 1.49993 2.87903e-05
11.8875 1.49997 0.999976 1.92302e-05 0 118.875 1.49993 2.88447e-05
11.9125 1.49997 0.999977 1.9193e-05 0 119.125 1.49994 2.8789e-05
11.9375 1.49997 0.999979 1.90777e-05 0 119.375 1.49994 2.8616e-05
11.9625 1.49997 0.99998 1.88801e-05 0 119.625 1.49994 2.83196e-05
11.9875 1.49997 0.999982 1.85975e-05 0 119.875 1.49995 2.78957e-05
12.0125 1.49998 0.999983 1.82283e-05 0 120.125 1.49995 2.7342e-05
12.0375 1.49998 0.999985 1.7773e-05 0 120.375 1.49995 2.6659e-05
12.0625 1.49998 0.999986 1.72336e-05 0 120.625 1.49996 2.585e-05
12.0875 1.49998 0.999987 1.66136e-05 0 120.875 1.49996 2.492e-05
12.1125 1.49998 0.999989 1.59178e-05 0 121.125 1.49996 2.38764e-05
12.1375 1.49998 0.99999 1.51526e-05 0 121.375 1.49997 2.27286e-05
12.1625 1.49998 0.999991 1.43255e-05 0 121.625 1.49997 2.14879e-05
12.1875 1.49998 0.999992 1.34452e-05 0 121.875 1.49997 2.01676e-05
12.2125 1.49998 0.999993 1.25215e-05 0 122.125 1.49997 1.8782e-05
12.2375 1.49999 0.999994 1.15643e-05 0 122.375 1.49998 1.73462e-05
12.2625 1.49999 0.999995 1.05839e-05 0 122.625 1.49998 1.58757e-05
12.2875 1.49999 0.999995 9.59103e-06 0 122.875 1.49998 1.43864e-05
12.3125 1.49999 0.999996 8.59625e-06 0 123.125 1.49998 1.28943e-05
12.3375 1.49999 0.999996 7.61016e-06 0 123.375 1.49998 1.14151e-05
12.3625 1.49999 0.999997 6.64308e-06 0 123.625 1.49998 9.96454e-06
12.3875 1.49999 0.999997 5.70491e-06 0 123.875 1.49998 8.5573e-06
12.4125 1.49999 0.999997 4.80487e-06 0 124.125 1.49999 7.20726e-06
12.4375 1.49999 0.999997 3.95402e-06 0 124.375 1.49999 5.93099e-06
12.4625 1.49999 0.999997 3.16148e-06 0 124.625 1.49999 4.74219e-06
12.4875 1.49999 0.999997 2.43175e-06 0 124.875 1.49999 3.6476e-06
12.5125 1.49999 0.999996 1.7718e-06 0 125.125 1.49999 2.65768e-06
12.5375 1.49999 0.999996 1.18787e-06 0 125.375 1.49998 1.78179e-06
12.5625 1.49999 0.999996 6.85167e-07 0 125.625 1.49998 1.02774e-06
12.5875 1.49999 0.999995 2.6784e-07 0 125.875 1.49998 4.01758e-07
12.6125 1.49999 0.999995 -6.10488e-08 0 126.125 1.49998 -9.15726e-08
12.6375 1.49999 0.999994 -2.99247e-07 0 126.375 1.49998 -4.48867e-07
12.6625 1.49999 0.999994 -4.46449e-07 0 126.625 1.49998 -6.6967e-07
12.6875 1.49999 0.999993 -5.04186e-07 0 126.875 1.49998 -7.56275e-07
12.7125 1.49999 0.999993 -4.75504e-07 0 127.125 1.49998 -7.13251e-07
12.7375 1.49999 0.999992 -3.65215e-07 0 127.375 1.49998 -5.47819e-07
12.7625 1.49999 0.999992 -1.79262e-07 0 127.625 1.49998 -2.68892e-07
12.7875 1.49999 0.999992 7.49943e-08 0 127.875 1.49998 1.12491e-07
12.8125 1.49999 0.999991 3.88556e-07 0 128.125 1.49998 5.8283e-07
12.8375 1.49999 0.999991 7.52015e-07 0 128.375 1.49998 1.12802e-06
12.8625 1.49999 0.999991 1.1557e-06 0 128.625 1.49998 1.73354e-06
12.8875 1.49999 0.999991 1.58946e-06 0 128.875 1.49998 2.38418e-06
12.9125 1.49999 0.999991 2.04189e-06 0 129.125 1.49998 3.06282e-06
12.9375 1.49999 0.999991 2.50058e-06 0 129.375 1.49998 3.75084e-06
12.9625 1.49999 0.999991 2.95833e-06 0 129.625 1.49998 4.43747e-06
12.9875 1.49999 0.999991 3.40639e-06 0 129.875 1.49998 5.10956e-06
13.0125 1.49999 0.999992 3.836e-06 0 130.125 1.49998 5.75397e-06
13.0375 1.49999 0.999992 4.23889e-06 0 130.375 1.49998 6.3583e-06
13.0625 1.49999 0.999993 4.60743e-06 0 130.625 1.49998 6.9111e-06
13.0875 1.49999 0.999993 4.9345e-06 0 130.875 1.49998 7.40172e-06
13.1125 1.49999 0.999994 5.21358e-06 0 131.125 1.49998 7.82033e-06
13.1375 1.49999 0.999994 5.43878e-06 0 131.375 1.49999 8.15814e-06
13.1625 1.49999 0.999995 5.60496e-06 0 131.625 1.49999 8.40741e-06
13.1875 1.49999 0.999996 5.7077e-06 0 131.875 1.49999 8.56152e-06
13.2125 1.49999 0.999996 5.74356e-06 0 132.125 1.49999 8.61532e-06
13.2375 1.5 0.999997 5.7103e-06 0 132.375 1.49999 8.56543e-06
13.2625 1.5 0.999997 5.607e-06 0 132.625 1.49999 8.41048e-06
13.2875 1.5 0.999998 5.43416e-06 0 132.875 1.49999 8.15122e-06
13.3125 1.5 0.999999 5.19391e-06 0 133.125 1.49999 7.79085e-06
13.3375 1.5 0.999999 4.89005e-06 0 133.375 1.5 7.33506e-06
13.3625 1.5 1 4.52811e-06 0 133.625 1.5 6.79215e-06
13.3875 1.5 1 4.11515e-06 0 133.875 1.5 6.17272e-06
13.4125 1.5 1 3.65944e-06 0 134.125 1.5 5.48915e-06
13.4375 1.5 1 3.17021e-06 0 134.375 1.5 4.75531e-06
13.4625 1.5 1 2.65763e-06 0 134.625 1.5 3.98644e-06
13.4875 1.5 1 2.13241e-06 0 134.875 1.5 3.19861e-06
13.5125 1.5 1 1.60531e-06 0 135.125 1.5 2.40796e-06
13.5375 1.5 1 1.08671e-06 0 135.375 1.5 1.63006e-06
13.5625 1.5 1 5.88035e-07 0 135.625 1.5 8.82052e-07
13.5875 1.5 1 1.18424e-07 0 135.875 1.5 1.77636e-07
13.6125 1.5 1 -3.16337e-07 0 136.125 1.5 -4.74505e-07
13.6375 1.5 1 -7.08859e-07 0 136.375 1.5 -1.06329e-06
13.6625 1.5 1 -1.05419e-06 0 136.625 1.5 -1.58128e-06
13.6875 1.5 1 -1.34806e-06 0 136.875 1.5 -2.02209e-06
13.7125 1.5 1 -1.58676e-06 0 137.125 1.5 -2.38014e-06
13.7375 1.5 1 -1.76743e-06 0 137.375 1.5 -2.65114e-06
13.7625 1.5 0.999999 -1.88813e-06 0 137.625 1.5 -2.8322e-06
13.7875 1.5 0.999999 -1.94766e-06 0 137.875 1.5 -2.92148e-06
13.8125 1.5 0.999998 -1.9455e-06 0 138.125 1.5 -2.91825e-06
13.8375 1.5 0.999998 -1.8821e-06 0 138.375 1.49999 -2.82315e-06
13.8625 1.5 0.999998 -1.75868e-06 0 138.625 1.49999 -2.63802e-06
13.8875 1.5 0.999997 -1.57783e-06 0 138.875 1.49999 -2.36675e-06
13.9125 1.5 0.999997 -1.34343e-06 0 139.125 1.49999 -2.01514e-06
13.9375 1.5 0.999997 -1.06057e-06 0 139.375 1.49999 -1.59085e-06
13.9625 1.5 0.999997 -7.35559e-07 0 139.625 1.49999 -1.10334e-06
13.9875 1.5 0.999996 -3.76013e-07 0 139.875 1.49999 -5.64019e-07
14.0125 1.5 0.999996 9.3129e-09 0 140.125 1.49999 1.39693e-08
14.0375 1.5 0.999996 4.08875e-07 0 140.375 1.49999 6.13312e-07
14.0625 1.5 0.999996 8.09741e-07 0 140.625 1.49999 1.21461e-06
14.0875 1.5 0.999996 1.20319e-06 0 140.875 1.49999 1.80478e-06
14.1125 1.5 0.999997 1.57837e-06 0 141.125 1.49999 2.36755e-06
14.1375 1.5 0.999997 1.92432e-06 0 141.375 1.49999 2.88648e-06
14.1625 1.5 0.999997 2.23102e-06 0 141.625 1.49999 3.34653e-06
14.1875 1.5 0.999997 2.48978e-06 0 141.875 1.49999 3.73467e-06
14.2125 1.5 0.999998 2.69348e-06 0 142.125 1.5 4.04022e-06
14.2375 1.5 0.999998 2.83689e-06 0 142.375 1.5 4.25533e-06
14.2625 1.5 0.999999 2.91691e-06 0 142.625 1.5 4.37536e-06
14.2875 1.5 0.999999 2.93252e-06 0 142.875 1.5 4.39877e-06
14.3125 1.5 1 2.88449e-06 0 143.125 1.5 4.32674e-06
14.3375 1.5 1 2.77544e-06 0 143.375 1.5 4.16315e-06
14.3625 1.5 1 2.60899e-06 0 143.625 1.5 3.91348e-06
14.3875 1.5 1 2.39023e-06 0 143.875 1.5 3.58534e-06
14.4125 1.5 1 2.12531e-06 0 144.125 1.5 3.18796e-06
14.4375 1.5 1 1.8211e-06 0 144.375 1.5 2.73165e-06
14.4625 1.5 1 1.48495e-06 0 144.625 1.5 2.22743e-06
14.4875 1.5 1 1.12446e-06 0 144.875 1.5 1.68669e-06
14.5125 1.5 1 7.47396e-07 0 145.125 1.5 1.12109e-06
14.5375 1.5 1 3.61657e-07 0 145.375 1.5 5.42485e-07
14.5625 1.5 1 -2.28951e-08 0 145.625 1.5 -3.43427e-08
14.5875 1.5 1 -3.97688e-07 0 145.875 1.5 -5.96532e-07
14.6125 1.5 1 -7.56112e-07 0 146.125 1.5 -1.13417e-06
14.6375 1.5 1 -1.09034e-06 0 146.375 1.5 -1.63551e-06
14.6625 1.5 1 -1.39198e-06 0 146.625 1.5 -2.08796e-06
14.6875 1.5 1 -1.65263e-06 0 146.875 1.5 -2.47895e-06
14.7125 1.5 1 -1.86429e-06 0 147.125 1.5 -2.79644e-06
14.7375 1.5 1 -2.01972e-06 0 147.375 1.5 -3.02957e-06
14.7625 1.5 1 -2.11277e-06 0 147.625 1.5 -3.16915e-06
14.7875 1.5 0.999999 -2.13858e-06 0 147.875 1.5 -3.20787e-06
14.8125 1.5 0.999999 -2.0941e-06 0 148.125 1.5 -3.14114e-06
14.8375 1.5 0.999999 -1.97926e-06 0 148.375 1.5 -2.96889e-06
14.8625 1.5 0.999998 -1.79597e-06 0 148.625 1.5 -2.69395e-06
14.8875 1.5 0.999998 -1.5486e-06 0 148.875 1.5 -2.3229e-06
14.9125 1.5 0.999998 -1.24409e-06 0 149.125 1.5 -1.86614e-06
14.9375 1.5 0.999998 -8.9179e-07 0 149.375 1.5 -1.33768e-06
14.9625 1.5 0.999997 -5.03052e-07 0 149.625 1.49999 -7.54577e-07
14.9875 1.5 0.999997 -9.06613e-08 0 149.875 1.49999 -1.35992e-07
15.0125 1.5 0.999997 3.30371e-07 0 150.125 1.49999 4.95556e-07
15.0375 1.5 0.999997 7.43289e-07 0 150.375 1.49999 1.11493e-06
15.0625 1.5 0.999998 1.13649e-06 0 150.625 1.49999 1.70474e-06
15.0875 1.5 0.999998 1.49782e-06 0 150.875 1.5 2.24673e-06
15.1125 1.5 0.999998 1.81551e-06 0 151.125 1.5 2.72326e-06
15.1375 1.5 0.999998 2.07967e-06 0 151.375 1.5 3.11951e-06
15.1625 1.5 0.999999 2.28268e-06 0 151.625 1.5 3.42401e-06
15.1875 1.5 0.999999 2.41921e-06 0 151.875 1.5 3.62881e-06
15.2125 1.5 0.999999 2.48633e-06 0 152.125 1.5 3.72949e-06
15.2375 1.5 1 2.48368e-06 0 152.375 1.5 3.72551e-06
15.2625 1.5 1 2.41283e-06 0 152.625 1.5 3.61925e-06
15.2875 1.5 1 2.27626e-06 0 152.875 1.5 3.4144e-06
15.3125 1.5 1 2.07847e-06 0 153.125 1.5 3.1177e-06
15.3375 1.5 1 1.82547e-06 0 153.375 1.5 2.7382e-06
15.3625 1.5 1 1.52423e-06 0 153.625 1.5 2.28635e-06
15.3875 1.5 1 1.18246e-06 0 153.875 1.5 1.7737e-06
15.4125 1.5 1 8.08612e-07 0 154.125 1.5 1.21292e-06
15.4375 1.5 1 4.1173e-07 0 154.375 1.5 6.17595e-07
15.4625 1.5 1 2.00265e-09 0 154.625 1.5 3.00397e-09
15.4875 1.5 1 -4.07974e-07 0 154.875 1.5 -6.11961e-07
15.5125 1.5 1 -8.09139e-07 0 155.125 1.5 -1.21371e-06
15.5375 1.5 1 -1.1925e-06 0 155.375 1.5 -1.78875e-06
15.5625 1.5 1 -1.54714e-06 0 155.625 1.5 -2.32072e-06
15.5875 1.5 1 -1.8619e-06 0 155.875 1.5 -2.79286e-06
15.6125 1.5 1 -2.12605e-06 0 156.125 1.5 -3.18907e-06
15.6375 1.5 1 -2.32946e-06 0 156.375 1.5 -3.4942e-06
15.6625 1.5 1 -2.46306e-06 0 156.625 1.5 -3.69459e-06
15.6875 1.5 1 -2.51935e-06 0 156.875 1.5 -3.77902e-06
15.7125 1.5 0.999999 -2.49307e-06 0 157.125 1.5 -3.73961e-06
15.7375 1.5 0.999999 -2.38228e-06 0 157.375 1.5 -3.57342e-06
15.7625 1.5 0.999998 -2.18753e-06 0 157.625 1.5 -3.28129e-06
15.7875 1.5 0.999998 -1.91268e-06 0 157.875 1.5 -2.86902e-06
15.8125 1.5 0.999998 -1.56489e-06 0 158.125 1.5 -2.34734e-06
15.8375 1.5 0.999997 -1.1546e-06 0 158.375 1.5 -1.7319e-06
15.8625 1.5 0.999997 -6.95341e-07 0 158.625 1.49999 -1.04301e-06
15.8875 1.5 0.999997 -2.02878e-07 0 158.875 1.49999 -3.04317e-07
15.9125 1.5 0.999997 3.04146e-07 0 159.125 1.49999 4.56219e-07
15.9375 1.5 0.999997 8.04239e-07 0 159.375 1.49999 1.20636e-06
15.9625 1.5 0.999997 1.28212e-06 0 159.625 1.5 1.92317e-06
15.9875 1.5 0.999998 1.72021e-06 0 159.875 1.5 2.58031e-06
16.0125 1.5 0.999998 2.10204e-06 0 160.125 1.5 3.15306e-06
16.0375 1.5 0.999998 2.41356e-06 0 160.375 1.5 3.62033e-06
16.0625 1.5 0.999999 2.64364e-06 0 160.625 1.5 3.96546e-06
16.0875 1.5 0.999999 2.78442e-06 0 160.875 1.5 4.17663e-06
16.1125 1.5 1 2.83172e-06 0 161.125 1.5 4.24758e-06
16.1375 1.5 1 2.78517e-06 0 161.375 1.5 4.17776e-06
16.1625 1.5 1 2.64775e-06 0 161.625 1.5 3.97162e-06
16.1875 1.5 1 2.42461e-06 0 161.875 1.5 3.63691e-06
16.2125 1.5 1 2.12427e-06 0 162.125 1.5 3.18641e-06
16.2375 1.5 1 1.75748e-06 0 162.375 1.5 2.63623e-06
16.2625 1.5 1 1.33692e-06 0 162.625 1.5 2.00539e-06
16.2875 1.5 1 8.76662e-07 0 162.875 1.50001 1.31499e-06
16.3125 1.5 1 3.91413e-07 0 163.125 1.50001 5.8712e-07
16.3375 1.5 1 -1.04363e-07 0 163.375 1.50001 -1.56545e-07
16.3625 1.5 1 -5.93134e-07 0 163.625 1.50001 -8.89702e-07
16.3875 1.5 1 -1.06025e-06 0 163.875 1.50001 -1.59038e-06
16.4125 1.5 1 -1.49569e-06 0 164.125 1.5 -2.24353e-06
16.4375 1.5 1 -1.88734e-06 0 164.375 1.5 -2.83101e-06
16.4625 1.5 1 -2.22384e-06 0 164.625 1.5 -3.33577e-06
16.4875 1.5 1 -2.49494e-06 0 164.875 1.5 -3.74241e-06
16.5125 1.5 1 -2.6916e-06 0 165.125 1.5 -4.0374e-06
16.5375 1.5 1 -2.80644e-06 0 165.375 1.5 -4.20966e-06
16.5625 1.5 1 -2.83379e-06 0 165.625 1.5 -4.25068e-06
16.5875 1.5 0.999999 -2.76948e-06 0 165.875 1.5 -4.15422e-06
16.6125 1.5 0.999998 -2.61305e-06 0 166.125 1.5 -3.91958e-06
16.6375 1.5 0.999998 -2.36608e-06 0 166.375 1.5 -3.54912e-06
16.6625 1.5 0.999998 -2.03357e-06 0 166.625 1.5 -3.05035e-06
16.6875 1.5 0.999997 -1.62361e-06 0 166.875 1.49999 -2.43541e-06
16.7125 1.5 0.999997 -1.14716e-06 0 167.125 1.49999 -1.72073e-06
16.7375 1.5 0.999997 -6.17999e-07 0 167.375 1.49999 -9.26998e-07
16.7625 1.5 0.999997 -5.50561e-08 0 167.625 1.49999 -8.25841e-08
16.7875 1.5 0.999997 5.18743e-07 0 167.875 1.49999 7.78114e-07
16.8125 1.5 0.999997 1.08596e-06 0 168.125 1.49999 1.62894e-06
16.8375 1.5 0.999997 1.62596e-06 0 168.375 1.5 2.43894e-06
16.8625 1.5 0.999998 2.11716e-06 0 168.625 1.5 3.17574e-06
16.8875 1.5 0.999998 2.53873e-06 0 168.875 1.5 3.80809e-06
16.9125 1.5 0.999999 2.87201e-06 0 169.125 1.5 4.30802e-06
16.9375 1.5 0.999999 3.1016e-06 0 169.375 1.5 4.6524e-06
16.9625 1.5 1 3.2162e-06 0 169.625 1.5 4.8243e-06
16.9875 1.5 1 3.20948e-06 0 169.875 1.5 4.81422e-06
17.0125 1.5 1 3.07984e-06 0 170.125 1.5 4.61977e-06
17.0375 1.5 1 2.83065e-06 0 170.375 1.5 4.24598e-06
17.0625 1.5 1 2.47086e-06 0 170.625 1.5 3.70629e-06
17.0875 1.5 1 2.01438e-06 0 170.875 1.5 3.02157e-06
17.1125 1.5 1 1.47917e-06 0 171.125 1.50001 2.21876e-06
17.1375 1.5 1 8.86282e-07 0 171.375 1.50001 1.32942e-06
17.1625 1.5 1 2.59189e-07 0 171.625 1.50001 3.88784e-07
17.1875 1.5 1 -3.75561e-07 0 171.875 1.50001 -5.63342e-07
17.2125 1.5 1 -9.88828e-07 0 172.125 1.50001 -1.48324e-06
17.2375 1.5 1 -1.55929e-06 0 172.375 1.50001 -2.33894e-06
17.2625 1.5 1 -2.06691e-06 0 172.625 1.5 -3.10037e-06
17.2875 1.5 1 -2.49246e-06 0 172.875 1.5 -3.73869e-06
17.3125 1.5 1 -2.82042e-06 0 173.125 1.5 -4.23063e-06
17.3375 1.5 1 -3.03957e-06 0 173.375 1.5 -4.55936e-06
17.3625 1.5 1 -3.14303e-06 0 173.625 1.5 -4.71454e-06
17.3875 1.5 1 -3.12863e-06 0 173.875 1.5 -4.69294e-06
17.4125 1.5 0.999999 -2.99897e-06 0 174.125 1.5 -4.49846e-06
17.4375 1.5 0.999999 -2.75941e-06 0 174.375 1.5 -4.13912e-06
17.4625 1.5 0.999998 -2.42027e-06 0 174.625 1.5 -3.6304e-06
17.4875 1.5 0.999998 -1.99525e-06 0 174.875 1.5 -2.99287e-06
17.5125 1.5 0.999997 -1.5005e-06 0 175.125 1.49999 -2.25076e-06
17.5375 1.5 0.999997 -9.54395e-07 0 175.375 1.49999 -1.43159e-06
17.5625 1.5 0.999997 -3.77101e-07 0 175.625 1.49999 -5.65651e-07
17.5875 1.5 0.999997 2.10069e-07 0 175.875 1.49999 3.15103e-07
17.6125 1.5 0.999997 7.82514e-07 0 176.125 1.49999 1.17377e-06
17.6375 1.5 0.999997 1.32246e-06 0 176.375 1.49999 1.98368e-06
17.6625 1.5 0.999997 1.8146e-06 0 176.625 1.49999 2.7219e-06
17.6875 1.5 0.999998 2.24237e-06 0 176.875 1.5 3.36355e-06
17.7125 1.5 0.999998 2.59052e-06 0 177.125 1.5 3.88577e-06
17.7375 1.5 0.999999 2.84625e-06 0 177.375 1.5 4.26937e-06
17.7625 1.5 1 2.99996e-06 0 177.625 1.5 4.49993e-06
17.7875 1.5 1 3.0449e-06 0 177.875 1.5 4.56736e-06
17.8125 1.5 1 2.9772e-06 0 178.125 1.5 4.46579e-06
17.8375 1.5 1 2.798e-06 0 178.375 1.5 4.19699e-06
17.8625 1.5 1 2.51159e-06 0 178.625 1.5 3.76739e-06
17.8875 1.5 1 2.12668e-06 0 178.875 1.5 3.19003e-06
17.9125 1.5 1 1.656e-06 0 179.125 1.50001 2.484e-06
17.9375 1.5 1 1.11566e-06 0 179.375 1.50001 1.67349e-06
17.9625 1.5 1 5.24958e-07 0 179.625 1.50001 7.87437e-07
17.9875 1.5 1 -9.12079e-08 0 179.875 1.50001 -1.36812e-07
18.0125 1.5 1 -7.06788e-07 0 180.125 1.50001 -1.06018e-06
18.0375 1.5 1 -1.30094e-06 0 180.375 1.50001 -1.95141e-06
18.0625 1.5 1 -1.84965e-06 0 180.625 1.5 -2.77447e-06
18.0875 1.5 1 -2.32897e-06 0 180.875 1.5 -3.49345e-06
18.1125 1.5 1 -2.71707e-06 0 181.125 1.5 -4.07561e-06
18.1375 1.5 1 -2.99563e-06 0 181.375 1.5 -4.49345e-06
18.1625 1.5 1 -3.15104e-06 0 181.625 1.5 -4.72655e-06
18.1875 1.5 0.999999 -3.17494e-06 0 181.875 1.5 -4.76241e-06
18.2125 1.5 0.999999 -3.06435e-06 0 182.125 1.5 -4.59652e-06
18.2375 1.5 0.999998 -2.82295e-06 0 182.375 1.5 -4.23442e-06
18.2625 1.5 0.999998 -2.4591e-06 0 182.625 1.5 -3.68865e-06
18.2875 1.5 0.999997 -1.98701e-06 0 182.875 1.5 -2.98051e-06
18.3125 1.5 0.999997 -1.42604e-06 0 183.125 1.49999 -2.13906e-06
18.3375 1.5 0.999997 -8.00126e-07 0 183.375 1.49999 -1.20019e-06
18.3625 1.5 0.999997 -1.37746e-07 0 183.625 1.49999 -2.06619e-07
18.3875 1.5 0.999997 5.28554e-07 0 183.875 1.49999 7.9283e-07
18.4125 1.5 0.999997 1.16963e-06 0 184.125 1.49999 1.75445e-06
18.4375 1.5 0.999997 1.75914e-06 0 184.375 1.5 2.63871e-06
18.4625 1.5 0.999998 2.26999e-06 0 184.625 1.5 3.40498e-06
18.4875 1.5 0.999998 2.67852e-06 0 184.875 1.5 4.01778e-06
18.5125 1.5 0.999999 2.9662e-06 0 185.125 1.5 4.4493e-06
18.5375 1.5 0.999999 3.12028e-06 0 185.375 1.5 4.68042e-06
18.5625 1.5 1 3.13461e-06 0 185.625 1.5 4.70192e-06
18.5875 1.5 1 3.00861e-06 0 185.875 1.5 4.51292e-06
18.6125 1.5 1 2.74809e-06 0 186.125 1.5 4.12213e-06
18.6375 1.5 1 2.36578e-06 0 186.375 1.5 3.54867e-06
18.6625 1.5 1 1.88064e-06 0 186.625 1.5 2.82096e-06
18.6875 1.5 1 1.31628e-06 0 186.875 1.5 1.97443e-06
18.7125 1.5 1 6.99479e-07 0 187.125 1.50001 1.04922e-06
18.7375 1.5 1 5.86274e-08 0 187.375 1.50001 8.79412e-08
18.7625 1.5 1 -5.74683e-07 0 187.625 1.50001 -8.62025e-07
18.7875 1.5 1 -1.1684e-06 0 187.875 1.50001 -1.75259e-06
18.8125 1.5 1 -1.70184e-06 0 188.125 1.5 -2.55276e-06
18.8375 1.5 1 -2.15317e-06 0 188.375 1.5 -3.22976e-06
18.8625 1.5 1 -2.5037e-06 0 188.625 1.5 -3.75555e-06
18.8875 1.5 1 -2.73881e-06 0 188.875 1.5 -4.10822e-06
18.9125 1.5 1 -2.84881e-06 0 189.125 1.5 -4.27322e-06
18.9375 1.5 1 -2.83024e-06 0 189.375 1.5 -4.24536e-06
18.9625 1.5 0.999999 -2.68625e-06 0 189.625 1.5 -4.02938e-06
18.9875 1.5 0.999999 -2.42376e-06 0 189.875 1.5 -3.63564e-06
19.0125 1.5 0.999998 -2.05599e-06 0 190.125 1.5 -3.08398e-06
19.0375 1.5 0.999998 -1.60093e-06 0 190.375 1.5 -2.4014e-06
19.0625 1.5 0.999997 -1.08056e-06 0 190.625 1.5 -1.62084e-06
19.0875 1.5 0.999997 -5.19495e-07 0 190.875 1.49999 -7.79242e-07
19.1125 1.5 0.999997 5.67295e-08 0 191.125 1.49999 8.50941e-08
19.1375 1.5 0.999997 6.18893e-07 0 191.375 1.49999 9.2834e-07
19.1625 1.5 0.999997 1.14126e-06 0 191.625 1.5 1.7119e-06
19.1875 1.5 0.999998 1.60543e-06 0 191.875 1.5 2.40814e-06
19.2125 1.5 0.999998 1.99186e-06 0 192.125 1.5 2.98778e-06
19.2375 1.5 0.999998 2.28463e-06 0 192.375 1.5 3.42695e-06
19.2625 1.5 0.999999 2.47215e-06 0 192.625 1.5 3.70823e-06
19.2875 1.5 1 2.54743e-06 0 192.875 1.5 3.82115e-06
19.3125 1.5 1 2.50865e-06 0 193.125 1.5 3.76298e-06
19.3375 1.5 1 2.35857e-06 0 193.375 1.5 3.53785e-06
19.3625 1.5 1 2.10417e-06 0 193.625 1.5 3.15626e-06
19.3875 1.5 1 1.75721e-06 0 193.875 1.5 2.63581e-06
19.4125 1.5 1 1.33322e-06 0 194.125 1.5 1.99983e-06
19.4375 1.5 1 8.51249e-07 0 194.375 1.5 1.27687e-06
19.4625 1.5 1 3.32763e-07 0 194.625 1.5 4.99145e-07
19.4875 1.5 1 -1.96542e-07 0 194.875 1.5 -2.94813e-07
19.5125 1.5 1 -7.08027e-07 0 195.125 1.5 -1.06204e-06
19.5375 1.5 1 -1.1831e-06 0 195.375 1.5 -1.77465e-06
19.5625 1.5 1 -1.59984e-06 0 195.625 1.5 -2.39977e-06
19.5875 1.5 1 -1.93858e-06 0 195.875 1.5 -2.90787e-06
19.6125 1.5 1 -2.18362e-06 0 196.125 1.5 -3.27544e-06
19.6375 1.5 1 -2.32419e-06 0 196.375 1.5 -3.48628e-06
19.6625 1.5 1 -2.35428e-06 0 196.625 1.5 -3.53142e-06
19.6875 1.5 0.999999 -2.27226e-06 0 196.875 1.5 -3.40839e-06
19.7125 1.5 0.999999 -2.0832e-06 0 197.125 1.5 -3.1248e-06
19.7375 1.5 0.999998 -1.79611e-06 0 197.375 1.5 -2.69416e-06
19.7625 1.5 0.999998 -1.42477e-06 0 197.625 1.5 -2.13715e-06
19.7875 1.5 0.999998 -9.86941e-07 0 197.875 1.5 -1.48041e-06
19.8125 1.5 0.999998 -5.03128e-07 0 198.125 1.5 -7.54691e-07
19.8375 1.5 0.999998 1.71026e-09 0 198.375 1.5 2.56539e-09
19.8625 1.5 0.999998 4.99832e-07 0 198.625 1.5 7.49748e-07
19.8875 1.5 0.999998 9.71187e-07 0 198.875 1.5 1.45678e-06
19.9125 1.5 0.999998 1.39296e-06 0 199.125 1.5 2.08943e-06
19.9375 1.5 0.999999 1.74376e-06 0 199.375 1.5 2.61564e-06
19.9625 1.5 0.999999 2.00584e-06 0 199.625 1.5 3.00876e-06
19.9875 1.5 1 2.16606e-06 0 199.875 1.5 3.2491e-06
