-19.9875 1.5 1 -2.87033e-06 0 -181.705 1.5 -4.30549e-06
-19.9625 1.5 0.999999 -2.72268e-06 0 -181.477 1.5 -4.08402e-06
-19.9375 1.5 0.999998 -2.46108e-06 0 -181.25 1.5 -3.69162e-06
-19.9125 1.5 0.999998 -2.09661e-06 0 -181.023 1.5 -3.14492e-06
-19.8875 1.5 0.999998 -1.64451e-06 0 -180.795 1.5 -2.46676e-06
-19.8625 1.5 0.999997 -1.12358e-06 0 -180.568 1.5 -1.68536e-06
-19.8375 1.5 0.999997 -5.55837e-07 0 -180.341 1.49999 -8.33754e-07
-19.8125 1.5 0.999997 3.37691e-08 0 -180.114 1.49999 5.06537e-08
-19.7875 1.5 0.999997 6.17099e-07 0 -179.886 1.49999 9.25648e-07
-19.7625 1.5 0.999997 1.17061e-06 0 -179.659 1.5 1.75592e-06
-19.7375 1.5 0.999998 1.67381e-06 0 -179.432 1.5 2.51071e-06
-19.7125 1.5 0.999998 2.10532e-06 0 -179.205 1.5 3.15798e-06
-19.6875 1.5 0.999999 2.44627e-06 0 -178.977 1.5 3.6694e-06
-19.6625 1.5 0.999999 2.68169e-06 0 -178.75 1.5 4.02253e-06
-19.6375 1.5 1 2.80102e-06 0 -178.523 1.5 4.20154e-06
-19.6125 1.5 1 2.799e-06 0 -178.295 1.5 4.19849e-06
-19.5875 1.5 1 2.67557e-06 0 -178.068 1.5 4.01336e-06
-19.5625 1.5 1 2.43536e-06 0 -177.841 1.5 3.65304e-06
-19.5375 1.5 1 2.08898e-06 0 -177.614 1.5 3.13347e-06
-19.5125 1.5 1 1.6518e-06 0 -177.386 1.5 2.4777e-06
-19.4875 1.5 1 1.14337e-06 0 -177.159 1.5 1.71505e-06
-19.4625 1.5 1 5.86543e-07 0 -176.932 1.5 8.79815e-07
-19.4375 1.5 1 6.38135e-09 0 -176.705 1.50001 9.57203e-09
-19.4125 1.5 1 -5.6832e-07 0 -176.477 1.5 -8.52481e-07
-19.3875 1.5 1 -1.11079e-06 0 -176.25 1.5 -1.66618e-06
-19.3625 1.5 1 -1.60089e-06 0 -176.023 1.5 -2.40134e-06
-19.3375 1.5 1 -2.01752e-06 0 -175.795 1.5 -3.02628e-06
-19.3125 1.5 1 -2.3423e-06 0 -175.568 1.5 -3.51345e-06
-19.2875 1.5 1 -2.56082e-06 0 -175.341 1.5 -3.84124e-06
-19.2625 1.5 1 -2.66351e-06 0 -175.114 1.5 -3.99527e-06
-19.2375 1.5 1 -2.64642e-06 0 -174.886 1.5 -3.96964e-06
-19.2125 1.5 0.999999 -2.51082e-06 0 -174.659 1.5 -3.76623e-06
-19.1875 1.5 0.999999 -2.26228e-06 0 -174.432 1.5 -3.39342e-06
-19.1625 1.5 0.999998 -1.91218e-06 0 -174.205 1.5 -2.86826e-06
-19.1375 1.5 0.999998 -1.47658e-06 0 -173.977 1.5 -2.21487e-06
-19.1125 1.5 0.999998 -9.75671e-07 0 -173.75 1.5 -1.46351e-06
-19.0875 1.5 0.999998 -4.32801e-07 0 -173.523 1.5 -6.49201e-07
-19.0625 1.5 0.999997 1.2688e-07 0 -173.295 1.5 1.90319e-07
-19.0375 1.5 0.999997 6.74369e-07 0 -173.068 1.5 1.01155e-06
-19.0125 1.5 0.999998 1.18364e-06 0 -172.841 1.5 1.77546e-06
-18.9875 1.5 0.999998 1.63446e-06 0 -172.614 1.5 2.4517e-06
-18.9625 1.5 0.999998 2.00605e-06 0 -172.386 1.5 3.00908e-06
-18.9375 1.5 0.999999 2.28146e-06 0 -172.159 1.5 3.42219e-06
-18.9125 1.5 0.999999 2.44848e-06 0 -171.932 1.5 3.67272e-06
-18.8875 1.5 1 2.49983e-06 0 -171.705 1.5 3.74974e-06
-18.8625 1.5 1 2.43358e-06 0 -171.477 1.5 3.65036e-06
-18.8375 1.5 1 2.25347e-06 0 -171.25 1.5 3.38021e-06
-18.8125 1.5 1 1.96843e-06 0 -171.023 1.5 2.95265e-06
-18.7875 1.5 1 1.59258e-06 0 -170.795 1.5 2.38888e-06
-18.7625 1.5 1 1.14417e-06 0 -170.568 1.5 1.71625e-06
-18.7375 1.5 1 6.44614e-07 0 -170.341 1.5 9.66922e-07
-18.7125 1.5 1 1.17715e-07 0 -170.114 1.5 1.76572e-07
-18.6875 1.5 1 -4.09841e-07 0 -169.886 1.5 -6.14762e-07
-18.6625 1.5 1 -9.09533e-07 0 -169.659 1.5 -1.3643e-06
-18.6375 1.5 1 -1.3595e-06 0 -169.432 1.5 -2.03925e-06
-18.6125 1.5 1 -1.74069e-06 0 -169.205 1.5 -2.61104e-06
-18.5875 1.5 1 -2.03504e-06 0 -168.977 1.5 -3.05255e-06
-18.5625 1.5 1 -2.22829e-06 0 -168.75 1.5 -3.34243e-06
-18.5375 1.5 1 -2.31122e-06 0 -168.523 1.5 -3.46684e-06
-18.5125 1.5 1 -2.28059e-06 0 -168.295 1.5 -3.42088e-06
-18.4875 1.5 1 -2.13887e-06 0 -168.068 1.5 -3.2083e-06
-18.4625 1.5 0.999999 -1.89263e-06 0 -167.841 1.5 -2.83894e-06
-18.4375 1.5 0.999999 -1.55465e-06 0 -167.614 1.5 -2.33197e-06
-18.4125 1.5 0.999998 -1.14216e-06 0 -167.386 1.5 -1.71324e-06
-18.3875 1.5 0.999998 -6.76086e-07 0 -167.159 1.5 -1.01413e-06
-18.3625 1.5 0.999998 -1.80104e-07 0 -166.932 1.5 -2.70156e-07
-18.3375 1.5 0.999998 3.20615e-07 0 -166.705 1.5 4.80922e-07
-18.3125 1.5 0.999998 7.98358e-07 0 -166.477 1.5 1.19754e-06
-18.2875 1.5 0.999998 1.22797e-06 0 -166.25 1.5 1.84196e-06
-18.2625 1.5 0.999998 1.59196e-06 0 -166.023 1.5 2.38794e-06
-18.2375 1.5 0.999998 1.8727e-06 0 -165.795 1.5 2.80905e-06
-18.2125 1.5 0.999999 2.05651e-06 0 -165.568 1.5 3.08477e-06
-18.1875 1.5 0.999999 2.13463e-06 0 -165.341 1.5 3.20194e-06
-18.1625 1.5 1 2.10389e-06 0 -165.114 1.5 3.15584e-06
-18.1375 1.5 1 1.96672e-06 0 -164.886 1.5 2.95007e-06
-18.1125 1.5 1 1.7295e-06 0 -164.659 1.5 2.59426e-06
-18.0875 1.5 1 1.40447e-06 0 -164.432 1.5 2.10671e-06
-18.0625 1.5 1 1.00872e-06 0 -164.205 1.5 1.51307e-06
-18.0375 1.5 1 5.62915e-07 0 -163.977 1.5 8.44372e-07
-18.0125 1.5 1 9.02512e-08 0 -163.75 1.5 1.35377e-07
-17.9875 1.5 1 -3.84624e-07 0 -163.523 1.5 -5.76936e-07
-17.9625 1.5 1 -8.34711e-07 0 -163.295 1.5 -1.25207e-06
-17.9375 1.5 1 -1.23408e-06 0 -163.068 1.5 -1.85112e-06
-17.9125 1.5 1 -1.56497e-06 0 -162.841 1.5 -2.34745e-06
-17.8875 1.5 1 -1.81094e-06 0 -162.614 1.5 -2.71642e-06
-17.8625 1.5 1 -1.95942e-06 0 -162.386 1.5 -2.93912e-06
-17.8375 1.5 1 -2.00311e-06 0 -162.159 1.5 -3.00466e-06
-17.8125 1.5 1 -1.94037e-06 0 -161.932 1.5 -2.91055e-06
-17.7875 1.5 1 -1.77534e-06 0 -161.705 1.5 -2.66301e-06
-17.7625 1.5 1 -1.51637e-06 0 -161.477 1.5 -2.27455e-06
-17.7375 1.5 0.999999 -1.17673e-06 0 -161.25 1.5 -1.76509e-06
-17.7125 1.5 0.999999 -7.74688e-07 0 -161.023 1.5 -1.16203e-06
-17.6875 1.5 0.999999 -3.32007e-07 0 -160.795 1.5 -4.9801e-07
-17.6625 1.5 0.999998 1.27805e-07 0 -160.568 1.5 1.91707e-07
-17.6375 1.5 0.999998 5.79695e-07 0 -160.341 1.5 8.69542e-07
-17.6125 1.5 0.999998 9.98229e-07 0 -160.114 1.5 1.49734e-06
-17.5875 1.5 0.999998 1.35921e-06 0 -159.886 1.5 2.03882e-06
-17.5625 1.5 0.999998 1.64465e-06 0 -159.659 1.5 2.46697e-06
-17.5375 1.5 0.999999 1.84007e-06 0 -159.432 1.5 2.76011e-06
-17.5125 1.5 0.999999 1.93445e-06 0 -159.205 1.5 2.90168e-06
-17.4875 1.5 0.999999 1.92275e-06 0 -158.977 1.5 2.88413e-06
-17.4625 1.5 1 1.80588e-06 0 -158.75 1.5 2.70882e-06
-17.4375 1.5 1 1.58955e-06 0 -158.523 1.5 2.38432e-06
-17.4125 1.5 1 1.28498e-06 0 -158.295 1.5 1.92747e-06
-17.3875 1.5 1 9.08035e-07 0 -158.068 1.5 1.36205e-06
-17.3625 1.5 1 4.79244e-07 0 -157.841 1.5 7.18866e-07
-17.3375 1.5 1 2.20716e-08 0 -157.614 1.5 3.31074e-08
-17.3125 1.5 1 -4.38144e-07 0 -157.386 1.5 -6.57216e-07
-17.2875 1.5 1 -8.75212e-07 0 -157.159 1.5 -1.31282e-06
-17.2625 1.5 1 -1.26433e-06 0 -156.932 1.5 -1.89649e-06
-17.2375 1.5 1 -1.5825e-06 0 -156.705 1.5 -2.37374e-06
-17.2125 1.5 1 -1.81312e-06 0 -156.477 1.5 -2.71967e-06
-17.1875 1.5 1 -1.94503e-06 0 -156.25 1.5 -2.91754e-06
-17.1625 1.5 1 -1.97084e-06 0 -156.023 1.5 -2.95626e-06
-17.1375 1.5 1 -1.88866e-06 0 -155.795 1.5 -2.83298e-06
-17.1125 1.5 1 -1.70252e-06 0 -155.568 1.5 -2.55377e-06
-17.0875 1.5 1 -1.42141e-06 0 -155.341 1.5 -2.13212e-06
-17.0625 1.5 1 -1.05898e-06 0 -155.114 1.5 -1.58846e-06
-17.0375 1.5 1 -6.33537e-07 0 -154.886 1.5 -9.50304e-07
-17.0125 1.5 0.999999 -1.67811e-07 0 -154.659 1.5 -2.51716e-07
-16.9875 1.5 0.999999 3.1288e-07 0 -154.432 1.5 4.69319e-07
-16.9625 1.5 0.999999 7.8114e-07 0 -154.205 1.5 1.17171e-06
-16.9375 1.5 0.999999 1.21116e-06 0 -153.977 1.5 1.81673e-06
-16.9125 1.5 0.999999 1.57841e-06 0 -153.75 1.5 2.36761e-06
-16.8875 1.5 0.999999 1.86089e-06 0 -153.523 1.5 2.79134e-06
-16.8625 1.5 0.999999 2.04267e-06 0 -153.295 1.5 3.064e-06
-16.8375 1.5 0.999999 2.11424e-06 0 -153.068 1.5 3.17137e-06
-16.8125 1.5 0.999999 2.07134e-06 0 -152.841 1.5 3.10701e-06
-16.7875 1.5 0.999999 1.91586e-06 0 -152.614 1.5 2.87379e-06
-16.7625 1.5 1 1.65506e-06 0 -152.386 1.5 2.48259e-06
-16.7375 1.5 1 1.3019e-06 0 -152.159 1.5 1.95285e-06
-16.7125 1.5 1 8.73912e-07 0 -151.932 1.5 1.31087e-06
-16.6875 1.5 1 3.93315e-07 0 -151.705 1.5 5.89973e-07
-16.6625 1.5 1 -1.14222e-07 0 -151.477 1.5 -1.71333e-07
-16.6375 1.5 1 -6.2054e-07 0 -151.25 1.5 -9.30811e-07
-16.6125 1.5 1 -1.09816e-06 0 -151.023 1.5 -1.64724e-06
-16.5875 1.5 1 -1.52229e-06 0 -150.795 1.5 -2.28343e-06
-16.5625 1.5 1 -1.8706e-06 0 -150.568 1.5 -2.8059e-06
-16.5375 1.5 1 -2.12421e-06 0 -150.341 1.5 -3.18632e-06
-16.5125 1.5 1 -2.26965e-06 0 -150.114 1.5 -3.40448e-06
-16.4875 1.5 1 -2.2986e-06 0 -149.886 1.5 -3.4479e-06
-16.4625 1.5 1 -2.20758e-06 0 -149.659 1.5 -3.31138e-06
-16.4375 1.5 1 -2e-06 0 -149.432 1.5 -2.99999e-06
-16.4125 1.5 1 -1.68544e-06 0 -149.205 1.5 -2.52817e-06
-16.3875 1.5 1 -1.27974e-06 0 -148.977 1.5 -1.91961e-06
-16.3625 1.5 1 -8.03431e-07 0 -148.75 1.5 -1.20515e-06
-16.3375 1.5 1 -2.80704e-07 0 -148.523 1.5 -4.21056e-07
-16.3125 1.5 1 2.61664e-07 0 -148.295 1.5 3.92496e-07
-16.2875 1.5 1 7.94862e-07 0 -148.068 1.5 1.19229e-06
-16.2625 1.5 1 1.29098e-06 0 -147.841 1.5 1.93648e-06
-16.2375 1.5 1 1.72413e-06 0 -147.614 1.5 2.58619e-06
-16.2125 1.5 1 2.07219e-06 0 -147.386 1.5 3.10829e-06
-16.1875 1.5 1 2.31799e-06 0 -147.159 1.5 3.47699e-06
-16.1625 1.5 1 2.44788e-06 0 -146.932 1.5 3.67182e-06
-16.1375 1.5 1 2.45558e-06 0 -146.705 1.5 3.68338e-06
-16.1125 1.5 1 2.3423e-06 0 -146.477 1.5 3.51345e-06
-16.0875 1.5 1 2.11516e-06 0 -146.25 1.5 3.17274e-06
-16.0625 1.5 1 1.78567e-06 0 -146.023 1.5 2.6785e-06
-16.0375 1.5 1 1.37017e-06 0 -145.795 1.5 2.05525e-06
-16.0125 1.5 1 8.8875e-07 0 -145.568 1.5 1.33313e-06
-15.9875 1.5 0.999999 3.63901e-07 0 -145.341 1.5 5.45852e-07
-15.9625 1.5 0.999999 -1.79391e-07 0 -145.114 1.5 -2.69087e-07
-15.9375 1.5 0.999999 -7.14005e-07 0 -144.886 1.5 -1.07101e-06
-15.9125 1.5 0.999999 -1.21428e-06 0 -144.659 1.5 -1.82143e-06
-15.8875 1.5 0.999999 -1.65683e-06 0 -144.432 1.5 -2.48524e-06
-15.8625 1.5 0.999999 -2.02204e-06 0 -144.205 1.5 -3.03307e-06
-15.8375 1.5 0.999999 -2.29317e-06 0 -143.977 1.5 -3.43976e-06
-15.8125 1.5 0.999999 -2.45644e-06 0 -143.75 1.5 -3.68467e-06
-15.7875 1.5 0.999999 -2.50425e-06 0 -143.523 1.5 -3.75637e-06
-15.7625 1.5 0.999999 -2.43641e-06 0 -143.295 1.5 -3.65462e-06
-15.7375 1.5 1 -2.25833e-06 0 -143.068 1.5 -3.3875e-06
-15.7125 1.5 1 -1.97959e-06 0 -142.841 1.5 -2.96938e-06
-15.6875 1.5 1 -1.61506e-06 0 -142.614 1.5 -2.42259e-06
-15.6625 1.5 1 -1.18367e-06 0 -142.386 1.5 -1.77551e-06
-15.6375 1.5 1 -7.0655e-07 0 -142.159 1.5 -1.05982e-06
-15.6125 1.5 1 -2.06541e-07 0 -141.932 1.5 -3.09812e-07
-15.5875 1.5 1 2.93851e-07 0 -141.705 1.5 4.40776e-07
-15.5625 1.5 1 7.72803e-07 0 -141.477 1.5 1.1592e-06
-15.5375 1.5 1 1.21102e-06 0 -141.25 1.5 1.81653e-06
-15.5125 1.5 1 1.59246e-06 0 -141.023 1.5 2.38869e-06
-15.4875 1.5 1 1.90394e-06 0 -140.795 1.5 2.85592e-06
-15.4625 1.5 1 2.13605e-06 0 -140.568 1.5 3.20408e-06
-15.4375 1.5 1 2.27896e-06 0 -140.341 1.5 3.41844e-06
-15.4125 1.5 1 2.33029e-06 0 -140.114 1.5 3.49544e-06
-15.3875 1.5 1 2.2911e-06 0 -139.886 1.5 3.43665e-06
-15.3625 1.5 1 2.16508e-06 0 -139.659 1.5 3.24762e-06
-15.3375 1.5 1 1.95878e-06 0 -139.432 1.5 2.93817e-06
-15.3125 1.5 1 1.6821e-06 0 -139.205 1.5 2.52315e-06
-15.2875 1.5 0.999999 1.34697e-06 0 -138.977 1.5 2.02046e-06
-15.2625 1.5 0.999998 9.68163e-07 0 -138.75 1.5 1.45225e-06
-15.2375 1.5 0.999998 5.6104e-07 0 -138.523 1.5 8.4156e-07
-15.2125 1.5 0.999998 1.41072e-07 0 -138.295 1.5 2.11608e-07
-15.1875 1.5 0.999997 -2.76041e-07 0 -138.068 1.5 -4.14062e-07
-15.1625 1.5 0.999997 -6.75611e-07 0 -137.841 1.5 -1.01342e-06
-15.1375 1.5 0.999997 -1.04611e-06 0 -137.614 1.5 -1.56916e-06
-15.1125 1.5 0.999997 -1.37868e-06 0 -137.386 1.5 -2.06802e-06
-15.0875 1.5 0.999997 -1.66317e-06 0 -137.159 1.5 -2.49476e-06
-15.0625 1.5 0.999998 -1.89144e-06 0 -136.932 1.5 -2.83717e-06
-15.0375 1.5 0.999998 -2.05957e-06 0 -136.705 1.5 -3.08935e-06
-15.0125 1.5 0.999999 -2.16476e-06 0 -136.477 1.5 -3.24713e-06
-14.9875 1.5 0.999999 -2.20556e-06 0 -136.25 1.5 -3.30834e-06
-14.9625 1.5 1 -2.18136e-06 0 -136.023 1.5 -3.27204e-06
-14.9375 1.5 1 -2.09164e-06 0 -135.795 1.5 -3.13746e-06
-14.9125 1.5 1 -1.93809e-06 0 -135.568 1.5 -2.90714e-06
-14.8875 1.5 1 -1.72421e-06 0 -135.341 1.5 -2.58631e-06
-14.8625 1.5 1 -1.45412e-06 0 -135.114 1.5 -2.18117e-06
-14.8375 1.5 1 -1.1337e-06 0 -134.886 1.5 -1.70055e-06
-14.8125 1.5 1 -7.7078e-07 0 -134.659 1.5 -1.15617e-06
-14.7875 1.5 1 -3.742e-07 0 -134.432 1.5 -5.61299e-07
-14.7625 1.5 1 4.729e-08 0 -134.205 1.5 7.0935e-08
-14.7375 1.5 1 4.84019e-07 0 -133.977 1.5 7.26028e-07
-14.7125 1.5 1 9.22726e-07 0 -133.75 1.5 1.38409e-06
-14.6875 1.5 1 1.34791e-06 0 -133.523 1.5 2.02186e-06
-14.6625 1.5 1 1.74573e-06 0 -133.295 1.5 2.61859e-06
-14.6375 1.5 1 2.10215e-06 0 -133.068 1.5 3.15322e-06
-14.6125 1.5 1 2.40337e-06 0 -132.841 1.5 3.60506e-06
-14.5875 1.5 1 2.63644e-06 0 -132.614 1.5 3.95466e-06
-14.5625 1.5 1 2.79008e-06 0 -132.386 1.5 4.18512e-06
-14.5375 1.5 0.999999 2.85564e-06 0 -132.159 1.5 4.28346e-06
-14.5125 1.5 0.999998 2.82648e-06 0 -131.932 1.5 4.23972e-06
-14.4875 1.5 0.999998 2.69766e-06 0 -131.705 1.5 4.0465e-06
-14.4625 1.5 0.999997 2.46883e-06 0 -131.477 1.5 3.70324e-06
-14.4375 1.5 0.999997 2.14325e-06 0 -131.25 1.5 3.21488e-06
-14.4125 1.5 0.999996 1.72749e-06 0 -131.023 1.5 2.59124e-06
-14.3875 1.5 0.999996 1.2315e-06 0 -130.795 1.5 1.84726e-06
-14.3625 1.5 0.999996 6.6768e-07 0 -130.568 1.5 1.00152e-06
-14.3375 1.5 0.999996 5.0894e-08 0 -130.341 1.5 7.63411e-08
-14.3125 1.5 0.999996 -5.96228e-07 0 -130.114 1.5 -8.94343e-07
-14.2875 1.5 0.999997 -1.24787e-06 0 -129.886 1.5 -1.8718e-06
-14.2625 1.5 0.999997 -1.8785e-06 0 -129.659 1.5 -2.81775e-06
-14.2375 1.5 0.999998 -2.46252e-06 0 -129.432 1.5 -3.69378e-06
-14.2125 1.5 0.999998 -2.97488e-06 0 -129.205 1.5 -4.46233e-06
-14.1875 1.5 0.999999 -3.39253e-06 0 -128.977 1.5 -5.0888e-06
-14.1625 1.5 1 -3.69568e-06 0 -128.75 1.5 -5.54352e-06
-14.1375 1.5 1 -3.86898e-06 0 -128.523 1.5 -5.80347e-06
-14.1125 1.5 1 -3.90254e-06 0 -128.295 1.5 -5.8538e-06
-14.0875 1.5 1 -3.79141e-06 0 -128.068 1.5 -5.68712e-06
-14.0625 1.5 1 -3.53618e-06 0 -127.841 1.5 -5.30427e-06
-14.0375 1.5 1 -3.14317e-06 0 -127.614 1.5 -4.71475e-06
-14.0125 1.5 1 -2.62425e-06 0 -127.386 1.5 -3.93637e-06
-13.9875 1.5 1 -1.99648e-06 0 -127.159 1.5 -2.99472e-06
-13.9625 1.5 1 -1.28185e-06 0 -126.932 1.5 -1.92277e-06
-13.9375 1.5 1 -5.05502e-07 0 -126.705 1.5 -7.58253e-07
-13.9125 1.5 1 3.06742e-07 0 -126.477 1.5 4.60112e-07
-13.8875 1.5 1 1.12558e-06 0 -126.25 1.5 1.68836e-06
-13.8625 1.5 1 1.91539e-06 0 -126.023 1.5 2.87308e-06
-13.8375 1.5 1 2.64637e-06 0 -125.795 1.5 3.96955e-06
-13.8125 1.5 1 3.29093e-06 0 -125.568 1.5 4.9364e-06
-13.7875 1.5 1 3.82484e-06 0 -125.341 1.5 5.73726e-06
-13.7625 1.5 1 4.22803e-06 0 -125.114 1.5 6.34205e-06
-13.7375 1.5 1 4.48532e-06 0 -124.886 1.5 6.72798e-06
-13.7125 1.5 1 4.58707e-06 0 -124.659 1.5 6.88061e-06
-13.6875 1.5 0.999999 4.5295e-06 0 -124.432 1.5 6.79425e-06
-13.6625 1.5 0.999999 4.31456e-06 0 -124.205 1.5 6.47184e-06
-13.6375 1.5 0.999998 3.95045e-06 0 -123.977 1.5 5.92568e-06
-13.6125 1.5 0.999997 3.45019e-06 0 -123.75 1.5 5.17529e-06
-13.5875 1.5 0.999997 2.83157e-06 0 -123.523 1.5 4.24736e-06
-13.5625 1.5 0.999996 2.11661e-06 0 -123.295 1.5 3.17492e-06
-13.5375 1.5 0.999996 1.33066e-06 0 -123.068 1.5 1.996e-06
-13.5125 1.5 0.999995 5.01055e-07 0 -122.841 1.5 7.51583e-07
-13.4875 1.5 0.999995 -3.45755e-07 0 -122.614 1.49999 -5.18633e-07
-13.4625 1.5 0.999995 -1.18273e-06 0 -122.386 1.49999 -1.77409e-06
-13.4375 1.5 0.999995 -1.98675e-06 0 -122.159 1.49999 -2.98013e-06
-13.4125 1.5 0.999996 -2.72678e-06 0 -121.932 1.5 -4.09018e-06
-13.3875 1.5 0.999996 -3.38056e-06 0 -121.705 1.5 -5.07085e-06
-13.3625 1.5 0.999997 -3.92917e-06 0 -121.477 1.5 -5.89376e-06
-13.3375 1.5 0.999997 -4.35716e-06 0 -121.25 1.5 -6.53574e-06
-13.3125 1.5 0.999998 -4.65298e-06 0 -121.023 1.5 -6.97947e-06
-13.2875 1.5 0.999999 -4.80905e-06 0 -120.795 1.5 -7.21357e-06
-13.2625 1.5 1 -4.82185e-06 0 -120.568 1.5 -7.23277e-06
-13.2375 1.5 1 -4.69202e-06 0 -120.341 1.5 -7.03802e-06
-13.2125 1.5 1 -4.4233e-06 0 -120.114 1.5 -6.63494e-06
-13.1875 1.5 1 -4.02486e-06 0 -119.886 1.5 -6.03729e-06
-13.1625 1.5 1 -3.50856e-06 0 -119.659 1.5 -5.26283e-06
-13.1375 1.5 1 -2.88914e-06 0 -119.432 1.5 -4.33371e-06
-13.1125 1.5 1 -2.18377e-06 0 -119.205 1.50001 -3.27565e-06
-13.0875 1.5 1.00001 -1.41172e-06 0 -118.977 1.50001 -2.11758e-06
-13.0625 1.5 1.00001 -5.93322e-07 0 -118.75 1.50001 -8.89981e-07
-13.0375 1.5 1.00001 2.52527e-07 0 -118.523 1.50001 3.78789e-07
-13.0125 1.5 1.00001 1.10488e-06 0 -118.295 1.50001 1.65732e-06
-12.9875 1.5 1.00001 1.93804e-06 0 -118.068 1.50001 2.90705e-06
-12.9625 1.5 1 2.72632e-06 0 -117.841 1.50001 4.08947e-06
-12.9375 1.5 1 3.44736e-06 0 -117.614 1.5 5.17103e-06
-12.9125 1.5 1 4.0802e-06 0 -117.386 1.5 6.1203e-06
-12.8875 1.5 1 4.60582e-06 0 -117.159 1.5 6.90873e-06
-12.8625 1.5 1 5.00763e-06 0 -116.932 1.5 7.51145e-06
-12.8375 1.5 1 5.27232e-06 0 -116.705 1.5 7.90848e-06
-12.8125 1.5 1 5.39037e-06 0 -116.477 1.5 8.08556e-06
-12.7875 1.5 0.999999 5.3563e-06 0 -116.25 1.5 8.03446e-06
-12.7625 1.5 0.999998 5.16873e-06 0 -116.023 1.5 7.7531e-06
-12.7375 1.5 0.999997 4.83031e-06 0 -115.795 1.5 7.24547e-06
-12.7125 1.5 0.999996 4.348e-06 0 -115.568 1.5 6.522e-06
-12.6875 1.5 0.999995 3.73293e-06 0 -115.341 1.49999 5.5994e-06
-12.6625 1.5 0.999995 3.00065e-06 0 -115.114 1.49999 4.50098e-06
-12.6375 1.5 0.999994 2.1707e-06 0 -114.886 1.49999 3.25605e-06
-12.6125 1.5 0.999994 1.26591e-06 0 -114.659 1.49999 1.89887e-06
-12.5875 1.5 0.999994 3.09569e-07 0 -114.432 1.49999 4.64354e-07
-12.5625 1.5 0.999994 -6.73832e-07 0 -114.205 1.49999 -1.01075e-06
-12.5375 1.5 0.999994 -1.65424e-06 0 -113.977 1.49999 -2.48137e-06
-12.5125 1.5 0.999995 -2.59863e-06 0 -113.75 1.49999 -3.89794e-06
-12.4875 1.5 0.999995 -3.47859e-06 0 -113.523 1.49999 -5.2179e-06
-12.4625 1.5 0.999996 -4.26749e-06 0 -113.295 1.5 -6.40124e-06
-12.4375 1.5 0.999997 -4.94125e-06 0 -113.068 1.5 -7.41189e-06
-12.4125 1.5 0.999997 -5.47926e-06 0 -112.841 1.5 -8.2189e-06
-12.3875 1.5 0.999998 -5.86482e-06 0 -112.614 1.5 -8.79724e-06
-12.3625 1.5 0.999999 -6.0858e-06 0 -112.386 1.5 -9.12869e-06
-12.3375 1.5 1 -6.13521e-06 0 -112.159 1.5 -9.20281e-06
-12.3125 1.5 1 -6.01179e-06 0 -111.932 1.5 -9.01767e-06
-12.2875 1.5 1 -5.71898e-06 0 -111.705 1.5 -8.57847e-06
-12.2625 1.5 1 -5.26521e-06 0 -111.477 1.5 -7.89781e-06
-12.2375 1.5 1 -4.66355e-06 0 -111.25 1.5 -6.99532e-06
-12.2125 1.5 1.00001 -3.93138e-06 0 -111.023 1.50001 -5.89706e-06
-12.1875 1.5 1.00001 -3.08976e-06 0 -110.795 1.50001 -4.63464e-06
-12.1625 1.5 1.00001 -2.16279e-06 0 -110.568 1.50001 -3.24418e-06
-12.1375 1.5 1.00001 -1.17684e-06 0 -110.341 1.50001 -1.76526e-06
-12.1125 1.5 1.00001 -1.57647e-07 0 -110.114 1.50001 -2.3647e-07
-12.0875 1.5 1.00001 8.69197e-07 0 -109.886 1.50001 1.30379e-06
-12.0625 1.5 1.00001 1.87957e-06 0 -109.659 1.50001 2.81935e-06
-12.0375 1.5 1.00001 2.84e-06 0 -109.432 1.50001 4.25999e-06
-12.0125 1.5 1.00001 3.72579e-06 0 -109.205 1.50001 5.58868e-06
-11.9875 1.5 1 4.51457e-06 0 -108.977 1.50001 6.77184e-06
-11.9625 1.5 1 5.18678e-06 0 -108.75 1.5 7.78016e-06
-11.9375 1.5 1 5.72639e-06 0 -108.523 1.5 8.58957e-06
-11.9125 1.5 1 6.12087e-06 0 -108.295 1.5 9.18131e-06
-11.8875 1.5 1 6.36133e-06 0 -108.068 1.5 9.54199e-06
-11.8625 1.5 1 6.44267e-06 0 -107.841 1.5 9.66401e-06
-11.8375 1.5 0.999999 6.3638e-06 0 -107.614 1.5 9.5457e-06
-11.8125 1.5 0.999998 6.12702e-06 0 -107.386 1.5 9.19054e-06
-11.7875 1.5 0.999997 5.739e-06 0 -107.159 1.5 8.60851e-06
-11.7625 1.5 0.999996 5.20965e-06 0 -106.932 1.5 7.81448e-06
-11.7375 1.5 0.999995 4.55203e-06 0 -106.705 1.49999 6.82806e-06
-11.7125 1.5 0.999994 3.78187e-06 0 -106.477 1.49999 5.67282e-06
-11.6875 1.5 0.999994 2.91713e-06 0 -106.25 1.49999 4.3757e-06
-11.6625 1.5 0.999993 1.97811e-06 0 -106.023 1.49999 2.96717e-06
-11.6375 1.5 0.999993 9.86782e-07 0 -105.795 1.49999 1.48018e-06
-11.6125 1.5 0.999993 -3.64711e-08 0 -105.568 1.49999 -5.47068e-08
-11.5875 1.5 0.999993 -1.06958e-06 0 -105.341 1.49999 -1.60437e-06
-11.5625 1.5 0.999993 -2.08521e-06 0 -105.114 1.49999 -3.12782e-06
-11.5375 1.5 0.999994 -3.05617e-06 0 -104.886 1.49999 -4.58426e-06
-11.5125 1.5 0.999994 -3.9589e-06 0 -104.659 1.49999 -5.93836e-06
-11.4875 1.5 0.999995 -4.77129e-06 0 -104.432 1.49999 -7.15695e-06
-11.4625 1.5 0.999996 -5.47321e-06 0 -104.205 1.5 -8.20983e-06
-11.4375 1.5 0.999997 -6.04701e-06 0 -103.977 1.5 -9.07052e-06
-11.4125 1.5 0.999998 -6.4781e-06 0 -103.75 1.5 -9.71715e-06
-11.3875 1.5 0.999999 -6.75534e-06 0 -103.523 1.5 -1.0133e-05
-11.3625 1.5 1 -6.87142e-06 0 -103.295 1.5 -1.03071e-05
-11.3375 1.5 1 -6.82325e-06 0 -103.068 1.5 -1.02349e-05
-11.3125 1.5 1 -6.61189e-06 0 -102.841 1.5 -9.91783e-06
-11.2875 1.5 1 -6.24207e-06 0 -102.614 1.5 -9.36309e-06
-11.2625 1.5 1 -5.72255e-06 0 -102.386 1.5 -8.58382e-06
-11.2375 1.5 1.00001 -5.06584e-06 0 -102.159 1.50001 -7.59875e-06
-11.2125 1.5 1.00001 -4.28781e-06 0 -101.932 1.50001 -6.4317e-06
-11.1875 1.5 1.00001 -3.40737e-06 0 -101.705 1.50001 -5.11105e-06
-11.1625 1.5 1.00001 -2.44616e-06 0 -101.477 1.50001 -3.66923e-06
-11.1375 1.5 1.00001 -1.42793e-06 0 -101.25 1.50001 -2.14189e-06
-11.1125 1.5 1.00001 -3.75884e-07 0 -101.023 1.50001 -5.63824e-07
-11.0875 1.5 1.00001 6.87711e-07 0 -100.795 1.50001 1.03156e-06
-11.0625 1.5 1.00001 1.74038e-06 0 -100.568 1.50001 2.61056e-06
-11.0375 1.5 1.00001 2.75095e-06 0 -100.341 1.50001 4.12641e-06
-11.0125 1.5 1.00001 3.69649e-06 0 -100.114 1.50001 5.54473e-06
-10.9875 1.5 1.00001 4.55593e-06 0 -99.8864 1.50001 6.83388e-06
-10.9625 1.5 1.00001 5.31045e-06 0 -99.6591 1.50001 7.96567e-06
-10.9375 1.5 1 5.94408e-06 0 -99.4318 1.5 8.91611e-06
-10.9125 1.5 1 6.44379e-06 0 -99.2045 1.5 9.66568e-06
-10.8875 1.5 1 6.7997e-06 0 -98.9773 1.5 1.01995e-05
-10.8625 1.5 1 7.00521e-06 0 -98.75 1.5 1.05078e-05
-10.8375 1.5 1 7.05724e-06 0 -98.5227 1.5 1.05859e-05
-10.8125 1.5 0.999999 6.95639e-06 0 -98.2955 1.5 1.04346e-05
-10.7875 1.5 0.999998 6.70612e-06 0 -98.0682 1.5 1.00592e-05
-10.7625 1.5 0.999997 6.31313e-06 0 -97.8409 1.5 9.4697e-06
-10.7375 1.5 0.999996 5.78683e-06 0 -97.6136 1.5 8.68026e-06
-10.7125 1.5 0.999995 5.13915e-06 0 -97.3864 1.49999 7.70874e-06
-10.6875 1.5 0.999994 4.38427e-06 0 -97.1591 1.49999 6.57641e-06
-10.6625 1.5 0.999993 3.53832e-06 0 -96.9318 1.49999 5.30749e-06
-10.6375 1.5 0.999993 2.61921e-06 0 -96.7045 1.49999 3.92883e-06
-10.6125 1.5 0.999992 1.64647e-06 0 -96.4773 1.49999 2.46972e-06
-10.5875 1.5 0.999992 6.3956e-07 0 -96.25 1.49999 9.59342e-07
-10.5625 1.5 0.999992 -3.83934e-07 0 -96.0227 1.49999 -5.75902e-07
-10.5375 1.5 0.999992 -1.40456e-06 0 -95.7955 1.49999 -2.10685e-06
-10.5125 1.5 0.999993 -2.39583e-06 0 -95.5682 1.49999 -3.59375e-06
-10.4875 1.5 0.999993 -3.33687e-06 0 -95.3409 1.49999 -5.00531e-06
-10.4625 1.5 0.999994 -4.2083e-06 0 -95.1136 1.49999 -6.31246e-06
-10.4375 1.5 0.999995 -4.99216e-06 0 -94.8864 1.49999 -7.48825e-06
-10.4125 1.5 0.999995 -5.6723e-06 0 -94.6591 1.5 -8.50847e-06
-10.3875 1.5 0.999996 -6.23478e-06 0 -94.4318 1.5 -9.35218e-06
-10.3625 1.5 0.999997 -6.66813e-06 0 -94.2045 1.5 -1.00022e-05
-10.3375 1.5 0.999998 -6.96367e-06 0 -93.9773 1.5 -1.04455e-05
-10.3125 1.5 0.999999 -7.11566e-06 0 -93.75 1.5 -1.06735e-05
-10.2875 1.5 1 -7.1218e-06 0 -93.5227 1.5 -1.06827e-05
-10.2625 1.5 1 -6.98335e-06 0 -93.2955 1.5 -1.0475e-05
-10.2375 1.5 1 -6.70379e-06 0 -93.0682 1.5 -1.00557e-05
-10.2125 1.5 1 -6.29005e-06 0 -92.8409 1.5 -9.43506e-06
-10.1875 1.5 1 -5.75181e-06 0 -92.6136 1.5 -8.6277e-06
-10.1625 1.5 1.00001 -5.10117e-06 0 -92.3864 1.50001 -7.65174e-06
-10.1375 1.5 1.00001 -4.35239e-06 0 -92.1591 1.50001 -6.52857e-06
-10.1125 1.5 1.00001 -3.52157e-06 0 -91.9318 1.50001 -5.28235e-06
-10.0875 1.5 1.00001 -2.62636e-06 0 -91.7045 1.50001 -3.93954e-06
-10.0625 1.5 1.00001 -1.68574e-06 0 -91.4773 1.50001 -2.5286e-06
-10.0375 1.5 1.00001 -7.18429e-07 0 -91.25 1.50001 -1.07764e-06
-10.0125 1.5 1.00001 2.59457e-07 0 -91.0227 1.50001 3.89184e-07
-9.9875 1.5 1.00001 1.23026e-06 0 -90.7955 1.50001 1.84539e-06
-9.9625 1.5 1.00001 2.17181e-06 0 -90.5682 1.50001 3.25771e-06
-9.9375 1.5 1.00001 3.06551e-06 0 -90.3409 1.50001 4.59826e-06
-9.9125 1.5 1.00001 3.89513e-06 0 -90.1136 1.50001 5.84268e-06
-9.8875 1.5 1.00001 4.6458e-06 0 -89.8864 1.50001 6.96869e-06
-9.8625 1.5 1 5.30442e-06 0 -89.6591 1.5 7.95662e-06
-9.8375 1.5 1 5.85983e-06 0 -89.4318 1.5 8.78974e-06
-9.8125 1.5 1 6.30302e-06 0 -89.2045 1.5 9.45452e-06
-9.7875 1.5 1 6.62716e-06 0 -88.9773 1.5 9.94073e-06
-9.7625 1.5 1 6.82765e-06 0 -88.75 1.5 1.02415e-05
-9.7375 1.5 1 6.90212e-06 0 -88.5227 1.5 1.03532e-05
-9.7125 1.5 0.999999 6.85067e-06 0 -88.2955 1.5 1.0276e-05
-9.6875 1.5 0.999998 6.67543e-06 0 -88.0682 1.5 1.00131e-05
-9.6625 1.5 0.999997 6.38045e-06 0 -87.8409 1.5 9.57068e-06
-9.6375 1.5 0.999996 5.972e-06 0 -87.6136 1.5 8.95801e-06
-9.6125 1.5 0.999995 5.45835e-06 0 -87.3864 1.5 8.18754e-06
-9.5875 1.5 0.999995 4.84963e-06 0 -87.1591 1.49999 7.27446e-06
-9.5625 1.5 0.999994 4.15762e-06 0 -86.9318 1.49999 6.23645e-06
-9.5375 1.5 0.999994 3.39556e-06 0 -86.7045 1.49999 5.09335e-06
-9.5125 1.5 0.999993 2.57793e-06 0 -86.4773 1.49999 3.86691e-06
-9.4875 1.5 0.999993 1.72039e-06 0 -86.25 1.49999 2.5806e-06
-9.4625 1.5 0.999993 8.38676e-07 0 -86.0227 1.49999 1.25802e-06
-9.4375 1.5 0.999993 -5.36272e-08 0 -85.7955 1.49999 -8.0441e-08
-9.4125 1.5 0.999993 -9.41836e-07 0 -85.5682 1.49999 -1.41276e-06
-9.3875 1.5 0.999993 -1.80671e-06 0 -85.3409 1.49999 -2.71007e-06
-9.3625 1.5 0.999993 -2.63174e-06 0 -85.1136 1.49999 -3.94762e-06
-9.3375 1.5 0.999994 -3.40272e-06 0 -84.8864 1.49999 -5.10409e-06
-9.3125 1.5 0.999994 -4.10677e-06 0 -84.6591 1.49999 -6.16017e-06
-9.2875 1.5 0.999995 -4.73261e-06 0 -84.4318 1.5 -7.09893e-06
-9.2625 1.5 0.999996 -5.27058e-06 0 -84.2045 1.5 -7.90588e-06
-9.2375 1.5 0.999996 -5.71283e-06 0 -83.9773 1.5 -8.56925e-06
-9.2125 1.5 0.999997 -6.05341e-06 0 -83.75 1.5 -9.08013e-06
-9.1875 1.5 0.999998 -6.28836e-06 0 -83.5227 1.5 -9.43255e-06
-9.1625 1.5 0.999999 -6.41568e-06 0 -83.2955 1.5 -9.62352e-06
-9.1375 1.5 1 -6.4354e-06 0 -83.0682 1.5 -9.65311e-06
-9.1125 1.5 1 -6.34957e-06 0 -82.8409 1.5 -9.52436e-06
-9.0875 1.5 1 -6.16117e-06 0 -82.6136 1.5 -9.24175e-06
-9.0625 1.5 1 -5.87492e-06 0 -82.3864 1.5 -8.81237e-06
-9.0375 1.5 1 -5.49698e-06 0 -82.1591 1.5 -8.24546e-06
-9.0125 1.5 1 -5.03481e-06 0 -81.9318 1.5 -7.55221e-06
-8.9875 1.5 1 -4.49706e-06 0 -81.7045 1.5 -6.74558e-06
-8.9625 1.5 1.00001 -3.89339e-06 0 -81.4773 1.50001 -5.84007e-06
-8.9375 1.5 1.00001 -3.23429e-06 0 -81.25 1.50001 -4.85142e-06
-8.9125 1.5 1.00001 -2.53087e-06 0 -81.0227 1.50001 -3.79629e-06
-8.8875 1.5 1.00001 -1.79489e-06 0 -80.7955 1.50001 -2.69233e-06
-8.8625 1.5 1.00001 -1.03844e-06 0 -80.5682 1.50001 -1.55766e-06
-8.8375 1.5 1.00001 -2.72011e-07 0 -80.3409 1.50001 -4.08016e-07
-8.8125 1.5 1.00001 4.9402e-07 0 -80.1136 1.50001 7.41028e-07
-8.7875 1.5 1.00001 1.24557e-06 0 -79.8864 1.50001 1.86835e-06
-8.7625 1.5 1.00001 1.96889e-06 0 -79.6591 1.50001 2.95332e-06
-8.7375 1.5 1.00001 2.65261e-06 0 -79.4318 1.50001 3.9789e-06
-8.7125 1.5 1.00001 3.28625e-06 0 -79.2045 1.50001 4.92937e-06
-8.6875 1.5 1.00001 3.86045e-06 0 -78.9773 1.5 5.79066e-06
-8.6625 1.5 1 4.36693e-06 0 -78.75 1.5 6.55039e-06
-8.6375 1.5 1 4.79876e-06 0 -78.5227 1.5 7.19814e-06
-8.6125 1.5 1 5.15044e-06 0 -78.2955 1.5 7.72565e-06
-8.5875 1.5 1 5.41802e-06 0 -78.0682 1.5 8.12702e-06
-8.5625 1.5 1 5.5991e-06 0 -77.8409 1.5 8.39865e-06
-8.5375 1.5 1 5.69281e-06 0 -77.6136 1.5 8.53922e-06
-8.5125 1.5 1 5.69983e-06 0 -77.3864 1.5 8.54975e-06
-8.4875 1.5 0.999999 5.62238e-06 0 -77.1591 1.5 8.43357e-06
-8.4625 1.5 0.999999 5.4633e-06 0 -76.9318 1.5 8.19496e-06
-8.4375 1.5 0.999998 5.22689e-06 0 -76.7045 1.5 7.84035e-06
-8.4125 1.5 0.999997 4.91842e-06 0 -76.4773 1.5 7.37764e-06
-8.3875 1.5 0.999996 4.54394e-06 0 -76.25 1.5 6.81592e-06
-8.3625 1.5 0.999996 4.11016e-06 0 -76.0227 1.5 6.16525e-06
-8.3375 1.5 0.999995 3.62437e-06 0 -75.7955 1.5 5.43656e-06
-8.3125 1.5 0.999995 3.09431e-06 0 -75.5682 1.5 4.64147e-06
-8.2875 1.5 0.999995 2.52806e-06 0 -75.3409 1.49999 3.79209e-06
-8.2625 1.5 0.999994 1.93399e-06 0 -75.1136 1.49999 2.90098e-06
-8.2375 1.5 0.999994 1.32086e-06 0 -74.8864 1.49999 1.9813e-06
-8.2125 1.5 0.999994 6.9716e-07 0 -74.6591 1.49999 1.04574e-06
-8.1875 1.5 0.999994 7.01021e-08 0 -74.4318 1.49999 1.05153e-07
-8.1625 1.5 0.999994 -5.5297e-07 0 -74.2045 1.49999 -8.29457e-07
-8.1375 1.5 0.999994 -1.16064e-06 0 -73.9773 1.49999 -1.74096e-06
-8.1125 1.5 0.999994 -1.74386e-06 0 -73.75 1.49999 -2.61579e-06
-8.0875 1.5 0.999995 -2.29469e-06 0 -73.5227 1.5 -3.44205e-06
-8.0625 1.5 0.999995 -2.80575e-06 0 -73.2955 1.5 -4.20863e-06
-8.0375 1.5 0.999996 -3.27038e-06 0 -73.0682 1.5 -4.90558e-06
-8.0125 1.5 0.999996 -3.68278e-06 0 -72.8409 1.5 -5.52418e-06
-7.9875 1.5 0.999997 -4.038e-06 0 -72.6136 1.5 -6.05701e-06
-7.9625 1.5 0.999997 -4.33205e-06 0 -72.3864 1.5 -6.49808e-06
-7.9375 1.5 0.999998 -4.56198e-06 0 -72.1591 1.5 -6.84298e-06
-7.9125 1.5 0.999998 -4.72601e-06 0 -71.9318 1.5 -7.08901e-06
-7.8875 1.5 0.999999 -4.82347e-06 0 -71.7045 1.5 -7.23521e-06
-7.8625 1.5 1 -4.85486e-06 0 -71.4773 1.5 -7.28228e-06
-7.8375 1.5 1 -4.82179e-06 0 -71.25 1.5 -7.23268e-06
-7.8125 1.5 1 -4.72653e-06 0 -71.0227 1.5 -7.0898e-06
-7.7875 1.5 1 -4.57213e-06 0 -70.7955 1.5 -6.85819e-06
-7.7625 1.5 1 -4.36231e-06 0 -70.5682 1.5 -6.54346e-06
-7.7375 1.5 1 -4.1013e-06 0 -70.3409 1.5 -6.15194e-06
-7.7125 1.5 1 -3.79374e-06 0 -70.1136 1.5 -5.6906e-06
-7.6875 1.5 1 -3.44464e-06 0 -69.8864 1.5 -5.16696e-06
-7.6625 1.5 1 -3.05926e-06 0 -69.6591 1.5 -4.58888e-06
-7.6375 1.5 1 -2.643e-06 0 -69.4318 1.5 -3.9645e-06
-7.6125 1.5 1 -2.20144e-06 0 -69.2045 1.5 -3.30216e-06
-7.5875 1.5 1 -1.74029e-06 0 -68.9773 1.5 -2.61042e-06
-7.5625 1.5 1 -1.26546e-06 0 -68.75 1.5 -1.89819e-06
-7.5375 1.5 1 -7.82841e-07 0 -68.5227 1.5 -1.17426e-06
-7.5125 1.5 1 -2.9749e-07 0 -68.2955 1.5 -4.46234e-07
-7.4875 1.5 1 1.8612e-07 0 -68.0682 1.5 2.7918e-07
-7.4625 1.5 1 6.60104e-07 0 -67.8409 1.5 9.90155e-07
-7.4375 1.5 1 1.11787e-06 0 -67.6136 1.5 1.67681e-06
-7.4125 1.5 1 1.55352e-06 0 -67.3864 1.5 2.33027e-06
-7.3875 1.5 1 1.96156e-06 0 -67.1591 1.5 2.94233e-06
-7.3625 1.5 1 2.3371e-06 0 -66.9318 1.5 3.50564e-06
-7.3375 1.5 1 2.67575e-06 0 -66.7045 1.5 4.01362e-06
-7.3125 1.5 1 2.97377e-06 0 -66.4773 1.5 4.46065e-06
-7.2875 1.5 1 3.22813e-06 0 -66.25 1.5 4.84218e-06
-7.2625 1.5 1 3.43661e-06 0 -66.0227 1.5 5.15491e-06
-7.2375 1.5 1 3.59783e-06 0 -65.7955 1.5 5.39675e-06
-7.2125 1.5 1 3.71119e-06 0 -65.5682 1.5 5.56679e-06
-7.1875 1.5 1 3.7768e-06 0 -65.3409 1.5 5.66519e-06
-7.1625 1.5 1 3.7954e-06 0 -65.1136 1.5 5.6931e-06
-7.1375 1.5 1 3.76841e-06 0 -64.8864 1.5 5.65261e-06
-7.1125 1.5 0.999999 3.69756e-06 0 -64.6591 1.5 5.54635e-06
-7.0875 1.5 0.999999 3.58503e-06 0 -64.4318 1.5 5.37755e-06
-7.0625 1.5 0.999998 3.43324e-06 0 -64.2045 1.5 5.14986e-06
-7.0375 1.5 0.999998 3.24483e-06 0 -63.9773 1.5 4.86724e-06
-7.0125 1.5 0.999998 3.02263e-06 0 -63.75 1.5 4.53394e-06
-6.9875 1.5 0.999997 2.76964e-06 0 -63.5227 1.5 4.15446e-06
-6.9625 1.5 0.999997 2.48901e-06 0 -63.2955 1.5 3.73352e-06
-6.9375 1.5 0.999997 2.18406e-06 0 -63.0682 1.5 3.27609e-06
-6.9125 1.5 0.999996 1.85826e-06 0 -62.8409 1.5 2.7874e-06
-6.8875 1.5 0.999996 1.51528e-06 0 -62.6136 1.5 2.27292e-06
-6.8625 1.5 0.999996 1.15897e-06 0 -62.3864 1.5 1.73846e-06
-6.8375 1.5 0.999996 7.93509e-07 0 -62.1591 1.5 1.19027e-06
-6.8125 1.5 0.999996 4.23166e-07 0 -61.9318 1.5 6.3475e-07
-6.7875 1.5 0.999996 5.13413e-08 0 -61.7045 1.5 7.70121e-08
-6.7625 1.5 0.999996 -3.18036e-07 0 -61.4773 1.5 -4.77054e-07
-6.7375 1.5 0.999996 -6.79816e-07 0 -61.25 1.5 -1.01973e-06
-6.7125 1.5 0.999996 -1.02896e-06 0 -61.0227 1.5 -1.54344e-06
-6.6875 1.5 0.999996 -1.36142e-06 0 -60.7955 1.5 -2.04214e-06
-6.6625 1.5 0.999996 -1.67362e-06 0 -60.5682 1.5 -2.51044e-06
-6.6375 1.5 0.999997 -1.96243e-06 0 -60.3409 1.5 -2.94365e-06
-6.6125 1.5 0.999997 -2.22518e-06 0 -60.1136 1.5 -3.33777e-06
-6.5875 1.5 0.999997 -2.45968e-06 0 -59.8864 1.5 -3.68952e-06
-6.5625 1.5 0.999997 -2.66435e-06 0 -59.6591 1.5 -3.99652e-06
-6.5375 1.5 0.999998 -2.83813e-06 0 -59.4318 1.5 -4.2572e-06
-6.5125 1.5 0.999998 -2.98046e-06 0 -59.2045 1.5 -4.4707e-06
-6.4875 1.5 0.999998 -3.09115e-06 0 -58.9773 1.5 -4.63673e-06
-6.4625 1.5 0.999999 -3.17028e-06 0 -58.75 1.5 -4.75543e-06
-6.4375 1.5 0.999999 -3.2182e-06 0 -58.5227 1.5 -4.82731e-06
-6.4125 1.5 0.999999 -3.2355e-06 0 -58.2955 1.5 -4.85325e-06
-6.3875 1.5 1 -3.22293e-06 0 -58.0682 1.5 -4.83439e-06
-6.3625 1.5 1 -3.18122e-06 0 -57.8409 1.5 -4.77183e-06
-6.3375 1.5 1 -3.11121e-06 0 -57.6136 1.5 -4.66681e-06
-6.3125 1.5 1 -3.01386e-06 0 -57.3864 1.5 -4.52079e-06
-6.2875 1.5 1 -2.89036e-06 0 -57.1591 1.5 -4.33554e-06
-6.2625 1.5 1 -2.74212e-06 0 -56.9318 1.5 -4.11317e-06
-6.2375 1.5 1 -2.57081e-06 0 -56.7045 1.5 -3.85622e-06
-6.2125 1.5 1 -2.37846e-06 0 -56.4773 1.5 -3.56769e-06
-6.1875 1.5 1 -2.16741e-06 0 -56.25 1.5 -3.2511e-06
-6.1625 1.5 1 -1.94033e-06 0 -56.0227 1.5 -2.91049e-06
-6.1375 1.5 1 -1.70019e-06 0 -55.7955 1.5 -2.55028e-06
-6.1125 1.5 1 -1.45016e-06 0 -55.5682 1.5 -2.17524e-06
-6.0875 1.5 1 -1.19361e-06 0 -55.3409 1.5 -1.79041e-06
-6.0625 1.5 1 -9.33778e-07 0 -55.1136 1.5 -1.40066e-06
-6.0375 1.5 1 -6.73381e-07 0 -54.8864 1.5 -1.01007e-06
-6.0125 1.5 1 -4.156e-07 0 -54.6591 1.5 -6.23398e-07
-5.9875 1.5 1 -1.62903e-07 0 -54.4318 1.5 -2.44353e-07
-5.9625 1.5 1 8.17613e-08 0 -54.2045 1.5 1.22642e-07
-5.9375 1.5 1 3.15787e-07 0 -53.9773 1.5 4.7368e-07
-5.9125 1.5 1 5.37305e-07 0 -53.75 1.5 8.05956e-07
-5.8875 1.5 1 7.44716e-07 0 -53.5227 1.5 1.11707e-06
-5.8625 1.5 1 9.36631e-07 0 -53.2955 1.5 1.40494e-06
-5.8375 1.5 1 1.11187e-06 0 -53.0682 1.5 1.6678e-06
-5.8125 1.5 1 1.26937e-06 0 -52.8409 1.5 1.90405e-06
-5.7875 1.5 1 1.40814e-06 0 -52.6136 1.5 2.11221e-06
-5.7625 1.5 1 1.52722e-06 0 -52.3864 1.5 2.29083e-06
-5.7375 1.5 1 1.62564e-06 0 -52.1591 1.5 2.43845e-06
-5.7125 1.5 1 1.70244e-06 0 -51.9318 1.5 2.55365e-06
-5.6875 1.5 1 1.75674e-06 0 -51.7045 1.5 2.6351e-06
-5.6625 1.5 1 1.78777e-06 0 -51.4773 1.5 2.68166e-06
-5.6375 1.5 0.999999 1.795e-06 0 -51.25 1.5 2.69249e-06
-5.6125 1.5 0.999999 1.77814e-06 0 -51.0227 1.5 2.66721e-06
-5.5875 1.5 0.999999 1.7372e-06 0 -50.7955 1.5 2.6058e-06
-5.5625 1.5 0.999998 1.6725e-06 0 -50.5682 1.5 2.50875e-06
-5.5375 1.5 0.999998 1.58471e-06 0 -50.3409 1.5 2.37707e-06
-5.5125 1.5 0.999998 1.47487e-06 0 -50.1136 1.5 2.2123e-06
-5.4875 1.5 0.999998 1.34431e-06 0 -49.8864 1.5 2.01647e-06
-5.4625 1.5 0.999997 1.19464e-06 0 -49.6591 1.5 1.79196e-06
-5.4375 1.5 0.999997 1.02762e-06 0 -49.4318 1.49999 1.54143e-06
-5.4125 1.5 0.999997 8.45091e-07 0 -49.2045 1.49999 1.26764e-06
-5.3875 1.5 0.999997 6.48883e-07 0 -48.9773 1.49999 9.73325e-07
-5.3625 1.5 0.999996 4.4082e-07 0 -48.75 1.49999 6.6123e-07
-5.3375 1.5 0.999996 2.2254e-07 0 -48.5227 1.49999 3.3381e-07
-5.3125 1.5 0.999996 -4.89835e-09 0 -48.2955 1.49999 -7.34752e-09
-5.2875 1.5 0.999996 -2.39971e-07 0 -48.0682 1.49999 -3.59956e-07
-5.2625 1.5 0.999996 -4.81395e-07 0 -47.8409 1.49999 -7.22093e-07
-5.2375 1.5 0.999996 -7.27963e-07 0 -47.6136 1.49999 -1.09194e-06
-5.2125 1.5 0.999996 -9.78492e-07 0 -47.3864 1.49999 -1.46774e-06
-5.1875 1.5 0.999995 -1.2318e-06 0 -47.1591 1.49999 -1.8477e-06
-5.1625 1.5 0.999995 -1.48666e-06 0 -46.9318 1.49999 -2.22998e-06
-5.1375 1.5 0.999995 -1.74168e-06 0 -46.7045 1.49999 -2.61252e-06
-5.1125 1.5 0.999995 -1.99558e-06 0 -46.4773 1.49999 -2.99336e-06
-5.0875 1.5 0.999995 -2.24705e-06 0 -46.25 1.49999 -3.37057e-06
-5.0625 1.5 0.999995 -2.49399e-06 0 -46.0227 1.49999 -3.74099e-06
-5.0375 1.5 0.999995 -2.73452e-06 0 -45.7955 1.49999 -4.10178e-06
-5.0125 1.5 0.999996 -2.96698e-06 0 -45.5682 1.49999 -4.45046e-06
-4.9875 1.5 0.999996 -3.18989e-06 0 -45.3409 1.49999 -4.78483e-06
-4.9625 1.5 0.999996 -3.40197e-06 0 -45.1136 1.49999 -5.10295e-06
-4.9375 1.5 0.999996 -3.60219e-06 0 -44.8864 1.49999 -5.40327e-06
-4.9125 1.5 0.999996 -3.78974e-06 0 -44.6591 1.49999 -5.6846e-06
-4.8875 1.5 0.999996 -3.96412e-06 0 -44.4318 1.49999 -5.94617e-06
-4.8625 1.5 0.999996 -4.12507e-06 0 -44.2045 1.49999 -6.1876e-06
-4.8375 1.5 0.999996 -4.27257e-06 0 -43.9773 1.49999 -6.40884e-06
-4.8125 1.5 0.999996 -4.40673e-06 0 -43.75 1.49999 -6.61007e-06
-4.7875 1.5 0.999997 -4.52776e-06 0 -43.5227 1.49999 -6.79162e-06
-4.7625 1.5 0.999997 -4.63597e-06 0 -43.2955 1.49999 -6.95393e-06
-4.7375 1.49999 0.999997 -4.73167e-06 0 -43.0682 1.49999 -7.09748e-06
-4.7125 1.49999 0.999997 -4.81511e-06 0 -42.8409 1.49999 -7.22264e-06
-4.6875 1.49999 0.999997 -4.88647e-06 0 -42.6136 1.49999 -7.32968e-06
-4.6625 1.49999 0.999997 -4.94588e-06 0 -42.3864 1.49999 -7.41879e-06
-4.6375 1.49999 0.999997 -4.99342e-06 0 -42.1591 1.49999 -7.4901e-06
-4.6125 1.49999 0.999997 -5.02922e-06 0 -41.9318 1.49999 -7.5438e-06
-4.5875 1.49999 0.999997 -5.05349e-06 0 -41.7045 1.49999 -7.5802e-06
-4.5625 1.49999 0.999998 -5.06659e-06 0 -41.4773 1.49999 -7.59985e-06
-4.5375 1.49999 0.999998 -5.0691e-06 0 -41.25 1.49999 -7.6036e-06
-4.5125 1.49999 0.999998 -5.06186e-06 0 -41.0227 1.49999 -7.59275e-06
-4.4875 1.49999 0.999998 -5.04562e-06 0 -40.7955 1.49999 -7.56839e-06
-4.4625 1.49999 0.999998 -5.0214e-06 0 -40.5682 1.49999 -7.53206e-06
-4.4375 1.49999 0.999998 -4.99055e-06 0 -40.3409 1.49999 -7.48578e-06
-4.4125 1.49999 0.999998 -4.95519e-06 0 -40.1136 1.49999 -7.43273e-06
-4.3875 1.49999 0.999997 -4.91688e-06 0 -39.8864 1.49999 -7.37526e-06
-4.3625 1.49999 0.999997 -4.87717e-06 0 -39.6591 1.49999 -7.31571e-06
-4.3375 1.49999 0.999997 -4.83754e-06 0 -39.4318 1.49998 -7.25625e-06
-4.3125 1.49999 0.999997 -4.79932e-06 0 -39.2045 1.49998 -7.19893e-06
-4.2875 1.49999 0.999997 -4.76374e-06 0 -38.9773 1.49998 -7.14555e-06
-4.2625 1.49999 0.999997 -4.73188e-06 0 -38.75 1.49998 -7.09776e-06
-4.2375 1.49999 0.999997 -4.70477e-06 0 -38.5227 1.49998 -7.05709e-06
-4.2125 1.49999 0.999996 -4.68338e-06 0 -38.2955 1.49998 -7.02502e-06
-4.1875 1.49999 0.999996 -4.66874e-06 0 -38.0682 1.49998 -7.00304e-06
-4.1625 1.49999 0.999996 -4.66187e-06 0 -37.8409 1.49998 -6.99275e-06
-4.1375 1.49999 0.999995 -4.66394e-06 0 -37.6136 1.49998 -6.99585e-06
-4.1125 1.49999 0.999995 -4.67618e-06 0 -37.3864 1.49998 -7.01421e-06
-4.0875 1.49999 0.999995 -4.69996e-06 0 -37.1591 1.49998 -7.04988e-06
-4.0625 1.49999 0.999994 -4.73672e-06 0 -36.9318 1.49998 -7.10501e-06
-4.0375 1.49998 0.999994 -4.78795e-06 0 -36.7045 1.49998 -7.18185e-06
-4.0125 1.49998 0.999993 -4.85517e-06 0 -36.4773 1.49997 -7.28268e-06
-3.9875 1.49998 0.999993 -4.93984e-06 0 -36.25 1.49997 -7.40968e-06
-3.9625 1.49998 0.999992 -5.04336e-06 0 -36.0227 1.49997 -7.56496e-06
-3.9375 1.49998 0.999992 -5.16697e-06 0 -35.7955 1.49997 -7.75037e-06
-3.9125 1.49998 0.999991 -5.31176e-06 0 -35.5682 1.49997 -7.96756e-06
-3.8875 1.49998 0.999991 -5.47863e-06 0 -35.3409 1.49997 -8.21785e-06
-3.8625 1.49998 0.99999 -5.66829e-06 0 -35.1136 1.49997 -8.50234e-06
-3.8375 1.49998 0.999989 -5.88132e-06 0 -34.8864 1.49997 -8.82187e-06
-3.8125 1.49998 0.999989 -6.11819e-06 0 -34.6591 1.49996 -9.17716e-06
-3.7875 1.49998 0.999988 -6.3793e-06 0 -34.4318 1.49996 -9.56883e-06
-3.7625 1.49998 0.999987 -6.66506e-06 0 -34.2045 1.49996 -9.99746e-06
-3.7375 1.49998 0.999987 -6.97588e-06 0 -33.9773 1.49996 -1.04637e-05
-3.7125 1.49998 0.999986 -7.31223e-06 0 -33.75 1.49996 -1.09682e-05
-3.6875 1.49998 0.999985 -7.67461e-06 0 -33.5227 1.49996 -1.15118e-05
-3.6625 1.49998 0.999984 -8.06356e-06 0 -33.2955 1.49995 -1.20952e-05
-3.6375 1.49998 0.999984 -8.47963e-06 0 -33.0682 1.49995 -1.27193e-05
-3.6125 1.49998 0.999983 -8.92336e-06 0 -32.8409 1.49995 -1.33848e-05
-3.5875 1.49998 0.999982 -9.39523e-06 0 -32.6136 1.49995 -1.40926e-05
-3.5625 1.49998 0.999981 -9.89562e-06 0 -32.3864 1.49995 -1.48432e-05
-3.5375 1.49997 0.99998 -1.04248e-05 0 -32.1591 1.49995 -1.56369e-05
-3.5125 1.49997 0.99998 -1.09829e-05 0 -31.9318 1.49994 -1.6474e-05
-3.4875 1.49997 0.999979 -1.15698e-05 0 -31.7045 1.49994 -1.73544e-05
-3.4625 1.49997 0.999978 -1.21854e-05 0 -31.4773 1.49994 -1.82777e-05
-3.4375 1.49997 0.999977 -1.28294e-05 0 -31.25 1.49994 -1.92437e-05
-3.4125 1.49997 0.999976 -1.35015e-05 0 -31.0227 1.49993 -2.02518e-05
-3.3875 1.49997 0.999975 -1.42012e-05 0 -30.7955 1.49993 -2.13014e-05
-3.3625 1.49997 0.999974 -1.49283e-05 0 -30.5682 1.49993 -2.2392e-05
-3.3375 1.49997 0.999973 -1.56824e-05 0 -30.3409 1.49993 -2.35231e-05
-3.3125 1.49997 0.999972 -1.64634e-05 0 -30.1136 1.49992 -2.46945e-05
-3.2875 1.49996 0.999971 -1.7271e-05 0 -29.8864 1.49992 -2.59059e-05
-3.2625 1.49996 0.99997 -1.81054e-05 0 -29.6591 1.49992 -2.71574e-05
-3.2375 1.49996 0.999969 -1.89664e-05 0 -29.4318 1.49992 -2.84488e-05
-3.2125 1.49996 0.999968 -1.98541e-05 0 -29.2045 1.49991 -2.97804e-05
-3.1875 1.49996 0.999967 -2.07688e-05 0 -28.9773 1.49991 -3.11523e-05
-3.1625 1.49996 0.999966 -2.17103e-05 0 -28.75 1.49991 -3.25645e-05
-3.1375 1.49996 0.999965 -2.26788e-05 0 -28.5227 1.4999 -3.40172e-05
-3.1125 1.49995 0.999964 -2.36742e-05 0 -28.2955 1.4999 -3.55103e-05
-3.0875 1.49995 0.999963 -2.46966e-05 0 -28.0682 1.4999 -3.70437e-05
-3.0625 1.49995 0.999962 -2.57458e-05 0 -27.8409 1.49989 -3.86174e-05
-3.0375 1.49995 0.999961 -2.68217e-05 0 -27.6136 1.49989 -4.02311e-05
-3.0125 1.49995 0.999959 -2.79242e-05 0 -27.3864 1.49989 -4.18849e-05
-2.9875 1.49994 0.999958 -2.90536e-05 0 -27.1591 1.49988 -4.35787e-05
-2.9625 1.49994 0.999957 -3.02098e-05 0 -26.9318 1.49988 -4.53129e-05
-2.9375 1.49994 0.999956 -3.13931e-05 0 -26.7045 1.49987 -4.70878e-05
-2.9125 1.49994 0.999954 -3.26042e-05 0 -26.4773 1.49987 -4.89042e-05
-2.8875 1.49993 0.999953 -3.38435e-05 0 -26.25 1.49986 -5.0763e-05
-2.8625 1.49993 0.999951 -3.51118e-05 0 -26.0227 1.49986 -5.26653e-05
-2.8375 1.49993 0.99995 -3.64101e-05 0 -25.7955 1.49985 -5.46126e-05
-2.8125 1.49993 0.999949 -3.77394e-05 0 -25.5682 1.49985 -5.66063e-05
-2.7875 1.49992 0.999947 -3.91009e-05 0 -25.3409 1.49984 -5.86483e-05
-2.7625 1.49992 0.999945 -4.04957e-05 0 -25.1136 1.49984 -6.07404e-05
-2.7375 1.49992 0.999944 -4.19253e-05 0 -24.8864 1.49983 -6.28845e-05
-2.7125 1.49991 0.999942 -4.3391e-05 0 -24.6591 1.49983 -6.50828e-05
-2.6875 1.49991 0.99994 -4.48941e-05 0 -24.4318 1.49982 -6.73372e-05
-2.6625 1.49991 0.999938 -4.64361e-05 0 -24.2045 1.49982 -6.965e-05
-2.6375 1.4999 0.999936 -4.80187e-05 0 -23.9773 1.49981 -7.20235e-05
-2.6125 1.4999 0.999934 -4.96434e-05 0 -23.75 1.4998 -7.44602e-05
-2.5875 1.4999 0.999932 -5.13121e-05 0 -23.5227 1.4998 -7.69629e-05
-2.5625 1.49989 0.99993 -5.30269e-05 0 -23.2955 1.49979 -7.95347e-05
-2.5375 1.49989 0.999928 -5.479e-05 0 -23.0682 1.49978 -8.2179e-05
-2.5125 1.49989 0.999925 -5.66039e-05 0 -22.8409 1.49977 -8.48994e-05
-2.4875 1.49988 0.999923 -5.84712e-05 0 -22.6136 1.49977 -8.76998e-05
-2.4625 1.49988 0.99992 -6.03947e-05 0 -22.3864 1.49976 -9.05846e-05
-2.4375 1.49987 0.999917 -6.23775e-05 0 -22.1591 1.49975 -9.35583e-05
-2.4125 1.49987 0.999915 -6.44228e-05 0 -21.9318 1.49974 -9.66256e-05
-2.3875 1.49986 0.999912 -6.65338e-05 0 -21.7045 1.49973 -9.97915e-05
-2.3625 1.49986 0.999909 -6.8714e-05 0 -21.4773 1.49972 -0.000103061
-2.3375 1.49985 0.999905 -7.09669e-05 0 -21.25 1.49971 -0.00010644
-2.3125 1.49985 0.999902 -7.32963e-05 0 -21.0227 1.4997 -0.000109933
-2.2875 1.49984 0.999898 -7.57058e-05 0 -20.7955 1.49969 -0.000113547
-2.2625 1.49984 0.999895 -7.81993e-05 0 -20.5682 1.49968 -0.000117286
-2.2375 1.49983 0.999891 -8.07808e-05 0 -20.3409 1.49967 -0.000121157
-2.2125 1.49982 0.999887 -8.34543e-05 0 -20.1136 1.49965 -0.000125167
-2.1875 1.49982 0.999883 -8.62244e-05 0 -19.8864 1.49964 -0.000129321
-2.1625 1.49981 0.999879 -8.90955e-05 0 -19.6591 1.49963 -0.000133626
-2.1375 1.4998 0.999874 -9.20724e-05 0 -19.4318 1.49962 -0.000138091
-2.1125 1.4998 0.99987 -9.51602e-05 0 -19.2045 1.4996 -0.000142721
-2.0875 1.49979 0.999865 -9.8364e-05 0 -18.9773 1.49959 -0.000147525
-2.0625 1.49978 0.99986 -0.000101689 0 -18.75 1.49957 -0.000152512
-2.0375 1.49978 0.999855 -0.000105141 0 -18.5227 1.49956 -0.000157688
-2.0125 1.49977 0.999849 -0.000108726 0 -18.2955 1.49954 -0.000163063
-1.9875 1.49976 0.999844 -0.000112449 0 -18.0682 1.49952 -0.000168646
-1.9625 1.49975 0.999838 -0.000116316 0 -17.8409 1.49951 -0.000174445
-1.9375 1.49974 0.999832 -0.000120334 0 -17.6136 1.49949 -0.00018047
-1.9125 1.49973 0.999825 -0.000124508 0 -17.3864 1.49947 -0.000186729
-1.8875 1.49972 0.999819 -0.000128846 0 -17.1591 1.49945 -0.000193234
-1.8625 1.49971 0.999812 -0.000133353 0 -16.9318 1.49943 -0.000199992
-1.8375 1.4997 0.999805 -0.000138037 0 -16.7045 1.49941 -0.000207014
-1.8125 1.49969 0.999798 -0.000142903 0 -16.4773 1.49939 -0.000214311
-1.7875 1.49968 0.99979 -0.00014796 0 -16.25 1.49937 -0.000221893
-1.7625 1.49967 0.999782 -0.000153214 0 -16.0227 1.49934 -0.000229771
-1.7375 1.49966 0.999774 -0.000158674 0 -15.7955 1.49932 -0.000237957
-1.7125 1.49965 0.999765 -0.000164346 0 -15.5682 1.4993 -0.000246462
-1.6875 1.49964 0.999757 -0.00017024 0 -15.3409 1.49927 -0.000255298
-1.6625 1.49962 0.999748 -0.000176363 0 -15.1136 1.49924 -0.000264477
-1.6375 1.49961 0.999738 -0.000182723 0 -14.8864 1.49922 -0.000274013
-1.6125 1.4996 0.999728 -0.000189329 0 -14.6591 1.49919 -0.000283917
-1.5875 1.49958 0.999718 -0.000196191 0 -14.4318 1.49916 -0.000294204
-1.5625 1.49957 0.999708 -0.000203316 0 -14.2045 1.49913 -0.000304886
-1.5375 1.49955 0.999697 -0.000210716 0 -13.9773 1.4991 -0.000315979
-1.5125 1.49953 0.999686 -0.000218398 0 -13.75 1.49906 -0.000327496
-1.4875 1.49952 0.999674 -0.000226373 0 -13.5227 1.49903 -0.000339451
-1.4625 1.4995 0.999662 -0.000234652 0 -13.2955 1.49899 -0.00035186
-1.4375 1.49948 0.99965 -0.000243243 0 -13.0682 1.49896 -0.000364739
-1.4125 1.49947 0.999637 -0.000252158 0 -12.8409 1.49892 -0.000378102
-1.3875 1.49945 0.999623 -0.000261408 0 -12.6136 1.49888 -0.000391967
-1.3625 1.49943 0.99961 -0.000271005 0 -12.3864 1.49884 -0.000406352
-1.3375 1.49941 0.999595 -0.00028096 0 -12.1591 1.4988 -0.000421273
-1.3125 1.49938 0.999581 -0.000291285 0 -11.9318 1.49876 -0.000436749
-1.2875 1.49936 0.999565 -0.000301994 0 -11.7045 1.49871 -0.000452798
-1.2625 1.49934 0.999549 -0.000313098 0 -11.4773 1.49866 -0.000469441
-1.2375 1.49932 0.999533 -0.000324612 0 -11.25 1.49862 -0.000486696
-1.2125 1.49929 0.999516 -0.000336549 0 -11.0227 1.49857 -0.000504585
-1.1875 1.49927 0.999499 -0.000348923 0 -10.7955 1.49851 -0.000523128
-1.1625 1.49924 0.999481 -0.000361749 0 -10.5682 1.49846 -0.000542348
-1.1375 1.49921 0.999462 -0.000375042 0 -10.3409 1.49841 -0.000562268
-1.1125 1.49918 0.999442 -0.000388819 0 -10.1136 1.49835 -0.000582911
-1.0875 1.49915 0.999422 -0.000403095 0 -9.88636 1.49829 -0.000604301
-1.0625 1.49912 0.999402 -0.000417886 0 -9.65909 1.49823 -0.000626463
-1.0375 1.49909 0.99938 -0.00043321 0 -9.43182 1.49816 -0.000649423
-1.0125 1.49906 0.999358 -0.000449086 0 -9.20455 1.4981 -0.000673207
-0.9875 1.49903 0.999335 -0.000465531 0 -8.97727 1.49803 -0.000697844
-0.9625 1.49899 0.999311 -0.000482566 0 -8.75 1.49796 -0.000723362
-0.9375 1.49895 0.999287 -0.00050021 0 -8.52273 1.49789 -0.000749793
-0.9125 1.49892 0.999261 -0.000518485 0 -8.29545 1.49781 -0.000777166
-0.8875 1.49888 0.999235 -0.000537411 0 -8.06818 1.49773 -0.000805514
-0.8625 1.49884 0.999207 -0.000557011 0 -7.84091 1.49765 -0.000834869
-0.8375 1.4988 0.999179 -0.000577308 0 -7.61364 1.49756 -0.000865267
-0.8125 1.49875 0.99915 -0.000598326 0 -7.38636 1.49748 -0.000896742
-0.7875 1.49871 0.99912 -0.000620089 0 -7.15909 1.49739 -0.000929332
-0.7625 1.49866 0.999088 -0.000642624 0 -6.93182 1.49729 -0.000963075
-0.7375 1.49861 0.999056 -0.000665957 0 -6.70455 1.4972 -0.00099801
-0.7125 1.49856 0.999022 -0.000690115 0 -6.47727 1.4971 -0.00103418
-0.6875 1.49851 0.998988 -0.000715127 0 -6.25 1.49699 -0.00107162
-0.6625 1.49846 0.998952 -0.000741023 0 -6.02273 1.49688 -0.00111039
-0.6375 1.4984 0.998914 -0.000767833 0 -5.79545 1.49677 -0.00115052
-0.6125 1.49834 0.998876 -0.000795589 0 -5.56818 1.49666 -0.00119206
-0.5875 1.49828 0.998836 -0.000824323 0 -5.34091 1.49654 -0.00123507
-0.5625 1.49822 0.998794 -0.000854071 0 -5.11364 1.49641 -0.00127959
-0.5375 1.49815 0.998752 -0.000884868 0 -4.88636 1.49628 -0.00132567
-0.5125 1.49809 0.998707 -0.000916751 0 -4.65909 1.49615 -0.00137337
-0.4875 1.49802 0.998661 -0.000949757 0 -4.43182 1.49601 -0.00142275
-0.4625 1.49795 0.998614 -0.000983925 0 -4.20455 1.49587 -0.00147387
-0.4375 1.49787 0.998564 -0.0010193 0 -3.97727 1.49572 -0.00152678
-0.4125 1.4978 0.998513 -0.00105591 0 -3.75 1.49557 -0.00158154
-0.3875 1.49772 0.99846 -0.00109382 0 -3.52273 1.49541 -0.00163823
-0.3625 1.49763 0.998406 -0.00113306 0 -3.29545 1.49525 -0.00169691
-0.3375 1.49755 0.998349 -0.00117368 0 -3.06818 1.49508 -0.00175765
-0.3125 1.49746 0.99829 -0.00121574 0 -2.84091 1.4949 -0.00182052
-0.2875 1.49737 0.998229 -0.00125927 0 -2.61364 1.49472 -0.00188559
-0.2625 1.49727 0.998166 -0.00130433 0 -2.38636 1.49453 -0.00195294
-0.2375 1.49718 0.998101 -0.00135098 0 -2.15909 1.49433 -0.00202266
-0.2125 1.49707 0.998033 -0.00139928 0 -1.93182 1.49413 -0.00209482
-0.1875 1.49697 0.997963 -0.00144927 0 -1.70455 1.49392 -0.00216951
-0.1625 1.49686 0.997891 -0.00150102 0 -1.47727 1.4937 -0.00224681
-0.1375 1.49675 0.997816 -0.00155459 0 -1.25 1.49348 -0.00232682
-0.1125 1.49663 0.997738 -0.00161005 0 -1.02273 1.49324 -0.00240964
-0.0875 1.49651 0.997657 -0.00166745 0 -0.795455 1.493 -0.00249536
-0.0625 1.49638 0.997573 -0.00172688 0 -0.568182 1.49275 -0.00258407
-0.0375 1.49625 0.997487 -0.0017884 0 -0.340909 1.49249 -0.00267589
-0.0125 1.49612 0.997397 -0.00185208 0 -0.113636 1.49222 -0.00277092
0.0125 1.49598 0.997304 -0.00191799 0 0.113636 1.49194 -0.00286927
0.0375 1.49583 0.997208 -0.00198623 0 0.340909 1.49166 -0.00297107
0.0625 1.49568 0.997108 -0.00205686 0 0.568182 1.49136 -0.00307641
0.0875 1.49553 0.997005 -0.00212997 0 0.795455 1.49105 -0.00318544
0.1125 1.49537 0.996898 -0.00220566 0 1.02273 1.49073 -0.00329827
0.1375 1.4952 0.996787 -0.002284 0 1.25 1.4904 -0.00341504
0.1625 1.49503 0.996672 -0.00236508 0 1.47727 1.49006 -0.00353587
0.1875 1.49485 0.996553 -0.00244902 0 1.70455 1.4897 -0.00366092
0.2125 1.49467 0.996429 -0.00253589 0 1.93182 1.48933 -0.00379032
0.2375 1.49448 0.996302 -0.00262581 0 2.15909 1.48895 -0.00392422
0.2625 1.49428 0.996169 -0.00271889 0 2.38636 1.48856 -0.00406278
0.2875 1.49408 0.996032 -0.00281522 0 2.61364 1.48815 -0.00420616
0.3125 1.49386 0.99589 -0.00291493 0 2.84091 1.48772 -0.00435451
0.3375 1.49365 0.995743 -0.00301812 0 3.06818 1.48729 -0.00450801
0.3625 1.49342 0.99559 -0.00312493 0 3.29545 1.48683 -0.00466682
0.3875 1.49318 0.995432 -0.00323546 0 3.52273 1.48636 -0.00483114
0.4125 1.49294 0.995269 -0.00334986 0 3.75 1.48588 -0.00500113
0.4375 1.49269 0.995099 -0.00346824 0 3.97727 1.48537 -0.00517701
0.4625 1.49243 0.994924 -0.00359076 0 4.20455 1.48485 -0.00535895
0.4875 1.49216 0.994742 -0.00371755 0 4.43182 1.48431 -0.00554717
0.5125 1.49188 0.994554 -0.00384875 0 4.65909 1.48375 -0.00574187
0.5375 1.49159 0.994358 -0.00398451 0 4.88636 1.48317 -0.00594326
0.5625 1.49129 0.994156 -0.004125 0 5.11364 1.48258 -0.00615157
0.5875 1.49098 0.993947 -0.00427035 0 5.34091 1.48196 -0.00636701
0.6125 1.49066 0.99373 -0.00442075 0 5.56818 1.48131 -0.00658983
0.6375 1.49033 0.993505 -0.00457636 0 5.79545 1.48065 -0.00682027
0.6625 1.48998 0.993273 -0.00473734 0 6.02273 1.47996 -0.00705857
0.6875 1.48963 0.993032 -0.00490388 0 6.25 1.47925 -0.00730497
0.7125 1.48926 0.992782 -0.00507616 0 6.47727 1.47851 -0.00755974
0.7375 1.48888 0.992523 -0.00525437 0 6.70455 1.47775 -0.00782313
0.7625 1.48849 0.992255 -0.00543868 0 6.93182 1.47696 -0.00809541
0.7875 1.48808 0.991978 -0.00562931 0 7.15909 1.47614 -0.00837687
0.8125 1.48766 0.991691 -0.00582645 0 7.38636 1.4753 -0.00866777
0.8375 1.48722 0.991393 -0.00603031 0 7.61364 1.47442 -0.00896841
0.8625 1.48677 0.991085 -0.00624109 0 7.84091 1.47352 -0.00927909
0.8875 1.48631 0.990766 -0.00645903 0 8.06818 1.47258 -0.00960009
0.9125 1.48582 0.990435 -0.00668433 0 8.29545 1.47161 -0.00993174
0.9375 1.48533 0.990093 -0.00691723 0 8.52273 1.47061 -0.0102743
0.9625 1.48481 0.989738 -0.00715798 0 8.75 1.46957 -0.0106282
0.9875 1.48427 0.989371 -0.00740683 0 8.97727 1.4685 -0.0109938
1.0125 1.48372 0.98899 -0.00766403 0 9.20455 1.46739 -0.0113713
1.0375 1.48315 0.988596 -0.00792988 0 9.43182 1.46624 -0.0117612
1.0625 1.48256 0.988189 -0.00820465 0 9.65909 1.46505 -0.0121639
1.0875 1.48194 0.987766 -0.00848867 0 9.88636 1.46381 -0.0125797
1.1125 1.48131 0.987329 -0.00878224 0 10.1136 1.46254 -0.0130092
1.1375 1.48065 0.986876 -0.00908573 0 10.3409 1.46122 -0.0134528
1.1625 1.47997 0.986407 -0.00939949 0 10.5682 1.45985 -0.013911
1.1875 1.47926 0.985921 -0.0097239 0 10.7955 1.45844 -0.0143842
1.2125 1.47853 0.985418 -0.0100594 0 11.0227 1.45697 -0.0148731
1.2375 1.47777 0.984897 -0.0104063 0 11.25 1.45545 -0.0153782
1.2625 1.47699 0.984358 -0.0107652 0 11.4773 1.45388 -0.0159
1.2875 1.47617 0.9838 -0.0111364 0 11.7045 1.45226 -0.0164393
1.3125 1.47533 0.983222 -0.0115205 0 11.9318 1.45057 -0.0169964
1.3375 1.47445 0.982624 -0.0119178 0 12.1591 1.44883 -0.0175722
1.3625 1.47355 0.982004 -0.0123288 0 12.3864 1.44703 -0.0181671
1.3875 1.47261 0.981363 -0.0127541 0 12.6136 1.44517 -0.0187818
1.4125 1.47164 0.980699 -0.013194 0 12.8409 1.44324 -0.0194168
1.4375 1.47064 0.980011 -0.013649 0 13.0682 1.44125 -0.0200727
1.4625 1.46961 0.979299 -0.0141195 0 13.2955 1.43919 -0.0207501
1.4875 1.46854 0.978563 -0.014606 0 13.5227 1.43706 -0.0214495
1.5125 1.46744 0.9778 -0.0151089 0 13.75 1.43486 -0.0221713
1.5375 1.4663 0.977011 -0.0156285 0 13.9773 1.43259 -0.0229161
1.5625 1.46512 0.976193 -0.0161654 0 14.2045 1.43024 -0.0236843
1.5875 1.46391 0.975348 -0.01672 0 14.4318 1.42782 -0.0244765
1.6125 1.46265 0.974472 -0.0172926 0 14.6591 1.42532 -0.0252931
1.6375 1.46136 0.973566 -0.0178837 0 14.8864 1.42273 -0.0261345
1.6625 1.46003 0.972629 -0.0184937 0 15.1136 1.42006 -0.0270013
1.6875 1.45865 0.971658 -0.0191231 0 15.3409 1.41731 -0.0278939
1.7125 1.45723 0.970654 -0.0197722 0 15.5682 1.41447 -0.0288126
1.7375 1.45577 0.969615 -0.0204415 0 15.7955 1.41153 -0.029758
1.7625 1.45425 0.96854 -0.0211315 0 16.0227 1.4085 -0.0307305
1.7875 1.4527 0.967427 -0.0218425 0 16.25 1.40538 -0.0317305
1.8125 1.45109 0.966276 -0.022575 0 16.4773 1.40215 -0.0327584
1.8375 1.44943 0.965085 -0.0233296 0 16.7045 1.39882 -0.0338145
1.8625 1.44772 0.963853 -0.0241066 0 16.9318 1.39539 -0.0348995
1.8875 1.44595 0.962579 -0.0249067 0 17.1591 1.39184 -0.0360137
1.9125 1.44412 0.961261 -0.0257304 0 17.3864 1.38818 -0.0371578
1.9375 1.44223 0.959897 -0.0265785 0 17.6136 1.38439 -0.0383323
1.9625 1.44028 0.958486 -0.0274516 0 17.8409 1.38049 -0.0395379
1.9875 1.43826 0.957027 -0.0283506 0 18.0682 1.37645 -0.0407755
2.0125 1.43617 0.955519 -0.0292762 0 18.2955 1.37229 -0.0420456
2.0375 1.43401 0.953959 -0.0302291 0 18.5227 1.36799 -0.043349
2.0625 1.43179 0.952345 -0.0312102 0 18.75 1.36356 -0.0446864
2.0875 1.42949 0.950677 -0.0322199 0 18.9773 1.35899 -0.0460582
2.1125 1.42713 0.948953 -0.0332589 0 19.2045 1.35428 -0.0474647
2.1375 1.42469 0.94717 -0.0343275 0 19.4318 1.34943 -0.0489062
2.1625 1.42219 0.945327 -0.0354261 0 19.6591 1.34443 -0.0503826
2.1875 1.41961 0.943422 -0.0365549 0 19.8864 1.33929 -0.0518938
2.2125 1.41696 0.941454 -0.0377141 0 20.1136 1.334 -0.0534395
2.2375 1.41424 0.939419 -0.0389039 0 20.3409 1.32856 -0.0550194
2.2625 1.41144 0.937317 -0.0401245 0 20.5682 1.32296 -0.0566333
2.2875 1.40856 0.935145 -0.0413762 0 20.7955 1.3172 -0.0582806
2.3125 1.40559 0.932901 -0.042659 0 21.0227 1.31128 -0.0599612
2.3375 1.40254 0.930584 -0.0439734 0 21.25 1.30518 -0.0616745
2.3625 1.3994 0.92819 -0.0453195 0 21.4773 1.29891 -0.0634202
2.3875 1.39618 0.925718 -0.0466973 0 21.7045 1.29247 -0.0651978
2.4125 1.39287 0.923165 -0.0481069 0 21.9318 1.28585 -0.0670065
2.4375 1.38946 0.92053 -0.0495482 0 22.1591 1.27904 -0.0688455
2.4625 1.38597 0.91781 -0.0510209 0 22.3864 1.27206 -0.0707136
2.4875 1.38239 0.915003 -0.0525248 0 22.6136 1.26489 -0.0726098
2.5125 1.37871 0.912106 -0.0540594 0 22.8409 1.25753 -0.0745325
2.5375 1.37494 0.909117 -0.0556242 0 23.0682 1.24998 -0.0764802
2.5625 1.37108 0.906033 -0.0572188 0 23.2955 1.24224 -0.0784514
2.5875 1.36711 0.902853 -0.0588425 0 23.5227 1.2343 -0.0804443
2.6125 1.36305 0.899574 -0.0604947 0 23.75 1.22616 -0.082457
2.6375 1.35888 0.896193 -0.0621745 0 23.9773 1.21782 -0.0844875
2.6625 1.35461 0.892708 -0.0638812 0 24.2045 1.20927 -0.0865338
2.6875 1.35023 0.889117 -0.0656136 0 24.4318 1.20051 -0.0885936
2.7125 1.34575 0.885418 -0.0673706 0 24.6591 1.19155 -0.0906642
2.7375 1.34117 0.881607 -0.0691508 0 24.8864 1.18238 -0.092743
2.7625 1.33648 0.877683 -0.0709527 0 25.1136 1.17301 -0.0948271
2.7875 1.33169 0.873643 -0.0727747 0 25.3409 1.16342 -0.0969133
2.8125 1.32679 0.869485 -0.0746147 0 25.5682 1.15363 -0.0989982
2.8375 1.32179 0.865207 -0.0764706 0 25.7955 1.14362 -0.101078
2.8625 1.31669 0.860807 -0.0783402 0 26.0227 1.13341 -0.10315
2.8875 1.31148 0.856283 -0.0802209 0 26.25 1.123 -0.105208
2.9125 1.30617 0.851632 -0.0821097 0 26.4773 1.11237 -0.107249
2.9375 1.30076 0.846854 -0.0840037 0 26.7045 1.10155 -0.109268
2.9625 1.29524 0.841946 -0.0858996 0 26.9318 1.09052 -0.111261
2.9875 1.28963 0.836907 -0.0877939 0 27.1591 1.0793 -0.113222
3.0125 1.28392 0.831736 -0.0896826 0 27.3864 1.06788 -0.115145
3.0375 1.27812 0.826431 -0.0915617 0 27.6136 1.05627 -0.117026
3.0625 1.27222 0.820992 -0.0934268 0 27.8409 1.04448 -0.118859
3.0875 1.26623 0.815417 -0.0952732 0 28.0682 1.0325 -0.120638
3.1125 1.26015 0.809706 -0.0970957 0 28.2955 1.02035 -0.122355
3.1375 1.25399 0.80386 -0.098889 0 28.5227 1.00803 -0.124006
3.1625 1.24775 0.797878 -0.100648 0 28.75 0.995552 -0.125583
3.1875 1.24143 0.791761 -0.102365 0 28.9773 0.982917 -0.127079
3.2125 1.23504 0.78551 -0.104036 0 29.2045 0.970135 -0.128489
3.2375 1.22858 0.779126 -0.105653 0 29.4318 0.957217 -0.129803
3.2625 1.22205 0.772611 -0.107209 0 29.6591 0.944172 -0.131016
3.2875 1.21547 0.765967 -0.108698 0 29.8864 0.931011 -0.132119
3.3125 1.20884 0.759197 -0.110111 0 30.1136 0.917745 -0.133106
3.3375 1.20216 0.752303 -0.11144 0 30.3409 0.904386 -0.133969
3.3625 1.19543 0.745291 -0.112679 0 30.5682 0.890946 -0.1347
3.3875 1.18868 0.738164 -0.113817 0 30.7955 0.87744 -0.135292
3.4125 1.1819 0.730928 -0.114847 0 31.0227 0.863882 -0.135737
3.4375 1.1751 0.723588 -0.11576 0 31.25 0.850287 -0.136029
3.4625 1.16829 0.716151 -0.116546 0 31.4773 0.83667 -0.136159
3.4875 1.16148 0.708623 -0.117197 0 31.7045 0.82305 -0.136122
3.5125 1.15468 0.701014 -0.117703 0 31.9318 0.809444 -0.135909
3.5375 1.14789 0.693332 -0.118055 0 32.1591 0.795869 -0.135514
3.5625 1.14113 0.685587 -0.118243 0 32.3864 0.782343 -0.134931
3.5875 1.1344 0.67779 -0.118258 0 32.6136 0.768888 -0.134153
3.6125 1.12773 0.669959 -0.118092 0 32.8409 0.75553 -0.133175
3.6375 1.1211 0.662098 -0.117735 0 33.0682 0.74228 -0.131993
3.6625 1.11454 0.654222 -0.117178 0 33.2955 0.72916 -0.1306
3.6875 1.10806 0.646344 -0.116414 0 33.5227 0.716188 -0.128994
3.7125 1.10166 0.63848 -0.115433 0 33.75 0.70339 -0.127169
3.7375 1.09536 0.630646 -0.114229 0 33.9773 0.690786 -0.125122
3.7625 1.08917 0.622857 -0.112794 0 34.2045 0.678398 -0.122852
3.7875 1.0831 0.615132 -0.111122 0 34.4318 0.666248 -0.120356
3.8125 1.07716 0.607488 -0.109208 0 34.6591 0.654359 -0.117634
3.8375 1.07136 0.599945 -0.107047 0 34.8864 0.642754 -0.114686
3.8625 1.06571 0.592521 -0.104636 0 35.1136 0.631455 -0.111512
3.8875 1.06023 0.585238 -0.101972 0 35.3409 0.620485 -0.108113
3.9125 1.05492 0.578116 -0.099053 0 35.5682 0.609866 -0.104493
3.9375 1.0498 0.571177 -0.0958794 0 35.7955 0.59962 -0.100654
3.9625 1.04488 0.56444 -0.0924519 0 36.0227 0.589769 -0.0966007
3.9875 1.04016 0.557928 -0.0887728 0 36.25 0.580334 -0.092338
4.0125 1.03566 0.551661 -0.0848459 0 36.4773 0.571336 -0.0878718
4.0375 1.0314 0.545662 -0.0806763 0 36.7045 0.562793 -0.0832091
4.0625 1.02736 0.539951 -0.0762706 0 36.9318 0.554726 -0.0783577
4.0875 1.02358 0.534549 -0.0716371 0 37.1591 0.547154 -0.0733264
4.1125 1.02005 0.529475 -0.0667851 0 37.3864 0.540093 -0.0681244
4.1375 1.01679 0.52475 -0.0617257 0 37.6136 0.53356 -0.0627621
4.1625 1.0138 0.520391 -0.0564714 0 37.8409 0.527571 -0.0572506
4.1875 1.01109 0.516416 -0.0510358 0 38.0682 0.52214 -0.0516016
4.2125 1.00866 0.51284 -0.0454343 0 38.2955 0.51728 -0.0458276
4.2375 1.00652 0.509679 -0.0396831 0 38.5227 0.513003 -0.039942
4.2625 1.00468 0.506945 -0.0338 0 38.75 0.509318 -0.0339582
4.2875 1.00314 0.50465 -0.0278033 0 38.9773 0.506236 -0.0278908
4.3125 1.00191 0.502803 -0.0217127 0 39.2045 0.503765 -0.0217542
4.3375 1.00099 0.501414 -0.0155483 0 39.4318 0.501909 -0.0155636
4.3625 1.00037 0.500488 -0.00933081 0 39.6591 0.500674 -0.00933428
4.3875 1.00008 0.500028 -0.00308042 0 39.8864 0.500068 -0.00308066
4.4125 1.00004 0.500038 0.00317613 0 40.1136 0.500056 0.00317625
4.4375 1.00024 0.500515 0.00940469 0 40.3409 0.500636 0.00940695
4.4625 1.00085 0.501459 0.0155956 0 40.5682 0.501887 0.0156089
4.4875 1.00182 0.502864 0.0217339 0 40.7955 0.503778 0.0217734
4.5125 1.00308 0.504724 0.0277994 0 41.0227 0.506277 0.0278849
4.5375 1.00463 0.507032 0.0337709 0 41.25 0.509379 0.0339272
4.5625 1.00648 0.509778 0.0396288 0 41.4773 0.513083 0.0398857
4.5875 1.00864 0.512949 0.045355 0 41.7045 0.517379 0.0457466
4.6125 1.01108 0.516534 0.0509323 0 41.9318 0.522256 0.0514965
4.6375 1.01381 0.520517 0.0563444 0 42.1591 0.527703 0.0571223
4.6625 1.01681 0.524882 0.0615764 0 42.3864 0.533706 0.0626116
4.6875 1.02009 0.529612 0.0666144 0 42.6136 0.540251 0.0679526
4.7125 1.02363 0.534689 0.0714462 0 42.8409 0.547323 0.0731344
4.7375 1.02742 0.540093 0.0760608 0 43.0682 0.554904 0.0781466
4.7625 1.03147 0.545804 0.0804486 0 43.2955 0.562978 0.08298
4.7875 1.03574 0.551803 0.0846019 0 43.5227 0.571526 0.0876259
4.8125 1.04025 0.558067 0.0885142 0 43.75 0.58053 0.092077
4.8375 1.04497 0.564576 0.0921805 0 43.9773 0.589968 0.0963263
4.8625 1.04991 0.571309 0.0955971 0 44.2045 0.599821 0.100368
4.8875 1.05503 0.578245 0.0987617 0 44.4318 0.610068 0.104197
4.9125 1.06035 0.585361 0.101673 0 44.6591 0.620686 0.107809
4.9375 1.06584 0.592637 0.104332 0 44.8864 0.631654 0.111201
4.9625 1.07149 0.600053 0.10674 0 45.1136 0.642951 0.11437
4.9875 1.07729 0.607589 0.108899 0 45.3409 0.654552 0.117316
5.0125 1.08324 0.615225 0.110813 0 45.5682 0.666437 0.120037
5.0375 1.08932 0.622943 0.112487 0 45.7955 0.678583 0.122534
5.0625 1.09551 0.630723 0.113926 0 46.0227 0.690966 0.124808
5.0875 1.10182 0.63855 0.115136 0 46.25 0.703566 0.126859
5.1125 1.10822 0.646406 0.116125 0 46.4773 0.716359 0.128692
5.1375 1.11471 0.654275 0.116898 0 46.7045 0.729325 0.130307
5.1625 1.12127 0.662143 0.117465 0 46.9318 0.742441 0.13171
5.1875 1.1279 0.669996 0.117833 0 47.1591 0.755686 0.132903
5.2125 1.13457 0.677821 0.11801 0 47.3864 0.769038 0.133892
5.2375 1.1413 0.685602 0.118007 0 47.6136 0.782475 0.13468
5.2625 1.14805 0.693327 0.117831 0 47.8409 0.795972 0.135275
5.2875 1.15482 0.700989 0.117492 0 48.0682 0.809518 0.135682
5.3125 1.16161 0.708579 0.116999 0 48.2955 0.823096 0.135908
5.3375 1.16841 0.716089 0.116362 0 48.5227 0.836687 0.135958
5.3625 1.1752 0.72351 0.115589 0 48.75 0.850272 0.135841
5.3875 1.18198 0.730836 0.11469 0 48.9773 0.863836 0.135562
5.4125 1.18875 0.738059 0.113674 0 49.2045 0.877365 0.135129
5.4375 1.19548 0.745173 0.112549 0 49.4318 0.890843 0.13455
5.4625 1.20219 0.752175 0.111323 0 49.6591 0.904257 0.133832
5.4875 1.20886 0.759059 0.110006 0 49.8864 0.917592 0.132981
5.5125 1.21548 0.76582 0.108605 0 50.1136 0.930836 0.132007
5.5375 1.22204 0.772457 0.107128 0 50.3409 0.943977 0.130916
5.5625 1.22856 0.778966 0.105583 0 50.5682 0.957003 0.129715
5.5875 1.235 0.785345 0.103977 0 50.7955 0.969905 0.128413
5.6125 1.24139 0.791592 0.102317 0 51.0227 0.982672 0.127015
5.6375 1.2477 0.797706 0.10061 0 51.25 0.995295 0.125531
5.6625 1.25393 0.803685 0.0988611 0 51.4773 1.00777 0.123965
5.6875 1.26008 0.80953 0.0970771 0 51.7045 1.02008 0.122325
5.7125 1.26615 0.81524 0.0952635 0 51.9318 1.03222 0.120618
5.7375 1.27214 0.820815 0.0934258 0 52.1591 1.04419 0.11885
5.7625 1.27803 0.826255 0.0915689 0 52.3864 1.05598 0.117028
5.7875 1.28383 0.831562 0.0896977 0 52.6136 1.06759 0.115157
5.8125 1.28954 0.836735 0.0878164 0 52.8409 1.079 0.113243
5.8375 1.29515 0.841777 0.0859294 0 53.0682 1.09023 0.111291
5.8625 1.30066 0.846688 0.0840403 0 53.2955 1.10125 0.109308
5.8875 1.30607 0.851469 0.0821528 0 53.5227 1.11208 0.107298
5.9125 1.31138 0.856123 0.0802702 0 53.75 1.12271 0.105265
5.9375 1.31659 0.860651 0.0783956 0 53.9773 1.13313 0.103215
5.9625 1.3217 0.865055 0.0765318 0 54.2045 1.14334 0.101152
5.9875 1.3267 0.869337 0.0746814 0 54.4318 1.15335 0.0990801
6.0125 1.3316 0.873499 0.0728468 0 54.6591 1.16315 0.097003
6.0375 1.3364 0.877543 0.0710301 0 54.8864 1.17275 0.0949244
6.0625 1.34109 0.881472 0.0692332 0 55.1136 1.18213 0.0928478
6.0875 1.34568 0.885287 0.0674579 0 55.3409 1.19131 0.0907765
6.1125 1.35016 0.888991 0.0657057 0 55.5682 1.20028 0.0887133
6.1375 1.35454 0.892586 0.0639782 0 55.7955 1.20905 0.0866612
6.1625 1.35882 0.896076 0.0622766 0 56.0227 1.21761 0.0846227
6.1875 1.363 0.899461 0.0606018 0 56.25 1.22596 0.0826002
6.2125 1.36708 0.902745 0.0589549 0 56.4773 1.23412 0.0805959
6.2375 1.37105 0.90593 0.0573368 0 56.7045 1.24208 0.0786118
6.2625 1.37493 0.909018 0.0557479 0 56.9318 1.24984 0.0766496
6.2875 1.37871 0.912012 0.0541891 0 57.1591 1.2574 0.0747112
6.3125 1.3824 0.914913 0.0526607 0 57.3864 1.26477 0.0727981
6.3375 1.38599 0.917726 0.0511631 0 57.6136 1.27196 0.0709115
6.3625 1.38948 0.920451 0.0496966 0 57.8409 1.27895 0.0690527
6.3875 1.39289 0.923091 0.0482614 0 58.0682 1.28576 0.0672228
6.4125 1.3962 0.925648 0.0468576 0 58.2955 1.29239 0.0654227
6.4375 1.39943 0.928125 0.0454852 0 58.5227 1.29884 0.0636532
6.4625 1.40256 0.930523 0.0441442 0 58.75 1.30512 0.061915
6.4875 1.40561 0.932846 0.0428345 0 58.9773 1.31122 0.0602088
6.5125 1.40858 0.935095 0.041556 0 59.2045 1.31716 0.0585349
6.5375 1.41146 0.937271 0.0403084 0 59.4318 1.32292 0.0568939
6.5625 1.41427 0.939379 0.0390917 0 59.6591 1.32853 0.055286
6.5875 1.41699 0.941418 0.0379053 0 59.8864 1.33398 0.0537114
6.6125 1.41963 0.943392 0.0367491 0 60.1136 1.33927 0.0521703
6.6375 1.4222 0.945301 0.0356227 0 60.3409 1.34441 0.0506626
6.6625 1.4247 0.947149 0.0345256 0 60.5682 1.3494 0.0491885
6.6875 1.42712 0.948937 0.0334576 0 60.7955 1.35424 0.0477479
6.7125 1.42947 0.950666 0.0324181 0 61.0227 1.35895 0.0463406
6.7375 1.43175 0.952339 0.0314067 0 61.25 1.36351 0.0449665
6.7625 1.43396 0.953957 0.0304229 0 61.4773 1.36794 0.0436253
6.7875 1.43611 0.955522 0.0294663 0 61.7045 1.37223 0.0423167
6.8125 1.43819 0.957036 0.0285363 0 61.9318 1.3764 0.0410406
6.8375 1.44021 0.958499 0.0276324 0 62.1591 1.38044 0.0397964
6.8625 1.44217 0.959914 0.0267541 0 62.3864 1.38436 0.0385839
6.8875 1.44407 0.961283 0.0259009 0 62.6136 1.38815 0.0374027
6.9125 1.44591 0.962605 0.0250723 0 62.8409 1.39184 0.0362522
6.9375 1.44769 0.963884 0.0242678 0 63.0682 1.3954 0.0351321
6.9625 1.44942 0.965121 0.0234867 0 63.2955 1.39886 0.0340419
6.9875 1.45109 0.966316 0.0227285 0 63.5227 1.40221 0.0329811
7.0125 1.45271 0.967471 0.0219928 0 63.75 1.40546 0.0319492
7.0375 1.45428 0.968588 0.0212789 0 63.9773 1.4086 0.0309456
7.0625 1.4558 0.969667 0.0205865 0 64.2045 1.41164 0.0299699
7.0875 1.45728 0.970709 0.0199148 0 64.4318 1.41459 0.0290214
7.1125 1.4587 0.971717 0.0192635 0 64.6591 1.41745 0.0280997
7.1375 1.46009 0.972691 0.0186319 0 64.8864 1.42021 0.0272042
7.1625 1.46142 0.973632 0.0180196 0 65.1136 1.42289 0.0263343
7.1875 1.46272 0.974541 0.0174261 0 65.3409 1.42548 0.0254895
7.2125 1.46397 0.97542 0.0168509 0 65.5682 1.42799 0.0246692
7.2375 1.46518 0.976269 0.0162935 0 65.7955 1.43041 0.0238729
7.2625 1.46636 0.977088 0.0157533 0 66.0227 1.43276 0.0231
7.2875 1.46749 0.977881 0.01523 0 66.25 1.43503 0.02235
7.3125 1.46859 0.978646 0.0147231 0 66.4773 1.43723 0.0216222
7.3375 1.46965 0.979385 0.0142321 0 66.7045 1.43935 0.0209162
7.3625 1.47068 0.980099 0.0137565 0 66.9318 1.44141 0.0202315
7.3875 1.47167 0.980788 0.013296 0 67.1591 1.4434 0.0195674
7.4125 1.47264 0.981454 0.0128501 0 67.3864 1.44532 0.0189235
7.4375 1.47356 0.982097 0.0124183 0 67.6136 1.44718 0.0182992
7.4625 1.47446 0.982718 0.0120003 0 67.8409 1.44898 0.017694
7.4875 1.47533 0.983318 0.0115957 0 68.0682 1.45072 0.0171075
7.5125 1.47617 0.983897 0.011204 0 68.2955 1.4524 0.0165391
7.5375 1.47699 0.984456 0.010825 0 68.5227 1.45403 0.0159883
7.5625 1.47777 0.984996 0.0104581 0 68.75 1.4556 0.0154547
7.5875 1.47853 0.985517 0.0101031 0 68.9773 1.45712 0.0149378
7.6125 1.47926 0.98602 0.00975962 0 69.2045 1.45858 0.014437
7.6375 1.47997 0.986506 0.00942728 0 69.4318 1.46 0.0139521
7.6625 1.48066 0.986975 0.00910576 0 69.6591 1.46137 0.0134825
7.6875 1.48132 0.987427 0.00879474 0 69.8864 1.4627 0.0130278
7.7125 1.48196 0.987864 0.00849389 0 70.1136 1.46397 0.0125876
7.7375 1.48258 0.988285 0.00820291 0 70.3409 1.46521 0.0121615
7.7625 1.48318 0.988692 0.0079215 0 70.5682 1.4664 0.011749
7.7875 1.48375 0.989085 0.00764937 0 70.7955 1.46756 0.0113498
7.8125 1.48431 0.989464 0.00738623 0 71.0227 1.46867 0.0109634
7.8375 1.48485 0.98983 0.0071318 0 71.25 1.46975 0.0105896
7.8625 1.48537 0.990182 0.00688583 0 71.4773 1.47079 0.010228
7.8875 1.48587 0.990523 0.00664805 0 71.7045 1.47179 0.00987814
7.9125 1.48636 0.990851 0.0064182 0 71.9318 1.47276 0.00953973
7.9375 1.48682 0.991168 0.00619605 0 72.1591 1.47369 0.00921243
7.9625 1.48728 0.991474 0.00598136 0 72.3864 1.47459 0.00889593
7.9875 1.48771 0.991769 0.00577389 0 72.6136 1.47547 0.00858989
8.0125 1.48813 0.992053 0.00557344 0 72.8409 1.47631 0.00829402
8.0375 1.48854 0.992327 0.00537977 0 73.0682 1.47712 0.008008
8.0625 1.48893 0.992592 0.00519267 0 73.2955 1.4779 0.00773155
8.0875 1.48931 0.992847 0.00501195 0 73.5227 1.47866 0.00746437
8.1125 1.48968 0.993094 0.00483741 0 73.75 1.47939 0.0072062
8.1375 1.49003 0.993331 0.00466885 0 73.9773 1.4801 0.00695675
8.1625 1.49038 0.99356 0.00450609 0 74.2045 1.48078 0.00671577
8.1875 1.49071 0.993781 0.00434895 0 74.4318 1.48143 0.006483
8.2125 1.49102 0.993994 0.00419725 0 74.6591 1.48207 0.0062582
8.2375 1.49133 0.9942 0.00405082 0 74.8864 1.48268 0.00604111
8.2625 1.49163 0.994398 0.00390949 0 75.1136 1.48327 0.00583151
8.2875 1.49191 0.994589 0.00377311 0 75.3409 1.48384 0.00562916
8.3125 1.49219 0.994774 0.00364152 0 75.5682 1.48439 0.00543384
8.3375 1.49246 0.994952 0.00351456 0 75.7955 1.48492 0.00524533
8.3625 1.49271 0.995123 0.00339209 0 76.0227 1.48543 0.00506343
8.3875 1.49296 0.995289 0.00327397 0 76.25 1.48593 0.00488792
8.4125 1.4932 0.995449 0.00316006 0 76.4773 1.48641 0.00471861
8.4375 1.49343 0.995603 0.00305021 0 76.7045 1.48687 0.00455529
8.4625 1.49366 0.995751 0.0029443 0 76.9318 1.48731 0.00439778
8.4875 1.49387 0.995895 0.00284221 0 77.1591 1.48774 0.0042459
8.5125 1.49408 0.996033 0.00274379 0 77.3864 1.48816 0.00409945
8.5375 1.49428 0.996167 0.00264894 0 77.6136 1.48856 0.00395826
8.5625 1.49448 0.996296 0.00255753 0 77.8409 1.48894 0.00382217
8.5875 1.49467 0.99642 0.00246944 0 78.0682 1.48931 0.00369099
8.6125 1.49485 0.996541 0.00238457 0 78.2955 1.48968 0.00356456
8.6375 1.49502 0.996657 0.0023028 0 78.5227 1.49002 0.00344273
8.6625 1.49519 0.996769 0.00222402 0 78.75 1.49036 0.00332533
8.6875 1.49535 0.996877 0.00214813 0 78.9773 1.49068 0.00321221
8.7125 1.49551 0.996982 0.00207502 0 79.2045 1.491 0.00310321
8.7375 1.49566 0.997083 0.0020046 0 79.4318 1.4913 0.00299821
8.7625 1.49581 0.997181 0.00193677 0 79.6591 1.49159 0.00289704
8.7875 1.49595 0.997276 0.00187143 0 79.8864 1.49188 0.00279957
8.8125 1.49609 0.997367 0.00180849 0 80.1136 1.49215 0.00270566
8.8375 1.49622 0.997456 0.00174786 0 80.3409 1.49242 0.00261519
8.8625 1.49635 0.997541 0.00168945 0 80.5682 1.49267 0.00252801
8.8875 1.49648 0.997624 0.00163318 0 80.7955 1.49292 0.00244401
8.9125 1.4966 0.997704 0.00157895 0 81.0227 1.49316 0.00236306
8.9375 1.49671 0.997782 0.0015267 0 81.25 1.49339 0.00228503
8.9625 1.49682 0.997857 0.00147633 0 81.4773 1.49362 0.00220981
8.9875 1.49693 0.99793 0.00142778 0 81.7045 1.49383 0.00213729
9.0125 1.49704 0.998 0.00138096 0 81.9318 1.49404 0.00206735
9.0375 1.49714 0.998069 0.0013358 0 82.1591 1.49425 0.00199988
9.0625 1.49724 0.998135 0.00129223 0 82.3864 1.49445 0.00193478
9.0875 1.49733 0.998199 0.00125019 0 82.6136 1.49464 0.00187195
9.1125 1.49743 0.998261 0.00120959 0 82.8409 1.49482 0.00181128
9.1375 1.49751 0.998322 0.00117039 0 83.0682 1.495 0.00175267
9.1625 1.4976 0.99838 0.00113251 0 83.2955 1.49517 0.00169605
9.1875 1.49768 0.998437 0.0010959 0 83.5227 1.49534 0.00164132
9.2125 1.49776 0.998492 0.0010605 0 83.75 1.49551 0.00158838
9.2375 1.49784 0.998545 0.00102625 0 83.9773 1.49566 0.00153717
9.2625 1.49792 0.998597 0.000993108 0 84.2045 1.49582 0.00148759
9.2875 1.49799 0.998647 0.00096101 0 84.4318 1.49596 0.00143959
9.3125 1.49806 0.998695 0.000929913 0 84.6591 1.49611 0.00139307
9.3375 1.49813 0.998743 0.000899769 0 84.8864 1.49625 0.00134797
9.3625 1.4982 0.998788 0.000870533 0 85.1136 1.49638 0.00130423
9.3875 1.49826 0.998833 0.000842163 0 85.3409 1.49651 0.00126178
9.4125 1.49832 0.998875 0.000814618 0 85.5682 1.49664 0.00122056
9.4375 1.49838 0.998917 0.00078786 0 85.7955 1.49676 0.00118052
9.4625 1.49844 0.998957 0.000761853 0 86.0227 1.49688 0.00114159
9.4875 1.4985 0.998996 0.000736564 0 86.25 1.49699 0.00110374
9.5125 1.49855 0.999034 0.000711963 0 86.4773 1.4971 0.00106691
9.5375 1.4986 0.99907 0.00068802 0 86.7045 1.49721 0.00103107
9.5625 1.49865 0.999106 0.00066471 0 86.9318 1.49731 0.00099617
9.5875 1.4987 0.99914 0.000642007 0 87.1591 1.49741 0.000962178
9.6125 1.49875 0.999173 0.000619892 0 87.3864 1.49751 0.000929063
9.6375 1.4988 0.999205 0.000598344 0 87.6136 1.4976 0.000896795
9.6625 1.49884 0.999235 0.000577345 0 87.8409 1.49769 0.000865348
9.6875 1.49888 0.999265 0.00055688 0 88.0682 1.49778 0.000834698
9.7125 1.49892 0.999293 0.000536935 0 88.2955 1.49786 0.000804824
9.7375 1.49896 0.999321 0.000517497 0 88.5227 1.49794 0.000775709
9.7625 1.499 0.999347 0.000498555 0 88.75 1.49802 0.000747334
9.7875 1.49904 0.999372 0.000480099 0 88.9773 1.4981 0.000719687
9.8125 1.49907 0.999397 0.000462122 0 89.2045 1.49817 0.000692755
9.8375 1.49911 0.99942 0.000444617 0 89.4318 1.49824 0.000666529
9.8625 1.49914 0.999442 0.000427578 0 89.6591 1.4983 0.000640999
9.8875 1.49917 0.999463 0.000411001 0 89.8864 1.49837 0.000616161
9.9125 1.4992 0.999484 0.000394883 0 90.1136 1.49843 0.000592009
9.9375 1.49923 0.999503 0.000379221 0 90.3409 1.49849 0.00056854
9.9625 1.49926 0.999522 0.000364016 0 90.5682 1.49854 0.000545754
9.9875 1.49928 0.99954 0.000349267 0 90.7955 1.49859 0.000523651
10.0125 1.49931 0.999557 0.000334975 0 91.0227 1.49865 0.000502231
10.0375 1.49933 0.999573 0.00032114 0 91.25 1.49869 0.000481496
10.0625 1.49936 0.999588 0.000307765 0 91.4773 1.49874 0.00046145
10.0875 1.49938 0.999603 0.00029485 0 91.7045 1.49879 0.000442093
10.1125 1.4994 0.999616 0.000282397 0 91.9318 1.49883 0.000423427
10.1375 1.49942 0.99963 0.000270407 0 92.1591 1.49887 0.000405454
10.1625 1.49944 0.999642 0.000258879 0 92.3864 1.49891 0.000388174
10.1875 1.49946 0.999654 0.000247814 0 92.6136 1.49894 0.000371588
10.2125 1.49948 0.999665 0.000237211 0 92.8409 1.49898 0.000355692
10.2375 1.4995 0.999675 0.000227067 0 93.0682 1.49901 0.000340486
10.2625 1.49951 0.999685 0.00021738 0 93.2955 1.49904 0.000325965
10.2875 1.49953 0.999695 0.000208148 0 93.5227 1.49907 0.000312124
10.3125 1.49955 0.999704 0.000199365 0 93.75 1.4991 0.000298957
10.3375 1.49956 0.999712 0.000191027 0 93.9773 1.49913 0.000286456
10.3625 1.49957 0.99972 0.000183128 0 94.2045 1.49915 0.000274615
10.3875 1.49959 0.999728 0.000175663 0 94.4318 1.49918 0.000263422
10.4125 1.4996 0.999735 0.000168623 0 94.6591 1.4992 0.000252867
10.4375 1.49961 0.999742 0.000162001 0 94.8864 1.49923 0.000242939
10.4625 1.49962 0.999749 0.000155788 0 95.1136 1.49925 0.000233624
10.4875 1.49964 0.999755 0.000149973 0 95.3409 1.49927 0.000224905
10.5125 1.49965 0.999761 0.000144545 0 95.5682 1.49929 0.000216766
10.5375 1.49966 0.999767 0.00013949 0 95.7955 1.49931 0.000209187
10.5625 1.49967 0.999773 0.000134795 0 96.0227 1.49933 0.000202148
10.5875 1.49968 0.999778 0.000130445 0 96.25 1.49935 0.000195625
10.6125 1.49969 0.999784 0.000126422 0 96.4773 1.49936 0.000189593
10.6375 1.4997 0.999789 0.000122708 0 96.7045 1.49938 0.000184025
10.6625 1.49971 0.999794 0.000119285 0 96.9318 1.4994 0.000178892
10.6875 1.49971 0.999799 0.000116133 0 97.1591 1.49941 0.000174166
10.7125 1.49972 0.999805 0.000113231 0 97.3864 1.49943 0.000169815
10.7375 1.49973 0.99981 0.000110558 0 97.6136 1.49945 0.000165808
10.7625 1.49974 0.999815 0.000108095 0 97.8409 1.49946 0.000162114
10.7875 1.49975 0.99982 0.000105819 0 98.0682 1.49948 0.000158702
10.8125 1.49976 0.999825 0.000103711 0 98.2955 1.49949 0.000155541
10.8375 1.49976 0.99983 0.000101748 0 98.5227 1.49951 0.000152598
10.8625 1.49977 0.999835 9.99119e-05 0 98.75 1.49952 0.000149845
10.8875 1.49978 0.99984 9.81825e-05 0 98.9773 1.49954 0.000147252
10.9125 1.49979 0.999845 9.65409e-05 0 99.2045 1.49955 0.000144791
10.9375 1.49979 0.99985 9.49687e-05 0 99.4318 1.49957 0.000142433
10.9625 1.4998 0.999855 9.34476e-05 0 99.6591 1.49958 0.000140153
10.9875 1.49981 0.99986 9.19601e-05 0 99.8864 1.4996 0.000137922
11.0125 1.49981 0.999866 9.04889e-05 0 100.114 1.49961 0.000135717
11.0375 1.49982 0.999871 8.90178e-05 0 100.341 1.49963 0.000133511
11.0625 1.49983 0.999876 8.7531e-05 0 100.568 1.49964 0.000131281
11.0875 1.49983 0.999881 8.60136e-05 0 100.795 1.49966 0.000129006
11.1125 1.49984 0.999886 8.44521e-05 0 101.023 1.49967 0.000126665
11.1375 1.49985 0.999892 8.28346e-05 0 101.25 1.49968 0.000124239
11.1625 1.49985 0.999897 8.11506e-05 0 101.477 1.4997 0.000121714
11.1875 1.49986 0.999902 7.93918e-05 0 101.705 1.49971 0.000119076
11.2125 1.49986 0.999907 7.75514e-05 0 101.932 1.49972 0.000116317
11.2375 1.49987 0.999912 7.56251e-05 0 102.159 1.49974 0.000113428
11.2625 1.49988 0.999916 7.36105e-05 0 102.386 1.49975 0.000110407
11.2875 1.49988 0.999921 7.15071e-05 0 102.614 1.49976 0.000107252
11.3125 1.49989 0.999926 6.93165e-05 0 102.841 1.49977 0.000103967
11.3375 1.49989 0.99993 6.70419e-05 0 103.068 1.49979 0.000100556
11.3625 1.4999 0.999934 6.46881e-05 0 103.295 1.4998 9.70255e-05
11.3875 1.4999 0.999938 6.22613e-05 0 103.523 1.49981 9.33858e-05
11.4125 1.49991 0.999942 5.97686e-05 0 103.75 1.49982 8.96473e-05
11.4375 1.49991 0.999946 5.72182e-05 0 103.977 1.49983 8.58221e-05
11.4625 1.49991 0.99995 5.46188e-05 0 104.205 1.49984 8.19235e-05
11.4875 1.49992 0.999953 5.198e-05 0 104.432 1.49985 7.79657e-05
11.5125 1.49992 0.999956 4.93118e-05 0 104.659 1.49986 7.39639e-05
11.5375 1.49993 0.999959 4.6625e-05 0 104.886 1.49986 6.99341e-05
11.5625 1.49993 0.999962 4.39308e-05 0 105.114 1.49987 6.58931e-05
11.5875 1.49993 0.999964 4.1241e-05 0 105.341 1.49988 6.18587e-05
11.6125 1.49994 0.999966 3.8568e-05 0 105.568 1.49988 5.78495e-05
11.6375 1.49994 0.999968 3.59248e-05 0 105.795 1.49989 5.3885e-05
11.6625 1.49994 0.99997 3.3325e-05 0 106.023 1.4999 4.99855e-05
11.6875 1.49994 0.999971 3.07822e-05 0 106.25 1.4999 4.61716e-05
11.7125 1.49995 0.999972 2.83106e-05 0 106.477 1.4999 4.24644e-05
11.7375 1.49995 0.999973 2.59243e-05 0 106.705 1.49991 3.88851e-05
11.7625 1.49995 0.999974 2.3637e-05 0 106.932 1.49991 3.54542e-05
11.7875 1.49995 0.999975 2.14615e-05 0 107.159 1.49991 3.21911e-05
11.8125 1.49995 0.999975 1.94098e-05 0 107.386 1.49992 2.91137e-05
11.8375 1.49995 0.999976 1.74927e-05 0 107.614 1.49992 2.62382e-05
11.8625 1.49995 0.999976 1.5719e-05 0 107.841 1.49992 2.35778e-05
11.8875 1.49996 0.999976 1.40978e-05 0 108.068 1.49992 2.11461e-05
11.9125 1.49996 0.999976 1.26384e-05 0 108.295 1.49992 1.8957e-05
11.9375 1.49996 0.999975 1.13388e-05 0 108.523 1.49992 1.70077e-05
11.9625 1.49996 0.999975 1.02002e-05 0 108.75 1.49992 1.52998e-05
11.9875 1.49996 0.999975 9.22252e-06 0 108.977 1.49992 1.38334e-05
12.0125 1.49996 0.999974 8.4041e-06 0 109.205 1.49992 1.26058e-05
12.0375 1.49996 0.999974 7.7416e-06 0 109.432 1.49992 1.16121e-05
12.0625 1.49996 0.999973 7.23049e-06 0 109.659 1.49992 1.08455e-05
12.0875 1.49996 0.999973 6.86566e-06 0 109.886 1.49992 1.02982e-05
12.1125 1.49996 0.999972 6.64159e-06 0 110.114 1.49992 9.96214e-06
12.1375 1.49996 0.999972 6.55138e-06 0 110.341 1.49992 9.82682e-06
12.1625 1.49996 0.999972 6.58716e-06 0 110.568 1.49992 9.8805e-06
12.1875 1.49996 0.999971 6.73964e-06 0 110.795 1.49992 1.01092e-05
12.2125 1.49996 0.999971 6.99973e-06 0 111.023 1.49992 1.04993e-05
12.2375 1.49996 0.999971 7.35741e-06 0 111.25 1.49992 1.10359e-05
12.2625 1.49997 0.999971 7.80068e-06 0 111.477 1.49992 1.17007e-05
12.2875 1.49997 0.999971 8.31541e-06 0 111.705 1.49992 1.24728e-05
12.3125 1.49997 0.999971 8.8911e-06 0 111.932 1.49992 1.33363e-05
12.3375 1.49997 0.999972 9.51558e-06 0 112.159 1.49992 1.42731e-05
12.3625 1.49997 0.999972 1.01745e-05 0 112.386 1.49993 1.52615e-05
12.3875 1.49997 0.999973 1.08529e-05 0 112.614 1.49993 1.6279e-05
12.4125 1.49997 0.999973 1.15353e-05 0 112.841 1.49993 1.73026e-05
12.4375 1.49997 0.999974 1.22068e-05 0 113.068 1.49993 1.83099e-05
12.4625 1.49997 0.999975 1.28526e-05 0 113.295 1.49993 1.92785e-05
12.4875 1.49997 0.999976 1.34584e-05 0 113.523 1.49994 2.01873e-05
12.5125 1.49997 0.999977 1.40112e-05 0 113.75 1.49994 2.10164e-05
12.5375 1.49997 0.999978 1.4499e-05 0 113.977 1.49994 2.17481e-05
12.5625 1.49998 0.999979 1.49119e-05 0 114.205 1.49994 2.23675e-05
12.5875 1.49998 0.99998 1.52419e-05 0 114.432 1.49995 2.28625e-05
12.6125 1.49998 0.999982 1.54829e-05 0 114.659 1.49995 2.3224e-05
12.6375 1.49998 0.999983 1.56304e-05 0 114.886 1.49995 2.34452e-05
12.6625 1.49998 0.999985 1.56817e-05 0 115.114 1.49996 2.35223e-05
12.6875 1.49998 0.999986 1.56359e-05 0 115.341 1.49996 2.34535e-05
12.7125 1.49998 0.999987 1.54934e-05 0 115.568 1.49996 2.32398e-05
12.7375 1.49998 0.999989 1.52554e-05 0 115.795 1.49997 2.28829e-05
12.7625 1.49998 0.99999 1.4924e-05 0 116.023 1.49997 2.23858e-05
12.7875 1.49999 0.999992 1.45024e-05 0 116.25 1.49997 2.17533e-05
12.8125 1.49999 0.999993 1.39942e-05 0 116.477 1.49998 2.09911e-05
12.8375 1.49999 0.999994 1.3404e-05 0 116.705 1.49998 2.01058e-05
12.8625 1.49999 0.999996 1.27368e-05 0 116.932 1.49998 1.91051e-05
12.8875 1.49999 0.999997 1.19983e-05 0 117.159 1.49998 1.79973e-05
12.9125 1.49999 0.999998 1.11946e-05 0 117.386 1.49999 1.67919e-05
12.9375 1.49999 0.999999 1.03331e-05 0 117.614 1.49999 1.54996e-05
12.9625 1.49999 0.999999 9.42193e-06 0 117.841 1.49999 1.41328e-05
12.9875 1.49999 1 8.47041e-06 0 118.068 1.49999 1.27056e-05
13.0125 1.49999 1 7.48885e-06 0 118.295 1.49999 1.12332e-05
13.0375 1.49999 1 6.48843e-06 0 118.523 1.5 9.73261e-06
13.0625 1.49999 1 5.48122e-06 0 118.75 1.5 8.22181e-06
13.0875 1.5 1 4.48023e-06 0 118.977 1.5 6.72032e-06
13.1125 1.5 1 3.49873e-06 0 119.205 1.5 5.24808e-06
13.1375 1.5 1 2.55192e-06 0 119.432 1.5 3.82787e-06
13.1625 1.5 1 1.65401e-06 0 119.659 1.5 2.48101e-06
13.1875 1.5 1 8.1291e-07 0 119.886 1.5 1.21936e-06
13.2125 1.5 1 3.90588e-08 0 120.114 1.5 5.85881e-08
13.2375 1.5 1 -6.58107e-07 0 120.341 1.5 -9.87158e-07
13.2625 1.5 1 -1.27061e-06 0 120.568 1.5 -1.90591e-06
13.2875 1.5 1 -1.79422e-06 0 120.795 1.5 -2.69133e-06
13.3125 1.5 0.999999 -2.22617e-06 0 121.023 1.49999 -3.33924e-06
13.3375 1.5 0.999998 -2.56504e-06 0 121.25 1.49999 -3.84754e-06
13.3625 1.5 0.999998 -2.81111e-06 0 121.477 1.49999 -4.21665e-06
13.3875 1.49999 0.999997 -2.96615e-06 0 121.705 1.49999 -4.44922e-06
13.4125 1.49999 0.999996 -3.033e-06 0 121.932 1.49999 -4.54948e-06
13.4375 1.49999 0.999996 -3.01549e-06 0 122.159 1.49999 -4.52321e-06
13.4625 1.49999 0.999995 -2.91827e-06 0 122.386 1.49999 -4.37738e-06
13.4875 1.49999 0.999994 -2.74611e-06 0 122.614 1.49999 -4.11915e-06
13.5125 1.49999 0.999994 -2.50416e-06 0 122.841 1.49998 -3.75623e-06
13.5375 1.49999 0.999993 -2.19775e-06 0 123.068 1.49998 -3.29661e-06
13.5625 1.49999 0.999993 -1.83249e-06 0 123.295 1.49998 -2.74873e-06
13.5875 1.49999 0.999993 -1.41435e-06 0 123.523 1.49998 -2.12152e-06
13.6125 1.49999 0.999992 -9.4968e-07 0 123.75 1.49998 -1.42451e-06
13.6375 1.49999 0.999992 -4.45368e-07 0 123.977 1.49998 -6.68049e-07
13.6625 1.49999 0.999992 9.14714e-08 0 124.205 1.49998 1.37206e-07
13.6875 1.49999 0.999992 6.51186e-07 0 124.432 1.49998 9.76774e-07
13.7125 1.49999 0.999992 1.2231e-06 0 124.659 1.49998 1.83464e-06
13.7375 1.49999 0.999992 1.79881e-06 0 124.886 1.49998 2.69821e-06
13.7625 1.49999 0.999992 2.3693e-06 0 125.114 1.49998 3.55394e-06
13.7875 1.49999 0.999993 2.92373e-06 0 125.341 1.49998 4.38558e-06
13.8125 1.49999 0.999993 3.45077e-06 0 125.568 1.49998 5.17614e-06
13.8375 1.49999 0.999993 3.93925e-06 0 125.795 1.49998 5.90885e-06
13.8625 1.49999 0.999994 4.37865e-06 0 126.023 1.49999 6.56795e-06
13.8875 1.49999 0.999994 4.75946e-06 0 126.25 1.49999 7.13916e-06
13.9125 1.5 0.999995 5.07343e-06 0 126.477 1.49999 7.61012e-06
13.9375 1.5 0.999996 5.31399e-06 0 126.705 1.49999 7.97096e-06
13.9625 1.5 0.999996 5.47657e-06 0 126.932 1.49999 8.21484e-06
13.9875 1.5 0.999997 5.55882e-06 0 127.159 1.49999 8.33821e-06
14.0125 1.5 0.999998 5.56079e-06 0 127.386 1.49999 8.34117e-06
14.0375 1.5 0.999998 5.48441e-06 0 127.614 1.49999 8.22661e-06
14.0625 1.5 0.999999 5.33278e-06 0 127.841 1.5 7.99916e-06
14.0875 1.5 1 5.11116e-06 0 128.068 1.5 7.66674e-06
14.1125 1.5 1 4.82608e-06 0 128.295 1.5 7.23911e-06
14.1375 1.5 1 4.4849e-06 0 128.523 1.5 6.72734e-06
14.1625 1.5 1 4.09556e-06 0 128.75 1.5 6.14334e-06
14.1875 1.5 1 3.66623e-06 0 128.977 1.5 5.49934e-06
14.2125 1.5 1 3.20493e-06 0 129.205 1.5 4.80739e-06
14.2375 1.5 1 2.71935e-06 0 129.432 1.5 4.07902e-06
14.2625 1.5 1 2.21675e-06 0 129.659 1.5 3.32513e-06
14.2875 1.5 1 1.70406e-06 0 129.886 1.5 2.55609e-06
14.3125 1.5 1 1.18769e-06 0 130.114 1.50001 1.78154e-06
14.3375 1.5 1 6.74935e-07 0 130.341 1.50001 1.0124e-06
14.3625 1.5 1 1.74792e-07 0 130.568 1.50001 2.62188e-07
14.3875 1.5 1 -3.09687e-07 0 130.795 1.5 -4.64531e-07
14.4125 1.5 1 -7.71987e-07 0 131.023 1.5 -1.15798e-06
14.4375 1.5 1 -1.20604e-06 0 131.25 1.5 -1.80907e-06
14.4625 1.5 1 -1.60512e-06 0 131.477 1.5 -2.40768e-06
14.4875 1.5 1 -1.96213e-06 0 131.705 1.5 -2.94319e-06
14.5125 1.5 1 -2.27016e-06 0 131.932 1.5 -3.40525e-06
14.5375 1.5 1 -2.52269e-06 0 132.159 1.5 -3.78404e-06
14.5625 1.5 1 -2.71375e-06 0 132.386 1.5 -4.07063e-06
14.5875 1.5 1 -2.8382e-06 0 132.614 1.5 -4.25731e-06
14.6125 1.5 0.999999 -2.89204e-06 0 132.841 1.5 -4.33806e-06
14.6375 1.5 0.999999 -2.8731e-06 0 133.068 1.5 -4.30964e-06
14.6625 1.5 0.999998 -2.78169e-06 0 133.295 1.5 -4.17254e-06
14.6875 1.5 0.999998 -2.6199e-06 0 133.523 1.5 -3.92985e-06
14.7125 1.5 0.999998 -2.39203e-06 0 133.75 1.49999 -3.58804e-06
14.7375 1.5 0.999997 -2.10427e-06 0 133.977 1.49999 -3.1564e-06
14.7625 1.5 0.999997 -1.76447e-06 0 134.205 1.49999 -2.6467e-06
14.7875 1.5 0.999997 -1.38202e-06 0 134.432 1.49999 -2.07303e-06
14.8125 1.5 0.999997 -9.67582e-07 0 134.659 1.49999 -1.45137e-06
14.8375 1.5 0.999996 -5.32648e-07 0 134.886 1.49999 -7.98971e-07
14.8625 1.5 0.999996 -8.91348e-08 0 135.114 1.49999 -1.33702e-07
14.8875 1.5 0.999996 3.50758e-07 0 135.341 1.49999 5.26136e-07
14.9125 1.5 0.999996 7.74272e-07 0 135.568 1.49999 1.16141e-06
14.9375 1.5 0.999996 1.17259e-06 0 135.795 1.49999 1.75888e-06
14.9625 1.5 0.999997 1.53894e-06 0 136.023 1.49999 2.3084e-06
14.9875 1.5 0.999997 1.86652e-06 0 136.25 1.49999 2.79977e-06
15.0125 1.5 0.999997 2.14983e-06 0 136.477 1.49999 3.22474e-06
15.0375 1.5 0.999997 2.38495e-06 0 136.705 1.49999 3.57743e-06
15.0625 1.5 0.999998 2.5695e-06 0 136.932 1.5 3.85425e-06
15.0875 1.5 0.999998 2.70244e-06 0 137.159 1.5 4.05365e-06
15.1125 1.5 0.999999 2.78371e-06 0 137.386 1.5 4.17556e-06
15.1375 1.5 0.999999 2.81391e-06 0 137.614 1.5 4.22086e-06
15.1625 1.5 1 2.79418e-06 0 137.841 1.5 4.19126e-06
15.1875 1.5 1 2.72603e-06 0 138.068 1.5 4.08904e-06
15.2125 1.5 1 2.61098e-06 0 138.295 1.5 3.91647e-06
15.2375 1.5 1 2.45102e-06 0 138.523 1.5 3.67653e-06
15.2625 1.5 1 2.24845e-06 0 138.75 1.5 3.37267e-06
15.2875 1.5 1 2.00606e-06 0 138.977 1.5 3.0091e-06
15.3125 1.5 1 1.72729e-06 0 139.205 1.5 2.59093e-06
15.3375 1.5 1 1.41615e-06 0 139.432 1.5 2.12423e-06
15.3625 1.5 1 1.07733e-06 0 139.659 1.5 1.616e-06
15.3875 1.5 1 7.16124e-07 0 139.886 1.5 1.07419e-06
15.4125 1.5 1 3.40392e-07 0 140.114 1.5 5.10589e-07
15.4375 1.5 1 -4.03324e-08 0 140.341 1.5 -6.04986e-08
15.4625 1.5 1 -4.19933e-07 0 140.568 1.5 -6.299e-07
15.4875 1.5 1 -7.88858e-07 0 140.795 1.5 -1.18329e-06
15.5125 1.5 1 -1.13774e-06 0 141.023 1.5 -1.70661e-06
15.5375 1.5 1 -1.45683e-06 0 141.25 1.5 -2.18524e-06
15.5625 1.5 1 -1.73655e-06 0 141.477 1.5 -2.60482e-06
15.5875 1.5 1 -1.96802e-06 0 141.705 1.5 -2.95202e-06
15.6125 1.5 1 -2.1435e-06 0 141.932 1.5 -3.21526e-06
15.6375 1.5 1 -2.25695e-06 0 142.159 1.5 -3.38543e-06
15.6625 1.5 1 -2.30422e-06 0 142.386 1.5 -3.45633e-06
15.6875 1.5 1 -2.28339e-06 0 142.614 1.5 -3.42509e-06
15.7125 1.5 0.999999 -2.19523e-06 0 142.841 1.5 -3.29285e-06
15.7375 1.5 0.999999 -2.04256e-06 0 143.068 1.5 -3.06384e-06
15.7625 1.5 0.999999 -1.83036e-06 0 143.295 1.5 -2.74554e-06
15.7875 1.5 0.999998 -1.56556e-06 0 143.523 1.5 -2.34833e-06
15.8125 1.5 0.999998 -1.25691e-06 0 143.75 1.5 -1.88536e-06
15.8375 1.5 0.999998 -9.14596e-07 0 143.977 1.5 -1.37189e-06
15.8625 1.5 0.999998 -5.49675e-07 0 144.205 1.5 -8.24512e-07
15.8875 1.5 0.999998 -1.7366e-07 0 144.432 1.5 -2.6049e-07
15.9125 1.5 0.999998 2.02169e-07 0 144.659 1.5 3.03253e-07
15.9375 1.5 0.999998 5.65316e-07 0 144.886 1.5 8.47974e-07
15.9625 1.5 0.999998 9.05437e-07 0 145.114 1.5 1.35816e-06
15.9875 1.5 0.999998 1.21591e-06 0 145.341 1.5 1.82386e-06
16.0125 1.5 0.999998 1.48937e-06 0 145.568 1.5 2.23405e-06
16.0375 1.5 0.999998 1.7198e-06 0 145.795 1.5 2.5797e-06
16.0625 1.5 0.999999 1.90284e-06 0 146.023 1.5 2.85426e-06
16.0875 1.5 0.999999 2.03575e-06 0 146.25 1.5 3.05363e-06
16.1125 1.5 0.999999 2.11704e-06 0 146.477 1.5 3.17557e-06
16.1375 1.5 1 2.14612e-06 0 146.705 1.5 3.21918e-06
16.1625 1.5 1 2.12335e-06 0 146.932 1.5 3.18502e-06
16.1875 1.5 1 2.05046e-06 0 147.159 1.5 3.07569e-06
16.2125 1.5 1 1.92927e-06 0 147.386 1.5 2.89391e-06
16.2375 1.5 1 1.76268e-06 0 147.614 1.5 2.64402e-06
16.2625 1.5 1 1.55423e-06 0 147.841 1.5 2.33134e-06
16.2875 1.5 1 1.30827e-06 0 148.068 1.5 1.9624e-06
16.3125 1.5 1 1.02981e-06 0 148.295 1.5 1.54472e-06
16.3375 1.5 1 7.24366e-07 0 148.523 1.5 1.08655e-06
16.3625 1.5 1 3.97823e-07 0 148.75 1.5 5.96735e-07
16.3875 1.5 1 5.80936e-08 0 148.977 1.5 8.71405e-08
16.4125 1.5 1 -2.84888e-07 0 149.205 1.5 -4.27333e-07
16.4375 1.5 1 -6.24672e-07 0 149.432 1.5 -9.37009e-07
16.4625 1.5 1 -9.53613e-07 0 149.659 1.5 -1.43042e-06
16.4875 1.5 1 -1.26277e-06 0 149.886 1.5 -1.89415e-06
16.5125 1.5 1 -1.54279e-06 0 150.114 1.5 -2.31418e-06
16.5375 1.5 1 -1.78447e-06 0 150.341 1.5 -2.6767e-06
16.5625 1.5 1 -1.97908e-06 0 150.568 1.5 -2.96861e-06
16.5875 1.5 1 -2.11884e-06 0 150.795 1.5 -3.17826e-06
16.6125 1.5 1 -2.19736e-06 0 151.023 1.5 -3.29605e-06
16.6375 1.5 0.999999 -2.20975e-06 0 151.25 1.5 -3.31463e-06
16.6625 1.5 0.999999 -2.15317e-06 0 151.477 1.5 -3.22976e-06
16.6875 1.5 0.999999 -2.02762e-06 0 151.705 1.5 -3.04143e-06
16.7125 1.5 0.999998 -1.83495e-06 0 151.932 1.5 -2.75242e-06
16.7375 1.5 0.999998 -1.57949e-06 0 152.159 1.5 -2.36924e-06
16.7625 1.5 0.999998 -1.26802e-06 0 152.386 1.5 -1.90203e-06
16.7875 1.5 0.999998 -9.09737e-07 0 152.614 1.5 -1.3646e-06
16.8125 1.5 0.999998 -5.159e-07 0 152.841 1.5 -7.73849e-07
16.8375 1.5 0.999998 -9.94257e-08 0 153.068 1.5 -1.49138e-07
16.8625 1.5 0.999998 3.24492e-07 0 153.295 1.5 4.86738e-07
16.8875 1.5 0.999998 7.40854e-07 0 153.523 1.5 1.11128e-06
16.9125 1.5 0.999998 1.13737e-06 0 153.75 1.5 1.70606e-06
16.9375 1.5 0.999998 1.50049e-06 0 153.977 1.5 2.25074e-06
16.9625 1.5 0.999998 1.81735e-06 0 154.205 1.5 2.72603e-06
16.9875 1.5 0.999999 2.07684e-06 0 154.432 1.5 3.11526e-06
17.0125 1.5 0.999999 2.27008e-06 0 154.659 1.5 3.40513e-06
17.0375 1.5 0.999999 2.39066e-06 0 154.886 1.5 3.58599e-06
17.0625 1.5 1 2.4348e-06 0 155.114 1.5 3.65221e-06
17.0875 1.5 1 2.40154e-06 0 155.341 1.5 3.60231e-06
17.1125 1.5 1 2.29234e-06 0 155.568 1.5 3.4385e-06
17.1375 1.5 1 2.11068e-06 0 155.795 1.5 3.16602e-06
17.1625 1.5 1 1.86292e-06 0 156.023 1.5 2.79439e-06
17.1875 1.5 1 1.55746e-06 0 156.25 1.5 2.33619e-06
17.2125 1.5 1 1.20437e-06 0 156.477 1.5 1.80655e-06
17.2375 1.5 1 8.15107e-07 0 156.705 1.5 1.22266e-06
17.2625 1.5 1 4.02112e-07 0 156.932 1.5 6.03169e-07
17.2875 1.5 1 -2.21173e-08 0 157.159 1.5 -3.31759e-08
17.3125 1.5 1 -4.43141e-07 0 157.386 1.5 -6.64711e-07
17.3375 1.5 1 -8.45901e-07 0 157.614 1.5 -1.26885e-06
17.3625 1.5 1 -1.22191e-06 0 157.841 1.5 -1.83286e-06
17.3875 1.5 1 -1.56073e-06 0 158.068 1.5 -2.3411e-06
17.4125 1.5 1 -1.85256e-06 0 158.295 1.5 -2.77883e-06
17.4375 1.5 1 -2.08915e-06 0 158.523 1.5 -3.13372e-06
17.4625 1.5 1 -2.26397e-06 0 158.75 1.5 -3.39596e-06
17.4875 1.5 1 -2.37194e-06 0 158.977 1.5 -3.55791e-06
17.5125 1.5 1 -2.40934e-06 0 159.205 1.5 -3.61401e-06
17.5375 1.5 1 -2.37441e-06 0 159.432 1.5 -3.56161e-06
17.5625 1.5 0.999999 -2.26744e-06 0 159.659 1.5 -3.40116e-06
17.5875 1.5 0.999999 -2.09048e-06 0 159.886 1.5 -3.13573e-06
17.6125 1.5 0.999998 -1.84776e-06 0 160.114 1.5 -2.77163e-06
17.6375 1.5 0.999998 -1.5455e-06 0 160.341 1.5 -2.31825e-06
17.6625 1.5 0.999998 -1.19186e-06 0 160.568 1.5 -1.78779e-06
17.6875 1.5 0.999997 -7.96543e-07 0 160.795 1.49999 -1.19481e-06
17.7125 1.5 0.999997 -3.70615e-07 0 161.023 1.49999 -5.55923e-07
17.7375 1.5 0.999997 7.22966e-08 0 161.25 1.49999 1.08445e-07
17.7625 1.5 0.999997 5.15831e-07 0 161.477 1.49999 7.73746e-07
17.7875 1.5 0.999997 9.4863e-07 0 161.705 1.5 1.42294e-06
17.8125 1.5 0.999998 1.35857e-06 0 161.932 1.5 2.03785e-06
17.8375 1.5 0.999998 1.73207e-06 0 162.159 1.5 2.5981e-06
17.8625 1.5 0.999998 2.05602e-06 0 162.386 1.5 3.08403e-06
17.8875 1.5 0.999999 2.31861e-06 0 162.614 1.5 3.47791e-06
17.9125 1.5 0.999999 2.50982e-06 0 162.841 1.5 3.76472e-06
17.9375 1.5 1 2.62175e-06 0 163.068 1.5 3.93262e-06
17.9625 1.5 1 2.64854e-06 0 163.295 1.5 3.97281e-06
17.9875 1.5 1 2.58676e-06 0 163.523 1.5 3.88014e-06
18.0125 1.5 1 2.43733e-06 0 163.75 1.5 3.65599e-06
18.0375 1.5 1 2.20351e-06 0 163.977 1.5 3.30527e-06
18.0625 1.5 1 1.89155e-06 0 164.205 1.5 2.83732e-06
18.0875 1.5 1 1.5105e-06 0 164.432 1.5 2.26575e-06
18.1125 1.5 1 1.07215e-06 0 164.659 1.50001 1.60823e-06
18.1375 1.5 1 5.90847e-07 0 164.886 1.50001 8.86271e-07
18.1625 1.5 1 8.34266e-08 0 165.114 1.50001 1.2514e-07
18.1875 1.5 1 -4.30127e-07 0 165.341 1.50001 -6.45191e-07
18.2125 1.5 1 -9.32141e-07 0 165.568 1.50001 -1.39821e-06
18.2375 1.5 1 -1.40698e-06 0 165.795 1.5 -2.11048e-06
18.2625 1.5 1 -1.83726e-06 0 166.023 1.5 -2.75589e-06
18.2875 1.5 1 -2.20647e-06 0 166.25 1.5 -3.30971e-06
18.3125 1.5 1 -2.50043e-06 0 166.477 1.5 -3.75065e-06
18.3375 1.5 1 -2.70787e-06 0 166.705 1.5 -4.06181e-06
18.3625 1.5 1 -2.82076e-06 0 166.932 1.5 -4.23113e-06
18.3875 1.5 1 -2.83469e-06 0 167.159 1.5 -4.25204e-06
18.4125 1.5 0.999999 -2.74845e-06 0 167.386 1.5 -4.12267e-06
18.4375 1.5 0.999999 -2.56428e-06 0 167.614 1.5 -3.84641e-06
18.4625 1.5 0.999998 -2.28796e-06 0 167.841 1.5 -3.43194e-06
18.4875 1.5 0.999998 -1.9288e-06 0 168.068 1.5 -2.89321e-06
18.5125 1.5 0.999998 -1.49917e-06 0 168.295 1.5 -2.24875e-06
18.5375 1.5 0.999997 -1.01418e-06 0 168.523 1.49999 -1.52127e-06
18.5625 1.5 0.999997 -4.91217e-07 0 168.75 1.49999 -7.36825e-07
18.5875 1.5 0.999997 5.07734e-08 0 168.977 1.49999 7.61601e-08
18.6125 1.5 0.999997 5.89711e-07 0 169.205 1.49999 8.84566e-07
18.6375 1.5 0.999997 1.10587e-06 0 169.432 1.49999 1.65881e-06
18.6625 1.5 0.999997 1.58361e-06 0 169.659 1.5 2.37541e-06
18.6875 1.5 0.999998 2.0061e-06 0 169.886 1.5 3.00915e-06
18.7125 1.5 0.999998 2.35822e-06 0 170.114 1.5 3.53734e-06
18.7375 1.5 0.999999 2.62727e-06 0 170.341 1.5 3.94091e-06
18.7625 1.5 0.999999 2.80338e-06 0 170.568 1.5 4.20507e-06
18.7875 1.5 1 2.8798e-06 0 170.795 1.5 4.3197e-06
18.8125 1.5 1 2.85303e-06 0 171.023 1.5 4.27955e-06
18.8375 1.5 1 2.72341e-06 0 171.25 1.5 4.08511e-06
18.8625 1.5 1 2.49468e-06 0 171.477 1.5 3.74203e-06
18.8875 1.5 1 2.17504e-06 0 171.705 1.5 3.26257e-06
18.9125 1.5 1 1.77597e-06 0 171.932 1.5 2.66396e-06
18.9375 1.5 1 1.31171e-06 0 172.159 1.50001 1.96756e-06
18.9625 1.5 1 7.98976e-07 0 172.386 1.50001 1.19846e-06
18.9875 1.5 1 2.56056e-07 0 172.614 1.50001 3.84084e-07
19.0125 1.5 1 -2.96002e-07 0 172.841 1.50001 -4.44003e-07
19.0375 1.5 1 -8.33201e-07 0 173.068 1.50001 -1.2498e-06
19.0625 1.5 1 -1.34106e-06 0 173.295 1.50001 -2.01159e-06
19.0875 1.5 1 -1.80178e-06 0 173.523 1.5 -2.70268e-06
19.1125 1.5 1 -2.19822e-06 0 173.75 1.5 -3.29733e-06
19.1375 1.5 1 -2.5153e-06 0 173.977 1.5 -3.77295e-06
19.1625 1.5 1 -2.74078e-06 0 174.205 1.5 -4.11116e-06
19.1875 1.5 1 -2.86572e-06 0 174.432 1.5 -4.29858e-06
19.2125 1.5 1 -2.885e-06 0 174.659 1.5 -4.32751e-06
19.2375 1.5 0.999999 -2.79701e-06 0 174.886 1.5 -4.19552e-06
19.2625 1.5 0.999999 -2.6041e-06 0 175.114 1.5 -3.90615e-06
19.2875 1.5 0.999998 -2.3124e-06 0 175.341 1.5 -3.4686e-06
19.3125 1.5 0.999998 -1.93209e-06 0 175.568 1.5 -2.89813e-06
19.3375 1.5 0.999997 -1.47672e-06 0 175.795 1.5 -2.21507e-06
19.3625 1.5 0.999997 -9.62758e-07 0 176.023 1.49999 -1.44414e-06
19.3875 1.5 0.999997 -4.0891e-07 0 176.25 1.49999 -6.13365e-07
19.4125 1.5 0.999997 1.62193e-07 0 176.477 1.49999 2.43289e-07
19.4375 1.5 0.999997 7.24188e-07 0 176.705 1.49999 1.08628e-06
19.4625 1.5 0.999997 1.25992e-06 0 176.932 1.49999 1.88988e-06
19.4875 1.5 0.999998 1.74912e-06 0 177.159 1.5 2.62368e-06
19.5125 1.5 0.999998 2.17211e-06 0 177.386 1.5 3.25816e-06
19.5375 1.5 0.999999 2.5117e-06 0 177.614 1.5 3.76755e-06
19.5625 1.5 0.999999 2.75409e-06 0 177.841 1.5 4.13114e-06
19.5875 1.5 1 2.88948e-06 0 178.068 1.5 4.33423e-06
19.6125 1.5 1 2.91227e-06 0 178.295 1.5 4.36841e-06
19.6375 1.5 1 2.8204e-06 0 178.523 1.5 4.2306e-06
19.6625 1.5 1 2.61693e-06 0 178.75 1.5 3.92539e-06
19.6875 1.5 1 2.30874e-06 0 178.977 1.5 3.46312e-06
19.7125 1.5 1 1.9075e-06 0 179.205 1.5 2.86125e-06
19.7375 1.5 1 1.42878e-06 0 179.432 1.5 2.14317e-06
19.7625 1.5 1 8.91318e-07 0 179.659 1.50001 1.33698e-06
19.7875 1.5 1 3.16184e-07 0 179.886 1.50001 4.74277e-07
19.8125 1.5 1 -2.71706e-07 0 180.114 1.50001 -4.07559e-07
19.8375 1.5 1 -8.45611e-07 0 180.341 1.50001 -1.26842e-06
19.8625 1.5 1 -1.38593e-06 0 180.568 1.5 -2.0789e-06
19.8875 1.5 1 -1.8708e-06 0 180.795 1.5 -2.8062e-06
19.9125 1.5 1 -2.27996e-06 0 181.023 1.5 -3.41994e-06
19.9375 1.5 1 -2.59603e-06 0 181.25 1.5 -3.89404e-06
19.9625 1.5 1 -2.80519e-06 0 181.477 1.5 -4.20779e-06
19.9875 1.5 1 -2.89806e-06 0 181.705 1.5 -4.34709e-06
