-19.9875 1.5 1 -5.27262e-07 0 -166.562 1.50001 -7.90894e-07
-19.9625 1.5 1 -9.44799e-07 0 -166.354 1.50001 -1.4172e-06
-19.9375 1.5 1 -1.32856e-06 0 -166.146 1.5 -1.99284e-06
-19.9125 1.5 1 -1.66643e-06 0 -165.938 1.5 -2.49964e-06
-19.8875 1.5 1 -1.94722e-06 0 -165.729 1.5 -2.92084e-06
-19.8625 1.5 1 -2.16177e-06 0 -165.521 1.5 -3.24266e-06
-19.8375 1.5 1 -2.30297e-06 0 -165.313 1.5 -3.45446e-06
-19.8125 1.5 1 -2.36608e-06 0 -165.104 1.5 -3.54911e-06
-19.7875 1.5 1 -2.34943e-06 0 -164.896 1.5 -3.52415e-06
-19.7625 1.5 0.999999 -2.25433e-06 0 -164.688 1.5 -3.3815e-06
-19.7375 1.5 0.999999 -2.08335e-06 0 -164.479 1.5 -3.12502e-06
-19.7125 1.5 0.999998 -1.84242e-06 0 -164.271 1.5 -2.76362e-06
-19.6875 1.5 0.999998 -1.53966e-06 0 -164.062 1.5 -2.30949e-06
-19.6625 1.5 0.999997 -1.18539e-06 0 -163.854 1.5 -1.77808e-06
-19.6375 1.5 0.999997 -7.91846e-07 0 -163.646 1.49999 -1.18777e-06
-19.6125 1.5 0.999997 -3.72682e-07 0 -163.438 1.49999 -5.59022e-07
-19.5875 1.5 0.999997 5.80426e-08 0 -163.229 1.49999 8.70638e-08
-19.5625 1.5 0.999997 4.82826e-07 0 -163.021 1.49999 7.24239e-07
-19.5375 1.5 0.999997 8.86784e-07 0 -162.813 1.49999 1.33017e-06
-19.5125 1.5 0.999997 1.25938e-06 0 -162.604 1.5 1.88907e-06
-19.4875 1.5 0.999998 1.58825e-06 0 -162.396 1.5 2.38237e-06
-19.4625 1.5 0.999998 1.86239e-06 0 -162.188 1.5 2.79358e-06
-19.4375 1.5 0.999999 2.07275e-06 0 -161.979 1.5 3.10912e-06
-19.4125 1.5 0.999999 2.21228e-06 0 -161.771 1.5 3.31841e-06
-19.3875 1.5 1 2.27626e-06 0 -161.562 1.5 3.41439e-06
-19.3625 1.5 1 2.26287e-06 0 -161.354 1.5 3.39431e-06
-19.3375 1.5 1 2.17276e-06 0 -161.146 1.5 3.25914e-06
-19.3125 1.5 1 2.00856e-06 0 -160.938 1.5 3.01283e-06
-19.2875 1.5 1 1.77572e-06 0 -160.729 1.5 2.66358e-06
-19.2625 1.5 1 1.48197e-06 0 -160.521 1.5 2.22295e-06
-19.2375 1.5 1 1.13714e-06 0 -160.312 1.50001 1.70571e-06
-19.2125 1.5 1 7.52855e-07 0 -160.104 1.50001 1.12928e-06
-19.1875 1.5 1 3.41906e-07 0 -159.896 1.50001 5.12859e-07
-19.1625 1.5 1 -7.88721e-08 0 -159.688 1.50001 -1.18308e-07
-19.1375 1.5 1 -4.93467e-07 0 -159.479 1.50001 -7.40201e-07
-19.1125 1.5 1 -8.90858e-07 0 -159.271 1.50001 -1.33629e-06
-19.0875 1.5 1 -1.2578e-06 0 -159.063 1.5 -1.8867e-06
-19.0625 1.5 1 -1.5813e-06 0 -158.854 1.5 -2.37195e-06
-19.0375 1.5 1 -1.84982e-06 0 -158.646 1.5 -2.77473e-06
-19.0125 1.5 1 -2.054e-06 0 -158.438 1.5 -3.081e-06
-18.9875 1.5 1 -2.18677e-06 0 -158.229 1.5 -3.28015e-06
-18.9625 1.5 0.999999 -2.24299e-06 0 -158.021 1.5 -3.36449e-06
-18.9375 1.5 0.999999 -2.22012e-06 0 -157.812 1.5 -3.33019e-06
-18.9125 1.5 0.999998 -2.1198e-06 0 -157.604 1.5 -3.17969e-06
-18.8875 1.5 0.999998 -1.94509e-06 0 -157.396 1.5 -2.91763e-06
-18.8625 1.5 0.999997 -1.70127e-06 0 -157.188 1.5 -2.5519e-06
-18.8375 1.5 0.999997 -1.39607e-06 0 -156.979 1.49999 -2.0941e-06
-18.8125 1.5 0.999997 -1.03944e-06 0 -156.771 1.49999 -1.55916e-06
-18.7875 1.5 0.999997 -6.44054e-07 0 -156.563 1.49999 -9.6608e-07
-18.7625 1.5 0.999997 -2.2774e-07 0 -156.354 1.49999 -3.4161e-07
-18.7375 1.5 0.999997 1.97421e-07 0 -156.146 1.49999 2.96132e-07
-18.7125 1.5 0.999997 6.17474e-07 0 -155.938 1.5 9.2621e-07
-18.6875 1.5 0.999998 1.01748e-06 0 -155.729 1.5 1.52622e-06
-18.6625 1.5 0.999998 1.38259e-06 0 -155.521 1.5 2.07389e-06
-18.6375 1.5 0.999999 1.69894e-06 0 -155.312 1.5 2.54841e-06
-18.6125 1.5 1 1.9544e-06 0 -155.104 1.5 2.93159e-06
-18.5875 1.5 1 2.13898e-06 0 -154.896 1.5 3.20847e-06
-18.5625 1.5 1 2.24513e-06 0 -154.688 1.5 3.3677e-06
-18.5375 1.5 1 2.26827e-06 0 -154.479 1.5 3.4024e-06
-18.5125 1.5 1 2.20764e-06 0 -154.271 1.5 3.31146e-06
-18.4875 1.5 1 2.06599e-06 0 -154.062 1.5 3.09899e-06
-18.4625 1.5 1 1.84773e-06 0 -153.854 1.5 2.77159e-06
-18.4375 1.5 1 1.5602e-06 0 -153.646 1.50001 2.34031e-06
-18.4125 1.5 1 1.21309e-06 0 -153.438 1.50001 1.81963e-06
-18.3875 1.5 1 8.21949e-07 0 -153.229 1.50001 1.23292e-06
-18.3625 1.5 1 4.02351e-07 0 -153.021 1.50001 6.03527e-07
-18.3375 1.5 1 -3.52479e-08 0 -152.813 1.50001 -5.28718e-08
-18.3125 1.5 1 -4.74365e-07 0 -152.604 1.5 -7.11548e-07
-18.2875 1.5 1 -8.98263e-07 0 -152.396 1.5 -1.3474e-06
-18.2625 1.5 1 -1.29092e-06 0 -152.188 1.5 -1.93638e-06
-18.2375 1.5 1 -1.63679e-06 0 -151.979 1.5 -2.45519e-06
-18.2125 1.5 1 -1.92182e-06 0 -151.771 1.5 -2.88274e-06
-18.1875 1.5 0.999999 -2.13415e-06 0 -151.562 1.5 -3.20123e-06
-18.1625 1.5 0.999999 -2.26435e-06 0 -151.354 1.5 -3.39652e-06
-18.1375 1.5 0.999998 -2.30679e-06 0 -151.146 1.5 -3.46018e-06
-18.1125 1.5 0.999998 -2.25975e-06 0 -150.938 1.5 -3.38962e-06
-18.0875 1.5 0.999997 -2.12579e-06 0 -150.729 1.5 -3.18868e-06
-18.0625 1.5 0.999997 -1.90926e-06 0 -150.521 1.49999 -2.86389e-06
-18.0375 1.5 0.999997 -1.61742e-06 0 -150.313 1.49999 -2.42613e-06
-18.0125 1.5 0.999997 -1.2647e-06 0 -150.104 1.49999 -1.89705e-06
-17.9875 1.5 0.999997 -8.67517e-07 0 -149.896 1.49999 -1.30127e-06
-17.9625 1.5 0.999997 -4.36007e-07 0 -149.688 1.49999 -6.5401e-07
-17.9375 1.5 0.999998 1.34896e-08 0 -149.479 1.5 2.02344e-08
-17.9125 1.5 0.999998 4.63093e-07 0 -149.271 1.5 6.94639e-07
-17.8875 1.5 0.999999 8.94685e-07 0 -149.062 1.5 1.34203e-06
-17.8625 1.5 0.999999 1.29155e-06 0 -148.854 1.5 1.93732e-06
-17.8375 1.5 1 1.63806e-06 0 -148.646 1.5 2.45708e-06
-17.8125 1.5 1 1.92022e-06 0 -148.438 1.5 2.88032e-06
-17.7875 1.5 1 2.12603e-06 0 -148.229 1.5 3.18905e-06
-17.7625 1.5 1 2.24758e-06 0 -148.021 1.5 3.37137e-06
-17.7375 1.5 1 2.28035e-06 0 -147.812 1.5 3.42052e-06
-17.7125 1.5 1 2.22332e-06 0 -147.604 1.5 3.33498e-06
-17.6875 1.5 1 2.07939e-06 0 -147.396 1.50001 3.11908e-06
-17.6625 1.5 1 1.85306e-06 0 -147.188 1.50001 2.77959e-06
-17.6375 1.5 1 1.55635e-06 0 -146.979 1.50001 2.33453e-06
-17.6125 1.5 1 1.20313e-06 0 -146.771 1.50001 1.8047e-06
-17.5875 1.5 1 8.02714e-07 0 -146.562 1.5 1.20407e-06
-17.5625 1.5 1 3.70997e-07 0 -146.354 1.5 5.56496e-07
-17.5375 1.5 1 -7.44748e-08 0 -146.146 1.5 -1.11712e-07
-17.5125 1.5 1 -5.1488e-07 0 -145.938 1.5 -7.72321e-07
-17.4875 1.5 1 -9.31428e-07 0 -145.729 1.5 -1.39714e-06
-17.4625 1.5 1 -1.30718e-06 0 -145.521 1.5 -1.96077e-06
-17.4375 1.5 0.999999 -1.6267e-06 0 -145.312 1.5 -2.44005e-06
-17.4125 1.5 0.999998 -1.87667e-06 0 -145.104 1.5 -2.815e-06
-17.3875 1.5 0.999998 -2.04775e-06 0 -144.896 1.5 -3.07163e-06
-17.3625 1.5 0.999997 -2.13451e-06 0 -144.688 1.5 -3.20176e-06
-17.3375 1.5 0.999997 -2.13592e-06 0 -144.479 1.5 -3.20388e-06
-17.3125 1.5 0.999997 -2.05407e-06 0 -144.271 1.49999 -3.0811e-06
-17.2875 1.5 0.999997 -1.89299e-06 0 -144.063 1.49999 -2.83948e-06
-17.2625 1.5 0.999997 -1.66389e-06 0 -143.854 1.49999 -2.49584e-06
-17.2375 1.5 0.999997 -1.37699e-06 0 -143.646 1.49999 -2.06549e-06
-17.2125 1.5 0.999997 -1.04003e-06 0 -143.438 1.5 -1.56004e-06
-17.1875 1.5 0.999998 -6.66428e-07 0 -143.229 1.5 -9.99641e-07
-17.1625 1.5 0.999998 -2.71386e-07 0 -143.021 1.5 -4.07079e-07
-17.1375 1.5 0.999999 1.29193e-07 0 -142.812 1.5 1.93789e-07
-17.1125 1.5 1 5.18551e-07 0 -142.604 1.5 7.77826e-07
-17.0875 1.5 1 8.80172e-07 0 -142.396 1.5 1.32026e-06
-17.0625 1.5 1 1.19921e-06 0 -142.188 1.5 1.79881e-06
-17.0375 1.5 1 1.46279e-06 0 -141.979 1.5 2.19419e-06
-17.0125 1.5 1 1.66141e-06 0 -141.771 1.5 2.49212e-06
-16.9875 1.5 1 1.789e-06 0 -141.562 1.5 2.68349e-06
-16.9625 1.5 1 1.84335e-06 0 -141.354 1.50001 2.76503e-06
-16.9375 1.5 1 1.82502e-06 0 -141.146 1.50001 2.73753e-06
-16.9125 1.5 1 1.73762e-06 0 -140.938 1.50001 2.60643e-06
-16.8875 1.5 1 1.59091e-06 0 -140.729 1.50001 2.38636e-06
-16.8625 1.5 1 1.3901e-06 0 -140.521 1.50001 2.08515e-06
-16.8375 1.5 1 1.14274e-06 0 -140.312 1.5 1.71412e-06
-16.8125 1.5 1 8.60644e-07 0 -140.104 1.5 1.29097e-06
-16.7875 1.5 1 5.57161e-07 0 -139.896 1.5 8.35742e-07
-16.7625 1.5 1 2.45807e-07 0 -139.688 1.5 3.68711e-07
-16.7375 1.5 1 -6.08105e-08 0 -139.479 1.5 -9.12158e-08
-16.7125 1.5 0.999999 -3.49985e-07 0 -139.271 1.5 -5.24978e-07
-16.6875 1.5 0.999998 -6.1099e-07 0 -139.062 1.5 -9.16485e-07
-16.6625 1.5 0.999998 -8.35996e-07 0 -138.854 1.5 -1.25399e-06
-16.6375 1.5 0.999997 -1.0195e-06 0 -138.646 1.5 -1.52924e-06
-16.6125 1.5 0.999996 -1.15799e-06 0 -138.438 1.49999 -1.73699e-06
-16.5875 1.5 0.999996 -1.25015e-06 0 -138.229 1.49999 -1.87522e-06
-16.5625 1.5 0.999996 -1.29682e-06 0 -138.021 1.49999 -1.94524e-06
-16.5375 1.5 0.999996 -1.29945e-06 0 -137.813 1.49999 -1.94918e-06
-16.5125 1.5 0.999996 -1.26555e-06 0 -137.604 1.49999 -1.89833e-06
-16.4875 1.5 0.999996 -1.19462e-06 0 -137.396 1.49999 -1.79193e-06
-16.4625 1.5 0.999997 -1.09037e-06 0 -137.188 1.5 -1.63555e-06
-16.4375 1.5 0.999997 -9.59321e-07 0 -136.979 1.5 -1.43898e-06
-16.4125 1.5 0.999998 -8.09622e-07 0 -136.771 1.5 -1.21443e-06
-16.3875 1.5 0.999999 -6.49152e-07 0 -136.562 1.5 -9.73728e-07
-16.3625 1.5 1 -4.84366e-07 0 -136.354 1.5 -7.26549e-07
-16.3375 1.5 1 -3.20623e-07 0 -136.146 1.5 -4.80934e-07
-16.3125 1.5 1 -1.63909e-07 0 -135.938 1.5 -2.45863e-07
-16.2875 1.5 1 -1.82374e-08 0 -135.729 1.5 -2.7356e-08
-16.2625 1.5 1 1.13772e-07 0 -135.521 1.5 1.70659e-07
-16.2375 1.5 1 2.31281e-07 0 -135.312 1.50001 3.46921e-07
-16.2125 1.5 1 3.35636e-07 0 -135.104 1.50001 5.03453e-07
-16.1875 1.5 1 4.30537e-07 0 -134.896 1.50001 6.45805e-07
-16.1625 1.5 1 5.18464e-07 0 -134.688 1.50001 7.77696e-07
-16.1375 1.5 1 6.05908e-07 0 -134.479 1.50001 9.08861e-07
-16.1125 1.5 1 6.89861e-07 0 -134.271 1.50001 1.03479e-06
-16.0875 1.5 1 7.70251e-07 0 -134.062 1.50001 1.15538e-06
-16.0625 1.5 1 8.47944e-07 0 -133.854 1.5 1.27192e-06
-16.0375 1.5 1 9.22644e-07 0 -133.646 1.5 1.38397e-06
-16.0125 1.5 1 9.92419e-07 0 -133.438 1.5 1.48863e-06
-15.9875 1.5 1 1.05336e-06 0 -133.229 1.5 1.58004e-06
-15.9625 1.5 0.999999 1.10028e-06 0 -133.021 1.5 1.65042e-06
-15.9375 1.5 0.999998 1.1289e-06 0 -132.812 1.5 1.69335e-06
-15.9125 1.5 0.999997 1.1343e-06 0 -132.604 1.5 1.70146e-06
-15.8875 1.5 0.999997 1.11121e-06 0 -132.396 1.5 1.66682e-06
-15.8625 1.5 0.999996 1.05345e-06 0 -132.188 1.49999 1.58018e-06
-15.8375 1.5 0.999995 9.56706e-07 0 -131.979 1.49999 1.43506e-06
-15.8125 1.5 0.999995 8.17888e-07 0 -131.771 1.49999 1.22683e-06
-15.7875 1.5 0.999995 6.35913e-07 0 -131.563 1.49999 9.53869e-07
-15.7625 1.5 0.999995 4.11297e-07 0 -131.354 1.49999 6.16946e-07
-15.7375 1.5 0.999996 1.48349e-07 0 -131.146 1.49999 2.22524e-07
-15.7125 1.5 0.999996 -1.46217e-07 0 -130.938 1.49999 -2.19325e-07
-15.6875 1.5 0.999997 -4.65895e-07 0 -130.729 1.5 -6.98844e-07
-15.6625 1.5 0.999997 -8.0323e-07 0 -130.521 1.5 -1.20485e-06
-15.6375 1.5 0.999998 -1.14746e-06 0 -130.312 1.5 -1.7212e-06
-15.6125 1.5 0.999999 -1.48538e-06 0 -130.104 1.5 -2.22806e-06
-15.5875 1.5 1 -1.80209e-06 0 -129.896 1.5 -2.70313e-06
-15.5625 1.5 1 -2.08221e-06 0 -129.688 1.5 -3.12332e-06
-15.5375 1.5 1 -2.31038e-06 0 -129.479 1.5 -3.46556e-06
-15.5125 1.5 1 -2.47113e-06 0 -129.271 1.5 -3.7067e-06
-15.4875 1.5 1 -2.55027e-06 0 -129.062 1.5 -3.8254e-06
-15.4625 1.5 1 -2.53537e-06 0 -128.854 1.50001 -3.80306e-06
-15.4375 1.5 1 -2.41791e-06 0 -128.646 1.50001 -3.62687e-06
-15.4125 1.5 1 -2.19505e-06 0 -128.438 1.50001 -3.29258e-06
-15.3875 1.5 1 -1.8676e-06 0 -128.229 1.50001 -2.8014e-06
-15.3625 1.5 1 -1.43902e-06 0 -128.021 1.50001 -2.15853e-06
-15.3375 1.5 1 -9.24481e-07 0 -127.813 1.50001 -1.38672e-06
-15.3125 1.5 1 -3.40212e-07 0 -127.604 1.5 -5.10317e-07
-15.2875 1.5 1 2.93918e-07 0 -127.396 1.5 4.40877e-07
-15.2625 1.5 1 9.53638e-07 0 -127.188 1.5 1.43046e-06
-15.2375 1.5 1 1.61168e-06 0 -126.979 1.5 2.41751e-06
-15.2125 1.5 1 2.23997e-06 0 -126.771 1.5 3.35995e-06
-15.1875 1.5 1 2.8116e-06 0 -126.562 1.5 4.2174e-06
-15.1625 1.5 0.999999 3.30208e-06 0 -126.354 1.5 4.95312e-06
-15.1375 1.5 0.999998 3.68882e-06 0 -126.146 1.5 5.53323e-06
-15.1125 1.5 0.999998 3.95176e-06 0 -125.938 1.5 5.92764e-06
-15.0875 1.5 0.999997 4.07437e-06 0 -125.729 1.5 6.11156e-06
-15.0625 1.5 0.999997 4.04506e-06 0 -125.521 1.5 6.06759e-06
-15.0375 1.5 0.999996 3.85847e-06 0 -125.313 1.5 5.78771e-06
-15.0125 1.5 0.999996 3.51644e-06 0 -125.104 1.5 5.27466e-06
-14.9875 1.5 0.999996 3.02488e-06 0 -124.896 1.5 4.53733e-06
-14.9625 1.5 0.999996 2.39542e-06 0 -124.688 1.5 3.59313e-06
-14.9375 1.5 0.999996 1.64472e-06 0 -124.479 1.5 2.46708e-06
-14.9125 1.5 0.999996 8.01868e-07 0 -124.271 1.5 1.2028e-06
-14.8875 1.5 0.999997 -1.0408e-07 0 -124.062 1.5 -1.5612e-07
-14.8625 1.5 0.999997 -1.0374e-06 0 -123.854 1.5 -1.5561e-06
-14.8375 1.5 0.999998 -1.96034e-06 0 -123.646 1.5 -2.94051e-06
-14.8125 1.5 0.999998 -2.83473e-06 0 -123.438 1.5 -4.25209e-06
-14.7875 1.5 0.999999 -3.62343e-06 0 -123.229 1.5 -5.43516e-06
-14.7625 1.5 0.999999 -4.29195e-06 0 -123.021 1.5 -6.43793e-06
-14.7375 1.5 1 -4.81032e-06 0 -122.813 1.5 -7.21548e-06
-14.7125 1.5 1 -5.15484e-06 0 -122.604 1.5 -7.73225e-06
-14.6875 1.5 1 -5.30875e-06 0 -122.396 1.5 -7.96313e-06
-14.6625 1.5 1 -5.26402e-06 0 -122.188 1.5 -7.89602e-06
-14.6375 1.5 1 -5.02175e-06 0 -121.979 1.5 -7.53263e-06
-14.6125 1.5 1 -4.59021e-06 0 -121.771 1.5 -6.88531e-06
-14.5875 1.5 1 -3.98411e-06 0 -121.563 1.5 -5.97616e-06
-14.5625 1.5 1 -3.22525e-06 0 -121.354 1.5 -4.83787e-06
-14.5375 1.5 1 -2.34135e-06 0 -121.146 1.5 -3.51202e-06
-14.5125 1.5 1 -1.36455e-06 0 -120.938 1.5 -2.04683e-06
-14.4875 1.5 1 -3.28998e-07 0 -120.729 1.5 -4.93497e-07
-14.4625 1.5 1 7.27616e-07 0 -120.521 1.5 1.09142e-06
-14.4375 1.5 1 1.76731e-06 0 -120.312 1.5 2.65097e-06
-14.4125 1.5 1 2.74811e-06 0 -120.104 1.5 4.12216e-06
-14.3875 1.5 1 3.63404e-06 0 -119.896 1.5 5.45105e-06
-14.3625 1.5 1 4.39266e-06 0 -119.688 1.5 6.58898e-06
-14.3375 1.5 1 4.99619e-06 0 -119.479 1.5 7.49428e-06
-14.3125 1.5 1 5.42318e-06 0 -119.271 1.5 8.13476e-06
-14.2875 1.5 1 5.65997e-06 0 -119.063 1.5 8.48995e-06
-14.2625 1.5 1 5.70101e-06 0 -118.854 1.5 8.55151e-06
-14.2375 1.5 1 5.54824e-06 0 -118.646 1.5 8.32236e-06
-14.2125 1.5 0.999999 5.20865e-06 0 -118.438 1.5 7.81298e-06
-14.1875 1.5 0.999998 4.69656e-06 0 -118.229 1.5 7.04485e-06
-14.1625 1.5 0.999998 4.03292e-06 0 -118.021 1.5 6.04939e-06
-14.1375 1.5 0.999997 3.24348e-06 0 -117.812 1.5 4.86523e-06
-14.1125 1.5 0.999996 2.35776e-06 0 -117.604 1.5 3.53664e-06
-14.0875 1.5 0.999996 1.40822e-06 0 -117.396 1.5 2.11233e-06
-14.0625 1.5 0.999995 4.28942e-07 0 -117.188 1.5 6.43413e-07
-14.0375 1.5 0.999995 -5.46323e-07 0 -116.979 1.49999 -8.19486e-07
-14.0125 1.5 0.999995 -1.48349e-06 0 -116.771 1.49999 -2.22523e-06
-13.9875 1.5 0.999995 -2.35524e-06 0 -116.563 1.49999 -3.53286e-06
-13.9625 1.5 0.999995 -3.13982e-06 0 -116.354 1.49999 -4.70973e-06
-13.9375 1.5 0.999995 -3.81362e-06 0 -116.146 1.49999 -5.72044e-06
-13.9125 1.5 0.999996 -4.35935e-06 0 -115.938 1.49999 -6.53904e-06
-13.8875 1.5 0.999996 -4.76717e-06 0 -115.729 1.5 -7.15077e-06
-13.8625 1.5 0.999997 -5.03194e-06 0 -115.521 1.5 -7.54792e-06
-13.8375 1.5 0.999998 -5.15293e-06 0 -115.313 1.5 -7.7294e-06
-13.8125 1.5 0.999999 -5.13268e-06 0 -115.104 1.5 -7.69902e-06
-13.7875 1.5 1 -4.97566e-06 0 -114.896 1.5 -7.46348e-06
-13.7625 1.5 1 -4.69072e-06 0 -114.688 1.5 -7.03607e-06
-13.7375 1.5 1 -4.28973e-06 0 -114.479 1.5 -6.43459e-06
-13.7125 1.5 1 -3.78788e-06 0 -114.271 1.5 -5.68181e-06
-13.6875 1.5 1 -3.20142e-06 0 -114.062 1.5 -4.80212e-06
-13.6625 1.5 1 -2.5476e-06 0 -113.854 1.50001 -3.8214e-06
-13.6375 1.5 1.00001 -1.84435e-06 0 -113.646 1.50001 -2.76651e-06
-13.6125 1.5 1.00001 -1.10932e-06 0 -113.438 1.50001 -1.66398e-06
-13.5875 1.5 1.00001 -3.58585e-07 0 -113.229 1.50001 -5.37877e-07
-13.5625 1.5 1.00001 3.94343e-07 0 -113.021 1.50001 5.91514e-07
-13.5375 1.5 1.00001 1.137e-06 0 -112.813 1.50001 1.7055e-06
-13.5125 1.5 1.00001 1.8579e-06 0 -112.604 1.50001 2.78684e-06
-13.4875 1.5 1.00001 2.53745e-06 0 -112.396 1.50001 3.80618e-06
-13.4625 1.5 1.00001 3.16304e-06 0 -112.188 1.50001 4.74456e-06
-13.4375 1.5 1 3.72258e-06 0 -111.979 1.50001 5.58387e-06
-13.4125 1.5 1 4.2044e-06 0 -111.771 1.5 6.3066e-06
-13.3875 1.5 1 4.5974e-06 0 -111.562 1.5 6.89609e-06
-13.3625 1.5 1 4.89165e-06 0 -111.354 1.5 7.33747e-06
-13.3375 1.5 1 5.07904e-06 0 -111.146 1.5 7.61856e-06
-13.3125 1.5 0.999999 5.15384e-06 0 -110.938 1.5 7.73076e-06
-13.2875 1.5 0.999998 5.11186e-06 0 -110.729 1.5 7.66779e-06
-13.2625 1.5 0.999997 4.94907e-06 0 -110.521 1.5 7.4236e-06
-13.2375 1.5 0.999996 4.66521e-06 0 -110.313 1.5 6.99782e-06
-13.2125 1.5 0.999995 4.26242e-06 0 -110.104 1.49999 6.39364e-06
-13.1875 1.5 0.999994 3.74472e-06 0 -109.896 1.49999 5.61708e-06
-13.1625 1.5 0.999994 3.11902e-06 0 -109.688 1.49999 4.67853e-06
-13.1375 1.5 0.999994 2.39567e-06 0 -109.479 1.49999 3.5935e-06
-13.1125 1.5 0.999993 1.58728e-06 0 -109.271 1.49999 2.38092e-06
-13.0875 1.5 0.999993 7.0957e-07 0 -109.062 1.49999 1.06436e-06
-13.0625 1.5 0.999994 -2.22256e-07 0 -108.854 1.49999 -3.33384e-07
-13.0375 1.5 0.999994 -1.17605e-06 0 -108.646 1.49999 -1.76408e-06
-13.0125 1.5 0.999994 -2.12648e-06 0 -108.438 1.49999 -3.18973e-06
-12.9875 1.5 0.999995 -3.04602e-06 0 -108.229 1.49999 -4.56904e-06
-12.9625 1.5 0.999996 -3.90678e-06 0 -108.021 1.5 -5.86017e-06
-12.9375 1.5 0.999997 -4.68162e-06 0 -107.812 1.5 -7.02243e-06
-12.9125 1.5 0.999998 -5.34519e-06 0 -107.604 1.5 -8.0178e-06
-12.8875 1.5 0.999999 -5.87489e-06 0 -107.396 1.5 -8.81234e-06
-12.8625 1.5 1 -6.25166e-06 0 -107.188 1.5 -9.37749e-06
-12.8375 1.5 1 -6.46105e-06 0 -106.979 1.5 -9.69158e-06
-12.8125 1.5 1 -6.49393e-06 0 -106.771 1.5 -9.7409e-06
-12.7875 1.5 1 -6.34632e-06 0 -106.563 1.5 -9.51948e-06
-12.7625 1.5 1 -6.01902e-06 0 -106.354 1.5 -9.02852e-06
-12.7375 1.5 1 -5.5191e-06 0 -106.146 1.5 -8.27864e-06
-12.7125 1.5 1 -4.85947e-06 0 -105.938 1.5 -7.2892e-06
-12.6875 1.5 1.00001 -4.05844e-06 0 -105.729 1.50001 -6.08764e-06
-12.6625 1.5 1.00001 -3.13915e-06 0 -105.521 1.50001 -4.70871e-06
-12.6375 1.5 1.00001 -2.12904e-06 0 -105.312 1.50001 -3.19355e-06
-12.6125 1.5 1.00001 -1.05854e-06 0 -105.104 1.50001 -1.5878e-06
-12.5875 1.5 1.00001 4.29992e-08 0 -104.896 1.50001 6.44987e-08
-12.5625 1.5 1.00001 1.14507e-06 0 -104.688 1.50001 1.7176e-06
-12.5375 1.5 1.00001 2.21609e-06 0 -104.479 1.50001 3.32412e-06
-12.5125 1.5 1.00001 3.22227e-06 0 -104.271 1.50001 4.8334e-06
-12.4875 1.5 1.00001 4.13596e-06 0 -104.063 1.50001 6.20393e-06
-12.4625 1.5 1 4.93333e-06 0 -103.854 1.5 7.39999e-06
-12.4375 1.5 1 5.59487e-06 0 -103.646 1.5 8.3923e-06
-12.4125 1.5 1 6.10568e-06 0 -103.438 1.5 9.15851e-06
-12.3875 1.5 1 6.4557e-06 0 -103.229 1.5 9.68355e-06
-12.3625 1.5 1 6.63976e-06 0 -103.021 1.5 9.95964e-06
-12.3375 1.5 1 6.65753e-06 0 -102.812 1.5 9.9863e-06
-12.3125 1.5 0.999999 6.51298e-06 0 -102.604 1.5 9.76948e-06
-12.2875 1.5 0.999998 6.21378e-06 0 -102.396 1.5 9.32067e-06
-12.2625 1.5 0.999997 5.77258e-06 0 -102.188 1.5 8.65887e-06
-12.2375 1.5 0.999996 5.20483e-06 0 -101.979 1.5 7.80726e-06
-12.2125 1.5 0.999995 4.52798e-06 0 -101.771 1.5 6.79198e-06
-12.1875 1.5 0.999995 3.76109e-06 0 -101.562 1.49999 5.64164e-06
-12.1625 1.5 0.999994 2.92413e-06 0 -101.354 1.49999 4.3862e-06
-12.1375 1.5 0.999993 2.03737e-06 0 -101.146 1.49999 3.05606e-06
-12.1125 1.5 0.999993 1.12093e-06 0 -100.938 1.49999 1.6814e-06
-12.0875 1.5 0.999993 1.92692e-07 0 -100.729 1.49999 2.89039e-07
-12.0625 1.5 0.999993 -7.30276e-07 0 -100.521 1.49999 -1.09542e-06
-12.0375 1.5 0.999993 -1.63379e-06 0 -100.313 1.49999 -2.45069e-06
-12.0125 1.5 0.999993 -2.49794e-06 0 -100.104 1.49999 -3.74692e-06
-11.9875 1.5 0.999993 -3.3055e-06 0 -99.8958 1.49999 -4.95826e-06
-11.9625 1.5 0.999994 -4.04303e-06 0 -99.6875 1.49999 -6.06455e-06
-11.9375 1.5 0.999995 -4.69799e-06 0 -99.4792 1.49999 -7.04699e-06
-11.9125 1.5 0.999996 -5.2592e-06 0 -99.2708 1.5 -7.88881e-06
-11.8875 1.5 0.999997 -5.71692e-06 0 -99.0625 1.5 -8.57538e-06
-11.8625 1.5 0.999998 -6.06278e-06 0 -98.8542 1.5 -9.09418e-06
-11.8375 1.5 0.999999 -6.29e-06 0 -98.6458 1.5 -9.43501e-06
-11.8125 1.5 1 -6.39377e-06 0 -98.4375 1.5 -9.59065e-06
-11.7875 1.5 1 -6.37121e-06 0 -98.2292 1.5 -9.55681e-06
-11.7625 1.5 1 -6.22062e-06 0 -98.0208 1.5 -9.33093e-06
-11.7375 1.5 1 -5.94275e-06 0 -97.8125 1.5 -8.91412e-06
-11.7125 1.5 1 -5.54042e-06 0 -97.6042 1.5 -8.31062e-06
-11.6875 1.5 1.00001 -5.01876e-06 0 -97.3958 1.50001 -7.52813e-06
-11.6625 1.5 1.00001 -4.38556e-06 0 -97.1875 1.50001 -6.57832e-06
-11.6375 1.5 1.00001 -3.65132e-06 0 -96.9792 1.50001 -5.47697e-06
-11.6125 1.5 1.00001 -2.8295e-06 0 -96.7708 1.50001 -4.24424e-06
-11.5875 1.5 1.00001 -1.93634e-06 0 -96.5625 1.50001 -2.9045e-06
-11.5625 1.5 1.00001 -9.88895e-07 0 -96.3542 1.50001 -1.48334e-06
-11.5375 1.5 1.00001 -4.67543e-09 0 -96.1458 1.50001 -7.01313e-09
-11.5125 1.5 1.00001 9.95857e-07 0 -95.9375 1.50001 1.49378e-06
-11.4875 1.5 1.00001 1.9848e-06 0 -95.7292 1.50001 2.97719e-06
-11.4625 1.5 1.00001 2.93834e-06 0 -95.5208 1.50001 4.40751e-06
-11.4375 1.5 1.00001 3.8336e-06 0 -95.3125 1.50001 5.75039e-06
-11.4125 1.5 1.00001 4.64882e-06 0 -95.1042 1.5 6.97321e-06
-11.3875 1.5 1 5.36399e-06 0 -94.8958 1.5 8.04597e-06
-11.3625 1.5 1 5.96159e-06 0 -94.6875 1.5 8.94237e-06
-11.3375 1.5 1 6.42719e-06 0 -94.4792 1.5 9.64078e-06
-11.3125 1.5 1 6.74985e-06 0 -94.2708 1.5 1.01248e-05
-11.2875 1.5 1 6.92241e-06 0 -94.0625 1.5 1.03836e-05
-11.2625 1.5 1 6.94173e-06 0 -93.8542 1.5 1.04126e-05
-11.2375 1.5 0.999999 6.80913e-06 0 -93.6458 1.5 1.02137e-05
-11.2125 1.5 0.999998 6.52925e-06 0 -93.4375 1.5 9.79388e-06
-11.1875 1.5 0.999997 6.11045e-06 0 -93.2292 1.5 9.16568e-06
-11.1625 1.5 0.999996 5.56461e-06 0 -93.0208 1.5 8.34692e-06
-11.1375 1.5 0.999995 4.90662e-06 0 -92.8125 1.5 7.35995e-06
-11.1125 1.5 0.999994 4.15379e-06 0 -92.6042 1.49999 6.23069e-06
-11.0875 1.5 0.999994 3.32498e-06 0 -92.3958 1.49999 4.98748e-06
-11.0625 1.5 0.999993 2.43996e-06 0 -92.1875 1.49999 3.65995e-06
-11.0375 1.5 0.999993 1.51909e-06 0 -91.9792 1.49999 2.27863e-06
-11.0125 1.5 0.999993 5.81991e-07 0 -91.7708 1.49999 8.72989e-07
-10.9875 1.5 0.999993 -3.54072e-07 0 -91.5625 1.49999 -5.31109e-07
-10.9625 1.5 0.999993 -1.27223e-06 0 -91.3542 1.49999 -1.90835e-06
-10.9375 1.5 0.999993 -2.15467e-06 0 -91.1458 1.49999 -3.23202e-06
-10.9125 1.5 0.999993 -2.98315e-06 0 -90.9375 1.49999 -4.47473e-06
-10.8875 1.5 0.999994 -3.74404e-06 0 -90.7292 1.49999 -5.61607e-06
-10.8625 1.5 0.999994 -4.42583e-06 0 -90.5208 1.49999 -6.63876e-06
-10.8375 1.5 0.999995 -5.01883e-06 0 -90.3125 1.49999 -7.52826e-06
-10.8125 1.5 0.999996 -5.51498e-06 0 -90.1042 1.5 -8.27248e-06
-10.7875 1.5 0.999997 -5.9081e-06 0 -89.8958 1.5 -8.86215e-06
-10.7625 1.5 0.999998 -6.19392e-06 0 -89.6875 1.5 -9.29088e-06
-10.7375 1.5 0.999999 -6.36979e-06 0 -89.4792 1.5 -9.55468e-06
-10.7125 1.5 1 -6.43446e-06 0 -89.2708 1.5 -9.65169e-06
-10.6875 1.5 1 -6.38827e-06 0 -89.0625 1.5 -9.5824e-06
-10.6625 1.5 1 -6.23283e-06 0 -88.8542 1.5 -9.34923e-06
-10.6375 1.5 1 -5.97118e-06 0 -88.6458 1.5 -8.95675e-06
-10.6125 1.5 1 -5.6077e-06 0 -88.4375 1.5 -8.41154e-06
-10.5875 1.5 1 -5.14799e-06 0 -88.2292 1.5 -7.72198e-06
-10.5625 1.5 1.00001 -4.59895e-06 0 -88.0208 1.50001 -6.89841e-06
-10.5375 1.5 1.00001 -3.96896e-06 0 -87.8125 1.50001 -5.95342e-06
-10.5125 1.5 1.00001 -3.26804e-06 0 -87.6042 1.50001 -4.90205e-06
-10.4875 1.5 1.00001 -2.5078e-06 0 -87.3958 1.50001 -3.76169e-06
-10.4625 1.5 1.00001 -1.70138e-06 0 -87.1875 1.50001 -2.55206e-06
-10.4375 1.5 1.00001 -8.62152e-07 0 -86.9792 1.50001 -1.29323e-06
-10.4125 1.5 1.00001 -2.79603e-09 0 -86.7708 1.50001 -4.19403e-09
-10.3875 1.5 1.00001 8.63207e-07 0 -86.5625 1.50001 1.29481e-06
-10.3625 1.5 1.00001 1.71428e-06 0 -86.3542 1.50001 2.57142e-06
-10.3375 1.5 1.00001 2.53391e-06 0 -86.1458 1.50001 3.80086e-06
-10.3125 1.5 1.00001 3.3063e-06 0 -85.9375 1.50001 4.95944e-06
-10.2875 1.5 1.00001 4.01635e-06 0 -85.7292 1.50001 6.02452e-06
-10.2625 1.5 1 4.65019e-06 0 -85.5208 1.5 6.97527e-06
-10.2375 1.5 1 5.19563e-06 0 -85.3125 1.5 7.79344e-06
-10.2125 1.5 1 5.64253e-06 0 -85.1042 1.5 8.46379e-06
-10.1875 1.5 1 5.98298e-06 0 -84.8958 1.5 8.97446e-06
-10.1625 1.5 1 6.21146e-06 0 -84.6875 1.5 9.31718e-06
-10.1375 1.5 1 6.32495e-06 0 -84.4792 1.5 9.48742e-06
-10.1125 1.5 1 6.32312e-06 0 -84.2708 1.5 9.48468e-06
-10.0875 1.5 0.999999 6.20844e-06 0 -84.0625 1.5 9.31266e-06
-10.0625 1.5 0.999998 5.98528e-06 0 -83.8542 1.5 8.97793e-06
-10.0375 1.5 0.999997 5.66035e-06 0 -83.6458 1.5 8.49053e-06
-10.0125 1.5 0.999997 5.24223e-06 0 -83.4375 1.5 7.86336e-06
-9.9875 1.5 0.999996 4.74103e-06 0 -83.2292 1.5 7.11156e-06
-9.9625 1.5 0.999995 4.16802e-06 0 -83.0208 1.5 6.25204e-06
-9.9375 1.5 0.999995 3.53527e-06 0 -82.8125 1.49999 5.30292e-06
-9.9125 1.5 0.999994 2.85536e-06 0 -82.6042 1.49999 4.28305e-06
-9.8875 1.5 0.999994 2.14107e-06 0 -82.3958 1.49999 3.21161e-06
-9.8625 1.5 0.999994 1.40525e-06 0 -82.1875 1.49999 2.10787e-06
-9.8375 1.5 0.999993 6.59854e-07 0 -81.9792 1.49999 9.89784e-07
-9.8125 1.5 0.999993 -8.56769e-08 0 -81.7708 1.49999 -1.28516e-07
-9.7875 1.5 0.999993 -8.21247e-07 0 -81.5625 1.49999 -1.23187e-06
-9.7625 1.5 0.999994 -1.5347e-06 0 -81.3542 1.49999 -2.30205e-06
-9.7375 1.5 0.999994 -2.21488e-06 0 -81.1458 1.49999 -3.32233e-06
-9.7125 1.5 0.999994 -2.85299e-06 0 -80.9375 1.49999 -4.27949e-06
-9.6875 1.5 0.999995 -3.44077e-06 0 -80.7292 1.49999 -5.16117e-06
-9.6625 1.5 0.999995 -3.97081e-06 0 -80.5208 1.5 -5.95623e-06
-9.6375 1.5 0.999996 -4.43647e-06 0 -80.3125 1.5 -6.65471e-06
-9.6125 1.5 0.999997 -4.83195e-06 0 -80.1042 1.5 -7.24793e-06
-9.5875 1.5 0.999997 -5.15234e-06 0 -79.8958 1.5 -7.72852e-06
-9.5625 1.5 0.999998 -5.39366e-06 0 -79.6875 1.5 -8.0905e-06
-9.5375 1.5 0.999999 -5.55288e-06 0 -79.4792 1.5 -8.32932e-06
-9.5125 1.5 1 -5.62813e-06 0 -79.2708 1.5 -8.4422e-06
-9.4875 1.5 1 -5.61874e-06 0 -79.0625 1.5 -8.42812e-06
-9.4625 1.5 1 -5.52479e-06 0 -78.8542 1.5 -8.28718e-06
-9.4375 1.5 1 -5.3476e-06 0 -78.6458 1.5 -8.0214e-06
-9.4125 1.5 1 -5.08985e-06 0 -78.4375 1.5 -7.63477e-06
-9.3875 1.5 1 -4.75558e-06 0 -78.2292 1.5 -7.13337e-06
-9.3625 1.5 1 -4.35028e-06 0 -78.0208 1.5 -6.52542e-06
-9.3375 1.5 1 -3.88075e-06 0 -77.8125 1.5 -5.82112e-06
-9.3125 1.5 1 -3.35501e-06 0 -77.6042 1.5 -5.0325e-06
-9.2875 1.5 1.00001 -2.78209e-06 0 -77.3958 1.5 -4.17313e-06
-9.2625 1.5 1.00001 -2.17185e-06 0 -77.1875 1.50001 -3.25777e-06
-9.2375 1.5 1.00001 -1.53489e-06 0 -76.9792 1.50001 -2.30233e-06
-9.2125 1.5 1.00001 -8.82226e-07 0 -76.7708 1.50001 -1.32334e-06
-9.1875 1.5 1.00001 -2.23407e-07 0 -76.5625 1.50001 -3.3511e-07
-9.1625 1.5 1.00001 4.32057e-07 0 -76.3542 1.50001 6.48084e-07
-9.1375 1.5 1.00001 1.0725e-06 0 -76.1458 1.50001 1.60874e-06
-9.1125 1.5 1.00001 1.68616e-06 0 -75.9375 1.50001 2.52924e-06
-9.0875 1.5 1.00001 2.26388e-06 0 -75.7292 1.5 3.39582e-06
-9.0625 1.5 1 2.79763e-06 0 -75.5208 1.5 4.19644e-06
-9.0375 1.5 1 3.2805e-06 0 -75.3125 1.5 4.92075e-06
-9.0125 1.5 1 3.70671e-06 0 -75.1042 1.5 5.56006e-06
-8.9875 1.5 1 4.07173e-06 0 -74.8958 1.5 6.10759e-06
-8.9625 1.5 1 4.37228e-06 0 -74.6875 1.5 6.55841e-06
-8.9375 1.5 1 4.60623e-06 0 -74.4792 1.5 6.90933e-06
-8.9125 1.5 1 4.77251e-06 0 -74.2708 1.5 7.15876e-06
-8.8875 1.5 1 4.87107e-06 0 -74.0625 1.5 7.3066e-06
-8.8625 1.5 1 4.90271e-06 0 -73.8542 1.5 7.35406e-06
-8.8375 1.5 1 4.86908e-06 0 -73.6458 1.5 7.30361e-06
-8.8125 1.5 0.999999 4.77223e-06 0 -73.4375 1.5 7.15835e-06
-8.7875 1.5 0.999998 4.61483e-06 0 -73.2292 1.5 6.92225e-06
-8.7625 1.5 0.999998 4.40009e-06 0 -73.0208 1.5 6.60013e-06
-8.7375 1.5 0.999997 4.13165e-06 0 -72.8125 1.5 6.19748e-06
-8.7125 1.5 0.999997 3.81357e-06 0 -72.6042 1.5 5.72036e-06
-8.6875 1.5 0.999996 3.45029e-06 0 -72.3958 1.5 5.17545e-06
-8.6625 1.5 0.999996 3.0467e-06 0 -72.1875 1.5 4.57005e-06
-8.6375 1.5 0.999996 2.60806e-06 0 -71.9792 1.5 3.9121e-06
-8.6125 1.5 0.999995 2.14008e-06 0 -71.7708 1.5 3.21013e-06
-8.5875 1.5 0.999995 1.64886e-06 0 -71.5625 1.5 2.47329e-06
-8.5625 1.5 0.999995 1.14098e-06 0 -71.3542 1.5 1.71147e-06
-8.5375 1.5 0.999995 6.2296e-07 0 -71.1458 1.5 9.34441e-07
-8.5125 1.5 0.999995 1.00538e-07 0 -70.9375 1.5 1.50808e-07
-8.4875 1.5 0.999995 -4.20573e-07 0 -70.7292 1.5 -6.3086e-07
-8.4625 1.5 0.999995 -9.3052e-07 0 -70.5208 1.5 -1.39578e-06
-8.4375 1.5 0.999995 -1.42193e-06 0 -70.3125 1.5 -2.1329e-06
-8.4125 1.5 0.999995 -1.88807e-06 0 -70.1042 1.5 -2.83211e-06
-8.3875 1.5 0.999996 -2.3226e-06 0 -69.8958 1.5 -3.4839e-06
-8.3625 1.5 0.999996 -2.71982e-06 0 -69.6875 1.5 -4.07973e-06
-8.3375 1.5 0.999996 -3.07476e-06 0 -69.4792 1.5 -4.61214e-06
-8.3125 1.5 0.999997 -3.38322e-06 0 -69.2708 1.5 -5.07484e-06
-8.2875 1.5 0.999997 -3.64185e-06 0 -69.0625 1.5 -5.46278e-06
-8.2625 1.5 0.999998 -3.8482e-06 0 -68.8542 1.5 -5.77231e-06
-8.2375 1.5 0.999998 -4.00082e-06 0 -68.6458 1.5 -6.00123e-06
-8.2125 1.5 0.999999 -4.09923e-06 0 -68.4375 1.5 -6.14885e-06
-8.1875 1.5 0.999999 -4.1439e-06 0 -68.2292 1.5 -6.21585e-06
-8.1625 1.5 1 -4.13607e-06 0 -68.0208 1.5 -6.2041e-06
-8.1375 1.5 1 -4.07765e-06 0 -67.8125 1.5 -6.11648e-06
-8.1125 1.5 1 -3.97109e-06 0 -67.6042 1.5 -5.95664e-06
-8.0875 1.5 1 -3.81932e-06 0 -67.3958 1.5 -5.72898e-06
-8.0625 1.5 1 -3.62563e-06 0 -67.1875 1.5 -5.43844e-06
-8.0375 1.5 1 -3.39352e-06 0 -66.9792 1.5 -5.09028e-06
-8.0125 1.5 1 -3.12673e-06 0 -66.7708 1.5 -4.69009e-06
-7.9875 1.5 1 -2.82911e-06 0 -66.5625 1.5 -4.24366e-06
-7.9625 1.5 1 -2.50463e-06 0 -66.3542 1.5 -3.75694e-06
-7.9375 1.5 1 -2.1573e-06 0 -66.1458 1.5 -3.23595e-06
-7.9125 1.5 1 -1.79119e-06 0 -65.9375 1.5 -2.68679e-06
-7.8875 1.5 1 -1.41045e-06 0 -65.7292 1.5 -2.11568e-06
-7.8625 1.5 1 -1.01939e-06 0 -65.5208 1.5 -1.52908e-06
-7.8375 1.5 1 -6.22206e-07 0 -65.3125 1.5 -9.33308e-07
-7.8125 1.5 1 -2.22574e-07 0 -65.1042 1.5 -3.33861e-07
-7.7875 1.5 1 1.76454e-07 0 -64.8958 1.5 2.6468e-07
-7.7625 1.5 1 5.68556e-07 0 -64.6875 1.5 8.52833e-07
-7.7375 1.5 1 9.4885e-07 0 -64.4792 1.5 1.42327e-06
-7.7125 1.5 1 1.3128e-06 0 -64.2708 1.5 1.9692e-06
-7.6875 1.5 1 1.65602e-06 0 -64.0625 1.5 2.48403e-06
-7.6625 1.5 1 1.97451e-06 0 -63.8542 1.5 2.96176e-06
-7.6375 1.5 1 2.26464e-06 0 -63.6458 1.5 3.39695e-06
-7.6125 1.5 1 2.5232e-06 0 -63.4375 1.5 3.78479e-06
-7.5875 1.5 1 2.74743e-06 0 -63.2292 1.5 4.12114e-06
-7.5625 1.5 1 2.9351e-06 0 -63.0208 1.5 4.40264e-06
-7.5375 1.5 1 3.08459e-06 0 -62.8125 1.5 4.62688e-06
-7.5125 1.5 1 3.19495e-06 0 -62.6042 1.5 4.79242e-06
-7.4875 1.5 1 3.26585e-06 0 -62.3958 1.5 4.89878e-06
-7.4625 1.5 1 3.29758e-06 0 -62.1875 1.5 4.94636e-06
-7.4375 1.5 1 3.29097e-06 0 -61.9792 1.5 4.93645e-06
-7.4125 1.5 1 3.24732e-06 0 -61.7708 1.5 4.87098e-06
-7.3875 1.5 0.999999 3.16834e-06 0 -61.5625 1.5 4.75251e-06
-7.3625 1.5 0.999999 3.05612e-06 0 -61.3542 1.5 4.58419e-06
-7.3375 1.5 0.999999 2.91305e-06 0 -61.1458 1.5 4.36957e-06
-7.3125 1.5 0.999998 2.74163e-06 0 -60.9375 1.5 4.11244e-06
-7.2875 1.5 0.999998 2.5445e-06 0 -60.7292 1.5 3.81675e-06
-7.2625 1.5 0.999998 2.32438e-06 0 -60.5208 1.5 3.48658e-06
-7.2375 1.5 0.999997 2.08401e-06 0 -60.3125 1.5 3.12602e-06
-7.2125 1.5 0.999997 1.8261e-06 0 -60.1042 1.5 2.73916e-06
-7.1875 1.5 0.999997 1.5534e-06 0 -59.8958 1.5 2.3301e-06
-7.1625 1.5 0.999997 1.26866e-06 0 -59.6875 1.5 1.90299e-06
-7.1375 1.5 0.999997 9.74678e-07 0 -59.4792 1.5 1.46202e-06
-7.1125 1.5 0.999997 6.74417e-07 0 -59.2708 1.5 1.01163e-06
-7.0875 1.5 0.999997 3.70705e-07 0 -59.0625 1.5 5.56059e-07
-7.0625 1.5 0.999996 6.58214e-08 0 -58.8542 1.5 9.87322e-08
-7.0375 1.5 0.999997 -2.37855e-07 0 -58.6458 1.5 -3.56783e-07
-7.0125 1.5 0.999997 -5.36042e-07 0 -58.4375 1.5 -8.04065e-07
-6.9875 1.5 0.999997 -8.25252e-07 0 -58.2292 1.5 -1.23788e-06
-6.9625 1.5 0.999997 -1.10242e-06 0 -58.0208 1.5 -1.65364e-06
-6.9375 1.5 0.999997 -1.36461e-06 0 -57.8125 1.5 -2.04692e-06
-6.9125 1.5 0.999997 -1.6091e-06 0 -57.6042 1.5 -2.41366e-06
-6.8875 1.5 0.999997 -1.83343e-06 0 -57.3958 1.5 -2.75014e-06
-6.8625 1.5 0.999998 -2.0354e-06 0 -57.1875 1.5 -3.05311e-06
-6.8375 1.5 0.999998 -2.21319e-06 0 -56.9792 1.5 -3.31979e-06
-6.8125 1.5 0.999998 -2.36536e-06 0 -56.7708 1.5 -3.54805e-06
-6.7875 1.5 0.999998 -2.49092e-06 0 -56.5625 1.5 -3.73638e-06
-6.7625 1.5 0.999999 -2.58932e-06 0 -56.3542 1.5 -3.88398e-06
-6.7375 1.5 0.999999 -2.66039e-06 0 -56.1458 1.5 -3.99058e-06
-6.7125 1.5 0.999999 -2.70432e-06 0 -55.9375 1.5 -4.05648e-06
-6.6875 1.5 1 -2.72162e-06 0 -55.7292 1.5 -4.08242e-06
-6.6625 1.5 1 -2.71308e-06 0 -55.5208 1.5 -4.06963e-06
-6.6375 1.5 1 -2.67972e-06 0 -55.3125 1.5 -4.01959e-06
-6.6125 1.5 1 -2.62267e-06 0 -55.1042 1.5 -3.934e-06
-6.5875 1.5 1 -2.54316e-06 0 -54.8958 1.5 -3.81473e-06
-6.5625 1.5 1 -2.44249e-06 0 -54.6875 1.5 -3.66373e-06
-6.5375 1.5 1 -2.32204e-06 0 -54.4792 1.5 -3.48305e-06
-6.5125 1.5 1 -2.18321e-06 0 -54.2708 1.5 -3.27481e-06
-6.4875 1.5 1 -2.02744e-06 0 -54.0625 1.5 -3.04115e-06
-6.4625 1.5 1 -1.85622e-06 0 -53.8542 1.5 -2.78433e-06
-6.4375 1.5 1 -1.67115e-06 0 -53.6458 1.5 -2.50672e-06
-6.4125 1.5 1 -1.47392e-06 0 -53.4375 1.5 -2.21088e-06
-6.3875 1.5 1 -1.26637e-06 0 -53.2292 1.5 -1.89955e-06
-6.3625 1.5 1 -1.05041e-06 0 -53.0208 1.5 -1.57562e-06
-6.3375 1.5 1 -8.28187e-07 0 -52.8125 1.5 -1.24228e-06
-6.3125 1.5 1 -6.01902e-07 0 -52.6042 1.5 -9.02852e-07
-6.2875 1.5 1 -3.73498e-07 0 -52.3958 1.5 -5.60246e-07
-6.2625 1.5 1 -1.45146e-07 0 -52.1875 1.5 -2.17719e-07
-6.2375 1.5 1 8.12051e-08 0 -51.9792 1.5 1.21807e-07
-6.2125 1.5 1 3.02119e-07 0 -51.7708 1.5 4.53178e-07
-6.1875 1.5 1 5.15418e-07 0 -51.5625 1.5 7.73126e-07
-6.1625 1.5 1 7.19072e-07 0 -51.3542 1.5 1.07861e-06
-6.1375 1.5 1 9.11177e-07 0 -51.1458 1.5 1.36676e-06
-6.1125 1.5 1 1.09007e-06 0 -50.9375 1.5 1.6351e-06
-6.0875 1.5 1 1.25436e-06 0 -50.7292 1.5 1.88153e-06
-6.0625 1.5 1 1.40295e-06 0 -50.5208 1.5 2.10442e-06
-6.0375 1.5 1 1.535e-06 0 -50.3125 1.5 2.3025e-06
-6.0125 1.5 1 1.6499e-06 0 -50.1042 1.5 2.47485e-06
-5.9875 1.5 1 1.74721e-06 0 -49.8958 1.5 2.62082e-06
-5.9625 1.5 1 1.82664e-06 0 -49.6875 1.5 2.73996e-06
-5.9375 1.5 1 1.888e-06 0 -49.4792 1.5 2.832e-06
-5.9125 1.5 1 1.93119e-06 0 -49.2708 1.5 2.89678e-06
-5.8875 1.5 1 1.95614e-06 0 -49.0625 1.5 2.93421e-06
-5.8625 1.5 1 1.96283e-06 0 -48.8542 1.5 2.94425e-06
-5.8375 1.5 0.999999 1.95131e-06 0 -48.6458 1.5 2.92696e-06
-5.8125 1.5 0.999999 1.92163e-06 0 -48.4375 1.5 2.88244e-06
-5.7875 1.5 0.999999 1.87387e-06 0 -48.2292 1.5 2.81081e-06
-5.7625 1.5 0.999999 1.80823e-06 0 -48.0208 1.5 2.71234e-06
-5.7375 1.5 0.999998 1.72501e-06 0 -47.8125 1.5 2.58752e-06
-5.7125 1.5 0.999998 1.62473e-06 0 -47.6042 1.5 2.43709e-06
-5.6875 1.5 0.999998 1.50803e-06 0 -47.3958 1.5 2.26205e-06
-5.6625 1.5 0.999998 1.37581e-06 0 -47.1875 1.5 2.06372e-06
-5.6375 1.5 0.999998 1.22914e-06 0 -46.9792 1.5 1.84371e-06
-5.6125 1.5 0.999997 1.06928e-06 0 -46.7708 1.5 1.60392e-06
-5.5875 1.5 0.999997 8.97681e-07 0 -46.5625 1.5 1.34652e-06
-5.5625 1.5 0.999997 7.15883e-07 0 -46.3542 1.5 1.07383e-06
-5.5375 1.5 0.999997 5.25537e-07 0 -46.1458 1.5 7.88307e-07
-5.5125 1.5 0.999997 3.28383e-07 0 -45.9375 1.5 4.92575e-07
-5.4875 1.5 0.999997 1.25962e-07 0 -45.7292 1.5 1.88943e-07
-5.4625 1.5 0.999997 -8.04594e-08 0 -45.5208 1.5 -1.20689e-07
-5.4375 1.5 0.999997 -2.89105e-07 0 -45.3125 1.5 -4.33658e-07
-5.4125 1.5 0.999997 -4.98576e-07 0 -45.1042 1.5 -7.47864e-07
-5.3875 1.5 0.999997 -7.07711e-07 0 -44.8958 1.5 -1.06157e-06
-5.3625 1.5 0.999997 -9.15733e-07 0 -44.6875 1.5 -1.3736e-06
-5.3375 1.5 0.999997 -1.12195e-06 0 -44.4792 1.5 -1.68292e-06
-5.3125 1.5 0.999997 -1.32488e-06 0 -44.2708 1.5 -1.98732e-06
-5.2875 1.5 0.999997 -1.52363e-06 0 -44.0625 1.5 -2.28544e-06
-5.2625 1.5 0.999997 -1.71733e-06 0 -43.8542 1.5 -2.576e-06
-5.2375 1.5 0.999997 -1.9051e-06 0 -43.6458 1.5 -2.85764e-06
-5.2125 1.5 0.999997 -2.08598e-06 0 -43.4375 1.5 -3.12897e-06
-5.1875 1.5 0.999997 -2.25901e-06 0 -43.2292 1.5 -3.38851e-06
-5.1625 1.5 0.999997 -2.42317e-06 0 -43.0208 1.5 -3.63476e-06
-5.1375 1.5 0.999997 -2.57743e-06 0 -42.8125 1.5 -3.86614e-06
-5.1125 1.5 0.999997 -2.72073e-06 0 -42.6042 1.5 -4.08109e-06
-5.0875 1.5 0.999998 -2.85207e-06 0 -42.3958 1.5 -4.27811e-06
-5.0625 1.5 0.999998 -2.97056e-06 0 -42.1875 1.5 -4.45584e-06
-5.0375 1.5 0.999998 -3.07543e-06 0 -41.9792 1.5 -4.61315e-06
-5.0125 1.5 0.999998 -3.16611e-06 0 -41.7708 1.5 -4.74917e-06
-4.9875 1.5 0.999998 -3.24224e-06 0 -41.5625 1.5 -4.86335e-06
-4.9625 1.5 0.999999 -3.30367e-06 0 -41.3542 1.5 -4.95549e-06
-4.9375 1.5 0.999999 -3.3505e-06 0 -41.1458 1.5 -5.02574e-06
-4.9125 1.5 0.999999 -3.38306e-06 0 -40.9375 1.5 -5.07458e-06
-4.8875 1.5 0.999999 -3.40185e-06 0 -40.7292 1.5 -5.10277e-06
-4.8625 1.5 0.999999 -3.40747e-06 0 -40.5208 1.5 -5.11119e-06
-4.8375 1.5 0.999999 -3.40058e-06 0 -40.3125 1.5 -5.10086e-06
-4.8125 1.5 1 -3.38187e-06 0 -40.1042 1.5 -5.07279e-06
-4.7875 1.5 1 -3.35201e-06 0 -39.8958 1.5 -5.028e-06
-4.7625 1.5 1 -3.31163e-06 0 -39.6875 1.5 -4.96743e-06
-4.7375 1.5 1 -3.26131e-06 0 -39.4792 1.5 -4.89195e-06
-4.7125 1.5 1 -3.20154e-06 0 -39.2708 1.5 -4.8023e-06
-4.6875 1.5 1 -3.1328e-06 0 -39.0625 1.5 -4.69918e-06
-4.6625 1.49999 1 -3.05548e-06 0 -38.8542 1.5 -4.5832e-06
-4.6375 1.49999 1 -2.97001e-06 0 -38.6458 1.5 -4.45499e-06
-4.6125 1.49999 1 -2.87697e-06 0 -38.4375 1.5 -4.31543e-06
-4.5875 1.49999 1 -2.77703e-06 0 -38.2292 1.5 -4.16553e-06
-4.5625 1.49999 1 -2.67067e-06 0 -38.0208 1.49999 -4.00598e-06
-4.5375 1.49999 1 -2.55885e-06 0 -37.8125 1.49999 -3.83826e-06
-4.5125 1.49999 1 -2.44237e-06 0 -37.6042 1.49999 -3.66353e-06
-4.4875 1.49999 1 -2.32326e-06 0 -37.3958 1.49999 -3.48488e-06
-4.4625 1.49999 1 -2.203e-06 0 -37.1875 1.49999 -3.30449e-06
-4.4375 1.49999 1 -2.08312e-06 0 -36.9792 1.49999 -3.12466e-06
-4.4125 1.49999 1 -1.96517e-06 0 -36.7708 1.49999 -2.94774e-06
-4.3875 1.49999 1 -1.85065e-06 0 -36.5625 1.49999 -2.77597e-06
-4.3625 1.49999 1 -1.74102e-06 0 -36.3542 1.49999 -2.61151e-06
-4.3375 1.49999 1 -1.63758e-06 0 -36.1458 1.49999 -2.45636e-06
-4.3125 1.49999 1 -1.54157e-06 0 -35.9375 1.49999 -2.31234e-06
-4.2875 1.49999 0.999999 -1.45403e-06 0 -35.7292 1.49999 -2.18104e-06
-4.2625 1.49999 0.999999 -1.37589e-06 0 -35.5208 1.49999 -2.06382e-06
-4.2375 1.49999 0.999999 -1.30791e-06 0 -35.3125 1.49999 -1.96186e-06
-4.2125 1.49999 0.999999 -1.25077e-06 0 -35.1042 1.49999 -1.87615e-06
-4.1875 1.49999 0.999998 -1.20505e-06 0 -34.8958 1.49999 -1.80757e-06
-4.1625 1.49999 0.999998 -1.17132e-06 0 -34.6875 1.49999 -1.75696e-06
-4.1375 1.49999 0.999998 -1.15015e-06 0 -34.4792 1.49999 -1.72521e-06
-4.1125 1.49999 0.999997 -1.1422e-06 0 -34.2708 1.49999 -1.71329e-06
-4.0875 1.49999 0.999997 -1.14823e-06 0 -34.0625 1.49999 -1.72233e-06
-4.0625 1.49999 0.999997 -1.16911e-06 0 -33.8542 1.49999 -1.75366e-06
-4.0375 1.49999 0.999996 -1.20575e-06 0 -33.6458 1.49999 -1.80861e-06
-4.0125 1.49999 0.999996 -1.25906e-06 0 -33.4375 1.49999 -1.88858e-06
-3.9875 1.49999 0.999995 -1.32998e-06 0 -33.2292 1.49998 -1.99496e-06
-3.9625 1.49999 0.999995 -1.41939e-06 0 -33.0208 1.49998 -2.12907e-06
-3.9375 1.49999 0.999995 -1.52806e-06 0 -32.8125 1.49998 -2.29208e-06
-3.9125 1.49999 0.999994 -1.65662e-06 0 -32.6042 1.49998 -2.48491e-06
-3.8875 1.49999 0.999994 -1.80549e-06 0 -32.3958 1.49998 -2.70822e-06
-3.8625 1.49999 0.999993 -1.9749e-06 0 -32.1875 1.49998 -2.96234e-06
-3.8375 1.49999 0.999993 -2.16486e-06 0 -31.9792 1.49998 -3.24728e-06
-3.8125 1.49999 0.999992 -2.3752e-06 0 -31.7708 1.49998 -3.56277e-06
-3.7875 1.49999 0.999992 -2.60556e-06 0 -31.5625 1.49998 -3.90831e-06
-3.7625 1.49999 0.999991 -2.85549e-06 0 -31.3542 1.49998 -4.28321e-06
-3.7375 1.49999 0.999991 -3.12449e-06 0 -31.1458 1.49998 -4.6867e-06
-3.7125 1.49999 0.99999 -3.41202e-06 0 -30.9375 1.49998 -5.11799e-06
-3.6875 1.49999 0.99999 -3.71761e-06 0 -30.7292 1.49997 -5.57637e-06
-3.6625 1.49999 0.999989 -4.04082e-06 0 -30.5208 1.49997 -6.06118e-06
-3.6375 1.49999 0.999989 -4.38132e-06 0 -30.3125 1.49997 -6.57193e-06
-3.6125 1.49999 0.999988 -4.73889e-06 0 -30.1042 1.49997 -7.10828e-06
-3.5875 1.49999 0.999988 -5.11341e-06 0 -29.8958 1.49997 -7.67006e-06
-3.5625 1.49999 0.999987 -5.50482e-06 0 -29.6875 1.49997 -8.25716e-06
-3.5375 1.49999 0.999987 -5.91303e-06 0 -29.4792 1.49997 -8.86947e-06
-3.5125 1.49999 0.999986 -6.33795e-06 0 -29.2708 1.49997 -9.50685e-06
-3.4875 1.49999 0.999986 -6.77937e-06 0 -29.0625 1.49997 -1.0169e-05
-3.4625 1.49999 0.999985 -7.23695e-06 0 -28.8542 1.49996 -1.08553e-05
-3.4375 1.49999 0.999985 -7.71018e-06 0 -28.6458 1.49996 -1.15652e-05
-3.4125 1.49998 0.999984 -8.19843e-06 0 -28.4375 1.49996 -1.22975e-05
-3.3875 1.49998 0.999984 -8.70089e-06 0 -28.2292 1.49996 -1.30512e-05
-3.3625 1.49998 0.999983 -9.21665e-06 0 -28.0208 1.49996 -1.38248e-05
-3.3375 1.49998 0.999983 -9.74474e-06 0 -27.8125 1.49996 -1.46169e-05
-3.3125 1.49998 0.999983 -1.02842e-05 0 -27.6042 1.49996 -1.54261e-05
-3.2875 1.49998 0.999982 -1.08341e-05 0 -27.3958 1.49995 -1.62509e-05
-3.2625 1.49998 0.999982 -1.13935e-05 0 -27.1875 1.49995 -1.709e-05
-3.2375 1.49998 0.999981 -1.19619e-05 0 -26.9792 1.49995 -1.79426e-05
-3.2125 1.49998 0.999981 -1.25387e-05 0 -26.7708 1.49995 -1.88078e-05
-3.1875 1.49998 0.99998 -1.31236e-05 0 -26.5625 1.49995 -1.96851e-05
-3.1625 1.49998 0.99998 -1.37165e-05 0 -26.3542 1.49995 -2.05745e-05
-3.1375 1.49998 0.999979 -1.43174e-05 0 -26.1458 1.49994 -2.14758e-05
-3.1125 1.49997 0.999979 -1.49264e-05 0 -25.9375 1.49994 -2.23892e-05
-3.0875 1.49997 0.999978 -1.55436e-05 0 -25.7292 1.49994 -2.33149e-05
-3.0625 1.49997 0.999978 -1.61691e-05 0 -25.5208 1.49994 -2.42532e-05
-3.0375 1.49997 0.999977 -1.68031e-05 0 -25.3125 1.49994 -2.52042e-05
-3.0125 1.49997 0.999977 -1.74457e-05 0 -25.1042 1.49993 -2.6168e-05
-2.9875 1.49997 0.999976 -1.80967e-05 0 -24.8958 1.49993 -2.71445e-05
-2.9625 1.49997 0.999976 -1.87562e-05 0 -24.6875 1.49993 -2.81337e-05
-2.9375 1.49997 0.999975 -1.94241e-05 0 -24.4792 1.49993 -2.91355e-05
-2.9125 1.49996 0.999974 -2.01003e-05 0 -24.2708 1.49993 -3.01497e-05
-2.8875 1.49996 0.999974 -2.07848e-05 0 -24.0625 1.49992 -3.11764e-05
-2.8625 1.49996 0.999973 -2.14777e-05 0 -23.8542 1.49992 -3.22156e-05
-2.8375 1.49996 0.999972 -2.21792e-05 0 -23.6458 1.49992 -3.32679e-05
-2.8125 1.49996 0.999972 -2.28898e-05 0 -23.4375 1.49992 -3.43338e-05
-2.7875 1.49996 0.999971 -2.36103e-05 0 -23.2292 1.49991 -3.54144e-05
-2.7625 1.49995 0.99997 -2.43415e-05 0 -23.0208 1.49991 -3.65112e-05
-2.7375 1.49995 0.999969 -2.50847e-05 0 -22.8125 1.49991 -3.76258e-05
-2.7125 1.49995 0.999968 -2.58411e-05 0 -22.6042 1.4999 -3.87604e-05
-2.6875 1.49995 0.999967 -2.66124e-05 0 -22.3958 1.4999 -3.99172e-05
-2.6625 1.49995 0.999967 -2.74e-05 0 -22.1875 1.4999 -4.10985e-05
-2.6375 1.49994 0.999965 -2.82057e-05 0 -21.9792 1.49989 -4.2307e-05
-2.6125 1.49994 0.999964 -2.90311e-05 0 -21.7708 1.49989 -4.3545e-05
-2.5875 1.49994 0.999963 -2.98779e-05 0 -21.5625 1.49989 -4.4815e-05
-2.5625 1.49994 0.999962 -3.07477e-05 0 -21.3542 1.49988 -4.61196e-05
-2.5375 1.49994 0.999961 -3.16422e-05 0 -21.1458 1.49988 -4.74613e-05
-2.5125 1.49993 0.99996 -3.2563e-05 0 -20.9375 1.49987 -4.88423e-05
-2.4875 1.49993 0.999958 -3.35117e-05 0 -20.7292 1.49987 -5.02652e-05
-2.4625 1.49993 0.999957 -3.449e-05 0 -20.5208 1.49986 -5.17325e-05
-2.4375 1.49993 0.999955 -3.54998e-05 0 -20.3125 1.49986 -5.3247e-05
-2.4125 1.49992 0.999954 -3.6543e-05 0 -20.1042 1.49985 -5.48116e-05
-2.3875 1.49992 0.999952 -3.76218e-05 0 -19.8958 1.49985 -5.64297e-05
-2.3625 1.49992 0.99995 -3.87387e-05 0 -19.6875 1.49984 -5.81049e-05
-2.3375 1.49991 0.999948 -3.98963e-05 0 -19.4792 1.49984 -5.9841e-05
-2.3125 1.49991 0.999946 -4.10974e-05 0 -19.2708 1.49983 -6.16425e-05
-2.2875 1.49991 0.999944 -4.2345e-05 0 -19.0625 1.49982 -6.35136e-05
-2.2625 1.49991 0.999942 -4.36422e-05 0 -18.8542 1.49982 -6.54592e-05
-2.2375 1.4999 0.99994 -4.49922e-05 0 -18.6458 1.49981 -6.74839e-05
-2.2125 1.4999 0.999937 -4.63981e-05 0 -18.4375 1.4998 -6.95925e-05
-2.1875 1.4999 0.999935 -4.78633e-05 0 -18.2292 1.4998 -7.17899e-05
-2.1625 1.49989 0.999933 -4.93909e-05 0 -18.0208 1.49979 -7.40809e-05
-2.1375 1.49989 0.99993 -5.0984e-05 0 -17.8125 1.49978 -7.64702e-05
-2.1125 1.49988 0.999927 -5.26457e-05 0 -17.6042 1.49977 -7.89624e-05
-2.0875 1.49988 0.999924 -5.4379e-05 0 -17.3958 1.49977 -8.1562e-05
-2.0625 1.49988 0.999921 -5.6187e-05 0 -17.1875 1.49976 -8.42736e-05
-2.0375 1.49987 0.999918 -5.80729e-05 0 -16.9792 1.49975 -8.71018e-05
-2.0125 1.49987 0.999915 -6.00396e-05 0 -16.7708 1.49974 -9.00515e-05
-1.9875 1.49986 0.999912 -6.20908e-05 0 -16.5625 1.49973 -9.31277e-05
-1.9625 1.49986 0.999908 -6.42298e-05 0 -16.3542 1.49972 -9.63356e-05
-1.9375 1.49985 0.999904 -6.64604e-05 0 -16.1458 1.49971 -9.96809e-05
-1.9125 1.49985 0.999901 -6.87866e-05 0 -15.9375 1.4997 -0.000103169
-1.8875 1.49984 0.999897 -7.12122e-05 0 -15.7292 1.49969 -0.000106807
-1.8625 1.49984 0.999893 -7.37416e-05 0 -15.5208 1.49968 -0.0001106
-1.8375 1.49983 0.999888 -7.63788e-05 0 -15.3125 1.49967 -0.000114555
-1.8125 1.49983 0.999884 -7.91284e-05 0 -15.1042 1.49965 -0.000118679
-1.7875 1.49982 0.99988 -8.19946e-05 0 -14.8958 1.49964 -0.000122977
-1.7625 1.49981 0.999875 -8.49819e-05 0 -14.6875 1.49963 -0.000127457
-1.7375 1.49981 0.99987 -8.80945e-05 0 -14.4792 1.49961 -0.000132125
-1.7125 1.4998 0.999865 -9.13368e-05 0 -14.2708 1.4996 -0.000136987
-1.6875 1.49979 0.99986 -9.4713e-05 0 -14.0625 1.49958 -0.00014205
-1.6625 1.49979 0.999854 -9.82274e-05 0 -13.8542 1.49957 -0.00014732
-1.6375 1.49978 0.999849 -0.000101884 0 -13.6458 1.49955 -0.000152804
-1.6125 1.49977 0.999843 -0.000105688 0 -13.4375 1.49954 -0.000158509
-1.5875 1.49976 0.999837 -0.000109644 0 -13.2292 1.49952 -0.00016444
-1.5625 1.49976 0.999831 -0.000113756 0 -13.0208 1.4995 -0.000170607
-1.5375 1.49975 0.999825 -0.00011803 0 -12.8125 1.49948 -0.000177015
-1.5125 1.49974 0.999818 -0.000122471 0 -12.6042 1.49947 -0.000183674
-1.4875 1.49973 0.999811 -0.000127084 0 -12.3958 1.49945 -0.000190592
-1.4625 1.49972 0.999804 -0.000131875 0 -12.1875 1.49943 -0.000197776
-1.4375 1.49971 0.999797 -0.000136851 0 -11.9792 1.49941 -0.000205236
-1.4125 1.4997 0.99979 -0.000142016 0 -11.7708 1.49938 -0.000212982
-1.3875 1.49969 0.999782 -0.000147378 0 -11.5625 1.49936 -0.000221022
-1.3625 1.49968 0.999774 -0.000152943 0 -11.3542 1.49934 -0.000229366
-1.3375 1.49967 0.999766 -0.000158718 0 -11.1458 1.49932 -0.000238023
-1.3125 1.49965 0.999757 -0.000164708 0 -10.9375 1.49929 -0.000247005
-1.2875 1.49964 0.999748 -0.000170921 0 -10.7292 1.49926 -0.000256321
-1.2625 1.49963 0.999739 -0.000177364 0 -10.5208 1.49924 -0.000265981
-1.2375 1.49962 0.99973 -0.000184044 0 -10.3125 1.49921 -0.000275995
-1.2125 1.4996 0.99972 -0.000190967 0 -10.1042 1.49918 -0.000286375
-1.1875 1.49959 0.99971 -0.000198142 0 -9.89583 1.49915 -0.000297131
-1.1625 1.49957 0.9997 -0.000205577 0 -9.6875 1.49912 -0.000308277
-1.1375 1.49956 0.999689 -0.000213279 0 -9.47917 1.49909 -0.000319824
-1.1125 1.49954 0.999678 -0.000221258 0 -9.27083 1.49906 -0.000331785
-1.0875 1.49952 0.999667 -0.000229523 0 -9.0625 1.49902 -0.000344175
-1.0625 1.49951 0.999655 -0.000238082 0 -8.85417 1.49899 -0.000357006
-1.0375 1.49949 0.999642 -0.000246947 0 -8.64583 1.49895 -0.000370294
-1.0125 1.49947 0.99963 -0.000256127 0 -8.4375 1.49892 -0.000384055
-0.9875 1.49945 0.999617 -0.000265632 0 -8.22917 1.49888 -0.000398303
-0.9625 1.49943 0.999603 -0.000275475 0 -8.02083 1.49884 -0.000413056
-0.9375 1.49941 0.999589 -0.000285666 0 -7.8125 1.49879 -0.000428331
-0.9125 1.49939 0.999575 -0.000296217 0 -7.60417 1.49875 -0.000444145
-0.8875 1.49937 0.99956 -0.00030714 0 -7.39583 1.49871 -0.000460516
-0.8625 1.49934 0.999544 -0.000318448 0 -7.1875 1.49866 -0.000477463
-0.8375 1.49932 0.999528 -0.000330152 0 -6.97917 1.49861 -0.000495004
-0.8125 1.4993 0.999512 -0.000342267 0 -6.77083 1.49856 -0.000513159
-0.7875 1.49927 0.999495 -0.000354806 0 -6.5625 1.49851 -0.00053195
-0.7625 1.49924 0.999477 -0.000367784 0 -6.35417 1.49846 -0.000551397
-0.7375 1.49922 0.999458 -0.000381215 0 -6.14583 1.4984 -0.000571524
-0.7125 1.49919 0.999439 -0.000395116 0 -5.9375 1.49835 -0.000592353
-0.6875 1.49916 0.99942 -0.000409503 0 -5.72917 1.49829 -0.000613909
-0.6625 1.49913 0.999399 -0.000424393 0 -5.52083 1.49823 -0.000636218
-0.6375 1.49909 0.999378 -0.000439802 0 -5.3125 1.49816 -0.000659305
-0.6125 1.49906 0.999356 -0.000455751 0 -5.10417 1.4981 -0.000683198
-0.5875 1.49903 0.999334 -0.000472257 0 -4.89583 1.49803 -0.000707926
-0.5625 1.49899 0.99931 -0.000489341 0 -4.6875 1.49796 -0.000733518
-0.5375 1.49895 0.999286 -0.000507023 0 -4.47917 1.49788 -0.000760005
-0.5125 1.49892 0.999261 -0.000525325 0 -4.27083 1.49781 -0.000787418
-0.4875 1.49888 0.999235 -0.000544267 0 -4.0625 1.49773 -0.000815789
-0.4625 1.49884 0.999208 -0.000563873 0 -3.85417 1.49765 -0.000845153
-0.4375 1.49879 0.99918 -0.000584165 0 -3.64583 1.49756 -0.000875542
-0.4125 1.49875 0.999151 -0.000605167 0 -3.4375 1.49748 -0.000906994
-0.3875 1.4987 0.999121 -0.000626906 0 -3.22917 1.49739 -0.000939546
-0.3625 1.49866 0.99909 -0.000649406 0 -3.02083 1.49729 -0.000973236
-0.3375 1.49861 0.999058 -0.000672695 0 -2.8125 1.4972 -0.00100811
-0.3125 1.49856 0.999025 -0.000696801 0 -2.60417 1.4971 -0.0010442
-0.2875 1.49851 0.998991 -0.000721752 0 -2.39583 1.49699 -0.00108155
-0.2625 1.49845 0.998955 -0.00074758 0 -2.1875 1.49688 -0.00112021
-0.2375 1.49839 0.998918 -0.000774314 0 -1.97917 1.49677 -0.00116023
-0.2125 1.49834 0.99888 -0.000801988 0 -1.77083 1.49666 -0.00120165
-0.1875 1.49828 0.99884 -0.000830635 0 -1.5625 1.49654 -0.00124452
-0.1625 1.49821 0.998799 -0.00086029 0 -1.35417 1.49641 -0.0012889
-0.1375 1.49815 0.998756 -0.000890989 0 -1.14583 1.49629 -0.00133483
-0.1125 1.49808 0.998712 -0.000922769 0 -0.9375 1.49615 -0.00138238
-0.0875 1.49801 0.998666 -0.000955668 0 -0.729167 1.49601 -0.0014316
-0.0625 1.49794 0.998619 -0.000989725 0 -0.520833 1.49587 -0.00148255
-0.0375 1.49787 0.99857 -0.00102498 0 -0.3125 1.49572 -0.00153529
-0.0125 1.49779 0.998519 -0.00106148 0 -0.104167 1.49557 -0.00158987
0.0125 1.49771 0.998466 -0.00109926 0 0.104167 1.49541 -0.00164638
0.0375 1.49763 0.998411 -0.00113838 0 0.3125 1.49525 -0.00170487
0.0625 1.49754 0.998355 -0.00117887 0 0.520833 1.49508 -0.00176541
0.0875 1.49745 0.998296 -0.00122079 0 0.729167 1.4949 -0.00182808
0.1125 1.49736 0.998235 -0.00126419 0 0.9375 1.49472 -0.00189295
0.1375 1.49727 0.998172 -0.00130911 0 1.14583 1.49453 -0.00196009
0.1625 1.49717 0.998107 -0.00135562 0 1.35417 1.49433 -0.0020296
0.1875 1.49707 0.99804 -0.00140377 0 1.5625 1.49413 -0.00210154
0.2125 1.49696 0.99797 -0.00145361 0 1.77083 1.49392 -0.002176
0.2375 1.49685 0.997897 -0.00150521 0 1.97917 1.4937 -0.00225308
0.2625 1.49674 0.997822 -0.00155863 0 2.1875 1.49348 -0.00233286
0.2875 1.49662 0.997744 -0.00161393 0 2.39583 1.49325 -0.00241544
0.3125 1.4965 0.997663 -0.00167117 0 2.60417 1.493 -0.00250091
0.3375 1.49638 0.997579 -0.00173043 0 2.8125 1.49275 -0.00258938
0.3625 1.49625 0.997493 -0.00179178 0 3.02083 1.4925 -0.00268094
0.3875 1.49611 0.997403 -0.00185528 0 3.22917 1.49223 -0.00277571
0.4125 1.49597 0.99731 -0.00192102 0 3.4375 1.49195 -0.00287379
0.4375 1.49583 0.997214 -0.00198906 0 3.64583 1.49166 -0.00297529
0.4625 1.49568 0.997114 -0.0020595 0 3.85417 1.49136 -0.00308035
0.4875 1.49553 0.99701 -0.0021324 0 4.0625 1.49105 -0.00318906
0.5125 1.49537 0.996903 -0.00220787 0 4.27083 1.49073 -0.00330157
0.5375 1.4952 0.996792 -0.00228599 0 4.47917 1.4904 -0.00341801
0.5625 1.49503 0.996677 -0.00236684 0 4.6875 1.49006 -0.00353849
0.5875 1.49485 0.996558 -0.00245053 0 4.89583 1.48971 -0.00366317
0.6125 1.49467 0.996435 -0.00253714 0 5.10417 1.48934 -0.00379218
0.6375 1.49448 0.996307 -0.00262679 0 5.3125 1.48896 -0.00392568
0.6625 1.49428 0.996174 -0.00271958 0 5.52083 1.48856 -0.00406381
0.6875 1.49408 0.996037 -0.00281561 0 5.72917 1.48815 -0.00420673
0.7125 1.49386 0.995895 -0.00291499 0 5.9375 1.48773 -0.00435461
0.7375 1.49365 0.995747 -0.00301785 0 6.14583 1.48729 -0.00450759
0.7625 1.49342 0.995595 -0.00312428 0 6.35417 1.48684 -0.00466587
0.7875 1.49319 0.995437 -0.00323442 0 6.5625 1.48637 -0.0048296
0.8125 1.49294 0.995273 -0.0033484 0 6.77083 1.48589 -0.00499897
0.8375 1.49269 0.995103 -0.00346633 0 6.97917 1.48538 -0.00517417
0.8625 1.49243 0.994928 -0.00358835 0 7.1875 1.48486 -0.00535538
0.8875 1.49216 0.994746 -0.0037146 0 7.39583 1.48432 -0.0055428
0.9125 1.49189 0.994557 -0.00384522 0 7.60417 1.48377 -0.00573663
0.9375 1.4916 0.994362 -0.00398033 0 7.8125 1.48319 -0.00593706
0.9625 1.4913 0.994159 -0.0041201 0 8.02083 1.48259 -0.00614432
0.9875 1.49099 0.99395 -0.00426467 0 8.22917 1.48197 -0.0063586
1.0125 1.49067 0.993733 -0.0044142 0 8.4375 1.48133 -0.00658013
1.0375 1.49035 0.993508 -0.00456883 0 8.64583 1.48067 -0.00680914
1.0625 1.49 0.993275 -0.00472874 0 8.85417 1.47998 -0.00704584
1.0875 1.48965 0.993034 -0.00489409 0 9.0625 1.47927 -0.00729049
1.1125 1.48929 0.992784 -0.00506505 0 9.27083 1.47854 -0.00754331
1.1375 1.48891 0.992525 -0.0052418 0 9.47917 1.47778 -0.00780456
1.1625 1.48852 0.992257 -0.00542452 0 9.6875 1.47699 -0.00807451
1.1875 1.48811 0.99198 -0.00561343 0 9.89583 1.47618 -0.00835342
1.2125 1.4877 0.991692 -0.00580871 0 10.1042 1.47534 -0.00864159
1.2375 1.48726 0.991395 -0.00601059 0 10.3125 1.47446 -0.00893932
1.2625 1.48681 0.991086 -0.0062193 0 10.5208 1.47356 -0.00924694
1.2875 1.48635 0.990767 -0.00643509 0 10.7292 1.47262 -0.00956479
1.3125 1.48587 0.990436 -0.00665823 0 10.9375 1.47166 -0.00989324
1.3375 1.48537 0.990094 -0.00688898 0 11.1458 1.47065 -0.0102327
1.3625 1.48485 0.989739 -0.00712764 0 11.3542 1.46961 -0.0105835
1.3875 1.48431 0.989371 -0.00737454 0 11.5625 1.46854 -0.0109461
1.4125 1.48375 0.988991 -0.00763001 0 11.7708 1.46742 -0.0113211
1.4375 1.48318 0.988597 -0.00789439 0 11.9792 1.46626 -0.0117088
1.4625 1.48258 0.988189 -0.00816804 0 12.1875 1.46507 -0.0121097
1.4875 1.48195 0.987767 -0.00845135 0 12.3958 1.46383 -0.0125245
1.5125 1.48131 0.987329 -0.00874469 0 12.6042 1.46254 -0.0129536
1.5375 1.48064 0.986876 -0.00904845 0 12.8125 1.46121 -0.0133975
1.5625 1.47995 0.986407 -0.00936302 0 13.0208 1.45983 -0.0138568
1.5875 1.47923 0.985921 -0.00968879 0 13.2292 1.45841 -0.014332
1.6125 1.47849 0.985418 -0.0100261 0 13.4375 1.45693 -0.0148236
1.6375 1.47772 0.984897 -0.0103755 0 13.6458 1.4554 -0.015332
1.6625 1.47693 0.984358 -0.0107371 0 13.8542 1.45383 -0.0158579
1.6875 1.47611 0.9838 -0.0111114 0 14.0625 1.4522 -0.0164017
1.7125 1.47526 0.983222 -0.0114988 0 14.2708 1.45051 -0.0169637
1.7375 1.47439 0.982623 -0.0118995 0 14.4792 1.44877 -0.0175445
1.7625 1.47348 0.982003 -0.012314 0 14.6875 1.44697 -0.0181445
1.7875 1.47255 0.981362 -0.0127426 0 14.8958 1.4451 -0.0187641
1.8125 1.47159 0.980698 -0.0131855 0 15.1042 1.44318 -0.0194037
1.8375 1.47059 0.98001 -0.0136433 0 15.3125 1.4412 -0.0200637
1.8625 1.46957 0.979298 -0.0141162 0 15.5208 1.43915 -0.0207447
1.8875 1.46851 0.978562 -0.0146045 0 15.7292 1.43703 -0.0214469
1.9125 1.46742 0.977799 -0.0151087 0 15.9375 1.43484 -0.0221708
1.9375 1.46629 0.97701 -0.0156291 0 16.1458 1.43258 -0.0229169
1.9625 1.46513 0.976192 -0.0161662 0 16.3542 1.43025 -0.0236855
1.9875 1.46393 0.975347 -0.0167203 0 16.5625 1.42783 -0.0244772
2.0125 1.46268 0.974471 -0.0172917 0 16.7708 1.42534 -0.0252924
2.0375 1.4614 0.973565 -0.0178811 0 16.9792 1.42277 -0.0261315
2.0625 1.46008 0.972628 -0.0184888 0 17.1875 1.42011 -0.0269952
2.0875 1.45871 0.971657 -0.0191155 0 17.3958 1.41737 -0.0278839
2.1125 1.45729 0.970653 -0.0197615 0 17.6042 1.41453 -0.0287984
2.1375 1.45583 0.969614 -0.0204277 0 17.8125 1.41159 -0.0297392
2.1625 1.45431 0.968539 -0.0211147 0 18.0208 1.40856 -0.0307073
2.1875 1.45274 0.967427 -0.0218231 0 18.2292 1.40542 -0.0317034
2.2125 1.45111 0.966276 -0.022554 0 18.4375 1.40218 -0.0327284
2.2375 1.44943 0.965085 -0.0233078 0 18.6458 1.39882 -0.0337831
2.2625 1.44769 0.963853 -0.0240855 0 18.8542 1.39536 -0.0348684
2.2875 1.44589 0.962578 -0.0248877 0 19.0625 1.39179 -0.035985
2.3125 1.44404 0.96126 -0.025715 0 19.2708 1.3881 -0.0371335
2.3375 1.44213 0.959896 -0.026568 0 19.4792 1.38429 -0.0383144
2.3625 1.44016 0.958485 -0.0274471 0 19.6875 1.38037 -0.0395281
2.3875 1.43813 0.957026 -0.0283527 0 19.8958 1.37633 -0.0407748
2.4125 1.43604 0.955518 -0.0292851 0 20.1042 1.37216 -0.0420546
2.4375 1.43389 0.953957 -0.0302446 0 20.3125 1.36787 -0.0433676
2.4625 1.43168 0.952344 -0.0312317 0 20.5208 1.36345 -0.0447139
2.4875 1.4294 0.950676 -0.0322467 0 20.7292 1.3589 -0.0460935
2.5125 1.42706 0.948951 -0.03329 0 20.9375 1.35421 -0.0475067
2.5375 1.42464 0.947169 -0.034362 0 21.1458 1.34937 -0.0489534
2.5625 1.42215 0.945326 -0.0354632 0 21.3542 1.34439 -0.0504339
2.5875 1.41958 0.943421 -0.036594 0 21.5625 1.33926 -0.0519482
2.6125 1.41694 0.941452 -0.0377549 0 21.7708 1.33398 -0.0534963
2.6375 1.41422 0.939418 -0.0389461 0 21.9792 1.32854 -0.0550783
2.6625 1.41142 0.937316 -0.0401679 0 22.1875 1.32295 -0.0566938
2.6875 1.40855 0.935144 -0.0414204 0 22.3958 1.31719 -0.0583425
2.7125 1.40559 0.9329 -0.0427038 0 22.6042 1.31128 -0.060024
2.7375 1.40255 0.930582 -0.0440182 0 22.8125 1.30519 -0.0617377
2.7625 1.39943 0.928189 -0.0453635 0 23.0208 1.29893 -0.063483
2.7875 1.39622 0.925717 -0.04674 0 23.2292 1.2925 -0.0652592
2.8125 1.39292 0.923165 -0.0481475 0 23.4375 1.28589 -0.0670655
2.8375 1.38952 0.92053 -0.0495861 0 23.6458 1.2791 -0.0689012
2.8625 1.38604 0.91781 -0.0510558 0 23.8542 1.27212 -0.0707654
2.8875 1.38246 0.915002 -0.0525565 0 24.0625 1.26495 -0.0726571
2.9125 1.37878 0.912105 -0.0540878 0 24.2708 1.25759 -0.0745752
2.9375 1.375 0.909117 -0.0556496 0 24.4792 1.25004 -0.0765185
2.9625 1.37113 0.906033 -0.0572414 0 24.6875 1.24229 -0.0784855
2.9875 1.36716 0.902853 -0.0588627 0 24.8958 1.23434 -0.0804746
3.0125 1.36309 0.899574 -0.0605128 0 25.1042 1.2262 -0.0824841
3.0375 1.35891 0.896194 -0.0621908 0 25.3125 1.21785 -0.0845119
3.0625 1.35464 0.892709 -0.063896 0 25.5208 1.2093 -0.0865559
3.0875 1.35026 0.889118 -0.0656271 0 25.7292 1.20054 -0.0886136
3.1125 1.34578 0.885418 -0.067383 0 25.9375 1.19158 -0.0906825
3.1375 1.34119 0.881607 -0.0691622 0 26.1458 1.1824 -0.0927598
3.1625 1.3365 0.877683 -0.0709632 0 26.3542 1.17303 -0.0948425
3.1875 1.33171 0.873643 -0.0727843 0 26.5625 1.16344 -0.0969275
3.2125 1.32681 0.869486 -0.0746235 0 26.7708 1.15364 -0.0990113
3.2375 1.32181 0.865208 -0.0764787 0 26.9792 1.14364 -0.10109
3.2625 1.3167 0.860808 -0.0783476 0 27.1875 1.13343 -0.10316
3.2875 1.31149 0.856283 -0.0802275 0 27.3958 1.12301 -0.105218
3.3125 1.30618 0.851633 -0.0821158 0 27.6042 1.11239 -0.107258
3.3375 1.30077 0.846855 -0.0840092 0 27.8125 1.10156 -0.109277
3.3625 1.29525 0.841947 -0.0859046 0 28.0208 1.09054 -0.111268
3.3875 1.28964 0.836908 -0.0877984 0 28.2292 1.07931 -0.113228
3.4125 1.28393 0.831737 -0.0896866 0 28.4375 1.06789 -0.115152
3.4375 1.27813 0.826432 -0.0915653 0 28.6458 1.05628 -0.117032
3.4625 1.27223 0.820992 -0.09343 0 28.8542 1.04449 -0.118864
3.4875 1.26624 0.815418 -0.0952759 0 29.0625 1.03251 -0.120642
3.5125 1.26016 0.809707 -0.097098 0 29.2708 1.02036 -0.122359
3.5375 1.254 0.803861 -0.098891 0 29.4792 1.00804 -0.124009
3.5625 1.24776 0.797879 -0.100649 0 29.6875 0.99556 -0.125586
3.5875 1.24144 0.791762 -0.102367 0 29.8958 0.982924 -0.127082
3.6125 1.23505 0.785511 -0.104037 0 30.1042 0.970142 -0.128491
3.6375 1.22858 0.779127 -0.105654 0 30.3125 0.957223 -0.129805
3.6625 1.22206 0.772611 -0.10721 0 30.5208 0.944178 -0.131017
3.6875 1.21548 0.765967 -0.108698 0 30.7292 0.931016 -0.13212
3.7125 1.20884 0.759197 -0.110111 0 30.9375 0.917749 -0.133107
3.7375 1.20216 0.752304 -0.11144 0 31.1458 0.90439 -0.133969
3.7625 1.19544 0.745291 -0.112678 0 31.3542 0.89095 -0.1347
3.7875 1.18868 0.738165 -0.113817 0 31.5625 0.877444 -0.135292
3.8125 1.1819 0.730928 -0.114846 0 31.7708 0.863885 -0.135737
3.8375 1.1751 0.723588 -0.115759 0 31.9792 0.850289 -0.136029
3.8625 1.16829 0.71615 -0.116545 0 32.1875 0.836672 -0.136159
3.8875 1.16148 0.708623 -0.117196 0 32.3958 0.823052 -0.136121
3.9125 1.15468 0.701014 -0.117702 0 32.6042 0.809445 -0.135908
3.9375 1.14789 0.693332 -0.118054 0 32.8125 0.79587 -0.135513
3.9625 1.14113 0.685586 -0.118242 0 33.0208 0.782343 -0.13493
3.9875 1.13441 0.67779 -0.118257 0 33.2292 0.768888 -0.134152
4.0125 1.12773 0.669958 -0.118091 0 33.4375 0.755529 -0.133174
4.0375 1.1211 0.662097 -0.117734 0 33.6458 0.742279 -0.131992
4.0625 1.11454 0.654221 -0.117177 0 33.8542 0.729158 -0.130599
4.0875 1.10806 0.646343 -0.116413 0 34.0625 0.716187 -0.128992
4.1125 1.10166 0.638479 -0.115432 0 34.2708 0.703388 -0.127167
4.1375 1.09536 0.630644 -0.114228 0 34.4792 0.690783 -0.125121
4.1625 1.08917 0.622855 -0.112793 0 34.6875 0.678394 -0.122851
4.1875 1.0831 0.615129 -0.111121 0 34.8958 0.666244 -0.120355
4.2125 1.07715 0.607485 -0.109207 0 35.1042 0.654355 -0.117633
4.2375 1.07135 0.599942 -0.107046 0 35.3125 0.64275 -0.114685
4.2625 1.06571 0.592518 -0.104635 0 35.5208 0.631451 -0.11151
4.2875 1.06022 0.585235 -0.101971 0 35.7292 0.62048 -0.108112
4.3125 1.05492 0.578113 -0.0990519 0 35.9375 0.609861 -0.104492
4.3375 1.0498 0.571173 -0.0958783 0 36.1458 0.599615 -0.100653
4.3625 1.04487 0.564436 -0.0924507 0 36.3542 0.589763 -0.0965992
4.3875 1.04016 0.557924 -0.0887716 0 36.5625 0.580328 -0.0923364
4.4125 1.03566 0.551657 -0.0848446 0 36.7708 0.571329 -0.0878701
4.4375 1.03139 0.545657 -0.0806749 0 36.9792 0.562786 -0.0832074
4.4625 1.02736 0.539946 -0.0762692 0 37.1875 0.554719 -0.078356
4.4875 1.02358 0.534544 -0.0716356 0 37.3958 0.547146 -0.0733245
4.5125 1.02005 0.52947 -0.0667836 0 37.6042 0.540085 -0.0681225
4.5375 1.01679 0.524745 -0.0617241 0 37.8125 0.533552 -0.0627601
4.5625 1.01379 0.520386 -0.0564696 0 38.0208 0.527563 -0.0572485
4.5875 1.01108 0.51641 -0.0510339 0 38.2292 0.522132 -0.0515994
4.6125 1.00865 0.512834 -0.0454323 0 38.4375 0.517271 -0.0458254
4.6375 1.00652 0.509673 -0.039681 0 38.6458 0.512994 -0.0399396
4.6625 1.00468 0.506938 -0.0337977 0 38.8542 0.509309 -0.0339557
4.6875 1.00314 0.504643 -0.0278009 0 39.0625 0.506227 -0.0278881
4.7125 1.00191 0.502797 -0.0217101 0 39.2708 0.503755 -0.0217515
4.7375 1.00098 0.501408 -0.0155455 0 39.4792 0.501899 -0.0155607
4.7625 1.00037 0.500481 -0.00932785 0 39.6875 0.500664 -0.00933126
4.7875 1.00007 0.500022 -0.00307728 0 39.8958 0.500058 -0.00307751
4.8125 1.00003 0.500031 0.00317945 0 40.1042 0.500046 0.00317955
4.8375 1.00023 0.500509 0.00940818 0 40.3125 0.500626 0.00941039
4.8625 1.00085 0.501452 0.0155992 0 40.5208 0.501878 0.0156125
4.8875 1.00181 0.502857 0.0217377 0 40.7292 0.503768 0.0217771
4.9125 1.00307 0.504717 0.0278034 0 40.9375 0.506267 0.0278888
4.9375 1.00462 0.507025 0.033775 0 41.1458 0.50937 0.0339312
4.9625 1.00648 0.509771 0.0396331 0 41.3542 0.513073 0.0398898
4.9875 1.00863 0.512943 0.0453595 0 41.5625 0.517369 0.0457509
5.0125 1.01107 0.516528 0.0509369 0 41.7708 0.522247 0.0515009
5.0375 1.0138 0.520511 0.0563492 0 41.9792 0.527694 0.0571268
5.0625 1.01681 0.524876 0.0615813 0 42.1875 0.533697 0.0626162
5.0875 1.02008 0.529606 0.0666195 0 42.3958 0.540242 0.0679574
5.1125 1.02362 0.534683 0.0714514 0 42.6042 0.547314 0.0731393
5.1375 1.02742 0.540087 0.076066 0 42.8125 0.554895 0.0781517
5.1625 1.03146 0.545799 0.080454 0 43.0208 0.56297 0.0829851
5.1875 1.03574 0.551797 0.0846074 0 43.2292 0.571518 0.0876312
5.2125 1.04025 0.558062 0.0885197 0 43.4375 0.580521 0.0920823
5.2375 1.04497 0.564572 0.0921861 0 43.6458 0.58996 0.0963316
5.2625 1.0499 0.571305 0.0956027 0 43.8542 0.599813 0.100373
5.2875 1.05503 0.57824 0.0987673 0 44.0625 0.61006 0.104202
5.3125 1.06034 0.585357 0.101679 0 44.2708 0.620679 0.107815
5.3375 1.06583 0.592633 0.104338 0 44.4792 0.631648 0.111207
5.3625 1.07148 0.60005 0.106745 0 44.6875 0.642944 0.114376
5.3875 1.07729 0.607586 0.108905 0 44.8958 0.654546 0.117322
5.4125 1.08324 0.615222 0.110819 0 45.1042 0.666431 0.120043
5.4375 1.08931 0.62294 0.112493 0 45.3125 0.678577 0.12254
5.4625 1.09551 0.630721 0.113932 0 45.5208 0.690961 0.124813
5.4875 1.10181 0.638548 0.115142 0 45.7292 0.703561 0.126865
5.5125 1.10821 0.646404 0.11613 0 45.9375 0.716354 0.128697
5.5375 1.1147 0.654273 0.116904 0 46.1458 0.72932 0.130313
5.5625 1.12127 0.662142 0.11747 0 46.3542 0.742437 0.131715
5.5875 1.12789 0.669995 0.117838 0 46.5625 0.755682 0.132909
5.6125 1.13457 0.677819 0.118015 0 46.7708 0.769035 0.133897
5.6375 1.14129 0.685601 0.118011 0 46.9792 0.782472 0.134686
5.6625 1.14805 0.693326 0.117835 0 47.1875 0.795969 0.13528
5.6875 1.15482 0.700988 0.117496 0 47.3958 0.809515 0.135687
5.7125 1.16161 0.708579 0.117003 0 47.6042 0.823094 0.135913
5.7375 1.16841 0.716089 0.116366 0 47.8125 0.836685 0.135963
5.7625 1.1752 0.72351 0.115593 0 48.0208 0.85027 0.135845
5.7875 1.18198 0.730836 0.114694 0 48.2292 0.863835 0.135566
5.8125 1.18874 0.738059 0.113677 0 48.4375 0.877364 0.135133
5.8375 1.19548 0.745174 0.112552 0 48.6458 0.890842 0.134554
5.8625 1.20219 0.752175 0.111327 0 48.8542 0.904256 0.133835
5.8875 1.20885 0.759059 0.110009 0 49.0625 0.917591 0.132985
5.9125 1.21547 0.765821 0.108608 0 49.2708 0.930836 0.13201
5.9375 1.22204 0.772458 0.107131 0 49.4792 0.943977 0.130919
5.9625 1.22855 0.778967 0.105586 0 49.6875 0.957003 0.129718
5.9875 1.235 0.785346 0.10398 0 49.8958 0.969905 0.128416
6.0125 1.24139 0.791593 0.10232 0 50.1042 0.982672 0.127018
6.0375 1.2477 0.797707 0.100612 0 50.3125 0.995295 0.125533
6.0625 1.25393 0.803686 0.0988628 0 50.5208 1.00777 0.123967
6.0875 1.26008 0.809531 0.0970786 0 50.7292 1.02008 0.122327
6.1125 1.26615 0.815241 0.0952648 0 50.9375 1.03222 0.12062
6.1375 1.27214 0.820816 0.0934269 0 51.1458 1.04419 0.118852
6.1625 1.27803 0.826256 0.0915698 0 51.3542 1.05598 0.117029
6.1875 1.28383 0.831563 0.0896984 0 51.5625 1.06759 0.115158
6.2125 1.28954 0.836736 0.0878169 0 51.7708 1.079 0.113243
6.2375 1.29515 0.841778 0.0859296 0 51.9792 1.09023 0.111292
6.2625 1.30066 0.846688 0.0840404 0 52.1875 1.10125 0.109308
6.2875 1.30607 0.85147 0.0821527 0 52.3958 1.11208 0.107297
6.3125 1.31138 0.856124 0.0802699 0 52.6042 1.12271 0.105265
6.3375 1.31659 0.860652 0.0783951 0 52.8125 1.13313 0.103214
6.3625 1.3217 0.865055 0.0765311 0 53.0208 1.14334 0.101151
6.3875 1.3267 0.869337 0.0746806 0 53.2292 1.15335 0.0990788
6.4125 1.3316 0.873499 0.0728458 0 53.4375 1.16315 0.0970015
6.4375 1.3364 0.877543 0.0710289 0 53.6458 1.17274 0.0949227
6.4625 1.34109 0.881471 0.0692318 0 53.8542 1.18213 0.0928458
6.4875 1.34567 0.885286 0.0674563 0 54.0625 1.19131 0.0907742
6.5125 1.35016 0.88899 0.0657041 0 54.2708 1.20028 0.0887109
6.5375 1.35454 0.892585 0.0639764 0 54.4792 1.20904 0.0866586
6.5625 1.35882 0.896074 0.0622746 0 54.6875 1.2176 0.0846199
6.5875 1.363 0.89946 0.0605997 0 54.8958 1.22596 0.0825972
6.6125 1.36707 0.902743 0.0589527 0 55.1042 1.23412 0.0805926
6.6375 1.37105 0.905928 0.0573344 0 55.3125 1.24207 0.0786083
6.6625 1.37493 0.909016 0.0557455 0 55.5208 1.24983 0.0766461
6.6875 1.37871 0.912009 0.0541866 0 55.7292 1.2574 0.0747075
6.7125 1.38239 0.914911 0.0526581 0 55.9375 1.26477 0.0727942
6.7375 1.38598 0.917722 0.0511604 0 56.1458 1.27195 0.0709075
6.7625 1.38948 0.920447 0.0496939 0 56.3542 1.27894 0.0690487
6.7875 1.39288 0.923087 0.0482586 0 56.5625 1.28575 0.0672187
6.8125 1.3962 0.925644 0.0468548 0 56.7708 1.29238 0.0654185
6.8375 1.39942 0.92812 0.0454823 0 56.9792 1.29883 0.063649
6.8625 1.40256 0.930519 0.0441413 0 57.1875 1.30511 0.0619108
6.8875 1.40561 0.932841 0.0428317 0 57.3958 1.31121 0.0602045
6.9125 1.40857 0.935089 0.0415532 0 57.6042 1.31714 0.0585307
6.9375 1.41146 0.937266 0.0403057 0 57.8125 1.32291 0.0568898
6.9625 1.41426 0.939373 0.0390889 0 58.0208 1.32852 0.0552819
6.9875 1.41698 0.941412 0.0379027 0 58.2292 1.33396 0.0537074
7.0125 1.41963 0.943385 0.0367465 0 58.4375 1.33925 0.0521663
7.0375 1.4222 0.945295 0.0356202 0 58.6458 1.34439 0.0506588
7.0625 1.42469 0.947142 0.0345232 0 58.8542 1.34938 0.0491849
7.0875 1.42711 0.94893 0.0334553 0 59.0625 1.35423 0.0477444
7.1125 1.42946 0.950659 0.032416 0 59.2708 1.35893 0.0463373
7.1375 1.43174 0.952331 0.0314047 0 59.4792 1.36349 0.0449634
7.1625 1.43395 0.953949 0.0304211 0 59.6875 1.36792 0.0436225
7.1875 1.4361 0.955514 0.0294647 0 59.8958 1.37221 0.0423143
7.2125 1.43818 0.957027 0.0285349 0 60.1042 1.37638 0.0410384
7.2375 1.4402 0.95849 0.0276313 0 60.3125 1.38042 0.0397946
7.2625 1.44216 0.959905 0.0267532 0 60.5208 1.38434 0.0385824
7.2875 1.44406 0.961273 0.0259003 0 60.7292 1.38813 0.0374016
7.3125 1.4459 0.962596 0.025072 0 60.9375 1.39181 0.0362515
7.3375 1.44768 0.963875 0.0242677 0 61.1458 1.39538 0.0351319
7.3625 1.44941 0.965111 0.0234869 0 61.3542 1.39884 0.0340421
7.3875 1.45108 0.966306 0.0227291 0 61.5625 1.40219 0.0329817
7.4125 1.4527 0.967461 0.0219937 0 61.7708 1.40543 0.0319503
7.4375 1.45427 0.968578 0.0212802 0 61.9792 1.40858 0.0309472
7.4625 1.4558 0.969657 0.020588 0 62.1875 1.41162 0.029972
7.4875 1.45727 0.9707 0.0199167 0 62.3958 1.41457 0.0290241
7.5125 1.4587 0.971708 0.0192658 0 62.6042 1.41743 0.0281029
7.5375 1.46008 0.972682 0.0186346 0 62.8125 1.42019 0.027208
7.5625 1.46142 0.973623 0.0180227 0 63.0208 1.42287 0.0263387
7.5875 1.46271 0.974532 0.0174296 0 63.2292 1.42546 0.0254945
7.6125 1.46396 0.975411 0.0168548 0 63.4375 1.42797 0.0246748
7.6375 1.46518 0.97626 0.0162978 0 63.6458 1.43039 0.0238791
7.6625 1.46635 0.97708 0.0157581 0 63.8542 1.43274 0.0231068
7.6875 1.46748 0.977872 0.0152352 0 64.0625 1.43501 0.0223574
7.7125 1.46858 0.978638 0.0147287 0 64.2708 1.43721 0.0216303
7.7375 1.46965 0.979377 0.0142381 0 64.4792 1.43934 0.0209249
7.7625 1.47067 0.980091 0.0137629 0 64.6875 1.4414 0.0202408
7.7875 1.47167 0.980781 0.0133028 0 64.8958 1.44339 0.0195773
7.8125 1.47263 0.981448 0.0128573 0 65.1042 1.44531 0.018934
7.8375 1.47356 0.982091 0.0124259 0 65.3125 1.44717 0.0183103
7.8625 1.47446 0.982713 0.0120083 0 65.5208 1.44897 0.0177057
7.8875 1.47533 0.983313 0.011604 0 65.7292 1.45071 0.0171198
7.9125 1.47617 0.983893 0.0112127 0 65.9375 1.45239 0.0165519
7.9375 1.47698 0.984453 0.010834 0 66.1458 1.45402 0.0160016
7.9625 1.47777 0.984993 0.0104675 0 66.3542 1.45559 0.0154685
7.9875 1.47853 0.985515 0.0101128 0 66.5625 1.45711 0.014952
8.0125 1.47926 0.986019 0.00976956 0 66.7708 1.45858 0.0144518
8.0375 1.47997 0.986505 0.00943749 0 66.9792 1.46 0.0139672
8.0625 1.48066 0.986975 0.00911622 0 67.1875 1.46137 0.013498
8.0875 1.48132 0.987428 0.00880541 0 67.3958 1.4627 0.0130437
8.1125 1.48196 0.987866 0.00850476 0 67.6042 1.46398 0.0126037
8.1375 1.48258 0.988289 0.00821393 0 67.8125 1.46522 0.0121778
8.1625 1.48318 0.988696 0.00793264 0 68.0208 1.46642 0.0117655
8.1875 1.48376 0.98909 0.0076606 0 68.2292 1.46757 0.0113665
8.2125 1.48432 0.98947 0.0073975 0 68.4375 1.46869 0.0109802
8.2375 1.48486 0.989836 0.00714309 0 68.6458 1.46976 0.0106065
8.2625 1.48538 0.99019 0.00689709 0 68.8542 1.47081 0.0102448
8.2875 1.48588 0.990531 0.00665924 0 69.0625 1.47181 0.00989483
8.3125 1.48637 0.990861 0.00642928 0 69.2708 1.47278 0.00955626
8.3375 1.48683 0.991179 0.00620698 0 69.4792 1.47372 0.00922875
8.3625 1.48729 0.991485 0.00599209 0 69.6875 1.47462 0.00891196
8.3875 1.48773 0.991781 0.00578439 0 69.8958 1.4755 0.00860558
8.4125 1.48815 0.992066 0.00558365 0 70.1042 1.47634 0.00830929
8.4375 1.48856 0.992342 0.00538965 0 70.3125 1.47716 0.00802279
8.4625 1.48895 0.992607 0.00520219 0 70.5208 1.47794 0.00774579
8.4875 1.48933 0.992864 0.00502106 0 70.7292 1.4787 0.00747801
8.5125 1.4897 0.993111 0.00484605 0 70.9375 1.47943 0.00721915
8.5375 1.49005 0.993349 0.00467699 0 71.1458 1.48014 0.00696895
8.5625 1.49039 0.993579 0.00451368 0 71.3542 1.48082 0.00672715
8.5875 1.49072 0.9938 0.00435594 0 71.5625 1.48148 0.0064935
8.6125 1.49104 0.994014 0.0042036 0 71.7708 1.48212 0.00626774
8.6375 1.49135 0.99422 0.00405648 0 71.9792 1.48273 0.00604964
8.6625 1.49165 0.994419 0.00391443 0 72.1875 1.48332 0.00583895
8.6875 1.49193 0.994611 0.00377729 0 72.3958 1.48389 0.00563546
8.7125 1.49221 0.994796 0.00364489 0 72.6042 1.48444 0.00543894
8.7375 1.49248 0.994974 0.0035171 0 72.8125 1.48498 0.00524919
8.7625 1.49273 0.995146 0.00339376 0 73.0208 1.48549 0.00506599
8.7875 1.49298 0.995312 0.00327475 0 73.2292 1.48598 0.00488915
8.8125 1.49322 0.995471 0.00315992 0 73.4375 1.48646 0.00471846
8.8375 1.49345 0.995626 0.00304914 0 73.6458 1.48692 0.00455375
8.8625 1.49368 0.995774 0.00294229 0 73.8542 1.48737 0.00439483
8.8875 1.49389 0.995918 0.00283923 0 74.0625 1.48779 0.0042415
8.9125 1.4941 0.996056 0.00273985 0 74.2708 1.48821 0.00409361
8.9375 1.4943 0.996189 0.00264403 0 74.4792 1.48861 0.00395098
8.9625 1.4945 0.996318 0.00255165 0 74.6875 1.48899 0.00381344
8.9875 1.49468 0.996442 0.00246261 0 74.8958 1.48937 0.00368083
9.0125 1.49486 0.996562 0.00237679 0 75.1042 1.48972 0.00355298
9.0375 1.49504 0.996677 0.00229408 0 75.3125 1.49007 0.00342974
9.0625 1.49521 0.996789 0.00221439 0 75.5208 1.49041 0.00331097
9.0875 1.49537 0.996896 0.00213761 0 75.7292 1.49073 0.00319651
9.1125 1.49553 0.997 0.00206364 0 75.9375 1.49104 0.00308623
9.1375 1.49568 0.9971 0.00199239 0 76.1458 1.49134 0.00297998
9.1625 1.49582 0.997197 0.00192377 0 76.3542 1.49163 0.00287763
9.1875 1.49597 0.99729 0.00185769 0 76.5625 1.49191 0.00277905
9.2125 1.4961 0.997381 0.00179407 0 76.7708 1.49218 0.00268411
9.2375 1.49623 0.997468 0.0017328 0 76.9792 1.49245 0.00259268
9.2625 1.49636 0.997552 0.00167382 0 77.1875 1.4927 0.00250465
9.2875 1.49648 0.997633 0.00161705 0 77.3958 1.49294 0.00241989
9.3125 1.4966 0.997712 0.00156239 0 77.6042 1.49318 0.00233828
9.3375 1.49672 0.997788 0.00150978 0 77.8125 1.49341 0.00225972
9.3625 1.49683 0.997862 0.00145914 0 78.0208 1.49363 0.00218409
9.3875 1.49694 0.997933 0.00141039 0 78.2292 1.49384 0.00211127
9.4125 1.49704 0.998002 0.00136346 0 78.4375 1.49405 0.00204116
9.4375 1.49714 0.998069 0.00131828 0 78.6458 1.49425 0.00197365
9.4625 1.49724 0.998133 0.00127477 0 78.8542 1.49444 0.00190863
9.4875 1.49733 0.998196 0.00123287 0 79.0625 1.49463 0.00184601
9.5125 1.49742 0.998256 0.0011925 0 79.2708 1.49481 0.00178568
9.5375 1.49751 0.998315 0.00115362 0 79.4792 1.49499 0.00172755
9.5625 1.49759 0.998372 0.00111614 0 79.6875 1.49516 0.00167153
9.5875 1.49768 0.998427 0.00108002 0 79.8958 1.49532 0.00161752
9.6125 1.49776 0.99848 0.00104519 0 80.1042 1.49548 0.00156544
9.6375 1.49783 0.998532 0.0010116 0 80.3125 1.49563 0.00151521
9.6625 1.49791 0.998583 0.000979191 0 80.5208 1.49578 0.00146674
9.6875 1.49798 0.998631 0.000947912 0 80.7292 1.49593 0.00141995
9.7125 1.49805 0.998679 0.000917711 0 80.9375 1.49607 0.00137478
9.7375 1.49812 0.998725 0.000888539 0 81.1458 1.49621 0.00133114
9.7625 1.49818 0.998769 0.000860347 0 81.3542 1.49634 0.00128896
9.7875 1.49825 0.998813 0.000833088 0 81.5625 1.49647 0.00124817
9.8125 1.49831 0.998855 0.000806715 0 81.7708 1.49659 0.00120871
9.8375 1.49837 0.998896 0.000781185 0 81.9792 1.49671 0.0011705
9.8625 1.49842 0.998935 0.000756455 0 82.1875 1.49683 0.00113349
9.8875 1.49848 0.998974 0.000732483 0 82.3958 1.49694 0.00109761
9.9125 1.49853 0.999011 0.00070923 0 82.6042 1.49705 0.0010628
9.9375 1.49859 0.999048 0.000686658 0 82.8125 1.49716 0.00102902
9.9625 1.49864 0.999083 0.000664733 0 83.0208 1.49726 0.000996193
9.9875 1.49869 0.999117 0.00064342 0 83.2292 1.49736 0.000964284
10.0125 1.49873 0.99915 0.00062269 0 83.4375 1.49746 0.000933246
10.0375 1.49878 0.999182 0.000602514 0 83.6458 1.49755 0.000903035
10.0625 1.49882 0.999213 0.000582866 0 83.8542 1.49764 0.000873613
10.0875 1.49887 0.999243 0.000563723 0 84.0625 1.49773 0.000844946
10.1125 1.49891 0.999272 0.000545063 0 84.2708 1.49782 0.000817
10.1375 1.49895 0.999301 0.000526867 0 84.4792 1.4979 0.000789746
10.1625 1.49899 0.999328 0.000509115 0 84.6875 1.49798 0.000763157
10.1875 1.49902 0.999354 0.000491792 0 84.8958 1.49806 0.000737208
10.2125 1.49906 0.99938 0.000474883 0 85.1042 1.49813 0.000711878
10.2375 1.4991 0.999405 0.000458373 0 85.3125 1.4982 0.000687145
10.2625 1.49913 0.999428 0.00044225 0 85.5208 1.49827 0.00066299
10.2875 1.49916 0.999451 0.000426502 0 85.7292 1.49834 0.000639395
10.3125 1.49919 0.999473 0.000411118 0 85.9375 1.4984 0.000616345
10.3375 1.49922 0.999495 0.000396088 0 86.1458 1.49847 0.000593824
10.3625 1.49925 0.999515 0.000381405 0 86.3542 1.49852 0.000571823
10.3875 1.49928 0.999534 0.000367062 0 86.5625 1.49858 0.000550329
10.4125 1.49931 0.999553 0.000353054 0 86.7708 1.49864 0.000529336
10.4375 1.49933 0.999571 0.000339376 0 86.9792 1.49869 0.000508838
10.4625 1.49936 0.999588 0.000326028 0 87.1875 1.49874 0.000488833
10.4875 1.49938 0.999605 0.000313008 0 87.3958 1.49879 0.000469319
10.5125 1.4994 0.99962 0.000300318 0 87.6042 1.49884 0.000450298
10.5375 1.49943 0.999635 0.000287959 0 87.8125 1.49888 0.000431773
10.5625 1.49945 0.999649 0.000275935 0 88.0208 1.49892 0.00041375
10.5875 1.49947 0.999663 0.00026425 0 88.2292 1.49896 0.000396234
10.6125 1.49949 0.999676 0.000252908 0 88.4375 1.499 0.000379233
10.6375 1.49951 0.999688 0.000241915 0 88.6458 1.49904 0.000362753
10.6625 1.49952 0.999699 0.000231274 0 88.8542 1.49907 0.000346801
10.6875 1.49954 0.99971 0.000220989 0 89.0625 1.49911 0.000331383
10.7125 1.49956 0.99972 0.000211065 0 89.2708 1.49914 0.000316504
10.7375 1.49957 0.99973 0.000201504 0 89.4792 1.49917 0.000302169
10.7625 1.49959 0.999739 0.000192307 0 89.6875 1.4992 0.000288381
10.7875 1.4996 0.999748 0.000183477 0 89.8958 1.49922 0.000275143
10.8125 1.49961 0.999756 0.000175014 0 90.1042 1.49925 0.000262454
10.8375 1.49963 0.999763 0.000166919 0 90.3125 1.49927 0.000250316
10.8625 1.49964 0.99977 0.00015919 0 90.5208 1.4993 0.000238728
10.8875 1.49965 0.999777 0.000151828 0 90.7292 1.49932 0.000227689
10.9125 1.49966 0.999783 0.000144831 0 90.9375 1.49934 0.000217198
10.9375 1.49967 0.999789 0.000138199 0 91.1458 1.49936 0.000207253
10.9625 1.49968 0.999794 0.000131929 0 91.3542 1.49937 0.000197851
10.9875 1.49969 0.9998 0.000126019 0 91.5625 1.49939 0.00018899
11.0125 1.4997 0.999804 0.000120469 0 91.7708 1.49941 0.000180667
11.0375 1.49971 0.999809 0.000115274 0 91.9792 1.49942 0.000172877
11.0625 1.49972 0.999813 0.000110429 0 92.1875 1.49944 0.000165613
11.0875 1.49973 0.999817 0.000105931 0 92.3958 1.49945 0.000158868
11.1125 1.49974 0.999821 0.000101773 0 92.6042 1.49947 0.000152632
11.1375 1.49974 0.999825 9.79452e-05 0 92.8125 1.49948 0.000146893
11.1625 1.49975 0.999829 9.44391e-05 0 93.0208 1.49949 0.000141635
11.1875 1.49976 0.999832 9.12428e-05 0 93.2292 1.49951 0.000136842
11.2125 1.49976 0.999835 8.83431e-05 0 93.4375 1.49952 0.000132494
11.2375 1.49977 0.999839 8.5725e-05 0 93.6458 1.49953 0.000128568
11.2625 1.49978 0.999842 8.33723e-05 0 93.8542 1.49954 0.00012504
11.2875 1.49978 0.999845 8.12676e-05 0 94.0625 1.49955 0.000121884
11.3125 1.49979 0.999848 7.93927e-05 0 94.2708 1.49956 0.000119072
11.3375 1.49979 0.999852 7.77286e-05 0 94.4792 1.49957 0.000116577
11.3625 1.4998 0.999855 7.62557e-05 0 94.6875 1.49958 0.000114368
11.3875 1.49981 0.999858 7.4955e-05 0 94.8958 1.49959 0.000112418
11.4125 1.49981 0.999861 7.38078e-05 0 95.1042 1.4996 0.000110698
11.4375 1.49982 0.999865 7.27961e-05 0 95.3125 1.49961 0.000109181
11.4625 1.49982 0.999868 7.19019e-05 0 95.5208 1.49962 0.00010784
11.4875 1.49983 0.999872 7.11083e-05 0 95.7292 1.49964 0.00010665
11.5125 1.49983 0.999875 7.03984e-05 0 95.9375 1.49965 0.000105586
11.5375 1.49984 0.999879 6.97561e-05 0 96.1458 1.49966 0.000104623
11.5625 1.49984 0.999883 6.91654e-05 0 96.3542 1.49967 0.000103737
11.5875 1.49985 0.999887 6.86103e-05 0 96.5625 1.49968 0.000102905
11.6125 1.49985 0.99989 6.80752e-05 0 96.7708 1.49969 0.000102103
11.6375 1.49986 0.999894 6.75445e-05 0 96.9792 1.4997 0.000101307
11.6625 1.49986 0.999898 6.70026e-05 0 97.1875 1.49971 0.000100495
11.6875 1.49987 0.999903 6.64342e-05 0 97.3958 1.49972 9.96427e-05
11.7125 1.49987 0.999907 6.58245e-05 0 97.6042 1.49973 9.87285e-05
11.7375 1.49988 0.999911 6.51591e-05 0 97.8125 1.49975 9.77307e-05
11.7625 1.49988 0.999915 6.44245e-05 0 98.0208 1.49976 9.66293e-05
11.7875 1.49989 0.999919 6.36084e-05 0 98.2292 1.49977 9.54056e-05
11.8125 1.49989 0.999923 6.26996e-05 0 98.4375 1.49978 9.40427e-05
11.8375 1.4999 0.999928 6.16888e-05 0 98.6458 1.49979 9.25269e-05
11.8625 1.4999 0.999932 6.05689e-05 0 98.8542 1.4998 9.08475e-05
11.8875 1.49991 0.999936 5.93353e-05 0 99.0625 1.49981 8.89975e-05
11.9125 1.49991 0.99994 5.79855e-05 0 99.2708 1.49982 8.69731e-05
11.9375 1.49992 0.999944 5.65193e-05 0 99.4792 1.49983 8.47742e-05
11.9625 1.49992 0.999948 5.49385e-05 0 99.6875 1.49984 8.24033e-05
11.9875 1.49992 0.999951 5.32469e-05 0 99.8958 1.49985 7.98663e-05
12.0125 1.49993 0.999955 5.145e-05 0 100.104 1.49986 7.71713e-05
12.0375 1.49993 0.999959 4.95549e-05 0 100.312 1.49987 7.43289e-05
12.0625 1.49994 0.999962 4.75698e-05 0 100.521 1.49988 7.13517e-05
12.0875 1.49994 0.999965 4.55039e-05 0 100.729 1.49989 6.82531e-05
12.1125 1.49994 0.999968 4.33667e-05 0 100.938 1.49989 6.50475e-05
12.1375 1.49995 0.999971 4.1168e-05 0 101.146 1.4999 6.17497e-05
12.1625 1.49995 0.999974 3.89181e-05 0 101.354 1.49991 5.83751e-05
12.1875 1.49995 0.999976 3.66274e-05 0 101.563 1.49992 5.49394e-05
12.2125 1.49995 0.999979 3.43067e-05 0 101.771 1.49992 5.14584e-05
12.2375 1.49996 0.999981 3.19666e-05 0 101.979 1.49993 4.79485e-05
12.2625 1.49996 0.999982 2.96182e-05 0 102.188 1.49993 4.44261e-05
12.2875 1.49996 0.999984 2.72729e-05 0 102.396 1.49994 4.09082e-05
12.3125 1.49996 0.999985 2.49425e-05 0 102.604 1.49994 3.74128e-05
12.3375 1.49996 0.999986 2.26397e-05 0 102.813 1.49994 3.39587e-05
12.3625 1.49997 0.999987 2.03776e-05 0 103.021 1.49995 3.05658e-05
12.3875 1.49997 0.999988 1.81698e-05 0 103.229 1.49995 2.72542e-05
12.4125 1.49997 0.999988 1.603e-05 0 103.437 1.49995 2.40446e-05
12.4375 1.49997 0.999989 1.39723e-05 0 103.646 1.49995 2.09581e-05
12.4625 1.49997 0.999989 1.20107e-05 0 103.854 1.49995 1.80156e-05
12.4875 1.49997 0.999989 1.01621e-05 0 104.063 1.49995 1.52429e-05
12.5125 1.49997 0.999989 8.44042e-06 0 104.271 1.49996 1.26604e-05
12.5375 1.49997 0.999988 6.85195e-06 0 104.479 1.49996 1.02777e-05
12.5625 1.49997 0.999988 5.40672e-06 0 104.688 1.49996 8.10994e-06
12.5875 1.49997 0.999987 4.11304e-06 0 104.896 1.49995 6.16945e-06
12.6125 1.49997 0.999987 2.97712e-06 0 105.104 1.49995 4.4656e-06
12.6375 1.49997 0.999986 2.00301e-06 0 105.312 1.49995 3.00446e-06
12.6625 1.49997 0.999985 1.19261e-06 0 105.521 1.49995 1.78888e-06
12.6875 1.49997 0.999984 5.45624e-07 0 105.729 1.49995 8.18422e-07
12.7125 1.49997 0.999983 5.96423e-08 0 105.938 1.49995 8.94619e-08
12.7375 1.49997 0.999982 -2.69262e-07 0 106.146 1.49995 -4.03886e-07
12.7625 1.49997 0.999982 -4.466e-07 0 106.354 1.49995 -6.69889e-07
12.7875 1.49997 0.999981 -4.79501e-07 0 106.562 1.49995 -7.19239e-07
12.8125 1.49997 0.99998 -3.76414e-07 0 106.771 1.49994 -5.64612e-07
12.8375 1.49997 0.999979 -1.47275e-07 0 106.979 1.49994 -2.20908e-07
12.8625 1.49997 0.999978 1.98569e-07 0 107.188 1.49994 2.97848e-07
12.8875 1.49997 0.999978 6.5059e-07 0 107.396 1.49994 9.75868e-07
12.9125 1.49997 0.999977 1.19886e-06 0 107.604 1.49994 1.79825e-06
12.9375 1.49997 0.999977 1.83293e-06 0 107.813 1.49994 2.74934e-06
12.9625 1.49997 0.999976 2.54189e-06 0 108.021 1.49994 3.81277e-06
12.9875 1.49997 0.999976 3.31468e-06 0 108.229 1.49994 4.97193e-06
13.0125 1.49997 0.999976 4.13932e-06 0 108.438 1.49994 6.20888e-06
13.0375 1.49998 0.999976 5.00215e-06 0 108.646 1.49994 7.50311e-06
13.0625 1.49998 0.999976 5.89128e-06 0 108.854 1.49994 8.83677e-06
13.0875 1.49998 0.999977 6.79705e-06 0 109.063 1.49994 1.01954e-05
13.1125 1.49998 0.999977 7.70714e-06 0 109.271 1.49994 1.15605e-05
13.1375 1.49998 0.999978 8.60824e-06 0 109.479 1.49994 1.29122e-05
13.1625 1.49998 0.999978 9.48644e-06 0 109.687 1.49995 1.42294e-05
13.1875 1.49998 0.999979 1.03277e-05 0 109.896 1.49995 1.54913e-05
13.2125 1.49998 0.99998 1.11181e-05 0 110.104 1.49995 1.66769e-05
13.2375 1.49998 0.999981 1.18443e-05 0 110.313 1.49995 1.77663e-05
13.2625 1.49998 0.999982 1.2494e-05 0 110.521 1.49995 1.87408e-05
13.2875 1.49998 0.999984 1.30557e-05 0 110.729 1.49996 1.95833e-05
13.3125 1.49998 0.999985 1.35194e-05 0 110.938 1.49996 2.02789e-05
13.3375 1.49998 0.999986 1.38766e-05 0 111.146 1.49996 2.08147e-05
13.3625 1.49999 0.999988 1.4121e-05 0 111.354 1.49997 2.11814e-05
13.3875 1.49999 0.999989 1.42487e-05 0 111.562 1.49997 2.13729e-05
13.4125 1.49999 0.99999 1.42584e-05 0 111.771 1.49997 2.13874e-05
13.4375 1.49999 0.999992 1.41503e-05 0 111.979 1.49998 2.12253e-05
13.4625 1.49999 0.999993 1.39261e-05 0 112.188 1.49998 2.0889e-05
13.4875 1.49999 0.999995 1.35898e-05 0 112.396 1.49998 2.03845e-05
13.5125 1.49999 0.999996 1.31474e-05 0 112.604 1.49999 1.97209e-05
13.5375 1.49999 0.999997 1.26063e-05 0 112.812 1.49999 1.89093e-05
13.5625 1.49999 0.999998 1.1975e-05 0 113.021 1.49999 1.79625e-05
13.5875 1.49999 1 1.12628e-05 0 113.229 1.49999 1.68942e-05
13.6125 1.5 1 1.04792e-05 0 113.438 1.5 1.57187e-05
13.6375 1.5 1 9.63376e-06 0 113.646 1.5 1.44506e-05
13.6625 1.5 1 8.73647e-06 0 113.854 1.5 1.31047e-05
13.6875 1.5 1 7.79724e-06 0 114.063 1.5 1.16958e-05
13.7125 1.5 1 6.8259e-06 0 114.271 1.5 1.02388e-05
13.7375 1.5 1 5.83211e-06 0 114.479 1.50001 8.74816e-06
13.7625 1.5 1 4.82538e-06 0 114.688 1.50001 7.23807e-06
13.7875 1.5 1.00001 3.81531e-06 0 114.896 1.50001 5.72296e-06
13.8125 1.5 1.00001 2.81136e-06 0 115.104 1.50001 4.21703e-06
13.8375 1.5 1.00001 1.82643e-06 0 115.313 1.50001 2.73964e-06
13.8625 1.5 1.00001 8.71874e-07 0 115.521 1.50001 1.30781e-06
13.8875 1.5 1 -4.66807e-08 0 115.729 1.50001 -7.0021e-08
13.9125 1.5 1 -9.18524e-07 0 115.937 1.50001 -1.37779e-06
13.9375 1.5 1 -1.73295e-06 0 116.146 1.50001 -2.59942e-06
13.9625 1.5 1 -2.48128e-06 0 116.354 1.5 -3.72191e-06
13.9875 1.5 1 -3.15454e-06 0 116.563 1.5 -4.7318e-06
14.0125 1.5 1 -3.74403e-06 0 116.771 1.5 -5.61604e-06
14.0375 1.5 1 -4.24212e-06 0 116.979 1.5 -6.36317e-06
14.0625 1.5 1 -4.64256e-06 0 117.188 1.5 -6.96384e-06
14.0875 1.5 1 -4.94074e-06 0 117.396 1.5 -7.4111e-06
14.1125 1.5 0.999999 -5.1338e-06 0 117.604 1.5 -7.70069e-06
14.1375 1.5 0.999998 -5.22058e-06 0 117.812 1.49999 -7.83086e-06
14.1625 1.5 0.999997 -5.20148e-06 0 118.021 1.49999 -7.8022e-06
14.1875 1.5 0.999997 -5.07977e-06 0 118.229 1.49999 -7.61963e-06
14.2125 1.5 0.999996 -4.86036e-06 0 118.438 1.49999 -7.29051e-06
14.2375 1.5 0.999995 -4.55011e-06 0 118.646 1.49999 -6.82514e-06
14.2625 1.5 0.999995 -4.15735e-06 0 118.854 1.49999 -6.236e-06
14.2875 1.49999 0.999994 -3.69148e-06 0 119.062 1.49999 -5.53721e-06
14.3125 1.49999 0.999993 -3.16282e-06 0 119.271 1.49998 -4.74422e-06
14.3375 1.49999 0.999993 -2.58237e-06 0 119.479 1.49998 -3.87354e-06
14.3625 1.49999 0.999992 -1.96156e-06 0 119.688 1.49998 -2.94234e-06
14.3875 1.49999 0.999992 -1.31199e-06 0 119.896 1.49998 -1.96798e-06
14.4125 1.49999 0.999992 -6.45004e-07 0 120.104 1.49998 -9.67502e-07
14.4375 1.49999 0.999992 2.89064e-08 0 120.313 1.49998 4.33594e-08
14.4625 1.49999 0.999992 6.97826e-07 0 120.521 1.49998 1.04673e-06
14.4875 1.49999 0.999992 1.34966e-06 0 120.729 1.49998 2.02448e-06
14.5125 1.49999 0.999992 1.97917e-06 0 120.938 1.49998 2.96874e-06
14.5375 1.49999 0.999992 2.58e-06 0 121.146 1.49998 3.86998e-06
14.5625 1.49999 0.999993 3.14503e-06 0 121.354 1.49998 4.71753e-06
14.5875 1.49999 0.999993 3.66777e-06 0 121.563 1.49998 5.50164e-06
14.6125 1.5 0.999994 4.14256e-06 0 121.771 1.49999 6.21382e-06
14.6375 1.5 0.999994 4.56427e-06 0 121.979 1.49999 6.84638e-06
14.6625 1.5 0.999995 4.92809e-06 0 122.187 1.49999 7.39211e-06
14.6875 1.5 0.999996 5.22952e-06 0 122.396 1.49999 7.84426e-06
14.7125 1.5 0.999996 5.46442e-06 0 122.604 1.49999 8.19662e-06
14.7375 1.5 0.999997 5.62925e-06 0 122.813 1.49999 8.44386e-06
14.7625 1.5 0.999998 5.72123e-06 0 123.021 1.49999 8.58183e-06
14.7875 1.5 0.999999 5.73821e-06 0 123.229 1.5 8.6073e-06
14.8125 1.5 0.999999 5.67863e-06 0 123.438 1.5 8.51794e-06
14.8375 1.5 1 5.54288e-06 0 123.646 1.5 8.31431e-06
14.8625 1.5 1 5.33199e-06 0 123.854 1.5 7.99798e-06
14.8875 1.5 1 5.04851e-06 0 124.062 1.5 7.57277e-06
14.9125 1.5 1 4.69654e-06 0 124.271 1.5 7.0448e-06
14.9375 1.5 1 4.28154e-06 0 124.479 1.5 6.42231e-06
14.9625 1.5 1 3.81033e-06 0 124.688 1.50001 5.7155e-06
14.9875 1.5 1 3.29099e-06 0 124.896 1.50001 4.93648e-06
15.0125 1.5 1 2.73271e-06 0 125.104 1.50001 4.09908e-06
15.0375 1.5 1 2.14571e-06 0 125.312 1.50001 3.21857e-06
15.0625 1.5 1 1.54079e-06 0 125.521 1.50001 2.31119e-06
15.0875 1.5 1 9.28967e-07 0 125.729 1.50001 1.39345e-06
15.1125 1.5 1 3.22538e-07 0 125.938 1.50001 4.83807e-07
15.1375 1.5 1 -2.65289e-07 0 126.146 1.50001 -3.97934e-07
15.1625 1.5 1 -8.25852e-07 0 126.354 1.50001 -1.23878e-06
15.1875 1.5 1 -1.3503e-06 0 126.563 1.50001 -2.02545e-06
15.2125 1.5 1 -1.8307e-06 0 126.771 1.50001 -2.74606e-06
15.2375 1.5 1 -2.25979e-06 0 126.979 1.50001 -3.38968e-06
15.2625 1.5 1 -2.63146e-06 0 127.188 1.50001 -3.94719e-06
15.2875 1.5 1 -2.94108e-06 0 127.396 1.5 -4.41162e-06
15.3125 1.5 1 -3.18545e-06 0 127.604 1.5 -4.77818e-06
15.3375 1.5 1 -3.36275e-06 0 127.813 1.5 -5.04413e-06
15.3625 1.5 1 -3.47253e-06 0 128.021 1.5 -5.20879e-06
15.3875 1.5 1 -3.51556e-06 0 128.229 1.5 -5.27334e-06
15.4125 1.5 1 -3.49377e-06 0 128.438 1.5 -5.24065e-06
15.4375 1.5 0.999999 -3.40958e-06 0 128.646 1.5 -5.11437e-06
15.4625 1.5 0.999999 -3.26604e-06 0 128.854 1.5 -4.89906e-06
15.4875 1.5 0.999998 -3.06716e-06 0 129.062 1.5 -4.60074e-06
15.5125 1.5 0.999998 -2.81753e-06 0 129.271 1.49999 -4.22628e-06
15.5375 1.5 0.999997 -2.5221e-06 0 129.479 1.49999 -3.78314e-06
15.5625 1.5 0.999997 -2.18628e-06 0 129.688 1.49999 -3.27942e-06
15.5875 1.5 0.999996 -1.81591e-06 0 129.896 1.49999 -2.72386e-06
15.6125 1.5 0.999996 -1.41706e-06 0 130.104 1.49999 -2.12559e-06
15.6375 1.5 0.999996 -9.96066e-07 0 130.312 1.49999 -1.4941e-06
15.6625 1.5 0.999996 -5.59506e-07 0 130.521 1.49999 -8.39258e-07
15.6875 1.5 0.999996 -1.14997e-07 0 130.729 1.49999 -1.72495e-07
15.7125 1.5 0.999996 3.2822e-07 0 130.938 1.49999 4.9233e-07
15.7375 1.5 0.999996 7.63273e-07 0 131.146 1.49999 1.14491e-06
15.7625 1.5 0.999996 1.18413e-06 0 131.354 1.49999 1.77619e-06
15.7875 1.5 0.999997 1.58343e-06 0 131.562 1.49999 2.37513e-06
15.8125 1.5 0.999997 1.95347e-06 0 131.771 1.49999 2.9302e-06
15.8375 1.5 0.999997 2.28697e-06 0 131.979 1.49999 3.43045e-06
15.8625 1.5 0.999998 2.57724e-06 0 132.188 1.49999 3.86585e-06
15.8875 1.5 0.999998 2.81821e-06 0 132.396 1.5 4.22732e-06
15.9125 1.5 0.999998 3.00462e-06 0 132.604 1.5 4.50693e-06
15.9375 1.5 0.999999 3.13221e-06 0 132.813 1.5 4.69832e-06
15.9625 1.5 0.999999 3.19798e-06 0 133.021 1.5 4.79697e-06
15.9875 1.5 1 3.20038e-06 0 133.229 1.5 4.80057e-06
16.0125 1.5 1 3.13937e-06 0 133.438 1.5 4.70906e-06
16.0375 1.5 1 3.01624e-06 0 133.646 1.5 4.52436e-06
16.0625 1.5 1 2.83381e-06 0 133.854 1.5 4.25072e-06
16.0875 1.5 1 2.59635e-06 0 134.063 1.5 3.89453e-06
16.1125 1.5 1 2.30945e-06 0 134.271 1.5 3.46417e-06
16.1375 1.5 1 1.97992e-06 0 134.479 1.5 2.96988e-06
16.1625 1.5 1 1.61559e-06 0 134.688 1.5 2.42338e-06
16.1875 1.5 1 1.22501e-06 0 134.896 1.5 1.83752e-06
16.2125 1.5 1 8.17196e-07 0 135.104 1.50001 1.22579e-06
16.2375 1.5 1 4.01362e-07 0 135.312 1.50001 6.02044e-07
16.2625 1.5 1 -1.24474e-08 0 135.521 1.50001 -1.86711e-08
16.2875 1.5 1 -4.13202e-07 0 135.729 1.50001 -6.19804e-07
16.3125 1.5 1 -7.93751e-07 0 135.938 1.50001 -1.19063e-06
16.3375 1.5 1 -1.14746e-06 0 136.146 1.5 -1.72119e-06
16.3625 1.5 1 -1.46735e-06 0 136.354 1.5 -2.20102e-06
16.3875 1.5 1 -1.74722e-06 0 136.562 1.5 -2.62084e-06
16.4125 1.5 1 -1.98208e-06 0 136.771 1.5 -2.97312e-06
16.4375 1.5 1 -2.1681e-06 0 136.979 1.5 -3.25215e-06
16.4625 1.5 1 -2.30258e-06 0 137.188 1.5 -3.45388e-06
16.4875 1.5 1 -2.38386e-06 0 137.396 1.5 -3.57579e-06
16.5125 1.5 1 -2.41132e-06 0 137.604 1.5 -3.61698e-06
16.5375 1.5 1 -2.38539e-06 0 137.812 1.5 -3.57809e-06
16.5625 1.5 0.999999 -2.30746e-06 0 138.021 1.5 -3.46119e-06
16.5875 1.5 0.999999 -2.17985e-06 0 138.229 1.5 -3.26977e-06
16.6125 1.5 0.999999 -2.0058e-06 0 138.438 1.5 -3.00869e-06
16.6375 1.5 0.999998 -1.78939e-06 0 138.646 1.5 -2.68408e-06
16.6625 1.5 0.999998 -1.53558e-06 0 138.854 1.5 -2.30337e-06
16.6875 1.5 0.999998 -1.25006e-06 0 139.063 1.5 -1.87509e-06
16.7125 1.5 0.999998 -9.39014e-07 0 139.271 1.5 -1.40852e-06
16.7375 1.5 0.999997 -6.09099e-07 0 139.479 1.5 -9.13647e-07
16.7625 1.5 0.999997 -2.67197e-07 0 139.688 1.49999 -4.00796e-07
16.7875 1.5 0.999997 7.83593e-08 0 139.896 1.49999 1.17539e-07
16.8125 1.5 0.999997 4.18081e-07 0 140.104 1.5 6.27121e-07
16.8375 1.5 0.999998 7.46624e-07 0 140.313 1.5 1.11994e-06
16.8625 1.5 0.999998 1.05717e-06 0 140.521 1.5 1.58575e-06
16.8875 1.5 0.999998 1.3427e-06 0 140.729 1.5 2.01405e-06
16.9125 1.5 0.999998 1.59652e-06 0 140.938 1.5 2.39478e-06
16.9375 1.5 0.999999 1.81249e-06 0 141.146 1.5 2.71873e-06
16.9625 1.5 0.999999 1.98521e-06 0 141.354 1.5 2.97781e-06
16.9875 1.5 0.999999 2.11027e-06 0 141.562 1.5 3.16541e-06
17.0125 1.5 1 2.18438e-06 0 141.771 1.5 3.27657e-06
17.0375 1.5 1 2.20527e-06 0 141.979 1.5 3.30791e-06
17.0625 1.5 1 2.17183e-06 0 142.188 1.5 3.25774e-06
17.0875 1.5 1 2.08479e-06 0 142.396 1.5 3.12719e-06
17.1125 1.5 1 1.94605e-06 0 142.604 1.5 2.91908e-06
17.1375 1.5 1 1.75886e-06 0 142.812 1.5 2.63828e-06
17.1625 1.5 1 1.52781e-06 0 143.021 1.5 2.29172e-06
17.1875 1.5 1 1.25882e-06 0 143.229 1.5 1.88823e-06
17.2125 1.5 1 9.58809e-07 0 143.438 1.5 1.43821e-06
17.2375 1.5 1 6.35514e-07 0 143.646 1.5 9.53272e-07
17.2625 1.5 1 2.97245e-07 0 143.854 1.5 4.45868e-07
17.2875 1.5 1 -4.65022e-08 0 144.062 1.5 -6.97534e-08
17.3125 1.5 1 -3.84833e-07 0 144.271 1.5 -5.7725e-07
17.3375 1.5 1 -7.10222e-07 0 144.479 1.5 -1.06533e-06
17.3625 1.5 1 -1.01503e-06 0 144.688 1.5 -1.52255e-06
17.3875 1.5 1 -1.29114e-06 0 144.896 1.5 -1.9367e-06
17.4125 1.5 1 -1.53115e-06 0 145.104 1.5 -2.29673e-06
17.4375 1.5 1 -1.72883e-06 0 145.313 1.5 -2.59325e-06
17.4625 1.5 1 -1.87908e-06 0 145.521 1.5 -2.81862e-06
17.4875 1.5 1 -1.97804e-06 0 145.729 1.5 -2.96706e-06
17.5125 1.5 1 -2.02321e-06 0 145.938 1.5 -3.03481e-06
17.5375 1.5 1 -2.01372e-06 0 146.146 1.5 -3.02058e-06
17.5625 1.5 0.999999 -1.95011e-06 0 146.354 1.5 -2.92516e-06
17.5875 1.5 0.999999 -1.83403e-06 0 146.563 1.5 -2.75105e-06
17.6125 1.5 0.999999 -1.66884e-06 0 146.771 1.5 -2.50326e-06
17.6375 1.5 0.999999 -1.45908e-06 0 146.979 1.5 -2.18862e-06
17.6625 1.5 0.999998 -1.21034e-06 0 147.188 1.5 -1.81551e-06
17.6875 1.5 0.999998 -9.29182e-07 0 147.396 1.5 -1.39377e-06
17.7125 1.5 0.999998 -6.23075e-07 0 147.604 1.5 -9.34612e-07
17.7375 1.5 0.999998 -3.00144e-07 0 147.812 1.5 -4.50215e-07
17.7625 1.5 0.999998 3.10208e-08 0 148.021 1.5 4.65312e-08
17.7875 1.5 0.999998 3.59986e-07 0 148.229 1.5 5.39978e-07
17.8125 1.5 0.999998 6.78173e-07 0 148.438 1.5 1.01726e-06
17.8375 1.5 0.999998 9.78794e-07 0 148.646 1.5 1.46819e-06
17.8625 1.5 0.999998 1.25399e-06 0 148.854 1.5 1.88099e-06
17.8875 1.5 0.999999 1.49631e-06 0 149.062 1.5 2.24447e-06
17.9125 1.5 0.999999 1.69907e-06 0 149.271 1.5 2.54861e-06
17.9375 1.5 0.999999 1.85655e-06 0 149.479 1.5 2.78482e-06
17.9625 1.5 1 1.96417e-06 0 149.688 1.5 2.94626e-06
17.9875 1.5 1 2.01864e-06 0 149.896 1.5 3.02795e-06
18.0125 1.5 1 2.01808e-06 0 150.104 1.5 3.02712e-06
18.0375 1.5 1 1.96189e-06 0 150.312 1.5 2.94284e-06
18.0625 1.5 1 1.85065e-06 0 150.521 1.5 2.77598e-06
18.0875 1.5 1 1.68672e-06 0 150.729 1.5 2.53008e-06
18.1125 1.5 1 1.47392e-06 0 150.938 1.5 2.21088e-06
18.1375 1.5 1 1.2174e-06 0 151.146 1.5 1.8261e-06
18.1625 1.5 1 9.23579e-07 0 151.354 1.5 1.38537e-06
18.1875 1.5 1 6.00121e-07 0 151.563 1.5 9.00182e-07
18.2125 1.5 1 2.55609e-07 0 151.771 1.5 3.83414e-07
18.2375 1.5 1 -9.93668e-08 0 151.979 1.5 -1.4905e-07
18.2625 1.5 1 -4.5311e-07 0 152.188 1.5 -6.79665e-07
18.2875 1.5 1 -7.97669e-07 0 152.396 1.5 -1.1965e-06
18.3125 1.5 1 -1.12336e-06 0 152.604 1.5 -1.68503e-06
18.3375 1.5 1 -1.42024e-06 0 152.813 1.5 -2.13036e-06
18.3625 1.5 1 -1.67894e-06 0 153.021 1.5 -2.51841e-06
18.3875 1.5 1 -1.89108e-06 0 153.229 1.5 -2.83662e-06
18.4125 1.5 1 -2.04952e-06 0 153.438 1.5 -3.07428e-06
18.4375 1.5 1 -2.14846e-06 0 153.646 1.5 -3.22268e-06
18.4625 1.5 1 -2.18369e-06 0 153.854 1.5 -3.27554e-06
18.4875 1.5 0.999999 -2.15283e-06 0 154.062 1.5 -3.22924e-06
18.5125 1.5 0.999999 -2.05577e-06 0 154.271 1.5 -3.08366e-06
18.5375 1.5 0.999999 -1.89433e-06 0 154.479 1.5 -2.84149e-06
18.5625 1.5 0.999998 -1.67242e-06 0 154.688 1.5 -2.50863e-06
18.5875 1.5 0.999998 -1.3959e-06 0 154.896 1.5 -2.09385e-06
18.6125 1.5 0.999998 -1.07242e-06 0 155.104 1.5 -1.60863e-06
18.6375 1.5 0.999998 -7.11192e-07 0 155.312 1.5 -1.06679e-06
18.6625 1.5 0.999998 -3.22656e-07 0 155.521 1.5 -4.83984e-07
18.6875 1.5 0.999998 8.06507e-08 0 155.729 1.5 1.20976e-07
18.7125 1.5 0.999998 4.83784e-07 0 155.938 1.5 7.25676e-07
18.7375 1.5 0.999998 8.76123e-07 0 156.146 1.5 1.31418e-06
18.7625 1.5 0.999998 1.2459e-06 0 156.354 1.5 1.86884e-06
18.7875 1.5 0.999998 1.58067e-06 0 156.563 1.5 2.37101e-06
18.8125 1.5 0.999999 1.86885e-06 0 156.771 1.5 2.80327e-06
18.8375 1.5 0.999999 2.10023e-06 0 156.979 1.5 3.15035e-06
18.8625 1.5 0.999999 2.26653e-06 0 157.188 1.5 3.39979e-06
18.8875 1.5 1 2.36172e-06 0 157.396 1.5 3.54258e-06
18.9125 1.5 1 2.38205e-06 0 157.604 1.5 3.57308e-06
18.9375 1.5 1 2.32587e-06 0 157.813 1.5 3.48881e-06
18.9625 1.5 1 2.19417e-06 0 158.021 1.5 3.29126e-06
18.9875 1.5 1 1.99022e-06 0 158.229 1.5 2.98533e-06
19.0125 1.5 1 1.71985e-06 0 158.438 1.5 2.57977e-06
19.0375 1.5 1 1.39132e-06 0 158.646 1.5 2.08699e-06
19.0625 1.5 1 1.01492e-06 0 158.854 1.5 1.52237e-06
19.0875 1.5 1 6.02488e-07 0 159.063 1.5 9.03732e-07
19.1125 1.5 1 1.6732e-07 0 159.271 1.5 2.50981e-07
19.1375 1.5 1 -2.75594e-07 0 159.479 1.5 -4.13391e-07
19.1625 1.5 1 -7.09164e-07 0 159.688 1.5 -1.06375e-06
19.1875 1.5 1 -1.12049e-06 0 159.896 1.5 -1.68073e-06
19.2125 1.5 1 -1.49722e-06 0 160.104 1.5 -2.24583e-06
19.2375 1.5 1 -1.82663e-06 0 160.312 1.5 -2.73995e-06
19.2625 1.5 1 -2.09753e-06 0 160.521 1.5 -3.14629e-06
19.2875 1.5 1 -2.3006e-06 0 160.729 1.5 -3.4509e-06
19.3125 1.5 1 -2.42854e-06 0 160.938 1.5 -3.64281e-06
19.3375 1.5 1 -2.47649e-06 0 161.146 1.5 -3.71473e-06
19.3625 1.5 1 -2.44238e-06 0 161.354 1.5 -3.66356e-06
19.3875 1.5 0.999999 -2.32722e-06 0 161.562 1.5 -3.49083e-06
19.4125 1.5 0.999999 -2.13402e-06 0 161.771 1.5 -3.20102e-06
19.4375 1.5 0.999999 -1.86903e-06 0 161.979 1.5 -2.80354e-06
19.4625 1.5 0.999998 -1.54108e-06 0 162.188 1.5 -2.31161e-06
19.4875 1.5 0.999998 -1.16126e-06 0 162.396 1.5 -1.74189e-06
19.5125 1.5 0.999998 -7.42463e-07 0 162.604 1.5 -1.11369e-06
19.5375 1.5 0.999997 -2.98787e-07 0 162.813 1.5 -4.48181e-07
19.5625 1.5 0.999997 1.55511e-07 0 163.021 1.5 2.33267e-07
19.5875 1.5 0.999997 6.03239e-07 0 163.229 1.5 9.04858e-07
19.6125 1.5 0.999997 1.02728e-06 0 163.438 1.5 1.54092e-06
19.6375 1.5 0.999998 1.41693e-06 0 163.646 1.5 2.1254e-06
19.6625 1.5 0.999998 1.75937e-06 0 163.854 1.5 2.63906e-06
19.6875 1.5 0.999998 2.04307e-06 0 164.063 1.5 3.06461e-06
19.7125 1.5 0.999999 2.25842e-06 0 164.271 1.5 3.38763e-06
19.7375 1.5 0.999999 2.39803e-06 0 164.479 1.5 3.59704e-06
19.7625 1.5 0.999999 2.45704e-06 0 164.688 1.5 3.68555e-06
19.7875 1.5 1 2.43375e-06 0 164.896 1.5 3.65062e-06
19.8125 1.5 1 2.32941e-06 0 165.104 1.5 3.49412e-06
19.8375 1.5 1 2.14699e-06 0 165.313 1.5 3.22048e-06
19.8625 1.5 1 1.89256e-06 0 165.521 1.5 2.83885e-06
19.8875 1.5 1 1.57487e-06 0 165.729 1.5 2.3623e-06
19.9125 1.5 1 1.20484e-06 0 165.938 1.5 1.80726e-06
19.9375 1.5 1 7.95258e-07 0 166.146 1.5 1.19289e-06
19.9625 1.5 1 3.60126e-07 0 166.354 1.50001 5.4019e-07
19.9875 1.5 1 -8.64516e-08 0 166.562 1.50001 -1.29677e-07
