-19.9875 1.5 1.00001 9.7064e-08 0 -117.574 1.50001 1.45596e-07
-19.9625 1.5 1.00001 -3.45971e-08 0 -117.426 1.50001 -5.18957e-08
-19.9375 1.5 1.00001 -1.17701e-07 0 -117.279 1.50002 -1.76551e-07
-19.9125 1.5 1.00001 -1.59333e-07 0 -117.132 1.50002 -2.39e-07
-19.8875 1.5 1.00001 -1.67496e-07 0 -116.985 1.50002 -2.51244e-07
-19.8625 1.5 1.00001 -1.49445e-07 0 -116.838 1.50002 -2.24168e-07
-19.8375 1.5 1.00001 -1.15707e-07 0 -116.691 1.50002 -1.73561e-07
-19.8125 1.5 1.00001 -8.38253e-08 0 -116.544 1.50002 -1.25738e-07
-19.7875 1.5 1.00001 -6.28503e-08 0 -116.397 1.50001 -9.42755e-08
-19.7625 1.5 1.00001 -5.96636e-08 0 -116.25 1.50001 -8.94955e-08
-19.7375 1.5 1.00001 -8.06486e-08 0 -116.103 1.50001 -1.20973e-07
-19.7125 1.5 1.00001 -1.33324e-07 0 -115.956 1.50001 -1.99986e-07
-19.6875 1.5 1 -2.22603e-07 0 -115.809 1.50001 -3.33905e-07
-19.6625 1.5 1 -3.52974e-07 0 -115.662 1.50001 -5.29461e-07
-19.6375 1.5 1 -5.26232e-07 0 -115.515 1.5 -7.89349e-07
-19.6125 1.5 1 -7.41893e-07 0 -115.368 1.5 -1.11284e-06
-19.5875 1.5 0.999999 -9.95874e-07 0 -115.221 1.5 -1.49381e-06
-19.5625 1.5 0.999998 -1.28222e-06 0 -115.074 1.5 -1.92334e-06
-19.5375 1.5 0.999997 -1.59436e-06 0 -114.926 1.5 -2.39154e-06
-19.5125 1.5 0.999996 -1.92455e-06 0 -114.779 1.49999 -2.88683e-06
-19.4875 1.5 0.999995 -2.26391e-06 0 -114.632 1.49999 -3.39587e-06
-19.4625 1.5 0.999994 -2.60228e-06 0 -114.485 1.49999 -3.90342e-06
-19.4375 1.5 0.999993 -2.92845e-06 0 -114.338 1.49999 -4.39268e-06
-19.4125 1.5 0.999993 -3.23052e-06 0 -114.191 1.49999 -4.84579e-06
-19.3875 1.5 0.999992 -3.49641e-06 0 -114.044 1.49999 -5.24461e-06
-19.3625 1.5 0.999992 -3.71555e-06 0 -113.897 1.49999 -5.57333e-06
-19.3375 1.5 0.999992 -3.87596e-06 0 -113.75 1.49999 -5.81394e-06
-19.3125 1.5 0.999992 -3.97011e-06 0 -113.603 1.49999 -5.95516e-06
-19.2875 1.5 0.999993 -3.98484e-06 0 -113.456 1.49999 -5.97725e-06
-19.2625 1.5 0.999993 -3.91185e-06 0 -113.309 1.49999 -5.86777e-06
-19.2375 1.5 0.999994 -3.74597e-06 0 -113.162 1.49999 -5.61895e-06
-19.2125 1.5 0.999994 -3.48546e-06 0 -113.015 1.49999 -5.22819e-06
-19.1875 1.5 0.999995 -3.13134e-06 0 -112.868 1.49999 -4.69701e-06
-19.1625 1.5 0.999996 -2.68639e-06 0 -112.721 1.49999 -4.02958e-06
-19.1375 1.5 0.999997 -2.15592e-06 0 -112.574 1.49999 -3.23387e-06
-19.1125 1.5 0.999998 -1.54862e-06 0 -112.426 1.49999 -2.32293e-06
-19.0875 1.5 0.999999 -8.76486e-07 0 -112.279 1.5 -1.31473e-06
-19.0625 1.5 1 -1.535e-07 0 -112.132 1.5 -2.30249e-07
-19.0375 1.5 1 6.0467e-07 0 -111.985 1.5 9.07003e-07
-19.0125 1.5 1 1.37981e-06 0 -111.838 1.5 2.06971e-06
-18.9875 1.5 1 2.15354e-06 0 -111.691 1.5 3.23031e-06
-18.9625 1.5 1 2.90764e-06 0 -111.544 1.5 4.36145e-06
-18.9375 1.5 1 3.62411e-06 0 -111.397 1.5 5.43616e-06
-18.9125 1.5 1 4.28548e-06 0 -111.25 1.50001 6.42821e-06
-18.8875 1.5 1.00001 4.87513e-06 0 -111.103 1.50001 7.31268e-06
-18.8625 1.5 1.00001 5.37774e-06 0 -110.956 1.50001 8.06661e-06
-18.8375 1.5 1.00001 5.78112e-06 0 -110.809 1.50001 8.67167e-06
-18.8125 1.5 1.00001 6.07395e-06 0 -110.662 1.50001 9.11093e-06
-18.7875 1.5 1.00001 6.24458e-06 0 -110.515 1.50001 9.36687e-06
-18.7625 1.5 1 6.28342e-06 0 -110.368 1.50001 9.42513e-06
-18.7375 1.5 1 6.18644e-06 0 -110.221 1.50001 9.27967e-06
-18.7125 1.5 1 5.95194e-06 0 -110.074 1.50001 8.92792e-06
-18.6875 1.5 1 5.58221e-06 0 -109.926 1.50001 8.37333e-06
-18.6625 1.5 1 5.08295e-06 0 -109.779 1.50001 7.62444e-06
-18.6375 1.5 1 4.4627e-06 0 -109.632 1.50001 6.69406e-06
-18.6125 1.5 1 3.7331e-06 0 -109.485 1.5 5.59967e-06
-18.5875 1.5 1 2.90916e-06 0 -109.338 1.5 4.36375e-06
-18.5625 1.5 1 2.00894e-06 0 -109.191 1.5 3.01342e-06
-18.5375 1.5 0.999999 1.05177e-06 0 -109.044 1.5 1.57767e-06
-18.5125 1.5 0.999999 5.72554e-08 0 -108.897 1.5 8.58833e-08
-18.4875 1.5 0.999998 -9.51691e-07 0 -108.75 1.5 -1.42754e-06
-18.4625 1.5 0.999998 -1.9515e-06 0 -108.603 1.5 -2.92725e-06
-18.4375 1.5 0.999997 -2.91908e-06 0 -108.456 1.5 -4.37863e-06
-18.4125 1.5 0.999997 -3.8321e-06 0 -108.309 1.5 -5.74817e-06
-18.3875 1.5 0.999997 -4.66948e-06 0 -108.162 1.5 -7.00424e-06
-18.3625 1.5 0.999997 -5.41218e-06 0 -108.015 1.5 -8.11828e-06
-18.3375 1.5 0.999997 -6.04434e-06 0 -107.868 1.5 -9.06652e-06
-18.3125 1.5 0.999997 -6.55047e-06 0 -107.721 1.5 -9.82571e-06
-18.2875 1.5 0.999997 -6.91501e-06 0 -107.574 1.5 -1.03725e-05
-18.2625 1.5 0.999997 -7.12813e-06 0 -107.426 1.5 -1.06922e-05
-18.2375 1.5 0.999998 -7.18383e-06 0 -107.279 1.5 -1.07757e-05
-18.2125 1.5 0.999998 -7.07996e-06 0 -107.132 1.5 -1.06199e-05
-18.1875 1.5 0.999999 -6.81808e-06 0 -106.985 1.5 -1.02271e-05
-18.1625 1.5 0.999999 -6.40372e-06 0 -106.838 1.5 -9.60557e-06
-18.1375 1.5 1 -5.8461e-06 0 -106.691 1.5 -8.76914e-06
-18.1125 1.5 1 -5.15771e-06 0 -106.544 1.5 -7.73655e-06
-18.0875 1.5 1 -4.3541e-06 0 -106.397 1.5 -6.53114e-06
-18.0625 1.5 1 -3.45305e-06 0 -106.25 1.5 -5.17956e-06
-18.0375 1.5 1 -2.47482e-06 0 -106.103 1.5 -3.71222e-06
-18.0125 1.5 1 -1.44125e-06 0 -105.956 1.5 -2.16187e-06
-17.9875 1.5 1 -3.73838e-07 0 -105.809 1.5 -5.60755e-07
-17.9625 1.5 1 7.04059e-07 0 -105.662 1.5 1.05609e-06
-17.9375 1.5 1 1.76747e-06 0 -105.515 1.5 2.65121e-06
-17.9125 1.5 1 2.79261e-06 0 -105.368 1.5 4.18891e-06
-17.8875 1.5 1 3.75836e-06 0 -105.221 1.5 5.63753e-06
-17.8625 1.5 1 4.64475e-06 0 -105.074 1.5 6.96712e-06
-17.8375 1.5 1 5.4291e-06 0 -104.926 1.5 8.14363e-06
-17.8125 1.5 1 6.09387e-06 0 -104.779 1.5 9.14079e-06
-17.7875 1.5 1 6.6241e-06 0 -104.632 1.5 9.93613e-06
-17.7625 1.5 1 7.00754e-06 0 -104.485 1.5 1.05113e-05
-17.7375 1.5 1 7.23513e-06 0 -104.338 1.5 1.08527e-05
-17.7125 1.5 1 7.30132e-06 0 -104.191 1.5 1.0952e-05
-17.6875 1.5 1 7.20437e-06 0 -104.044 1.5 1.08066e-05
-17.6625 1.5 1 6.9462e-06 0 -103.897 1.5 1.04193e-05
-17.6375 1.5 0.999999 6.5329e-06 0 -103.75 1.5 9.79937e-06
-17.6125 1.5 0.999999 5.97434e-06 0 -103.603 1.5 8.96152e-06
-17.5875 1.5 0.999998 5.28324e-06 0 -103.456 1.5 7.92487e-06
-17.5625 1.5 0.999998 4.47531e-06 0 -103.309 1.5 6.71298e-06
-17.5375 1.5 0.999998 3.56901e-06 0 -103.162 1.5 5.35353e-06
-17.5125 1.5 0.999997 2.58538e-06 0 -103.015 1.5 3.87808e-06
-17.4875 1.5 0.999997 1.54709e-06 0 -102.868 1.5 2.32064e-06
-17.4625 1.5 0.999997 4.76158e-07 0 -102.721 1.5 7.14238e-07
-17.4375 1.5 0.999997 -6.04734e-07 0 -102.574 1.5 -9.07103e-07
-17.4125 1.5 0.999997 -1.67195e-06 0 -102.426 1.5 -2.50793e-06
-17.3875 1.5 0.999997 -2.69941e-06 0 -102.279 1.5 -4.04913e-06
-17.3625 1.5 0.999998 -3.66326e-06 0 -102.132 1.5 -5.4949e-06
-17.3375 1.5 0.999998 -4.54217e-06 0 -101.985 1.5 -6.81327e-06
-17.3125 1.5 0.999998 -5.31688e-06 0 -101.838 1.5 -7.97533e-06
-17.2875 1.5 0.999999 -5.97067e-06 0 -101.691 1.5 -8.95602e-06
-17.2625 1.5 0.999999 -6.48976e-06 0 -101.544 1.5 -9.73465e-06
-17.2375 1.5 0.999999 -6.86335e-06 0 -101.397 1.5 -1.0295e-05
-17.2125 1.5 1 -7.08384e-06 0 -101.25 1.5 -1.06258e-05
-17.1875 1.5 1 -7.14709e-06 0 -101.103 1.5 -1.07206e-05
-17.1625 1.5 1 -7.0528e-06 0 -100.956 1.5 -1.05792e-05
-17.1375 1.5 1 -6.80413e-06 0 -100.809 1.5 -1.02062e-05
-17.1125 1.5 1 -6.40707e-06 0 -100.662 1.5 -9.61059e-06
-17.0875 1.5 1 -5.87083e-06 0 -100.515 1.5 -8.80623e-06
-17.0625 1.5 1 -5.20752e-06 0 -100.368 1.5 -7.81127e-06
-17.0375 1.5 1 -4.43192e-06 0 -100.221 1.5 -6.64787e-06
-17.0125 1.5 1 -3.56123e-06 0 -100.074 1.5 -5.34184e-06
-16.9875 1.5 1 -2.61482e-06 0 -99.9265 1.5 -3.92222e-06
-16.9625 1.5 1 -1.61332e-06 0 -99.7794 1.5 -2.41997e-06
-16.9375 1.5 1 -5.76121e-07 0 -99.6324 1.5 -8.6418e-07
-16.9125 1.5 1 4.76687e-07 0 -99.4853 1.5 7.15028e-07
-16.8875 1.5 1 1.51908e-06 0 -99.3382 1.5 2.27862e-06
-16.8625 1.5 1 2.52662e-06 0 -99.1912 1.5 3.78993e-06
-16.8375 1.5 1 3.47687e-06 0 -99.0441 1.5 5.21529e-06
-16.8125 1.5 1 4.34883e-06 0 -98.8971 1.5 6.52323e-06
-16.7875 1.5 1 5.12332e-06 0 -98.75 1.5 7.68497e-06
-16.7625 1.5 1 5.78338e-06 0 -98.6029 1.5 8.67506e-06
-16.7375 1.5 1 6.31455e-06 0 -98.4559 1.5 9.47181e-06
-16.7125 1.5 1 6.7052e-06 0 -98.3088 1.5 1.00578e-05
-16.6875 1.5 1 6.9469e-06 0 -98.1618 1.5 1.04203e-05
-16.6625 1.5 0.999999 7.03486e-06 0 -98.0147 1.5 1.05523e-05
-16.6375 1.5 0.999999 6.96825e-06 0 -97.8676 1.5 1.04524e-05
-16.6125 1.5 0.999998 6.74966e-06 0 -97.7206 1.5 1.01245e-05
-16.5875 1.5 0.999998 6.38445e-06 0 -97.5735 1.5 9.57668e-06
-16.5625 1.5 0.999998 5.88132e-06 0 -97.4265 1.5 8.82199e-06
-16.5375 1.5 0.999997 5.25204e-06 0 -97.2794 1.5 7.87807e-06
-16.5125 1.5 0.999997 4.51112e-06 0 -97.1324 1.5 6.76669e-06
-16.4875 1.5 0.999997 3.67534e-06 0 -96.9853 1.5 5.51302e-06
-16.4625 1.5 0.999996 2.76346e-06 0 -96.8382 1.5 4.14521e-06
-16.4375 1.5 0.999996 1.79569e-06 0 -96.6912 1.5 2.69353e-06
-16.4125 1.5 0.999996 7.91148e-07 0 -96.5441 1.5 1.18672e-06
-16.3875 1.5 0.999996 -2.3182e-07 0 -96.3971 1.5 -3.47731e-07
-16.3625 1.5 0.999996 -1.24926e-06 0 -96.25 1.5 -1.87389e-06
-16.3375 1.5 0.999997 -2.2374e-06 0 -96.1029 1.5 -3.35611e-06
-16.3125 1.5 0.999997 -3.17522e-06 0 -95.9559 1.5 -4.76284e-06
-16.2875 1.5 0.999997 -4.04301e-06 0 -95.8088 1.5 -6.06453e-06
-16.2625 1.5 0.999997 -4.82276e-06 0 -95.6618 1.5 -7.23415e-06
-16.2375 1.5 0.999998 -5.49831e-06 0 -95.5147 1.5 -8.24748e-06
-16.2125 1.5 0.999998 -6.05568e-06 0 -95.3676 1.5 -9.08353e-06
-16.1875 1.5 0.999999 -6.4833e-06 0 -95.2206 1.5 -9.72495e-06
-16.1625 1.5 0.999999 -6.77229e-06 0 -95.0735 1.5 -1.01584e-05
-16.1375 1.5 1 -6.91674e-06 0 -94.9265 1.5 -1.03751e-05
-16.1125 1.5 1 -6.91385e-06 0 -94.7794 1.5 -1.03708e-05
-16.0875 1.5 1 -6.76427e-06 0 -94.6324 1.5 -1.01464e-05
-16.0625 1.5 1 -6.47155e-06 0 -94.4853 1.5 -9.70731e-06
-16.0375 1.5 1 -6.042e-06 0 -94.3382 1.5 -9.06298e-06
-16.0125 1.5 1 -5.48502e-06 0 -94.1912 1.5 -8.22751e-06
-15.9875 1.5 1 -4.81293e-06 0 -94.0441 1.5 -7.21938e-06
-15.9625 1.5 1 -4.04044e-06 0 -93.8971 1.5 -6.06064e-06
-15.9375 1.5 1 -3.18428e-06 0 -93.75 1.5 -4.77642e-06
-15.9125 1.5 1 -2.26304e-06 0 -93.6029 1.5 -3.39456e-06
-15.8875 1.5 1 -1.29623e-06 0 -93.4559 1.5 -1.94435e-06
-15.8625 1.5 1 -3.02686e-07 0 -93.3088 1.5 -4.54028e-07
-15.8375 1.5 1 6.96917e-07 0 -93.1618 1.5 1.04537e-06
-15.8125 1.5 1 1.68215e-06 0 -93.0147 1.5 2.52321e-06
-15.7875 1.5 1 2.62943e-06 0 -92.8676 1.5 3.94413e-06
-15.7625 1.5 1 3.51799e-06 0 -92.7206 1.5 5.27697e-06
-15.7375 1.5 1 4.32901e-06 0 -92.5735 1.5 6.4935e-06
-15.7125 1.5 1 5.04554e-06 0 -92.4265 1.5 7.5683e-06
-15.6875 1.5 1 5.65285e-06 0 -92.2794 1.5 8.47927e-06
-15.6625 1.5 1 6.13887e-06 0 -92.1324 1.5 9.20829e-06
-15.6375 1.5 1 6.49439e-06 0 -91.9853 1.5 9.74158e-06
-15.6125 1.5 1 6.71305e-06 0 -91.8382 1.5 1.00696e-05
-15.5875 1.5 1 6.79144e-06 0 -91.6912 1.5 1.01872e-05
-15.5625 1.5 1 6.72918e-06 0 -91.5441 1.5 1.00938e-05
-15.5375 1.5 1 6.52926e-06 0 -91.3971 1.5 9.7939e-06
-15.5125 1.5 0.999999 6.19689e-06 0 -91.25 1.5 9.29534e-06
-15.4875 1.5 0.999999 5.74025e-06 0 -91.1029 1.5 8.61039e-06
-15.4625 1.5 0.999998 5.16981e-06 0 -90.9559 1.5 7.75472e-06
-15.4375 1.5 0.999998 4.49808e-06 0 -90.8088 1.5 6.74713e-06
-15.4125 1.5 0.999997 3.7392e-06 0 -90.6618 1.5 5.60882e-06
-15.3875 1.5 0.999997 2.90879e-06 0 -90.5147 1.5 4.3632e-06
-15.3625 1.5 0.999996 2.02399e-06 0 -90.3676 1.5 3.036e-06
-15.3375 1.5 0.999996 1.10271e-06 0 -90.2206 1.5 1.65408e-06
-15.3125 1.5 0.999996 1.62396e-07 0 -90.0735 1.5 2.43594e-07
-15.2875 1.5 0.999996 -7.76681e-07 0 -89.9265 1.5 -1.16502e-06
-15.2625 1.5 0.999996 -1.69475e-06 0 -89.7794 1.5 -2.54213e-06
-15.2375 1.5 0.999996 -2.57379e-06 0 -89.6324 1.5 -3.8607e-06
-15.2125 1.5 0.999996 -3.39752e-06 0 -89.4853 1.5 -5.0963e-06
-15.1875 1.5 0.999996 -4.14749e-06 0 -89.3382 1.5 -6.22125e-06
-15.1625 1.5 0.999996 -4.8084e-06 0 -89.1912 1.5 -7.21262e-06
-15.1375 1.5 0.999996 -5.36729e-06 0 -89.0441 1.5 -8.05094e-06
-15.1125 1.5 0.999997 -5.81322e-06 0 -88.8971 1.5 -8.71984e-06
-15.0875 1.5 0.999997 -6.13754e-06 0 -88.75 1.5 -9.20631e-06
-15.0625 1.5 0.999998 -6.33422e-06 0 -88.6029 1.5 -9.50133e-06
-15.0375 1.5 0.999998 -6.40027e-06 0 -88.4559 1.5 -9.60041e-06
-15.0125 1.5 0.999999 -6.33587e-06 0 -88.3088 1.5 -9.5038e-06
-14.9875 1.5 0.999999 -6.14421e-06 0 -88.1618 1.5 -9.21631e-06
-14.9625 1.5 1 -5.83124e-06 0 -88.0147 1.5 -8.74686e-06
-14.9375 1.5 1 -5.40571e-06 0 -87.8676 1.5 -8.10856e-06
-14.9125 1.5 1 -4.87874e-06 0 -87.7206 1.5 -7.31811e-06
-14.8875 1.5 1 -4.26322e-06 0 -87.5735 1.5 -6.39482e-06
-14.8625 1.5 1 -3.57285e-06 0 -87.4265 1.5 -5.35927e-06
-14.8375 1.5 1 -2.82246e-06 0 -87.2794 1.5 -4.23368e-06
-14.8125 1.5 1 -2.02805e-06 0 -87.1324 1.5 -3.04207e-06
-14.7875 1.5 1 -1.20657e-06 0 -86.9853 1.5 -1.80986e-06
-14.7625 1.5 1 -3.74555e-07 0 -86.8382 1.5 -5.61831e-07
-14.7375 1.5 1 4.5145e-07 0 -86.6912 1.5 6.77174e-07
-14.7125 1.5 1 1.25418e-06 0 -86.5441 1.5 1.88127e-06
-14.6875 1.5 1.00001 2.01803e-06 0 -86.3971 1.5 3.02704e-06
-14.6625 1.5 1.00001 2.7291e-06 0 -86.25 1.5 4.09364e-06
-14.6375 1.5 1.00001 3.37583e-06 0 -86.1029 1.50001 5.06374e-06
-14.6125 1.5 1.00001 3.94912e-06 0 -85.9559 1.50001 5.92366e-06
-14.5875 1.5 1.00001 4.43799e-06 0 -85.8088 1.50001 6.65698e-06
-14.5625 1.5 1 4.8329e-06 0 -85.6618 1.50001 7.24935e-06
-14.5375 1.5 1 5.12785e-06 0 -85.5147 1.50001 7.69177e-06
-14.5125 1.5 1 5.31925e-06 0 -85.3676 1.50001 7.97887e-06
-14.4875 1.5 1 5.40615e-06 0 -85.2206 1.5 8.10923e-06
-14.4625 1.5 1 5.38994e-06 0 -85.0735 1.5 8.08491e-06
-14.4375 1.5 1 5.27386e-06 0 -84.9265 1.5 7.9108e-06
-14.4125 1.5 1 5.06313e-06 0 -84.7794 1.5 7.5947e-06
-14.3875 1.5 1 4.76428e-06 0 -84.6324 1.5 7.14642e-06
-14.3625 1.5 1 4.3853e-06 0 -84.4853 1.5 6.57795e-06
-14.3375 1.5 0.999999 3.93574e-06 0 -84.3382 1.5 5.90361e-06
-14.3125 1.5 0.999999 3.42612e-06 0 -84.1912 1.5 5.13918e-06
-14.2875 1.5 0.999998 2.86846e-06 0 -84.0441 1.5 4.30269e-06
-14.2625 1.5 0.999997 2.2757e-06 0 -83.8971 1.5 3.41356e-06
-14.2375 1.5 0.999996 1.661e-06 0 -83.75 1.5 2.49151e-06
-14.2125 1.5 0.999996 1.03705e-06 0 -83.6029 1.5 1.55558e-06
-14.1875 1.5 0.999995 4.15271e-07 0 -83.4559 1.5 6.22908e-07
-14.1625 1.5 0.999995 -1.92968e-07 0 -83.3088 1.49999 -2.89453e-07
-14.1375 1.5 0.999994 -7.76147e-07 0 -83.1618 1.49999 -1.16422e-06
-14.1125 1.5 0.999994 -1.32402e-06 0 -83.0147 1.49999 -1.98604e-06
-14.0875 1.5 0.999994 -1.82773e-06 0 -82.8676 1.49999 -2.74159e-06
-14.0625 1.5 0.999994 -2.28066e-06 0 -82.7206 1.49999 -3.42099e-06
-14.0375 1.5 0.999994 -2.67651e-06 0 -82.5735 1.49999 -4.01477e-06
-14.0125 1.5 0.999994 -3.01209e-06 0 -82.4265 1.49999 -4.51814e-06
-13.9875 1.5 0.999994 -3.2821e-06 0 -82.2794 1.49999 -4.92315e-06
-13.9625 1.5 0.999994 -3.48681e-06 0 -82.1324 1.49999 -5.23023e-06
-13.9375 1.5 0.999995 -3.6277e-06 0 -81.9853 1.49999 -5.44155e-06
-13.9125 1.5 0.999995 -3.70708e-06 0 -81.8382 1.49999 -5.56063e-06
-13.8875 1.5 0.999996 -3.72825e-06 0 -81.6912 1.49999 -5.59238e-06
-13.8625 1.5 0.999997 -3.69527e-06 0 -81.5441 1.5 -5.54291e-06
-13.8375 1.5 0.999998 -3.6124e-06 0 -81.3971 1.5 -5.4186e-06
-13.8125 1.5 0.999998 -3.48414e-06 0 -81.25 1.5 -5.2262e-06
-13.7875 1.5 0.999999 -3.31561e-06 0 -81.1029 1.5 -4.97342e-06
-13.7625 1.5 1 -3.11237e-06 0 -80.9559 1.5 -4.66855e-06
-13.7375 1.5 1 -2.88016e-06 0 -80.8088 1.5 -4.32024e-06
-13.7125 1.5 1 -2.62554e-06 0 -80.6618 1.5 -3.93831e-06
-13.6875 1.5 1 -2.3538e-06 0 -80.5147 1.5 -3.53069e-06
-13.6625 1.5 1 -2.06912e-06 0 -80.3676 1.5 -3.10368e-06
-13.6375 1.5 1 -1.77505e-06 0 -80.2206 1.50001 -2.66257e-06
-13.6125 1.5 1.00001 -1.4749e-06 0 -80.0735 1.50001 -2.21234e-06
-13.5875 1.5 1.00001 -1.17205e-06 0 -79.9265 1.50001 -1.75807e-06
-13.5625 1.5 1.00001 -8.69999e-07 0 -79.7794 1.50001 -1.305e-06
-13.5375 1.5 1.00001 -5.71916e-07 0 -79.6324 1.50001 -8.57873e-07
-13.5125 1.5 1.00001 -2.80532e-07 0 -79.4853 1.50001 -4.20798e-07
-13.4875 1.5 1.00001 2.25745e-09 0 -79.3382 1.50001 3.38617e-09
-13.4625 1.5 1.00001 2.75562e-07 0 -79.1912 1.50001 4.13343e-07
-13.4375 1.5 1.00001 5.42529e-07 0 -79.0441 1.50001 8.13793e-07
-13.4125 1.5 1.00001 8.00385e-07 0 -78.8971 1.50001 1.20058e-06
-13.3875 1.5 1.00001 1.05058e-06 0 -78.75 1.50001 1.57586e-06
-13.3625 1.5 1.00001 1.29458e-06 0 -78.6029 1.50001 1.94186e-06
-13.3375 1.5 1 1.53373e-06 0 -78.4559 1.50001 2.30059e-06
-13.3125 1.5 1 1.76852e-06 0 -78.3088 1.5 2.65277e-06
-13.2875 1.5 1 1.99845e-06 0 -78.1618 1.5 2.99767e-06
-13.2625 1.5 1 2.22215e-06 0 -78.0147 1.5 3.33323e-06
-13.2375 1.5 1 2.43751e-06 0 -77.8676 1.5 3.65627e-06
-13.2125 1.5 1 2.64191e-06 0 -77.7206 1.5 3.96286e-06
-13.1875 1.5 1 2.83199e-06 0 -77.5735 1.5 4.24798e-06
-13.1625 1.5 0.999999 3.00419e-06 0 -77.4265 1.5 4.50629e-06
-13.1375 1.5 0.999998 3.15357e-06 0 -77.2794 1.5 4.73036e-06
-13.1125 1.5 0.999997 3.27507e-06 0 -77.1324 1.5 4.9126e-06
-13.0875 1.5 0.999997 3.36367e-06 0 -76.9853 1.5 5.0455e-06
-13.0625 1.5 0.999996 3.41497e-06 0 -76.8382 1.49999 5.12246e-06
-13.0375 1.5 0.999995 3.42591e-06 0 -76.6912 1.49999 5.13887e-06
-13.0125 1.5 0.999995 3.39471e-06 0 -76.5441 1.49999 5.09207e-06
-12.9875 1.5 0.999995 3.32051e-06 0 -76.3971 1.49999 4.98077e-06
-12.9625 1.5 0.999994 3.20224e-06 0 -76.25 1.49999 4.80336e-06
-12.9375 1.5 0.999994 3.03356e-06 0 -76.1029 1.49999 4.55035e-06
-12.9125 1.5 0.999994 2.81151e-06 0 -75.9559 1.49999 4.21727e-06
-12.8875 1.5 0.999994 2.52929e-06 0 -75.8088 1.49999 3.79394e-06
-12.8625 1.5 0.999995 2.18926e-06 0 -75.6618 1.49999 3.2839e-06
-12.8375 1.5 0.999995 1.7929e-06 0 -75.5147 1.49999 2.68935e-06
-12.8125 1.5 0.999995 1.34314e-06 0 -75.3676 1.5 2.01471e-06
-12.7875 1.5 0.999996 8.44768e-07 0 -75.2206 1.5 1.26715e-06
-12.7625 1.5 0.999996 3.0555e-07 0 -75.0735 1.5 4.58326e-07
-12.7375 1.5 0.999997 -2.65335e-07 0 -74.9265 1.5 -3.98004e-07
-12.7125 1.5 0.999997 -8.56742e-07 0 -74.7794 1.5 -1.28511e-06
-12.6875 1.5 0.999998 -1.45632e-06 0 -74.6324 1.5 -2.18448e-06
-12.6625 1.5 0.999998 -2.05129e-06 0 -74.4853 1.5 -3.07695e-06
-12.6375 1.5 0.999999 -2.6292e-06 0 -74.3382 1.5 -3.94381e-06
-12.6125 1.5 1 -3.17809e-06 0 -74.1912 1.5 -4.76715e-06
-12.5875 1.5 1 -3.68676e-06 0 -74.0441 1.5 -5.53015e-06
-12.5625 1.5 1 -4.14471e-06 0 -73.8971 1.5 -6.21707e-06
-12.5375 1.5 1 -4.54201e-06 0 -73.75 1.5 -6.81302e-06
-12.5125 1.5 1 -4.86933e-06 0 -73.6029 1.5 -7.30399e-06
-12.4875 1.5 1 -5.11821e-06 0 -73.4559 1.5 -7.67732e-06
-12.4625 1.5 1 -5.28157e-06 0 -73.3088 1.5 -7.92235e-06
-12.4375 1.5 1 -5.35294e-06 0 -73.1618 1.5 -8.0294e-06
-12.4125 1.5 1 -5.32597e-06 0 -73.0147 1.5 -7.98895e-06
-12.3875 1.5 1 -5.19725e-06 0 -72.8676 1.5 -7.79586e-06
-12.3625 1.5 1 -4.96591e-06 0 -72.7206 1.5 -7.44886e-06
-12.3375 1.5 1 -4.63398e-06 0 -72.5735 1.5 -6.95096e-06
-12.3125 1.5 1 -4.20587e-06 0 -72.4265 1.5 -6.3088e-06
-12.2875 1.5 1 -3.68865e-06 0 -72.2794 1.5 -5.53296e-06
-12.2625 1.5 1 -3.0936e-06 0 -72.1324 1.5 -4.6404e-06
-12.2375 1.5 1 -2.43379e-06 0 -71.9853 1.5 -3.65067e-06
-12.2125 1.5 1 -1.72409e-06 0 -71.8382 1.5 -2.58614e-06
-12.1875 1.5 1 -9.79884e-07 0 -71.6912 1.5 -1.46982e-06
-12.1625 1.5 1 -2.16238e-07 0 -71.5441 1.5 -3.24356e-07
-12.1375 1.5 1 5.50774e-07 0 -71.3971 1.5 8.2616e-07
-12.1125 1.5 1 1.30291e-06 0 -71.25 1.5 1.95437e-06
-12.0875 1.5 1 2.02297e-06 0 -71.1029 1.5 3.03445e-06
-12.0625 1.5 1 2.69613e-06 0 -70.9559 1.5 4.04419e-06
-12.0375 1.5 1 3.30937e-06 0 -70.8088 1.5 4.96405e-06
-12.0125 1.5 1 3.85113e-06 0 -70.6618 1.5 5.77668e-06
-11.9875 1.5 1 4.31105e-06 0 -70.5147 1.5 6.46657e-06
-11.9625 1.5 1 4.67983e-06 0 -70.3676 1.5 7.01973e-06
-11.9375 1.5 1 4.94967e-06 0 -70.2206 1.5 7.42449e-06
-11.9125 1.5 1 5.11582e-06 0 -70.0735 1.5 7.67372e-06
-11.8875 1.5 1 5.17722e-06 0 -69.9265 1.5 7.76583e-06
-11.8625 1.5 1 5.13603e-06 0 -69.7794 1.5 7.70404e-06
-11.8375 1.5 1 4.99537e-06 0 -69.6324 1.5 7.49305e-06
-11.8125 1.5 1 4.76063e-06 0 -69.4853 1.5 7.14094e-06
-11.7875 1.5 1 4.4397e-06 0 -69.3382 1.5 6.65955e-06
-11.7625 1.5 1 4.04248e-06 0 -69.1912 1.5 6.06373e-06
-11.7375 1.5 1 3.58082e-06 0 -69.0441 1.5 5.37124e-06
-11.7125 1.5 1 3.06828e-06 0 -68.8971 1.5 4.60243e-06
-11.6875 1.5 1 2.51965e-06 0 -68.75 1.5 3.77949e-06
-11.6625 1.5 0.999999 1.95029e-06 0 -68.6029 1.5 2.92544e-06
-11.6375 1.5 0.999999 1.37531e-06 0 -68.4559 1.5 2.06297e-06
-11.6125 1.5 0.999998 8.09218e-07 0 -68.3088 1.5 1.21383e-06
-11.5875 1.5 0.999998 2.65442e-07 0 -68.1618 1.5 3.98164e-07
-11.5625 1.5 0.999997 -2.4409e-07 0 -68.0147 1.5 -3.66135e-07
-11.5375 1.5 0.999997 -7.07633e-07 0 -67.8676 1.5 -1.06145e-06
-11.5125 1.5 0.999996 -1.1163e-06 0 -67.7206 1.5 -1.67445e-06
-11.4875 1.5 0.999996 -1.46391e-06 0 -67.5735 1.5 -2.19586e-06
-11.4625 1.5 0.999996 -1.74675e-06 0 -67.4265 1.5 -2.62014e-06
-11.4375 1.5 0.999995 -1.96346e-06 0 -67.2794 1.49999 -2.94519e-06
-11.4125 1.5 0.999995 -2.1148e-06 0 -67.1324 1.49999 -3.1722e-06
-11.3875 1.5 0.999995 -2.20327e-06 0 -66.9853 1.49999 -3.30492e-06
-11.3625 1.5 0.999995 -2.23326e-06 0 -66.8382 1.49999 -3.34989e-06
-11.3375 1.5 0.999995 -2.21354e-06 0 -66.6912 1.49999 -3.32032e-06
-11.3125 1.5 0.999995 -2.15278e-06 0 -66.5441 1.49999 -3.22917e-06
-11.2875 1.5 0.999995 -2.05775e-06 0 -66.3971 1.49999 -3.08663e-06
-11.2625 1.5 0.999996 -1.93831e-06 0 -66.25 1.49999 -2.90747e-06
-11.2375 1.5 0.999996 -1.80438e-06 0 -66.1029 1.49999 -2.70657e-06
-11.2125 1.5 0.999997 -1.66534e-06 0 -65.9559 1.5 -2.49801e-06
-11.1875 1.5 0.999997 -1.52996e-06 0 -65.8088 1.5 -2.29494e-06
-11.1625 1.5 0.999998 -1.4064e-06 0 -65.6618 1.5 -2.1096e-06
-11.1375 1.5 0.999999 -1.30197e-06 0 -65.5147 1.5 -1.95296e-06
-11.1125 1.5 0.999999 -1.22287e-06 0 -65.3676 1.5 -1.83431e-06
-11.0875 1.5 1 -1.17349e-06 0 -65.2206 1.5 -1.76024e-06
-11.0625 1.5 1 -1.15658e-06 0 -65.0735 1.5 -1.73487e-06
-11.0375 1.5 1 -1.17289e-06 0 -64.9265 1.5 -1.75934e-06
-11.0125 1.5 1 -1.22001e-06 0 -64.7794 1.5 -1.83001e-06
-10.9875 1.5 1 -1.29446e-06 0 -64.6324 1.5 -1.94169e-06
-10.9625 1.5 1 -1.39115e-06 0 -64.4853 1.5 -2.08672e-06
-10.9375 1.5 1 -1.50353e-06 0 -64.3382 1.50001 -2.25529e-06
-10.9125 1.5 1 -1.62357e-06 0 -64.1912 1.50001 -2.43535e-06
-10.8875 1.5 1 -1.7417e-06 0 -64.0441 1.50001 -2.61255e-06
-10.8625 1.5 1 -1.84729e-06 0 -63.8971 1.50001 -2.77094e-06
-10.8375 1.5 1 -1.92937e-06 0 -63.75 1.50001 -2.89406e-06
-10.8125 1.5 1 -1.97665e-06 0 -63.6029 1.50001 -2.96497e-06
-10.7875 1.5 1 -1.97906e-06 0 -63.4559 1.50001 -2.96858e-06
-10.7625 1.5 1 -1.93264e-06 0 -63.3088 1.50001 -2.89896e-06
-10.7375 1.5 1 -1.8319e-06 0 -63.1618 1.5 -2.74785e-06
-10.7125 1.5 1 -1.67245e-06 0 -63.0147 1.5 -2.50867e-06
-10.6875 1.5 1 -1.45203e-06 0 -62.8676 1.5 -2.17804e-06
-10.6625 1.5 1 -1.17081e-06 0 -62.7206 1.5 -1.75621e-06
-10.6375 1.5 1 -8.31513e-07 0 -62.5735 1.5 -1.24727e-06
-10.6125 1.5 1 -4.39399e-07 0 -62.4265 1.5 -6.59097e-07
-10.5875 1.5 1 -1.84883e-09 0 -62.2794 1.5 -2.77325e-09
-10.5625 1.5 1 4.71802e-07 0 -62.1324 1.5 7.07702e-07
-10.5375 1.5 1 9.692e-07 0 -61.9853 1.5 1.4538e-06
-10.5125 1.5 1 1.47821e-06 0 -61.8382 1.5 2.21731e-06
-10.4875 1.5 1 1.98609e-06 0 -61.6912 1.5 2.97913e-06
-10.4625 1.5 0.999999 2.47878e-06 0 -61.5441 1.5 3.71816e-06
-10.4375 1.5 0.999999 2.94148e-06 0 -61.3971 1.5 4.41222e-06
-10.4125 1.5 0.999999 3.3597e-06 0 -61.25 1.5 5.03954e-06
-10.3875 1.5 0.999999 3.71999e-06 0 -61.1029 1.5 5.57999e-06
-10.3625 1.5 0.999999 4.01065e-06 0 -60.9559 1.5 6.01597e-06
-10.3375 1.5 0.999999 4.22128e-06 0 -60.8088 1.5 6.33192e-06
-10.3125 1.5 0.999999 4.34295e-06 0 -60.6618 1.5 6.51443e-06
-10.2875 1.5 0.999999 4.37169e-06 0 -60.5147 1.5 6.55754e-06
-10.2625 1.5 0.999999 4.305e-06 0 -60.3676 1.5 6.4575e-06
-10.2375 1.5 0.999999 4.1438e-06 0 -60.2206 1.5 6.2157e-06
-10.2125 1.5 0.999999 3.89144e-06 0 -60.0735 1.5 5.83717e-06
-10.1875 1.5 0.999999 3.55379e-06 0 -59.9265 1.5 5.33069e-06
-10.1625 1.5 0.999999 3.13986e-06 0 -59.7794 1.5 4.70979e-06
-10.1375 1.5 0.999999 2.66107e-06 0 -59.6324 1.5 3.9916e-06
-10.1125 1.5 0.999999 2.13134e-06 0 -59.4853 1.5 3.19702e-06
-10.0875 1.5 0.999999 1.56568e-06 0 -59.3382 1.5 2.34853e-06
-10.0625 1.5 0.999999 9.77757e-07 0 -59.1912 1.5 1.46664e-06
-10.0375 1.5 0.999999 3.83095e-07 0 -59.0441 1.5 5.74644e-07
-10.0125 1.5 0.999999 -2.02393e-07 0 -58.8971 1.5 -3.03589e-07
-9.9875 1.5 0.999999 -7.62035e-07 0 -58.75 1.5 -1.14305e-06
-9.9625 1.5 0.999999 -1.28084e-06 0 -58.6029 1.5 -1.92126e-06
-9.9375 1.5 0.999998 -1.74633e-06 0 -58.4559 1.5 -2.6195e-06
-9.9125 1.5 0.999998 -2.14753e-06 0 -58.3088 1.5 -3.22131e-06
-9.8875 1.5 0.999998 -2.47501e-06 0 -58.1618 1.5 -3.71252e-06
-9.8625 1.5 0.999997 -2.72135e-06 0 -58.0147 1.5 -4.08203e-06
-9.8375 1.5 0.999997 -2.88263e-06 0 -57.8676 1.5 -4.32394e-06
-9.8125 1.5 0.999997 -2.95841e-06 0 -57.7206 1.5 -4.43761e-06
-9.7875 1.5 0.999997 -2.95198e-06 0 -57.5735 1.5 -4.42797e-06
-9.7625 1.5 0.999997 -2.87015e-06 0 -57.4265 1.5 -4.30523e-06
-9.7375 1.5 0.999997 -2.7219e-06 0 -57.2794 1.5 -4.08285e-06
-9.7125 1.5 0.999997 -2.52014e-06 0 -57.1324 1.5 -3.78021e-06
-9.6875 1.5 0.999997 -2.27553e-06 0 -56.9853 1.5 -3.41329e-06
-9.6625 1.5 0.999997 -1.99996e-06 0 -56.8382 1.5 -2.99994e-06
-9.6375 1.5 0.999997 -1.707e-06 0 -56.6912 1.5 -2.5605e-06
-9.6125 1.5 0.999998 -1.4103e-06 0 -56.5441 1.5 -2.11544e-06
-9.5875 1.5 0.999998 -1.12302e-06 0 -56.3971 1.5 -1.68453e-06
-9.5625 1.5 0.999999 -8.57501e-07 0 -56.25 1.5 -1.28625e-06
-9.5375 1.5 0.999999 -6.24732e-07 0 -56.1029 1.5 -9.37098e-07
-9.5125 1.5 1 -4.33847e-07 0 -55.9559 1.5 -6.5077e-07
-9.4875 1.5 1 -2.91549e-07 0 -55.8088 1.5 -4.37323e-07
-9.4625 1.5 1 -2.02238e-07 0 -55.6618 1.5 -3.03357e-07
-9.4375 1.5 1 -1.68194e-07 0 -55.5147 1.5 -2.5229e-07
-9.4125 1.5 1 -1.87721e-07 0 -55.3676 1.5 -2.81582e-07
-9.3875 1.5 1 -2.55729e-07 0 -55.2206 1.5 -3.83593e-07
-9.3625 1.5 1 -3.65537e-07 0 -55.0735 1.5 -5.48306e-07
-9.3375 1.5 1 -5.08427e-07 0 -54.9265 1.5 -7.6264e-07
-9.3125 1.5 1 -6.74147e-07 0 -54.7794 1.50001 -1.01122e-06
-9.2875 1.5 1 -8.51482e-07 0 -54.6324 1.50001 -1.27722e-06
-9.2625 1.5 1 -1.02875e-06 0 -54.4853 1.50001 -1.54312e-06
-9.2375 1.5 1 -1.19259e-06 0 -54.3382 1.50001 -1.78888e-06
-9.2125 1.5 1 -1.32794e-06 0 -54.1912 1.50001 -1.99191e-06
-9.1875 1.5 1 -1.42622e-06 0 -54.0441 1.5 -2.13932e-06
-9.1625 1.5 1 -1.47696e-06 0 -53.8971 1.5 -2.21544e-06
-9.1375 1.5 1 -1.47169e-06 0 -53.75 1.5 -2.20753e-06
-9.1125 1.5 1 -1.4048e-06 0 -53.6029 1.5 -2.1072e-06
-9.0875 1.5 1 -1.27272e-06 0 -53.4559 1.5 -1.90908e-06
-9.0625 1.5 1 -1.07496e-06 0 -53.3088 1.5 -1.61244e-06
-9.0375 1.5 1 -8.13792e-07 0 -53.1618 1.5 -1.22069e-06
-9.0125 1.5 1 -4.938e-07 0 -53.0147 1.5 -7.407e-07
-8.9875 1.5 1 -1.22365e-07 0 -52.8676 1.5 -1.83547e-07
-8.9625 1.5 1 2.90452e-07 0 -52.7206 1.5 4.35677e-07
-8.9375 1.5 1 7.31597e-07 0 -52.5735 1.5 1.09739e-06
-8.9125 1.5 1 1.18732e-06 0 -52.4265 1.5 1.78098e-06
-8.8875 1.5 0.999999 1.64322e-06 0 -52.2794 1.5 2.46483e-06
-8.8625 1.5 0.999999 2.08367e-06 0 -52.1324 1.5 3.1255e-06
-8.8375 1.5 0.999999 2.49274e-06 0 -51.9853 1.5 3.7391e-06
-8.8125 1.5 0.999999 2.85446e-06 0 -51.8382 1.5 4.28169e-06
-8.7875 1.5 0.999999 3.1539e-06 0 -51.6912 1.5 4.73084e-06
-8.7625 1.5 0.999999 3.38141e-06 0 -51.5441 1.5 5.07212e-06
-8.7375 1.5 0.999999 3.52919e-06 0 -51.3971 1.5 5.29379e-06
-8.7125 1.5 1 3.59156e-06 0 -51.25 1.5 5.38733e-06
-8.6875 1.5 1 3.56627e-06 0 -51.1029 1.5 5.3494e-06
-8.6625 1.5 1 3.45448e-06 0 -50.9559 1.5 5.18171e-06
-8.6375 1.5 1 3.25992e-06 0 -50.8088 1.5 4.88988e-06
-8.6125 1.5 1 2.98958e-06 0 -50.6618 1.5 4.48437e-06
-8.5875 1.5 1 2.65274e-06 0 -50.5147 1.5 3.97911e-06
-8.5625 1.5 1 2.26149e-06 0 -50.3676 1.5 3.39223e-06
-8.5375 1.5 1 1.83052e-06 0 -50.2206 1.5 2.74578e-06
-8.5125 1.5 1 1.37251e-06 0 -50.0735 1.5 2.05877e-06
-8.4875 1.5 1 9.01964e-07 0 -49.9265 1.5 1.35295e-06
-8.4625 1.5 1 4.34099e-07 0 -49.7794 1.5 6.51149e-07
-8.4375 1.5 0.999999 -1.62441e-08 0 -49.6324 1.5 -2.43662e-08
-8.4125 1.5 0.999999 -4.34673e-07 0 -49.4853 1.5 -6.52011e-07
-8.3875 1.5 0.999999 -8.08086e-07 0 -49.3382 1.5 -1.21213e-06
-8.3625 1.5 0.999998 -1.12615e-06 0 -49.1912 1.5 -1.68922e-06
-8.3375 1.5 0.999998 -1.3808e-06 0 -49.0441 1.5 -2.0712e-06
-8.3125 1.5 0.999998 -1.5665e-06 0 -48.8971 1.5 -2.34975e-06
-8.2875 1.5 0.999997 -1.6807e-06 0 -48.75 1.5 -2.52106e-06
-8.2625 1.5 0.999997 -1.72438e-06 0 -48.6029 1.5 -2.58657e-06
-8.2375 1.5 0.999997 -1.70178e-06 0 -48.4559 1.5 -2.55267e-06
-8.2125 1.5 0.999997 -1.62011e-06 0 -48.3088 1.5 -2.43016e-06
-8.1875 1.5 0.999996 -1.48865e-06 0 -48.1618 1.5 -2.23298e-06
-8.1625 1.5 0.999996 -1.3195e-06 0 -48.0147 1.5 -1.97924e-06
-8.1375 1.5 0.999997 -1.12793e-06 0 -47.8676 1.5 -1.69189e-06
-8.1125 1.5 0.999997 -9.26199e-07 0 -47.7206 1.5 -1.3893e-06
-8.0875 1.5 0.999997 -7.26881e-07 0 -47.5735 1.5 -1.09032e-06
-8.0625 1.5 0.999997 -5.43505e-07 0 -47.4265 1.5 -8.15258e-07
-8.0375 1.5 0.999998 -3.88629e-07 0 -47.2794 1.5 -5.82944e-07
-8.0125 1.5 0.999998 -2.7304e-07 0 -47.1324 1.5 -4.0956e-07
-7.9875 1.5 0.999998 -2.04926e-07 0 -46.9853 1.5 -3.07388e-07
-7.9625 1.5 0.999999 -1.89578e-07 0 -46.8382 1.5 -2.84367e-07
-7.9375 1.5 1 -2.2945e-07 0 -46.6912 1.5 -3.44175e-07
-7.9125 1.5 1 -3.2404e-07 0 -46.5441 1.5 -4.8606e-07
-7.8875 1.5 1 -4.70836e-07 0 -46.3971 1.5 -7.06254e-07
-7.8625 1.5 1 -6.63752e-07 0 -46.25 1.5 -9.95629e-07
-7.8375 1.5 1 -8.9408e-07 0 -46.1029 1.5 -1.34112e-06
-7.8125 1.5 1 -1.15109e-06 0 -45.9559 1.5 -1.72664e-06
-7.7875 1.5 1 -1.42254e-06 0 -45.8088 1.5 -2.13381e-06
-7.7625 1.5 1 -1.69507e-06 0 -45.6618 1.5 -2.54261e-06
-7.7375 1.5 1 -1.95475e-06 0 -45.5147 1.5 -2.93213e-06
-7.7125 1.5 1 -2.18786e-06 0 -45.3676 1.5 -3.28179e-06
-7.6875 1.5 1 -2.38062e-06 0 -45.2206 1.5 -3.57093e-06
-7.6625 1.5 1 -2.51984e-06 0 -45.0735 1.5 -3.77975e-06
-7.6375 1.5 1 -2.59844e-06 0 -44.9265 1.5 -3.89765e-06
-7.6125 1.5 1 -2.60955e-06 0 -44.7794 1.5 -3.91433e-06
-7.5875 1.5 1 -2.54872e-06 0 -44.6324 1.5 -3.82308e-06
-7.5625 1.5 1 -2.41444e-06 0 -44.4853 1.5 -3.62166e-06
-7.5375 1.5 1 -2.20781e-06 0 -44.3382 1.5 -3.31172e-06
-7.5125 1.5 1 -1.93261e-06 0 -44.1912 1.5 -2.89891e-06
-7.4875 1.5 1 -1.59583e-06 0 -44.0441 1.5 -2.39374e-06
-7.4625 1.5 1 -1.20726e-06 0 -43.8971 1.5 -1.81089e-06
-7.4375 1.5 1 -7.78825e-07 0 -43.75 1.5 -1.16824e-06
-7.4125 1.5 1 -3.2412e-07 0 -43.6029 1.5 -4.86179e-07
-7.3875 1.5 1 1.41279e-07 0 -43.4559 1.5 2.11918e-07
-7.3625 1.5 1 5.99829e-07 0 -43.3088 1.5 8.99743e-07
-7.3375 1.5 1 1.03814e-06 0 -43.1618 1.5 1.5572e-06
-7.3125 1.5 1 1.44318e-06 0 -43.0147 1.5 2.16476e-06
-7.2875 1.5 1 1.80224e-06 0 -42.8676 1.5 2.70336e-06
-7.2625 1.5 1 2.10445e-06 0 -42.7206 1.5 3.15668e-06
-7.2375 1.5 1 2.34154e-06 0 -42.5735 1.5 3.51231e-06
-7.2125 1.5 1 2.50818e-06 0 -42.4265 1.5 3.76226e-06
-7.1875 1.5 1 2.60196e-06 0 -42.2794 1.5 3.90293e-06
-7.1625 1.5 1 2.62403e-06 0 -42.1324 1.5 3.93604e-06
-7.1375 1.5 1 2.57873e-06 0 -41.9853 1.5 3.86809e-06
-7.1125 1.5 1 2.47361e-06 0 -41.8382 1.5 3.71042e-06
-7.0875 1.5 1 2.31912e-06 0 -41.6912 1.5 3.47868e-06
-7.0625 1.5 1 2.12851e-06 0 -41.5441 1.5 3.19277e-06
-7.0375 1.5 1 1.91184e-06 0 -41.3971 1.5 2.86776e-06
-7.0125 1.5 1 1.68234e-06 0 -41.25 1.5 2.5235e-06
-6.9875 1.5 1 1.45322e-06 0 -41.1029 1.5 2.17984e-06
-6.9625 1.5 1 1.23708e-06 0 -40.9559 1.5 1.85562e-06
-6.9375 1.5 1 1.04526e-06 0 -40.8088 1.5 1.56789e-06
-6.9125 1.5 1 8.87493e-07 0 -40.6618 1.5 1.33124e-06
-6.8875 1.5 1 7.71284e-07 0 -40.5147 1.5 1.15693e-06
-6.8625 1.5 1 7.01354e-07 0 -40.3676 1.5 1.05203e-06
-6.8375 1.5 0.999999 6.80018e-07 0 -40.2206 1.5 1.02003e-06
-6.8125 1.5 0.999999 7.07261e-07 0 -40.0735 1.5 1.06089e-06
-6.7875 1.5 0.999998 7.79157e-07 0 -39.9265 1.5 1.16874e-06
-6.7625 1.5 0.999998 8.90024e-07 0 -39.7794 1.5 1.33504e-06
-6.7375 1.5 0.999997 1.03167e-06 0 -39.6324 1.5 1.5475e-06
-6.7125 1.5 0.999997 1.19382e-06 0 -39.4853 1.5 1.79074e-06
-6.6875 1.5 0.999997 1.36485e-06 0 -39.3382 1.5 2.04727e-06
-6.6625 1.5 0.999997 1.53225e-06 0 -39.1912 1.5 2.29838e-06
-6.6375 1.5 0.999997 1.68337e-06 0 -39.0441 1.5 2.52506e-06
-6.6125 1.5 0.999997 1.80514e-06 0 -38.8971 1.5 2.70771e-06
-6.5875 1.5 0.999997 1.88455e-06 0 -38.75 1.5 2.82682e-06
-6.5625 1.5 0.999997 1.91456e-06 0 -38.6029 1.5 2.87185e-06
-6.5375 1.5 0.999997 1.88823e-06 0 -38.4559 1.5 2.83235e-06
-6.5125 1.5 0.999997 1.80071e-06 0 -38.3088 1.5 2.70107e-06
-6.4875 1.5 0.999997 1.64972e-06 0 -38.1618 1.5 2.47458e-06
-6.4625 1.5 0.999998 1.43607e-06 0 -38.0147 1.5 2.15411e-06
-6.4375 1.5 0.999998 1.16319e-06 0 -37.8676 1.5 1.74479e-06
-6.4125 1.5 0.999998 8.37415e-07 0 -37.7206 1.5 1.25612e-06
-6.3875 1.5 0.999998 4.68013e-07 0 -37.5735 1.5 7.02021e-07
-6.3625 1.5 0.999998 6.63753e-08 0 -37.4265 1.5 9.95631e-08
-6.3375 1.5 0.999998 -3.54713e-07 0 -37.2794 1.5 -5.3207e-07
-6.3125 1.5 0.999999 -7.80728e-07 0 -37.1324 1.5 -1.17109e-06
-6.2875 1.5 0.999999 -1.19743e-06 0 -36.9853 1.5 -1.79615e-06
-6.2625 1.5 0.999999 -1.59035e-06 0 -36.8382 1.5 -2.38553e-06
-6.2375 1.5 0.999998 -1.94808e-06 0 -36.6912 1.5 -2.92212e-06
-6.2125 1.5 0.999998 -2.26041e-06 0 -36.5441 1.5 -3.39063e-06
-6.1875 1.5 0.999998 -2.51855e-06 0 -36.3971 1.5 -3.77783e-06
-6.1625 1.5 0.999998 -2.71606e-06 0 -36.25 1.5 -4.0741e-06
-6.1375 1.5 0.999998 -2.84902e-06 0 -36.1029 1.5 -4.27353e-06
-6.1125 1.5 0.999998 -2.91636e-06 0 -35.9559 1.5 -4.37454e-06
-6.0875 1.5 0.999998 -2.92046e-06 0 -35.8088 1.5 -4.38069e-06
-6.0625 1.5 0.999998 -2.86723e-06 0 -35.6618 1.5 -4.30085e-06
-6.0375 1.5 0.999998 -2.76551e-06 0 -35.5147 1.5 -4.14827e-06
-6.0125 1.5 0.999998 -2.62378e-06 0 -35.3676 1.5 -3.93567e-06
-5.9875 1.5 0.999998 -2.45207e-06 0 -35.2206 1.5 -3.6781e-06
-5.9625 1.5 0.999998 -2.26185e-06 0 -35.0735 1.5 -3.39278e-06
-5.9375 1.5 0.999999 -2.06484e-06 0 -34.9265 1.5 -3.09727e-06
-5.9125 1.5 0.999999 -1.87248e-06 0 -34.7794 1.5 -2.80873e-06
-5.8875 1.5 0.999999 -1.69553e-06 0 -34.6324 1.5 -2.54329e-06
-5.8625 1.5 1 -1.54337e-06 0 -34.4853 1.5 -2.31505e-06
-5.8375 1.5 1 -1.4236e-06 0 -34.3382 1.5 -2.1354e-06
-5.8125 1.5 1 -1.34158e-06 0 -34.1912 1.5 -2.01236e-06
-5.7875 1.5 1 -1.30025e-06 0 -34.0441 1.5 -1.95038e-06
-5.7625 1.5 1 -1.30001e-06 0 -33.8971 1.5 -1.95001e-06
-5.7375 1.5 1 -1.33759e-06 0 -33.75 1.5 -2.00639e-06
-5.7125 1.5 1 -1.40771e-06 0 -33.6029 1.5 -2.11156e-06
-5.6875 1.5 1 -1.50286e-06 0 -33.4559 1.5 -2.25429e-06
-5.6625 1.5 1 -1.61393e-06 0 -33.3088 1.5 -2.4209e-06
-5.6375 1.5 1 -1.73051e-06 0 -33.1618 1.5 -2.59576e-06
-5.6125 1.5 1 -1.84143e-06 0 -33.0147 1.5 -2.76214e-06
-5.5875 1.5 1 -1.93528e-06 0 -32.8676 1.5 -2.90291e-06
-5.5625 1.5 1 -2.00081e-06 0 -32.7206 1.5 -3.00122e-06
-5.5375 1.5 1 -2.02711e-06 0 -32.5735 1.5 -3.04066e-06
-5.5125 1.5 1 -2.00631e-06 0 -32.4265 1.5 -3.00946e-06
-5.4875 1.5 1 -1.93456e-06 0 -32.2794 1.5 -2.90184e-06
-5.4625 1.5 1 -1.80865e-06 0 -32.1324 1.5 -2.71298e-06
-5.4375 1.5 1 -1.6279e-06 0 -31.9853 1.5 -2.44184e-06
-5.4125 1.5 1 -1.39389e-06 0 -31.8382 1.5 -2.09083e-06
-5.3875 1.5 1 -1.11062e-06 0 -31.6912 1.5 -1.66593e-06
-5.3625 1.5 1 -7.84826e-07 0 -31.5441 1.5 -1.17724e-06
-5.3375 1.5 1 -4.25651e-07 0 -31.3971 1.5 -6.38475e-07
-5.3125 1.5 1 -4.38327e-08 0 -31.25 1.5 -6.5749e-08
-5.2875 1.5 1 3.48728e-07 0 -31.1029 1.5 5.23091e-07
-5.2625 1.5 1 7.3881e-07 0 -30.9559 1.5 1.10821e-06
-5.2375 1.5 1 1.11416e-06 0 -30.8088 1.5 1.67124e-06
-5.2125 1.5 1 1.46382e-06 0 -30.6618 1.5 2.19573e-06
-5.1875 1.5 1 1.77896e-06 0 -30.5147 1.5 2.66843e-06
-5.1625 1.5 1 2.05134e-06 0 -30.3676 1.5 3.07701e-06
-5.1375 1.5 1 2.27459e-06 0 -30.2206 1.5 3.41189e-06
-5.1125 1.5 1 2.44435e-06 0 -30.0735 1.5 3.66652e-06
-5.0875 1.5 1 2.55877e-06 0 -29.9265 1.5 3.83816e-06
-5.0625 1.5 1 2.61903e-06 0 -29.7794 1.5 3.92853e-06
-5.0375 1.5 1 2.6294e-06 0 -29.6324 1.5 3.9441e-06
-5.0125 1.5 1 2.5965e-06 0 -29.4853 1.5 3.89474e-06
-4.9875 1.5 1 2.52736e-06 0 -29.3382 1.5 3.79103e-06
-4.9625 1.5 1 2.43104e-06 0 -29.1912 1.5 3.64655e-06
-4.9375 1.5 1 2.31748e-06 0 -29.0441 1.5 3.47621e-06
-4.9125 1.5 1 2.1969e-06 0 -28.8971 1.5 3.29535e-06
-4.8875 1.5 1 2.07935e-06 0 -28.75 1.5 3.11902e-06
-4.8625 1.5 1 1.97412e-06 0 -28.6029 1.5 2.96118e-06
-4.8375 1.5 1 1.88909e-06 0 -28.4559 1.5 2.83364e-06
-4.8125 1.5 1 1.8304e-06 0 -28.3088 1.5 2.74559e-06
-4.7875 1.5 1 1.80211e-06 0 -28.1618 1.5 2.70317e-06
-4.7625 1.5 0.999999 1.8058e-06 0 -28.0147 1.5 2.70871e-06
-4.7375 1.5 0.999999 1.84042e-06 0 -27.8676 1.5 2.76064e-06
-4.7125 1.5 0.999999 1.90253e-06 0 -27.7206 1.5 2.8538e-06
-4.6875 1.5 0.999998 1.98638e-06 0 -27.5735 1.5 2.97957e-06
-4.6625 1.5 0.999998 2.08458e-06 0 -27.4265 1.5 3.12688e-06
-4.6375 1.5 0.999998 2.18856e-06 0 -27.2794 1.5 3.28284e-06
-4.6125 1.5 0.999997 2.28894e-06 0 -27.1324 1.5 3.43341e-06
-4.5875 1.5 0.999997 2.37592e-06 0 -26.9853 1.5 3.56388e-06
-4.5625 1.5 0.999997 2.43989e-06 0 -26.8382 1.5 3.65983e-06
-4.5375 1.5 0.999997 2.47197e-06 0 -26.6912 1.5 3.70796e-06
-4.5125 1.5 0.999997 2.46466e-06 0 -26.5441 1.5 3.697e-06
-4.4875 1.5 0.999997 2.41252e-06 0 -26.3971 1.5 3.61879e-06
-4.4625 1.5 0.999997 2.31169e-06 0 -26.25 1.5 3.46755e-06
-4.4375 1.5 0.999997 2.16069e-06 0 -26.1029 1.5 3.24104e-06
-4.4125 1.5 0.999997 1.96152e-06 0 -25.9559 1.5 2.94229e-06
-4.3875 1.5 0.999997 1.71737e-06 0 -25.8088 1.5 2.57606e-06
-4.3625 1.5 0.999997 1.43317e-06 0 -25.6618 1.5 2.14976e-06
-4.3375 1.5 0.999997 1.11637e-06 0 -25.5147 1.5 1.67456e-06
-4.3125 1.5 0.999997 7.7624e-07 0 -25.3676 1.5 1.16436e-06
-4.2875 1.5 0.999997 4.21516e-07 0 -25.2206 1.5 6.32275e-07
-4.2625 1.5 0.999997 6.19752e-08 0 -25.0735 1.5 9.2963e-08
-4.2375 1.5 0.999997 -2.92185e-07 0 -24.9265 1.5 -4.38279e-07
-4.2125 1.5 0.999997 -6.30514e-07 0 -24.7794 1.5 -9.45774e-07
-4.1875 1.5 0.999996 -9.44476e-07 0 -24.6324 1.5 -1.41672e-06
-4.1625 1.5 0.999996 -1.22718e-06 0 -24.4853 1.5 -1.84078e-06
-4.1375 1.5 0.999996 -1.47335e-06 0 -24.3382 1.5 -2.21003e-06
-4.1125 1.5 0.999996 -1.67948e-06 0 -24.1912 1.5 -2.51922e-06
-4.0875 1.5 0.999996 -1.84442e-06 0 -24.0441 1.5 -2.76664e-06
-4.0625 1.5 0.999996 -1.96913e-06 0 -23.8971 1.5 -2.95371e-06
-4.0375 1.5 0.999996 -2.05661e-06 0 -23.75 1.5 -3.08492e-06
-4.0125 1.5 0.999996 -2.11242e-06 0 -23.6029 1.5 -3.16864e-06
-3.9875 1.5 0.999996 -2.1436e-06 0 -23.4559 1.5 -3.21541e-06
-3.9625 1.5 0.999996 -2.15664e-06 0 -23.3088 1.5 -3.23497e-06
-3.9375 1.5 0.999996 -2.15974e-06 0 -23.1618 1.5 -3.23962e-06
-3.9125 1.5 0.999996 -2.16139e-06 0 -23.0147 1.5 -3.24208e-06
-3.8875 1.5 0.999997 -2.16959e-06 0 -22.8676 1.5 -3.25439e-06
-3.8625 1.5 0.999997 -2.19121e-06 0 -22.7206 1.5 -3.28681e-06
-3.8375 1.5 0.999997 -2.23177e-06 0 -22.5735 1.5 -3.34766e-06
-3.8125 1.5 0.999998 -2.29513e-06 0 -22.4265 1.5 -3.44269e-06
-3.7875 1.5 0.999998 -2.38329e-06 0 -22.2794 1.5 -3.57493e-06
-3.7625 1.5 0.999998 -2.49647e-06 0 -22.1324 1.5 -3.7447e-06
-3.7375 1.5 0.999999 -2.63302e-06 0 -21.9853 1.5 -3.94953e-06
-3.7125 1.5 0.999999 -2.7891e-06 0 -21.8382 1.5 -4.18365e-06
-3.6875 1.5 1 -2.95877e-06 0 -21.6912 1.5 -4.43816e-06
-3.6625 1.5 1 -3.13465e-06 0 -21.5441 1.5 -4.70197e-06
-3.6375 1.5 1 -3.30841e-06 0 -21.3971 1.5 -4.96261e-06
-3.6125 1.5 1 -3.47123e-06 0 -21.25 1.5 -5.20684e-06
-3.5875 1.5 1 -3.6144e-06 0 -21.1029 1.5 -5.4216e-06
-3.5625 1.5 1 -3.72984e-06 0 -20.9559 1.5 -5.59476e-06
-3.5375 1.5 1 -3.81055e-06 0 -20.8088 1.5 -5.71581e-06
-3.5125 1.5 1 -3.85099e-06 0 -20.6618 1.5 -5.77648e-06
-3.4875 1.5 1 -3.84765e-06 0 -20.5147 1.5 -5.77147e-06
-3.4625 1.5 1 -3.79921e-06 0 -20.3676 1.5 -5.69881e-06
-3.4375 1.5 1 -3.70616e-06 0 -20.2206 1.5 -5.55923e-06
-3.4125 1.5 1 -3.57125e-06 0 -20.0735 1.5 -5.35686e-06
-3.3875 1.5 1 -3.39899e-06 0 -19.9265 1.5 -5.09848e-06
-3.3625 1.5 1 -3.19528e-06 0 -19.7794 1.5 -4.79291e-06
-3.3375 1.5 1 -2.96714e-06 0 -19.6324 1.5 -4.4507e-06
-3.3125 1.5 1 -2.72239e-06 0 -19.4853 1.5 -4.08357e-06
-3.2875 1.5 1 -2.46921e-06 0 -19.3382 1.5 -3.70381e-06
-3.2625 1.5 1 -2.21581e-06 0 -19.1912 1.5 -3.32371e-06
-3.2375 1.5 1 -1.96985e-06 0 -19.0441 1.5 -2.95476e-06
-3.2125 1.5 1 -1.73792e-06 0 -18.8971 1.5 -2.60687e-06
-3.1875 1.5 1 -1.52538e-06 0 -18.75 1.5 -2.28807e-06
-3.1625 1.49999 1 -1.3363e-06 0 -18.6029 1.5 -2.00444e-06
-3.1375 1.49999 1 -1.1728e-06 0 -18.4559 1.5 -1.75919e-06
-3.1125 1.49999 1 -1.03493e-06 0 -18.3088 1.5 -1.55239e-06
-3.0875 1.49999 1 -9.20897e-07 0 -18.1618 1.5 -1.38134e-06
-3.0625 1.49999 1 -8.27304e-07 0 -18.0147 1.5 -1.24095e-06
-3.0375 1.49999 1 -7.49492e-07 0 -17.8676 1.5 -1.12423e-06
-3.0125 1.49999 1 -6.81213e-07 0 -17.7206 1.5 -1.02182e-06
-2.9875 1.49999 1 -6.14717e-07 0 -17.5735 1.5 -9.22071e-07
-2.9625 1.49999 1 -5.45286e-07 0 -17.4265 1.5 -8.17925e-07
-2.9375 1.49999 1 -4.67604e-07 0 -17.2794 1.5 -7.01404e-07
-2.9125 1.49999 1 -3.76472e-07 0 -17.1324 1.5 -5.64706e-07
-2.8875 1.49999 1 -2.67468e-07 0 -16.9853 1.5 -4.012e-07
-2.8625 1.49999 1 -1.37246e-07 0 -16.8382 1.5 -2.05868e-07
-2.8375 1.49999 1 1.56973e-08 0 -16.6912 1.5 2.35459e-08
-2.8125 1.49999 1 1.91105e-07 0 -16.5441 1.5 2.86657e-07
-2.7875 1.49999 1 3.87028e-07 0 -16.3971 1.5 5.8054e-07
-2.7625 1.49999 1 6.00294e-07 0 -16.25 1.5 9.00438e-07
-2.7375 1.49999 1 8.26755e-07 0 -16.1029 1.5 1.24013e-06
-2.7125 1.49999 1 1.06123e-06 0 -15.9559 1.5 1.59184e-06
-2.6875 1.49999 1 1.29742e-06 0 -15.8088 1.5 1.94613e-06
-2.6625 1.49999 1 1.52845e-06 0 -15.6618 1.5 2.29266e-06
-2.6375 1.49999 1 1.74725e-06 0 -15.5147 1.49999 2.62086e-06
-2.6125 1.5 1 1.94707e-06 0 -15.3676 1.49999 2.92059e-06
-2.5875 1.5 0.999999 2.12176e-06 0 -15.2206 1.49999 3.18263e-06
-2.5625 1.5 0.999999 2.26624e-06 0 -15.0735 1.49999 3.39935e-06
-2.5375 1.5 0.999999 2.37689e-06 0 -14.9265 1.49999 3.56533e-06
-2.5125 1.5 0.999999 2.45148e-06 0 -14.7794 1.49999 3.67721e-06
-2.4875 1.5 0.999998 2.48936e-06 0 -14.6324 1.49999 3.73403e-06
-2.4625 1.5 0.999998 2.4916e-06 0 -14.4853 1.49999 3.73739e-06
-2.4375 1.5 0.999998 2.46067e-06 0 -14.3382 1.49999 3.69099e-06
-2.4125 1.5 0.999997 2.39997e-06 0 -14.1912 1.49999 3.59995e-06
-2.3875 1.5 0.999997 2.31422e-06 0 -14.0441 1.49999 3.47132e-06
-2.3625 1.5 0.999996 2.20886e-06 0 -13.8971 1.49999 3.31329e-06
-2.3375 1.5 0.999996 2.08982e-06 0 -13.75 1.49999 3.13473e-06
-2.3125 1.5 0.999995 1.96309e-06 0 -13.6029 1.49999 2.94464e-06
-2.2875 1.5 0.999995 1.83432e-06 0 -13.4559 1.49999 2.75147e-06
-2.2625 1.5 0.999994 1.70841e-06 0 -13.3088 1.49999 2.5626e-06
-2.2375 1.5 0.999994 1.58927e-06 0 -13.1618 1.49999 2.38389e-06
-2.2125 1.5 0.999993 1.47945e-06 0 -13.0147 1.49999 2.21917e-06
-2.1875 1.5 0.999993 1.37989e-06 0 -12.8676 1.49999 2.06983e-06
-2.1625 1.5 0.999992 1.28997e-06 0 -12.7206 1.49999 1.93495e-06
-2.1375 1.5 0.999991 1.20748e-06 0 -12.5735 1.49999 1.81121e-06
-2.1125 1.5 0.999991 1.12866e-06 0 -12.4265 1.49998 1.69299e-06
-2.0875 1.5 0.99999 1.04869e-06 0 -12.2794 1.49998 1.57303e-06
-2.0625 1.5 0.99999 9.6191e-07 0 -12.1324 1.49998 1.44286e-06
-2.0375 1.5 0.999989 8.62157e-07 0 -11.9853 1.49998 1.29323e-06
-2.0125 1.5 0.999989 7.43203e-07 0 -11.8382 1.49998 1.1148e-06
-1.9875 1.5 0.999988 5.99308e-07 0 -11.6912 1.49998 8.98962e-07
-1.9625 1.5 0.999988 4.25685e-07 0 -11.5441 1.49998 6.38526e-07
-1.9375 1.5 0.999987 2.18796e-07 0 -11.3971 1.49998 3.28194e-07
-1.9125 1.5 0.999987 -2.34935e-08 0 -11.25 1.49998 -3.52402e-08
-1.8875 1.5 0.999986 -3.01814e-07 0 -11.1029 1.49998 -4.5272e-07
-1.8625 1.5 0.999986 -6.14846e-07 0 -10.9559 1.49998 -9.22268e-07
-1.8375 1.5 0.999985 -9.59776e-07 0 -10.8088 1.49998 -1.43966e-06
-1.8125 1.5 0.999985 -1.33333e-06 0 -10.6618 1.49998 -1.99999e-06
-1.7875 1.5 0.999985 -1.73144e-06 0 -10.5147 1.49998 -2.59715e-06
-1.7625 1.5 0.999984 -2.14916e-06 0 -10.3676 1.49997 -3.22373e-06
-1.7375 1.5 0.999984 -2.58102e-06 0 -10.2206 1.49997 -3.87152e-06
-1.7125 1.5 0.999983 -3.02151e-06 0 -10.0735 1.49997 -4.53227e-06
-1.6875 1.5 0.999982 -3.46554e-06 0 -9.92647 1.49997 -5.1983e-06
-1.6625 1.5 0.999982 -3.9087e-06 0 -9.77941 1.49997 -5.86304e-06
-1.6375 1.5 0.999981 -4.34756e-06 0 -9.63235 1.49997 -6.52133e-06
-1.6125 1.5 0.999981 -4.77989e-06 0 -9.48529 1.49997 -7.16983e-06
-1.5875 1.5 0.99998 -5.20474e-06 0 -9.33824 1.49997 -7.80709e-06
-1.5625 1.5 0.99998 -5.62238e-06 0 -9.19118 1.49997 -8.43355e-06
-1.5375 1.5 0.999979 -6.03439e-06 0 -9.04412 1.49996 -9.05156e-06
-1.5125 1.5 0.999979 -6.44356e-06 0 -8.89706 1.49996 -9.66532e-06
-1.4875 1.49999 0.999978 -6.85355e-06 0 -8.75 1.49996 -1.02803e-05
-1.4625 1.49999 0.999977 -7.26858e-06 0 -8.60294 1.49996 -1.09028e-05
-1.4375 1.49999 0.999977 -7.69317e-06 0 -8.45588 1.49996 -1.15397e-05
-1.4125 1.49999 0.999976 -8.13189e-06 0 -8.30882 1.49996 -1.21978e-05
-1.3875 1.49999 0.999976 -8.58904e-06 0 -8.16176 1.49996 -1.28835e-05
-1.3625 1.49999 0.999976 -9.06835e-06 0 -8.01471 1.49996 -1.36024e-05
-1.3375 1.49999 0.999975 -9.57279e-06 0 -7.86765 1.49995 -1.43591e-05
-1.3125 1.49999 0.999975 -1.01044e-05 0 -7.72059 1.49995 -1.51565e-05
-1.2875 1.49999 0.999974 -1.0664e-05 0 -7.57353 1.49995 -1.59959e-05
-1.2625 1.49999 0.999974 -1.12512e-05 0 -7.42647 1.49995 -1.68767e-05
-1.2375 1.49999 0.999973 -1.18648e-05 0 -7.27941 1.49995 -1.77971e-05
-1.2125 1.49999 0.999973 -1.25029e-05 0 -7.13235 1.49995 -1.87542e-05
-1.1875 1.49999 0.999972 -1.31628e-05 0 -6.98529 1.49995 -1.9744e-05
-1.1625 1.49999 0.999972 -1.38413e-05 0 -6.83824 1.49994 -2.07618e-05
-1.1375 1.49998 0.999971 -1.45352e-05 0 -6.69118 1.49994 -2.18026e-05
-1.1125 1.49998 0.999971 -1.52411e-05 0 -6.54412 1.49994 -2.28614e-05
-1.0875 1.49998 0.99997 -1.59559e-05 0 -6.39706 1.49994 -2.39336e-05
-1.0625 1.49998 0.99997 -1.66769e-05 0 -6.25 1.49994 -2.5015e-05
-1.0375 1.49998 0.999969 -1.7402e-05 0 -6.10294 1.49993 -2.61027e-05
-1.0125 1.49998 0.999968 -1.81299e-05 0 -5.95588 1.49993 -2.71945e-05
-0.9875 1.49998 0.999968 -1.88601e-05 0 -5.80882 1.49993 -2.82898e-05
-0.9625 1.49998 0.999967 -1.9593e-05 0 -5.66176 1.49993 -2.93891e-05
-0.9375 1.49997 0.999966 -2.03299e-05 0 -5.51471 1.49992 -3.04943e-05
-0.9125 1.49997 0.999965 -2.10727e-05 0 -5.36765 1.49992 -3.16085e-05
-0.8875 1.49997 0.999965 -2.18244e-05 0 -5.22059 1.49992 -3.2736e-05
-0.8625 1.49997 0.999964 -2.25883e-05 0 -5.07353 1.49992 -3.38818e-05
-0.8375 1.49997 0.999963 -2.33683e-05 0 -4.92647 1.49991 -3.50517e-05
-0.8125 1.49997 0.999962 -2.41684e-05 0 -4.77941 1.49991 -3.62518e-05
-0.7875 1.49997 0.999962 -2.49929e-05 0 -4.63235 1.49991 -3.74885e-05
-0.7625 1.49996 0.999961 -2.58457e-05 0 -4.48529 1.4999 -3.87676e-05
-0.7375 1.49996 0.99996 -2.67304e-05 0 -4.33824 1.4999 -4.00945e-05
-0.7125 1.49996 0.999959 -2.76501e-05 0 -4.19118 1.4999 -4.14741e-05
-0.6875 1.49996 0.999958 -2.86074e-05 0 -4.04412 1.49989 -4.29099e-05
-0.6625 1.49996 0.999957 -2.96038e-05 0 -3.89706 1.49989 -4.44044e-05
-0.6375 1.49995 0.999956 -3.06403e-05 0 -3.75 1.49989 -4.59591e-05
-0.6125 1.49995 0.999955 -3.17171e-05 0 -3.60294 1.49988 -4.75741e-05
-0.5875 1.49995 0.999954 -3.28336e-05 0 -3.45588 1.49988 -4.92487e-05
-0.5625 1.49995 0.999953 -3.39885e-05 0 -3.30882 1.49988 -5.0981e-05
-0.5375 1.49994 0.999952 -3.51804e-05 0 -3.16176 1.49987 -5.27687e-05
-0.5125 1.49994 0.999951 -3.64075e-05 0 -3.01471 1.49987 -5.46091e-05
-0.4875 1.49994 0.999949 -3.76677e-05 0 -2.86765 1.49986 -5.64993e-05
-0.4625 1.49994 0.999948 -3.89595e-05 0 -2.72059 1.49986 -5.84368e-05
-0.4375 1.49993 0.999946 -4.02817e-05 0 -2.57353 1.49985 -6.04199e-05
-0.4125 1.49993 0.999945 -4.16336e-05 0 -2.42647 1.49985 -6.24475e-05
-0.3875 1.49993 0.999943 -4.30155e-05 0 -2.27941 1.49984 -6.45201e-05
-0.3625 1.49992 0.999942 -4.44285e-05 0 -2.13235 1.49984 -6.66394e-05
-0.3375 1.49992 0.99994 -4.58748e-05 0 -1.98529 1.49983 -6.88085e-05
-0.3125 1.49992 0.999938 -4.73573e-05 0 -1.83824 1.49982 -7.10321e-05
-0.2875 1.49991 0.999936 -4.88802e-05 0 -1.69118 1.49982 -7.33162e-05
-0.2625 1.49991 0.999934 -5.04482e-05 0 -1.54412 1.49981 -7.56678e-05
-0.2375 1.49991 0.999933 -5.20664e-05 0 -1.39706 1.49981 -7.80948e-05
-0.2125 1.4999 0.99993 -5.37406e-05 0 -1.25 1.4998 -8.06057e-05
-0.1875 1.4999 0.999928 -5.54765e-05 0 -1.10294 1.49979 -8.32092e-05
-0.1625 1.4999 0.999926 -5.72798e-05 0 -0.955882 1.49978 -8.59136e-05
-0.1375 1.49989 0.999924 -5.91556e-05 0 -0.808824 1.49978 -8.87269e-05
-0.1125 1.49989 0.999922 -6.11085e-05 0 -0.661765 1.49977 -9.16559e-05
-0.0875 1.49988 0.999919 -6.31425e-05 0 -0.514706 1.49976 -9.47063e-05
-0.0625 1.49988 0.999916 -6.52603e-05 0 -0.367647 1.49975 -9.78825e-05
-0.0375 1.49987 0.999914 -6.7464e-05 0 -0.220588 1.49974 -0.000101188
-0.0125 1.49987 0.999911 -6.97549e-05 0 -0.0735294 1.49974 -0.000104623
0.0125 1.49986 0.999908 -7.21333e-05 0 0.0735294 1.49973 -0.00010819
0.0375 1.49986 0.999905 -7.45994e-05 0 0.220588 1.49972 -0.000111889
0.0625 1.49985 0.999902 -7.71528e-05 0 0.367647 1.49971 -0.000115718
0.0875 1.49985 0.999899 -7.97932e-05 0 0.514706 1.4997 -0.000119678
0.1125 1.49984 0.999895 -8.25208e-05 0 0.661765 1.49968 -0.000123768
0.1375 1.49984 0.999892 -8.5336e-05 0 0.808824 1.49967 -0.00012799
0.1625 1.49983 0.999888 -8.82402e-05 0 0.955882 1.49966 -0.000132345
0.1875 1.49982 0.999884 -9.12357e-05 0 1.10294 1.49965 -0.000136837
0.2125 1.49982 0.99988 -9.43259e-05 0 1.25 1.49964 -0.000141472
0.2375 1.49981 0.999876 -9.75154e-05 0 1.39706 1.49962 -0.000146255
0.2625 1.4998 0.999871 -0.00010081 0 1.54412 1.49961 -0.000151195
0.2875 1.4998 0.999867 -0.000104215 0 1.69118 1.4996 -0.000156301
0.3125 1.49979 0.999862 -0.000107739 0 1.83824 1.49958 -0.000161586
0.3375 1.49978 0.999857 -0.000111389 0 1.98529 1.49957 -0.000167059
0.3625 1.49977 0.999852 -0.000115173 0 2.13235 1.49955 -0.000172733
0.3875 1.49976 0.999847 -0.000119098 0 2.27941 1.49953 -0.000178619
0.4125 1.49976 0.999842 -0.000123173 0 2.42647 1.49952 -0.00018473
0.4375 1.49975 0.999836 -0.000127405 0 2.57353 1.4995 -0.000191075
0.4625 1.49974 0.99983 -0.0001318 0 2.72059 1.49948 -0.000197666
0.4875 1.49973 0.999824 -0.000136364 0 2.86765 1.49946 -0.000204509
0.5125 1.49972 0.999818 -0.000141103 0 3.01471 1.49945 -0.000211615
0.5375 1.49971 0.999812 -0.00014602 0 3.16176 1.49943 -0.000218988
0.5625 1.4997 0.999805 -0.00015112 0 3.30882 1.4994 -0.000226634
0.5875 1.49969 0.999798 -0.000156406 0 3.45588 1.49938 -0.00023456
0.6125 1.49968 0.999791 -0.000161882 0 3.60294 1.49936 -0.000242771
0.6375 1.49966 0.999783 -0.000167552 0 3.75 1.49934 -0.000251271
0.6625 1.49965 0.999775 -0.000173419 0 3.89706 1.49931 -0.000260068
0.6875 1.49964 0.999767 -0.000179488 0 4.04412 1.49929 -0.000269167
0.7125 1.49963 0.999759 -0.000185765 0 4.19118 1.49926 -0.000278578
0.7375 1.49961 0.99975 -0.000192256 0 4.33824 1.49924 -0.000288309
0.7625 1.4996 0.999741 -0.000198968 0 4.48529 1.49921 -0.000298372
0.7875 1.49958 0.999732 -0.000205909 0 4.63235 1.49918 -0.000308779
0.8125 1.49957 0.999722 -0.00021309 0 4.77941 1.49915 -0.000319544
0.8375 1.49955 0.999712 -0.00022052 0 4.92647 1.49912 -0.000330682
0.8625 1.49954 0.999701 -0.00022821 0 5.07353 1.49909 -0.00034221
0.8875 1.49952 0.999691 -0.000236171 0 5.22059 1.49906 -0.000354144
0.9125 1.49951 0.999679 -0.000244416 0 5.36765 1.49902 -0.000366503
0.9375 1.49949 0.999668 -0.000252955 0 5.51471 1.49899 -0.000379304
0.9625 1.49947 0.999656 -0.000261801 0 5.66176 1.49895 -0.000392563
0.9875 1.49945 0.999643 -0.000270966 0 5.80882 1.49892 -0.0004063
1.0125 1.49943 0.999631 -0.00028046 0 5.95588 1.49888 -0.00042053
1.0375 1.49941 0.999617 -0.000290295 0 6.10294 1.49884 -0.000435271
1.0625 1.49939 0.999603 -0.000300481 0 6.25 1.4988 -0.000450538
1.0875 1.49937 0.999589 -0.00031103 0 6.39706 1.49875 -0.000466348
1.1125 1.49935 0.999574 -0.000321951 0 6.54412 1.49871 -0.000482716
1.1375 1.49932 0.999559 -0.000333255 0 6.69118 1.49866 -0.000499658
1.1625 1.4993 0.999543 -0.000344954 0 6.83824 1.49861 -0.000517189
1.1875 1.49928 0.999526 -0.000357058 0 6.98529 1.49856 -0.000535328
1.2125 1.49925 0.999509 -0.000369579 0 7.13235 1.49851 -0.000554091
1.2375 1.49922 0.999491 -0.00038253 0 7.27941 1.49846 -0.000573497
1.2625 1.4992 0.999473 -0.000395924 0 7.42647 1.49841 -0.000593567
1.2875 1.49917 0.999454 -0.000409776 0 7.57353 1.49835 -0.000614322
1.3125 1.49914 0.999434 -0.000424101 0 7.72059 1.49829 -0.000635786
1.3375 1.49911 0.999414 -0.000438915 0 7.86765 1.49823 -0.000657981
1.3625 1.49908 0.999392 -0.000454236 0 8.01471 1.49816 -0.000680934
1.3875 1.49904 0.99937 -0.000470081 0 8.16176 1.4981 -0.000704672
1.4125 1.49901 0.999348 -0.000486469 0 8.30882 1.49803 -0.000729222
1.4375 1.49897 0.999324 -0.00050342 0 8.45588 1.49796 -0.000754614
1.4625 1.49894 0.999299 -0.000520954 0 8.60294 1.49789 -0.000780877
1.4875 1.4989 0.999274 -0.00053909 0 8.75 1.49781 -0.000808043
1.5125 1.49886 0.999248 -0.000557851 0 8.89706 1.49773 -0.000836141
1.5375 1.49882 0.999221 -0.000577256 0 9.04412 1.49765 -0.000865203
1.5625 1.49878 0.999193 -0.000597326 0 9.19118 1.49757 -0.000895261
1.5875 1.49874 0.999164 -0.000618085 0 9.33824 1.49748 -0.000926347
1.6125 1.49869 0.999133 -0.000639554 0 9.48529 1.49739 -0.000958495
1.6375 1.49865 0.999102 -0.000661754 0 9.63235 1.4973 -0.000991737
1.6625 1.4986 0.99907 -0.000684711 0 9.77941 1.49721 -0.00102611
1.6875 1.49855 0.999036 -0.000708446 0 9.92647 1.49711 -0.00106164
1.7125 1.4985 0.999001 -0.000732984 0 10.0735 1.497 -0.00109838
1.7375 1.49845 0.998965 -0.000758349 0 10.2206 1.4969 -0.00113635
1.7625 1.49839 0.998928 -0.000784567 0 10.3676 1.49679 -0.00117559
1.7875 1.49834 0.998889 -0.000811664 0 10.5147 1.49667 -0.00121615
1.8125 1.49828 0.998849 -0.000839666 0 10.6618 1.49655 -0.00125805
1.8375 1.49822 0.998808 -0.000868601 0 10.8088 1.49643 -0.00130135
1.8625 1.49815 0.998765 -0.000898498 0 10.9559 1.4963 -0.00134609
1.8875 1.49809 0.99872 -0.000929384 0 11.1029 1.49617 -0.0013923
1.9125 1.49802 0.998674 -0.000961288 0 11.25 1.49604 -0.00144003
1.9375 1.49795 0.998626 -0.00099424 0 11.3971 1.4959 -0.00148933
1.9625 1.49788 0.998577 -0.00102827 0 11.5441 1.49575 -0.00154023
1.9875 1.49781 0.998526 -0.0010634 0 11.6912 1.4956 -0.00159278
2.0125 1.49773 0.998472 -0.00109968 0 11.8382 1.49545 -0.00164702
2.0375 1.49766 0.998417 -0.00113712 0 11.9853 1.49529 -0.00170301
2.0625 1.49757 0.99836 -0.00117576 0 12.1324 1.49512 -0.00176079
2.0875 1.49749 0.998301 -0.00121564 0 12.2794 1.49495 -0.00182041
2.1125 1.4974 0.99824 -0.00125678 0 12.4265 1.49477 -0.00188191
2.1375 1.49731 0.998177 -0.00129924 0 12.5735 1.49458 -0.00194537
2.1625 1.49722 0.998111 -0.00134304 0 12.7206 1.49439 -0.00201082
2.1875 1.49712 0.998043 -0.00138823 0 12.8676 1.4942 -0.00207836
2.2125 1.49702 0.997973 -0.00143487 0 13.0147 1.49399 -0.00214804
2.2375 1.49692 0.9979 -0.00148301 0 13.1618 1.49378 -0.00221995
2.2625 1.49681 0.997825 -0.00153271 0 13.3088 1.49356 -0.00229419
2.2875 1.4967 0.997746 -0.00158406 0 13.4559 1.49333 -0.00237086
2.3125 1.49659 0.997665 -0.00163712 0 13.6029 1.49309 -0.00245008
2.3375 1.49646 0.997581 -0.00169198 0 13.75 1.49285 -0.002532
2.3625 1.49634 0.997494 -0.00174877 0 13.8971 1.49259 -0.00261675
2.3875 1.49621 0.997404 -0.00180757 0 14.0441 1.49232 -0.0027045
2.4125 1.49607 0.997311 -0.00186853 0 14.1912 1.49205 -0.00279545
2.4375 1.49593 0.997214 -0.00193176 0 14.3382 1.49176 -0.00288978
2.4625 1.49578 0.997114 -0.00199743 0 14.4853 1.49146 -0.0029877
2.4875 1.49562 0.99701 -0.00206566 0 14.6324 1.49115 -0.00308944
2.5125 1.49546 0.996903 -0.00213663 0 14.7794 1.49082 -0.00319523
2.5375 1.49528 0.996791 -0.00221047 0 14.9265 1.49049 -0.00330529
2.5625 1.49511 0.996676 -0.00228737 0 15.0735 1.49014 -0.00341986
2.5875 1.49492 0.996557 -0.00236746 0 15.2206 1.48977 -0.00353916
2.6125 1.49473 0.996433 -0.0024509 0 15.3676 1.4894 -0.00366343
2.6375 1.49453 0.996305 -0.00253783 0 15.5147 1.48901 -0.00379286
2.6625 1.49432 0.996172 -0.00262838 0 15.6618 1.4886 -0.00392765
2.6875 1.49411 0.996035 -0.00272267 0 15.8088 1.48819 -0.00406797
2.7125 1.49389 0.995892 -0.00282081 0 15.9559 1.48775 -0.00421398
2.7375 1.49366 0.995745 -0.00292289 0 16.1029 1.48731 -0.00436581
2.7625 1.49343 0.995592 -0.00302898 0 16.25 1.48685 -0.00452357
2.7875 1.49319 0.995434 -0.00313917 0 16.3971 1.48637 -0.00468737
2.8125 1.49294 0.99527 -0.00325352 0 16.5441 1.48588 -0.0048573
2.8375 1.49268 0.9951 -0.00337207 0 16.6912 1.48537 -0.00503344
2.8625 1.49242 0.994924 -0.00349489 0 16.8382 1.48485 -0.00521586
2.8875 1.49215 0.994742 -0.00362204 0 16.9853 1.48431 -0.00540464
2.9125 1.49188 0.994553 -0.00375357 0 17.1324 1.48375 -0.00559986
2.9375 1.49159 0.994358 -0.00388956 0 17.2794 1.48317 -0.00580163
2.9625 1.49129 0.994155 -0.0040301 0 17.4265 1.48258 -0.00601007
2.9875 1.49099 0.993946 -0.00417528 0 17.5735 1.48196 -0.00622531
3.0125 1.49068 0.993729 -0.00432525 0 17.7206 1.48133 -0.00644754
3.0375 1.49035 0.993504 -0.00448014 0 17.8676 1.48067 -0.00667697
3.0625 1.49001 0.993271 -0.00464013 0 18.0147 1.47999 -0.00691384
3.0875 1.48966 0.993029 -0.00480543 0 18.1618 1.47928 -0.00715846
3.1125 1.4893 0.992779 -0.00497627 0 18.3088 1.47854 -0.00741115
3.1375 1.48892 0.992521 -0.00515294 0 18.4559 1.47778 -0.0076723
3.1625 1.48852 0.992253 -0.00533573 0 18.6029 1.47699 -0.00794235
3.1875 1.48811 0.991975 -0.00552498 0 18.75 1.47617 -0.00822178
3.2125 1.48768 0.991688 -0.00572105 0 18.8971 1.47532 -0.00851111
3.2375 1.48724 0.99139 -0.00592433 0 19.0441 1.47443 -0.00881087
3.2625 1.48677 0.991081 -0.00613521 0 19.1912 1.47351 -0.00912164
3.2875 1.48629 0.990762 -0.00635407 0 19.3382 1.47256 -0.00944397
3.3125 1.48578 0.990431 -0.00658131 0 19.4853 1.47157 -0.00977839
3.3375 1.48526 0.990089 -0.00681726 0 19.6324 1.47054 -0.0101254
3.3625 1.48472 0.989734 -0.00706224 0 19.7794 1.46948 -0.0104855
3.3875 1.48416 0.989367 -0.00731653 0 19.9265 1.46838 -0.0108589
3.4125 1.48359 0.988986 -0.00758035 0 20.0735 1.46725 -0.0112461
3.4375 1.483 0.988592 -0.0078539 0 20.2206 1.46608 -0.0116473
3.4625 1.48239 0.988184 -0.00813731 0 20.3676 1.46487 -0.0120627
3.4875 1.48176 0.987762 -0.00843074 0 20.5147 1.46363 -0.0124923
3.5125 1.48112 0.987324 -0.00873429 0 20.6618 1.46234 -0.0129365
3.5375 1.48045 0.986871 -0.00904812 0 20.8088 1.46102 -0.0133953
3.5625 1.47977 0.986402 -0.00937239 0 20.9559 1.45965 -0.013869
3.5875 1.47907 0.985916 -0.00970731 0 21.1029 1.45824 -0.0143578
3.6125 1.47834 0.985413 -0.0100531 0 21.25 1.45677 -0.0148619
3.6375 1.47759 0.984892 -0.0104102 0 21.3971 1.45526 -0.015382
3.6625 1.47681 0.984353 -0.0107788 0 21.5441 1.4537 -0.0159182
3.6875 1.476 0.983795 -0.0111594 0 21.6912 1.45208 -0.0164712
3.7125 1.47517 0.983217 -0.0115522 0 21.8382 1.45041 -0.0170415
3.7375 1.47431 0.982619 -0.0119578 0 21.9853 1.44868 -0.0176295
3.7625 1.47341 0.981999 -0.0123765 0 22.1324 1.44689 -0.0182358
3.7875 1.47249 0.981358 -0.0128087 0 22.2794 1.44504 -0.0188608
3.8125 1.47154 0.980694 -0.0132548 0 22.4265 1.44313 -0.019505
3.8375 1.47056 0.980006 -0.0137152 0 22.5735 1.44115 -0.0201689
3.8625 1.46954 0.979295 -0.0141902 0 22.7206 1.43911 -0.0208531
3.8875 1.46849 0.978558 -0.0146803 0 22.8676 1.437 -0.0215579
3.9125 1.4674 0.977795 -0.0151861 0 23.0147 1.43482 -0.022284
3.9375 1.46627 0.977006 -0.0157078 0 23.1618 1.43256 -0.023032
3.9625 1.46511 0.976189 -0.0162462 0 23.3088 1.43022 -0.0238025
3.9875 1.4639 0.975343 -0.0168018 0 23.4559 1.42781 -0.0245962
4.0125 1.46266 0.974468 -0.017375 0 23.6029 1.42531 -0.0254137
4.0375 1.46137 0.973562 -0.0179666 0 23.75 1.42273 -0.0262558
4.0625 1.46003 0.972625 -0.018577 0 23.8971 1.42006 -0.027123
4.0875 1.45865 0.971655 -0.0192067 0 24.0441 1.41731 -0.028016
4.1125 1.45723 0.970651 -0.0198564 0 24.1912 1.41446 -0.0289353
4.1375 1.45576 0.969612 -0.0205264 0 24.3382 1.41152 -0.0298815
4.1625 1.45425 0.968537 -0.0212172 0 24.4853 1.40849 -0.0308551
4.1875 1.45268 0.967424 -0.0219294 0 24.6324 1.40536 -0.0318565
4.2125 1.45107 0.966273 -0.0226635 0 24.7794 1.40213 -0.0328863
4.2375 1.4494 0.965083 -0.02342 0 24.9265 1.39879 -0.0339449
4.2625 1.44768 0.963851 -0.0241994 0 25.0735 1.39535 -0.035033
4.2875 1.4459 0.962576 -0.0250023 0 25.2206 1.39179 -0.0361509
4.3125 1.44407 0.961258 -0.0258292 0 25.3676 1.38812 -0.0372991
4.3375 1.44218 0.959894 -0.0266807 0 25.5147 1.38434 -0.0384782
4.3625 1.44022 0.958484 -0.0275573 0 25.6618 1.38043 -0.0396887
4.3875 1.43821 0.957025 -0.0284596 0 25.8088 1.3764 -0.0409308
4.4125 1.43613 0.955517 -0.029388 0 25.9559 1.37225 -0.0422051
4.4375 1.43399 0.953957 -0.0303432 0 26.1029 1.36797 -0.0435119
4.4625 1.43178 0.952344 -0.0313256 0 26.25 1.36355 -0.0448515
4.4875 1.42951 0.950676 -0.0323357 0 26.3971 1.359 -0.0462241
4.5125 1.42717 0.948951 -0.0333739 0 26.5441 1.35431 -0.0476301
4.5375 1.42475 0.947169 -0.0344407 0 26.6912 1.34948 -0.0490694
4.5625 1.42226 0.945326 -0.0355366 0 26.8382 1.3445 -0.0505423
4.5875 1.4197 0.943421 -0.036662 0 26.9853 1.33937 -0.0520489
4.6125 1.41706 0.941453 -0.0378173 0 27.1324 1.33409 -0.0535892
4.6375 1.41434 0.939419 -0.0390027 0 27.2794 1.32866 -0.0551631
4.6625 1.41154 0.937317 -0.0402188 0 27.4265 1.32306 -0.0567705
4.6875 1.40866 0.935145 -0.0414657 0 27.5735 1.3173 -0.0584112
4.7125 1.4057 0.932902 -0.0427437 0 27.7206 1.31138 -0.0600849
4.7375 1.40266 0.930584 -0.044053 0 27.8676 1.30529 -0.0617911
4.7625 1.39952 0.928191 -0.0453937 0 28.0147 1.29902 -0.0635295
4.7875 1.3963 0.925719 -0.0467659 0 28.1618 1.29258 -0.0652994
4.8125 1.39299 0.923167 -0.0481698 0 28.3088 1.28597 -0.0671001
4.8375 1.38959 0.920532 -0.0496051 0 28.4559 1.27916 -0.0689309
4.8625 1.3861 0.917812 -0.051072 0 28.6029 1.27218 -0.0707908
4.8875 1.38251 0.915005 -0.05257 0 28.75 1.26501 -0.0726787
4.9125 1.37883 0.912108 -0.0540991 0 28.8971 1.25764 -0.0745935
4.9375 1.37505 0.90912 -0.0556588 0 29.0441 1.25009 -0.0765337
4.9625 1.37118 0.906036 -0.0572486 0 29.1912 1.24234 -0.0784979
4.9875 1.3672 0.902857 -0.058868 0 29.3382 1.23439 -0.0804844
5.0125 1.36313 0.899577 -0.0605164 0 29.4853 1.22624 -0.0824915
5.0375 1.35895 0.896197 -0.0621929 0 29.6324 1.21789 -0.084517
5.0625 1.35467 0.892712 -0.0638965 0 29.7794 1.20933 -0.0865589
5.0875 1.35029 0.889121 -0.0656263 0 29.9265 1.20057 -0.0886146
5.1125 1.34581 0.885422 -0.0673809 0 30.0735 1.19161 -0.0906818
5.1375 1.34122 0.881611 -0.0691589 0 30.2206 1.18244 -0.0927574
5.1625 1.33653 0.877687 -0.0709589 0 30.3676 1.17305 -0.0948387
5.1875 1.33173 0.873647 -0.072779 0 30.5147 1.16347 -0.0969223
5.2125 1.32684 0.869489 -0.0746173 0 30.6618 1.15367 -0.0990048
5.2375 1.32183 0.865211 -0.0764717 0 30.8088 1.14366 -0.101083
5.2625 1.31672 0.860811 -0.0783399 0 30.9559 1.13345 -0.103152
5.2875 1.31151 0.856287 -0.0802192 0 31.1029 1.12303 -0.105209
5.3125 1.3062 0.851636 -0.0821069 0 31.25 1.11241 -0.107248
5.3375 1.30078 0.846858 -0.0839998 0 31.3971 1.10158 -0.109266
5.3625 1.29527 0.84195 -0.0858948 0 31.5441 1.09055 -0.111257
5.3875 1.28966 0.836911 -0.0877882 0 31.6912 1.07933 -0.113217
5.4125 1.28394 0.83174 -0.0896761 0 31.8382 1.06791 -0.115139
5.4375 1.27814 0.826435 -0.0915546 0 31.9853 1.0563 -0.117019
5.4625 1.27224 0.820995 -0.0934191 0 32.1324 1.0445 -0.118851
5.4875 1.26625 0.81542 -0.0952649 0 32.2794 1.03252 -0.120629
5.5125 1.26017 0.80971 -0.0970869 0 32.4265 1.02037 -0.122346
5.5375 1.25401 0.803863 -0.0988799 0 32.5735 1.00805 -0.123996
5.5625 1.24776 0.797881 -0.100638 0 32.7206 0.995566 -0.125573
5.5875 1.24144 0.791764 -0.102356 0 32.8676 0.982929 -0.127069
5.6125 1.23505 0.785512 -0.104026 0 33.0147 0.970146 -0.128477
5.6375 1.22859 0.779128 -0.105643 0 33.1618 0.957226 -0.129792
5.6625 1.22206 0.772612 -0.107199 0 33.3088 0.944179 -0.131004
5.6875 1.21548 0.765968 -0.108688 0 33.4559 0.931016 -0.132108
5.7125 1.20884 0.759197 -0.110101 0 33.6029 0.917748 -0.133095
5.7375 1.20216 0.752303 -0.111431 0 33.75 0.904388 -0.133957
5.7625 1.19544 0.745291 -0.112669 0 33.8971 0.890947 -0.134689
5.7875 1.18868 0.738163 -0.113808 0 34.0441 0.877439 -0.135281
5.8125 1.1819 0.730926 -0.114838 0 34.1912 0.863879 -0.135727
5.8375 1.1751 0.723586 -0.115751 0 34.3382 0.850282 -0.136018
5.8625 1.16828 0.716148 -0.116538 0 34.4853 0.836664 -0.136149
5.8875 1.16147 0.70862 -0.117189 0 34.6324 0.823042 -0.136112
5.9125 1.15467 0.70101 -0.117695 0 34.7794 0.809435 -0.135899
5.9375 1.14788 0.693327 -0.118048 0 34.9265 0.795858 -0.135505
5.9625 1.14112 0.685581 -0.118236 0 35.0735 0.78233 -0.134922
5.9875 1.13439 0.677784 -0.118252 0 35.2206 0.768874 -0.134144
6.0125 1.12772 0.669951 -0.118086 0 35.3676 0.755514 -0.133167
6.0375 1.12109 0.662089 -0.117729 0 35.5147 0.742263 -0.131985
6.0625 1.11453 0.654212 -0.117173 0 35.6618 0.72914 -0.130593
6.0875 1.10805 0.646334 -0.116409 0 35.8088 0.716167 -0.128987
6.1125 1.10165 0.638469 -0.115429 0 35.9559 0.703367 -0.127162
6.1375 1.09535 0.630633 -0.114225 0 36.1029 0.690761 -0.125116
6.1625 1.08915 0.622843 -0.11279 0 36.25 0.678371 -0.122846
6.1875 1.08308 0.615116 -0.111119 0 36.3971 0.66622 -0.120351
6.2125 1.07714 0.607472 -0.109205 0 36.5441 0.65433 -0.117629
6.2375 1.07134 0.599927 -0.107044 0 36.6912 0.642723 -0.11468
6.2625 1.06569 0.592503 -0.104633 0 36.8382 0.631423 -0.111506
6.2875 1.0602 0.585218 -0.101969 0 36.9853 0.620451 -0.108108
6.3125 1.0549 0.578095 -0.0990504 0 37.1324 0.60983 -0.104488
6.3375 1.04977 0.571154 -0.0958768 0 37.2794 0.599583 -0.100649
6.3625 1.04485 0.564416 -0.0924493 0 37.4265 0.589731 -0.0965957
6.3875 1.04013 0.557903 -0.0887702 0 37.5735 0.580294 -0.0923329
6.4125 1.03564 0.551635 -0.0848431 0 37.7206 0.571294 -0.0878667
6.4375 1.03137 0.545635 -0.0806733 0 37.8676 0.56275 -0.0832039
6.4625 1.02734 0.539922 -0.0762675 0 38.0147 0.554682 -0.0783524
6.4875 1.02355 0.534519 -0.0716336 0 38.1618 0.547108 -0.0733208
6.5125 1.02002 0.529445 -0.0667813 0 38.3088 0.540046 -0.0681185
6.5375 1.01676 0.524718 -0.0617215 0 38.4559 0.533512 -0.0627559
6.5625 1.01377 0.520358 -0.0564666 0 38.6029 0.527522 -0.057244
6.5875 1.01105 0.516382 -0.0510305 0 38.75 0.52209 -0.0515946
6.6125 1.00863 0.512805 -0.0454284 0 38.8971 0.517229 -0.0458202
6.6375 1.00649 0.509643 -0.0396765 0 39.0441 0.512951 -0.039934
6.6625 1.00465 0.506908 -0.0337926 0 39.1912 0.509266 -0.0339498
6.6875 1.00311 0.504613 -0.0277953 0 39.3382 0.506183 -0.0278817
6.7125 1.00188 0.502766 -0.0217038 0 39.4853 0.50371 -0.0217446
6.7375 1.00095 0.501376 -0.0155385 0 39.6324 0.501854 -0.0155533
6.7625 1.00034 0.500449 -0.00932021 0 39.7794 0.500618 -0.00932335
6.7875 1.00004 0.49999 -0.00306892 0 39.9265 0.500012 -0.00306906
6.8125 1 0.499999 0.00318855 0 40.0735 0.5 0.00318856
6.8375 1.00021 0.500476 0.00941802 0 40.2206 0.500579 0.00941996
6.8625 1.00082 0.50142 0.0156098 0 40.3676 0.501831 0.0156226
6.8875 1.00178 0.502825 0.021749 0 40.5147 0.503722 0.0217879
6.9125 1.00304 0.504685 0.0278154 0 40.6618 0.506221 0.0279001
6.9375 1.0046 0.506993 0.0337878 0 40.8088 0.509323 0.0339431
6.9625 1.00645 0.509739 0.0396466 0 40.9559 0.513027 0.0399023
6.9875 1.0086 0.512912 0.0453737 0 41.1029 0.517324 0.045764
7.0125 1.01105 0.516497 0.0509518 0 41.25 0.522202 0.0515146
7.0375 1.01377 0.52048 0.0563647 0 41.3971 0.527649 0.057141
7.0625 1.01678 0.524846 0.0615974 0 41.5441 0.533652 0.062631
7.0875 1.02006 0.529577 0.0666362 0 41.6912 0.540198 0.0679727
7.1125 1.0236 0.534654 0.0714686 0 41.8382 0.54727 0.0731551
7.1375 1.02739 0.540059 0.0760838 0 41.9853 0.554853 0.0781679
7.1625 1.03143 0.545772 0.0804722 0 42.1324 0.562928 0.0830018
7.1875 1.03571 0.551771 0.084626 0 42.2794 0.571477 0.0876483
7.2125 1.04022 0.558037 0.0885387 0 42.4265 0.580482 0.0920998
7.2375 1.04495 0.564547 0.0922054 0 42.5735 0.589921 0.0963496
7.2625 1.04988 0.571281 0.0956223 0 42.7206 0.599775 0.100392
7.2875 1.05501 0.578218 0.0987871 0 42.8676 0.610023 0.104221
7.3125 1.06032 0.585335 0.101699 0 43.0147 0.620643 0.107833
7.3375 1.06581 0.592613 0.104358 0 43.1618 0.631613 0.111226
7.3625 1.07146 0.60003 0.106766 0 43.3088 0.642911 0.114395
7.3875 1.07727 0.607567 0.108925 0 43.4559 0.654514 0.117341
7.4125 1.08322 0.615205 0.110839 0 43.6029 0.6664 0.120063
7.4375 1.0893 0.622923 0.112513 0 43.75 0.678547 0.12256
7.4625 1.09549 0.630705 0.113952 0 43.8971 0.690933 0.124833
7.4875 1.1018 0.638533 0.115162 0 44.0441 0.703534 0.126885
7.5125 1.1082 0.64639 0.11615 0 44.1912 0.716328 0.128717
7.5375 1.11469 0.654261 0.116923 0 44.3382 0.729296 0.130332
7.5625 1.12125 0.66213 0.117489 0 44.4853 0.742414 0.131735
7.5875 1.12788 0.669984 0.117857 0 44.6324 0.75566 0.132928
7.6125 1.13456 0.67781 0.118034 0 44.7794 0.769014 0.133916
7.6375 1.14128 0.685592 0.118029 0 44.9265 0.782453 0.134704
7.6625 1.14803 0.693318 0.117853 0 45.0735 0.795951 0.135299
7.6875 1.15481 0.700981 0.117513 0 45.2206 0.809499 0.135705
7.7125 1.1616 0.708573 0.11702 0 45.3676 0.823078 0.13593
7.7375 1.1684 0.716084 0.116382 0 45.5147 0.836671 0.135981
7.7625 1.17519 0.723506 0.115609 0 45.6618 0.850257 0.135862
7.7875 1.18197 0.730832 0.114709 0 45.8088 0.863823 0.135583
7.8125 1.18874 0.738056 0.113692 0 45.9559 0.877353 0.135149
7.8375 1.19547 0.745171 0.112566 0 46.1029 0.890833 0.13457
7.8625 1.20218 0.752173 0.11134 0 46.25 0.904248 0.13385
7.8875 1.20885 0.759058 0.110022 0 46.3971 0.917584 0.132999
7.9125 1.21547 0.76582 0.10862 0 46.5441 0.930829 0.132024
7.9375 1.22204 0.772458 0.107143 0 46.6912 0.943971 0.130932
7.9625 1.22855 0.778967 0.105597 0 46.8382 0.956999 0.129731
7.9875 1.235 0.785346 0.10399 0 46.9853 0.969901 0.128427
8.0125 1.24138 0.791594 0.102329 0 47.1324 0.982669 0.127029
8.0375 1.24769 0.797708 0.100621 0 47.2794 0.995293 0.125543
8.0625 1.25392 0.803688 0.098871 0 47.4265 1.00776 0.123977
8.0875 1.26008 0.809533 0.0970861 0 47.5735 1.02007 0.122336
8.1125 1.26615 0.815243 0.0952717 0 47.7206 1.03222 0.120628
8.1375 1.27213 0.820818 0.0934331 0 47.8676 1.04419 0.118859
8.1625 1.27803 0.826259 0.0915754 0 48.0147 1.05598 0.117036
8.1875 1.28383 0.831565 0.0897033 0 48.1618 1.06759 0.115163
8.2125 1.28953 0.836739 0.0878212 0 48.3088 1.079 0.113248
8.2375 1.29514 0.84178 0.0859333 0 48.4559 1.09023 0.111296
8.2625 1.30066 0.846691 0.0840433 0 48.6029 1.10125 0.109312
8.2875 1.30607 0.851473 0.082155 0 48.75 1.11208 0.1073
8.3125 1.31138 0.856126 0.0802716 0 48.8971 1.12271 0.105267
8.3375 1.31659 0.860654 0.0783962 0 49.0441 1.13313 0.103216
8.3625 1.3217 0.865058 0.0765316 0 49.1912 1.14334 0.101151
8.3875 1.3267 0.869339 0.0746805 0 49.3382 1.15335 0.0990784
8.4125 1.3316 0.873501 0.0728451 0 49.4853 1.16315 0.0970003
8.4375 1.33639 0.877544 0.0710276 0 49.6324 1.17274 0.0949207
8.4625 1.34108 0.881472 0.06923 0 49.7794 1.18213 0.0928431
8.4875 1.34567 0.885287 0.0674539 0 49.9265 1.1913 0.0907707
8.5125 1.35015 0.888991 0.0657011 0 50.0735 1.20027 0.0887066
8.5375 1.35453 0.892585 0.0639729 0 50.2206 1.20904 0.0866535
8.5625 1.35881 0.896074 0.0622706 0 50.3676 1.2176 0.0846141
8.5875 1.36299 0.899459 0.0605952 0 50.5147 1.22595 0.0825907
8.6125 1.36707 0.902742 0.0589477 0 50.6618 1.23411 0.0805855
8.6375 1.37104 0.905926 0.057329 0 50.8088 1.24206 0.0786005
8.6625 1.37492 0.909013 0.0557396 0 50.9559 1.24982 0.0766375
8.6875 1.3787 0.912006 0.0541802 0 51.1029 1.25738 0.0746984
8.7125 1.38239 0.914907 0.0526513 0 51.25 1.26475 0.0727844
8.7375 1.38597 0.917718 0.0511533 0 51.3971 1.27193 0.0708972
8.7625 1.38947 0.920442 0.0496864 0 51.5441 1.27893 0.0690377
8.7875 1.39287 0.923081 0.0482508 0 51.6912 1.28573 0.0672072
8.8125 1.39619 0.925637 0.0468466 0 51.8382 1.29236 0.0654066
8.8375 1.39941 0.928113 0.0454739 0 51.9853 1.29881 0.0636366
8.8625 1.40255 0.93051 0.0441326 0 52.1324 1.30508 0.061898
8.8875 1.4056 0.932832 0.0428227 0 52.2794 1.31118 0.0601914
8.9125 1.40856 0.935079 0.041544 0 52.4265 1.31712 0.0585172
8.9375 1.41144 0.937255 0.0402963 0 52.5735 1.32288 0.056876
8.9625 1.41424 0.939361 0.0390795 0 52.7206 1.32849 0.0552679
8.9875 1.41697 0.941399 0.0378931 0 52.8676 1.33393 0.0536932
9.0125 1.41961 0.943371 0.0367369 0 53.0147 1.33922 0.052152
9.0375 1.42218 0.94528 0.0356105 0 53.1618 1.34436 0.0506444
9.0625 1.42467 0.947126 0.0345136 0 53.3088 1.34934 0.0491704
9.0875 1.42709 0.948913 0.0334457 0 53.4559 1.35418 0.04773
9.1125 1.42944 0.950641 0.0324064 0 53.6029 1.35888 0.046323
9.1375 1.43172 0.952313 0.0313953 0 53.75 1.36345 0.0449492
9.1625 1.43393 0.95393 0.0304118 0 53.8971 1.36787 0.0436085
9.1875 1.43608 0.955493 0.0294556 0 54.0441 1.37216 0.0423005
9.2125 1.43816 0.957006 0.028526 0 54.1912 1.37633 0.0410249
9.2375 1.44018 0.958468 0.0276226 0 54.3382 1.38036 0.0397815
9.2625 1.44213 0.959882 0.0267449 0 54.4853 1.38428 0.0385698
9.2875 1.44403 0.961249 0.0258924 0 54.6324 1.38807 0.0373894
9.3125 1.44587 0.962571 0.0250645 0 54.7794 1.39175 0.03624
9.3375 1.44765 0.963849 0.0242606 0 54.9265 1.39532 0.035121
9.3625 1.44938 0.965085 0.0234803 0 55.0735 1.39877 0.0340319
9.3875 1.45105 0.966279 0.0227231 0 55.2206 1.40212 0.0329724
9.4125 1.45268 0.967433 0.0219882 0 55.3676 1.40537 0.0319418
9.4375 1.45425 0.968549 0.0212754 0 55.5147 1.40851 0.0309396
9.4625 1.45577 0.969628 0.020584 0 55.6618 1.41155 0.0299654
9.4875 1.45724 0.97067 0.0199134 0 55.8088 1.4145 0.0290186
9.5125 1.45867 0.971677 0.0192632 0 55.9559 1.41735 0.0280986
9.5375 1.46005 0.972651 0.0186329 0 56.1029 1.42012 0.0272049
9.5625 1.46139 0.973592 0.0180219 0 56.25 1.42279 0.0263369
9.5875 1.46268 0.974501 0.0174297 0 56.3971 1.42538 0.0254941
9.6125 1.46393 0.975379 0.0168558 0 56.5441 1.42789 0.0246758
9.6375 1.46515 0.976228 0.0162998 0 56.6912 1.43032 0.0238816
9.6625 1.46632 0.977048 0.0157611 0 56.8382 1.43266 0.0231109
9.6875 1.46746 0.97784 0.0152393 0 56.9853 1.43494 0.022363
9.7125 1.46855 0.978606 0.0147339 0 57.1324 1.43714 0.0216376
9.7375 1.46962 0.979345 0.0142445 0 57.2794 1.43926 0.0209339
9.7625 1.47065 0.98006 0.0137705 0 57.4265 1.44132 0.0202515
9.7875 1.47164 0.98075 0.0133116 0 57.5735 1.44331 0.0195899
9.8125 1.4726 0.981417 0.0128673 0 57.7206 1.44524 0.0189484
9.8375 1.47353 0.982061 0.0124371 0 57.8676 1.4471 0.0183265
9.8625 1.47443 0.982683 0.0120208 0 58.0147 1.4489 0.0177239
9.8875 1.47531 0.983284 0.0116178 0 58.1618 1.45064 0.0171398
9.9125 1.47615 0.983864 0.0112278 0 58.3088 1.45233 0.0165739
9.9375 1.47696 0.984425 0.0108504 0 58.4559 1.45396 0.0160256
9.9625 1.47775 0.984967 0.0104851 0 58.6029 1.45553 0.0154944
9.9875 1.47851 0.98549 0.0101318 0 58.75 1.45706 0.0149799
10.0125 1.47925 0.985995 0.00978985 0 58.8971 1.45853 0.0144816
10.0375 1.47996 0.986483 0.00945908 0 59.0441 1.45995 0.013999
10.0625 1.48065 0.986954 0.00913909 0 59.1912 1.46133 0.0135318
10.0875 1.48131 0.987409 0.00882956 0 59.3382 1.46266 0.0130793
10.1125 1.48195 0.987848 0.00853015 0 59.4853 1.46394 0.0126413
10.1375 1.48257 0.988273 0.00824056 0 59.6324 1.46519 0.0122172
10.1625 1.48317 0.988682 0.00796047 0 59.7794 1.46639 0.0118067
10.1875 1.48375 0.989078 0.00768959 0 59.9265 1.46755 0.0114094
10.2125 1.48431 0.98946 0.00742762 0 60.0735 1.46867 0.0110249
10.2375 1.48485 0.989829 0.0071743 0 60.2206 1.46975 0.0106528
10.2625 1.48538 0.990185 0.00692933 0 60.3676 1.4708 0.0102927
10.2875 1.48588 0.990529 0.00669245 0 60.5147 1.47181 0.0099442
10.3125 1.48637 0.990861 0.00646341 0 60.6618 1.47279 0.00960703
10.3375 1.48684 0.991181 0.00624195 0 60.8088 1.47373 0.00928079
10.3625 1.4873 0.99149 0.00602782 0 60.9559 1.47464 0.00896517
10.3875 1.48774 0.991789 0.0058208 0 61.1029 1.47552 0.00865983
10.4125 1.48816 0.992077 0.00562065 0 61.25 1.47637 0.00836446
10.4375 1.48857 0.992355 0.00542716 0 61.3971 1.4772 0.00807873
10.4625 1.48897 0.992624 0.0052401 0 61.5441 1.47799 0.00780235
10.4875 1.48935 0.992883 0.00505926 0 61.6912 1.47875 0.00753503
10.5125 1.48972 0.993133 0.00488445 0 61.8382 1.47949 0.00727648
10.5375 1.49008 0.993375 0.00471547 0 61.9853 1.48021 0.00702643
10.5625 1.49043 0.993608 0.00455213 0 62.1324 1.4809 0.00678462
10.5875 1.49076 0.993832 0.00439425 0 62.2794 1.48157 0.00655077
10.6125 1.49108 0.994049 0.00424165 0 62.4265 1.48221 0.00632465
10.6375 1.49139 0.994259 0.00409417 0 62.5735 1.48283 0.00610601
10.6625 1.49169 0.994461 0.00395162 0 62.7206 1.48343 0.0058946
10.6875 1.49198 0.994656 0.00381386 0 62.8676 1.48401 0.00569021
10.7125 1.49226 0.994843 0.00368073 0 63.0147 1.48457 0.0054926
10.7375 1.49253 0.995025 0.00355207 0 63.1618 1.4851 0.00530157
10.7625 1.49279 0.9952 0.00342775 0 63.3088 1.48562 0.00511691
10.7875 1.49304 0.995368 0.00330762 0 63.4559 1.48613 0.0049384
10.8125 1.49328 0.995531 0.00319154 0 63.6029 1.48661 0.00476587
10.8375 1.49352 0.995688 0.00307938 0 63.75 1.48708 0.0045991
10.8625 1.49374 0.995839 0.00297101 0 63.8971 1.48753 0.00443793
10.8875 1.49396 0.995985 0.00286632 0 64.0441 1.48796 0.00428216
10.9125 1.49417 0.996126 0.00276517 0 64.1912 1.48838 0.00413164
10.9375 1.49437 0.996261 0.00266746 0 64.3382 1.48879 0.00398618
10.9625 1.49457 0.996392 0.00257307 0 64.4853 1.48918 0.00384563
10.9875 1.49476 0.996518 0.00248189 0 64.6324 1.48955 0.00370983
11.0125 1.49494 0.99664 0.00239382 0 64.7794 1.48992 0.00357862
11.0375 1.49512 0.996757 0.00230877 0 64.9265 1.49027 0.00345187
11.0625 1.49528 0.99687 0.00222662 0 65.0735 1.4906 0.00332943
11.0875 1.49545 0.996978 0.00214729 0 65.2206 1.49093 0.00321115
11.1125 1.49561 0.997083 0.00207068 0 65.3676 1.49124 0.00309692
11.1375 1.49576 0.997184 0.00199672 0 65.5147 1.49155 0.0029866
11.1625 1.4959 0.997281 0.00192531 0 65.6618 1.49184 0.00288008
11.1875 1.49605 0.997375 0.00185638 0 65.8088 1.49212 0.00277722
11.2125 1.49618 0.997465 0.00178984 0 65.9559 1.49239 0.00267793
11.2375 1.49631 0.997552 0.00172563 0 66.1029 1.49265 0.00258208
11.2625 1.49644 0.997636 0.00166366 0 66.25 1.4929 0.00248957
11.2875 1.49656 0.997717 0.00160388 0 66.3971 1.49315 0.0024003
11.3125 1.49668 0.997795 0.0015462 0 66.5441 1.49338 0.00231417
11.3375 1.49679 0.99787 0.00149058 0 66.6912 1.4936 0.00223109
11.3625 1.4969 0.997942 0.00143693 0 66.8382 1.49382 0.00215095
11.3875 1.49701 0.998011 0.00138521 0 66.9853 1.49403 0.00207367
11.4125 1.49711 0.998078 0.00133535 0 67.1324 1.49423 0.00199917
11.4375 1.49721 0.998143 0.0012873 0 67.2794 1.49443 0.00192735
11.4625 1.4973 0.998205 0.00124099 0 67.4265 1.49461 0.00185814
11.4875 1.49739 0.998264 0.00119638 0 67.5735 1.49479 0.00179145
11.5125 1.49748 0.998322 0.0011534 0 67.7206 1.49497 0.0017272
11.5375 1.49757 0.998377 0.00111201 0 67.8676 1.49514 0.00166531
11.5625 1.49765 0.998431 0.00107216 0 68.0147 1.4953 0.00160572
11.5875 1.49773 0.998482 0.0010338 0 68.1618 1.49545 0.00154834
11.6125 1.4978 0.998532 0.000996865 0 68.3088 1.4956 0.00149311
11.6375 1.49788 0.99858 0.000961325 0 68.4559 1.49575 0.00143995
11.6625 1.49795 0.998626 0.000927129 0 68.6029 1.49589 0.00138879
11.6875 1.49801 0.99867 0.000894232 0 68.75 1.49602 0.00133957
11.7125 1.49808 0.998713 0.000862591 0 68.8971 1.49615 0.00129223
11.7375 1.49814 0.998754 0.000832164 0 69.0441 1.49628 0.0012467
11.7625 1.4982 0.998793 0.00080291 0 69.1912 1.4964 0.00120292
11.7875 1.49826 0.998832 0.00077479 0 69.3382 1.49651 0.00116084
11.8125 1.49832 0.998869 0.000747767 0 69.4853 1.49663 0.0011204
11.8375 1.49838 0.998904 0.000721805 0 69.6324 1.49673 0.00108153
11.8625 1.49843 0.998939 0.000696868 0 69.7794 1.49684 0.00104421
11.8875 1.49848 0.998972 0.000672922 0 69.9265 1.49694 0.00100836
11.9125 1.49853 0.999004 0.000649933 0 70.0735 1.49704 0.000973945
11.9375 1.49858 0.999035 0.000627871 0 70.2206 1.49713 0.000940913
11.9625 1.49862 0.999065 0.000606703 0 70.3676 1.49722 0.000909219
11.9875 1.49867 0.999094 0.000586398 0 70.5147 1.49731 0.000878816
12.0125 1.49871 0.999123 0.000566926 0 70.6618 1.4974 0.000849659
12.0375 1.49875 0.99915 0.000548258 0 70.8088 1.49748 0.000821704
12.0625 1.49879 0.999176 0.000530365 0 70.9559 1.49756 0.000794907
12.0875 1.49883 0.999202 0.000513216 0 71.1029 1.49764 0.000769225
12.1125 1.49887 0.999227 0.000496784 0 71.25 1.49771 0.000744615
12.1375 1.49891 0.999251 0.00048104 0 71.3971 1.49778 0.000721034
12.1625 1.49894 0.999274 0.000465954 0 71.5441 1.49785 0.000698439
12.1875 1.49898 0.999297 0.0004515 0 71.6912 1.49792 0.000676788
12.2125 1.49901 0.999319 0.000437649 0 71.8382 1.49799 0.00065604
12.2375 1.49904 0.99934 0.000424372 0 71.9853 1.49805 0.000636152
12.2625 1.49907 0.999361 0.000411643 0 72.1324 1.49812 0.000617084
12.2875 1.4991 0.999381 0.000399434 0 72.2794 1.49818 0.000598794
12.3125 1.49913 0.999401 0.000387718 0 72.4265 1.49824 0.000581241
12.3375 1.49916 0.99942 0.000376467 0 72.5735 1.49829 0.000564386
12.3625 1.49919 0.999439 0.000365657 0 72.7206 1.49835 0.000548189
12.3875 1.49922 0.999457 0.000355261 0 72.8676 1.4984 0.000532613
12.4125 1.49924 0.999475 0.000345255 0 73.0147 1.49846 0.000517622
12.4375 1.49927 0.999492 0.000335616 0 73.1618 1.49851 0.000503179
12.4625 1.49929 0.999509 0.000326322 0 73.3088 1.49856 0.000489253
12.4875 1.49932 0.999526 0.000317351 0 73.4559 1.49861 0.00047581
12.5125 1.49934 0.999542 0.000308683 0 73.6029 1.49865 0.000462821
12.5375 1.49936 0.999558 0.000300299 0 73.75 1.4987 0.000450258
12.5625 1.49939 0.999574 0.000292183 0 73.8971 1.49875 0.000438095
12.5875 1.49941 0.999589 0.000284317 0 74.0441 1.49879 0.000426307
12.6125 1.49943 0.999604 0.000276686 0 74.1912 1.49883 0.000414871
12.6375 1.49945 0.999618 0.000269276 0 74.3382 1.49888 0.000403765
12.6625 1.49947 0.999633 0.000262072 0 74.4853 1.49892 0.000392969
12.6875 1.49949 0.999647 0.000255062 0 74.6324 1.49896 0.000382463
12.7125 1.49951 0.99966 0.000248233 0 74.7794 1.499 0.000372228
12.7375 1.49953 0.999674 0.000241573 0 74.9265 1.49904 0.000362245
12.7625 1.49954 0.999687 0.00023507 0 75.0735 1.49907 0.000352497
12.7875 1.49956 0.9997 0.000228712 0 75.2206 1.49911 0.000342967
12.8125 1.49958 0.999712 0.000222487 0 75.3676 1.49915 0.000333637
12.8375 1.49959 0.999724 0.000216386 0 75.5147 1.49918 0.000324491
12.8625 1.49961 0.999736 0.000210395 0 75.6618 1.49922 0.000315511
12.8875 1.49963 0.999748 0.000204505 0 75.8088 1.49925 0.000306681
12.9125 1.49964 0.99976 0.000198704 0 75.9559 1.49928 0.000297985
12.9375 1.49966 0.999771 0.000192983 0 76.1029 1.49931 0.000289408
12.9625 1.49967 0.999781 0.000187331 0 76.25 1.49934 0.000280934
12.9875 1.49968 0.999792 0.000181738 0 76.3971 1.49937 0.00027255
13.0125 1.4997 0.999802 0.000176197 0 76.5441 1.4994 0.000264242
13.0375 1.49971 0.999812 0.000170698 0 76.6912 1.49943 0.000255997
13.0625 1.49972 0.999821 0.000165235 0 76.8382 1.49945 0.000247806
13.0875 1.49973 0.999831 0.000159801 0 76.9853 1.49948 0.000239659
13.1125 1.49975 0.99984 0.000154391 0 77.1324 1.49951 0.000231548
13.1375 1.49976 0.999848 0.000149002 0 77.2794 1.49953 0.000223468
13.1625 1.49977 0.999856 0.000143633 0 77.4265 1.49955 0.000215416
13.1875 1.49978 0.999864 0.000138281 0 77.5735 1.49958 0.000207392
13.2125 1.49979 0.999872 0.000132949 0 77.7206 1.4996 0.000199396
13.2375 1.4998 0.999879 0.000127638 0 77.8676 1.49962 0.000191431
13.2625 1.49981 0.999886 0.000122352 0 78.0147 1.49964 0.000183504
13.2875 1.49982 0.999893 0.000117096 0 78.1618 1.49966 0.000175622
13.3125 1.49983 0.999899 0.000111876 0 78.3088 1.49968 0.000167794
13.3375 1.49983 0.999905 0.0001067 0 78.4559 1.49969 0.000160032
13.3625 1.49984 0.999911 0.000101576 0 78.6029 1.49971 0.000152347
13.3875 1.49985 0.999917 9.65117e-05 0 78.75 1.49972 0.000144753
13.4125 1.49986 0.999922 9.1517e-05 0 78.8971 1.49974 0.000137262
13.4375 1.49986 0.999927 8.66003e-05 0 79.0441 1.49975 0.000129889
13.4625 1.49987 0.999931 8.17704e-05 0 79.1912 1.49977 0.000122645
13.4875 1.49988 0.999935 7.70357e-05 0 79.3382 1.49978 0.000115544
13.5125 1.49988 0.999939 7.24044e-05 0 79.4853 1.49979 0.000108598
13.5375 1.49989 0.999943 6.78839e-05 0 79.6324 1.4998 0.000101818
13.5625 1.49989 0.999946 6.34808e-05 0 79.7794 1.49981 9.52143e-05
13.5875 1.4999 0.999949 5.92005e-05 0 79.9265 1.49982 8.87946e-05
13.6125 1.4999 0.999952 5.50478e-05 0 80.0735 1.49983 8.25662e-05
13.6375 1.4999 0.999954 5.10267e-05 0 80.2206 1.49984 7.65351e-05
13.6625 1.49991 0.999956 4.71406e-05 0 80.3676 1.49984 7.07065e-05
13.6875 1.49991 0.999958 4.33926e-05 0 80.5147 1.49985 6.5085e-05
13.7125 1.49991 0.999959 3.97854e-05 0 80.6618 1.49985 5.96747e-05
13.7375 1.49992 0.99996 3.63215e-05 0 80.8088 1.49986 5.44793e-05
13.7625 1.49992 0.999961 3.30031e-05 0 80.9559 1.49986 4.95019e-05
13.7875 1.49992 0.999962 2.98318e-05 0 81.1029 1.49986 4.47454e-05
13.8125 1.49992 0.999962 2.68095e-05 0 81.25 1.49987 4.02123e-05
13.8375 1.49993 0.999962 2.39377e-05 0 81.3971 1.49987 3.59047e-05
13.8625 1.49993 0.999962 2.12234e-05 0 81.5441 1.49987 3.18336e-05
13.8875 1.49993 0.999962 1.86722e-05 0 81.6912 1.49987 2.8007e-05
13.9125 1.49993 0.999962 1.62804e-05 0 81.8382 1.49987 2.44195e-05
13.9375 1.49993 0.999961 1.40515e-05 0 81.9853 1.49987 2.10762e-05
13.9625 1.49993 0.99996 1.19895e-05 0 82.1324 1.49987 1.79835e-05
13.9875 1.49993 0.99996 1.00991e-05 0 82.2794 1.49987 1.5148e-05
14.0125 1.49993 0.999959 8.38496e-06 0 82.4265 1.49987 1.25769e-05
14.0375 1.49993 0.999958 6.85184e-06 0 82.5735 1.49987 1.02773e-05
14.0625 1.49994 0.999957 5.50443e-06 0 82.7206 1.49987 8.25629e-06
14.0875 1.49994 0.999956 4.34695e-06 0 82.8676 1.49987 6.52014e-06
14.1125 1.49994 0.999955 3.38293e-06 0 83.0147 1.49987 5.07417e-06
14.1375 1.49994 0.999954 2.61517e-06 0 83.1618 1.49987 3.92258e-06
14.1625 1.49994 0.999953 2.04531e-06 0 83.3088 1.49987 3.06783e-06
14.1875 1.49994 0.999952 1.67288e-06 0 83.4559 1.49986 2.50921e-06
14.2125 1.49994 0.999951 1.49572e-06 0 83.6029 1.49986 2.24348e-06
14.2375 1.49994 0.99995 1.50982e-06 0 83.75 1.49986 2.26464e-06
14.2625 1.49994 0.99995 1.7086e-06 0 83.8971 1.49986 2.5628e-06
14.2875 1.49994 0.999949 2.08434e-06 0 84.0441 1.49986 3.12638e-06
14.3125 1.49994 0.999948 2.62732e-06 0 84.1912 1.49986 3.94081e-06
14.3375 1.49994 0.999948 3.32627e-06 0 84.3382 1.49986 4.98919e-06
14.3625 1.49994 0.999947 4.1683e-06 0 84.4853 1.49986 6.25219e-06
14.3875 1.49994 0.999947 5.13888e-06 0 84.6324 1.49986 7.708e-06
14.4125 1.49994 0.999946 6.22196e-06 0 84.7794 1.49986 9.33256e-06
14.4375 1.49994 0.999946 7.40037e-06 0 84.9265 1.49986 1.11001e-05
14.4625 1.49994 0.999946 8.65631e-06 0 85.0735 1.49986 1.29839e-05
14.4875 1.49994 0.999946 9.97061e-06 0 85.2206 1.49986 1.49553e-05
14.5125 1.49994 0.999946 1.13236e-05 0 85.3676 1.49986 1.69848e-05
14.5375 1.49994 0.999946 1.27024e-05 0 85.5147 1.49986 1.90529e-05
14.5625 1.49994 0.999947 1.4091e-05 0 85.6618 1.49986 2.11356e-05
14.5875 1.49994 0.999947 1.54736e-05 0 85.8088 1.49987 2.32096e-05
14.6125 1.49995 0.999948 1.6836e-05 0 85.9559 1.49987 2.52531e-05
14.6375 1.49995 0.999949 1.81653e-05 0 86.1029 1.49987 2.7247e-05
14.6625 1.49995 0.99995 1.94502e-05 0 86.25 1.49987 2.91742e-05
14.6875 1.49995 0.999951 2.06806e-05 0 86.3971 1.49988 3.10199e-05
14.7125 1.49995 0.999953 2.18483e-05 0 86.5441 1.49988 3.27714e-05
14.7375 1.49995 0.999954 2.2946e-05 0 86.6912 1.49988 3.4418e-05
14.7625 1.49995 0.999956 2.39682e-05 0 86.8382 1.49989 3.59511e-05
14.7875 1.49996 0.999958 2.49102e-05 0 86.9853 1.49989 3.73643e-05
14.8125 1.49996 0.99996 2.5769e-05 0 87.1324 1.4999 3.86525e-05
14.8375 1.49996 0.999962 2.65423e-05 0 87.2794 1.4999 3.98124e-05
14.8625 1.49996 0.999965 2.72285e-05 0 87.4265 1.49991 4.08417e-05
14.8875 1.49996 0.999967 2.78267e-05 0 87.5735 1.49991 4.1739e-05
14.9125 1.49997 0.99997 2.83359e-05 0 87.7206 1.49992 4.25029e-05
14.9375 1.49997 0.999972 2.87546e-05 0 87.8676 1.49993 4.3131e-05
14.9625 1.49997 0.999975 2.90806e-05 0 88.0147 1.49993 4.36201e-05
14.9875 1.49997 0.999978 2.93111e-05 0 88.1618 1.49994 4.39658e-05
15.0125 1.49998 0.999981 2.94427e-05 0 88.3088 1.49995 4.41633e-05
15.0375 1.49998 0.999984 2.94718e-05 0 88.4559 1.49995 4.4207e-05
15.0625 1.49998 0.999986 2.93938e-05 0 88.6029 1.49996 4.409e-05
15.0875 1.49998 0.999989 2.92047e-05 0 88.75 1.49997 4.38066e-05
15.1125 1.49998 0.999992 2.88994e-05 0 88.8971 1.49997 4.33487e-05
15.1375 1.49999 0.999994 2.84727e-05 0 89.0441 1.49998 4.27087e-05
15.1625 1.49999 0.999997 2.79199e-05 0 89.1912 1.49998 4.18795e-05
15.1875 1.49999 0.999999 2.72364e-05 0 89.3382 1.49999 4.08544e-05
15.2125 1.49999 1 2.64188e-05 0 89.4853 1.49999 3.9628e-05
15.2375 1.49999 1 2.54645e-05 0 89.6324 1.5 3.81967e-05
15.2625 1.5 1.00001 2.43727e-05 0 89.7794 1.5 3.6559e-05
15.2875 1.5 1.00001 2.31442e-05 0 89.9265 1.50001 3.47163e-05
15.3125 1.5 1.00001 2.17821e-05 0 90.0735 1.50001 3.26731e-05
15.3375 1.5 1.00001 2.02916e-05 0 90.2206 1.50002 3.04374e-05
15.3625 1.5 1.00001 1.86807e-05 0 90.3676 1.50002 2.8021e-05
15.3875 1.5 1.00001 1.69589e-05 0 90.5147 1.50002 2.54384e-05
15.4125 1.50001 1.00001 1.51377e-05 0 90.6618 1.50003 2.27066e-05
15.4375 1.50001 1.00002 1.32306e-05 0 90.8088 1.50003 1.9846e-05
15.4625 1.50001 1.00002 1.12534e-05 0 90.9559 1.50003 1.68802e-05
15.4875 1.50001 1.00002 9.22391e-06 0 91.1029 1.50003 1.38359e-05
15.5125 1.50001 1.00002 7.16131e-06 0 91.25 1.50003 1.0742e-05
15.5375 1.50001 1.00002 5.08572e-06 0 91.3971 1.50004 7.62863e-06
15.5625 1.50001 1.00002 3.01767e-06 0 91.5441 1.50004 4.52653e-06
15.5875 1.50001 1.00002 9.80968e-07 0 91.6912 1.50004 1.47146e-06
15.6125 1.50001 1.00002 -9.99696e-07 0 91.8382 1.50004 -1.49955e-06
15.6375 1.50001 1.00002 -2.9058e-06 0 91.9853 1.50004 -4.35873e-06
15.6625 1.50001 1.00002 -4.71837e-06 0 92.1324 1.50003 -7.0776e-06
15.6875 1.50001 1.00002 -6.42236e-06 0 92.2794 1.50003 -9.63359e-06
15.7125 1.50001 1.00002 -8.00294e-06 0 92.4265 1.50003 -1.20045e-05
15.7375 1.50001 1.00001 -9.44622e-06 0 92.5735 1.50003 -1.41694e-05
15.7625 1.50001 1.00001 -1.07407e-05 0 92.7206 1.50003 -1.61111e-05
15.7875 1.50001 1.00001 -1.18778e-05 0 92.8676 1.50002 -1.78168e-05
15.8125 1.5 1.00001 -1.2852e-05 0 93.0147 1.50002 -1.92781e-05
15.8375 1.5 1.00001 -1.36605e-05 0 93.1618 1.50002 -2.04908e-05
15.8625 1.5 1.00001 -1.43029e-05 0 93.3088 1.50002 -2.14544e-05
15.8875 1.5 1.00001 -1.47816e-05 0 93.4559 1.50001 -2.21724e-05
15.9125 1.5 1.00001 -1.51011e-05 0 93.6029 1.50001 -2.26517e-05
15.9375 1.5 1 -1.52686e-05 0 93.75 1.5 -2.29029e-05
15.9625 1.5 1 -1.52926e-05 0 93.8971 1.5 -2.29389e-05
15.9875 1.5 1 -1.51829e-05 0 94.0441 1.5 -2.27743e-05
16.0125 1.5 0.999998 -1.49499e-05 0 94.1912 1.49999 -2.24248e-05
16.0375 1.49999 0.999996 -1.46037e-05 0 94.3382 1.49999 -2.19055e-05
16.0625 1.49999 0.999994 -1.41543e-05 0 94.4853 1.49998 -2.12314e-05
16.0875 1.49999 0.999992 -1.36104e-05 0 94.6324 1.49998 -2.04155e-05
16.1125 1.49999 0.99999 -1.29813e-05 0 94.7794 1.49998 -1.94718e-05
16.1375 1.49999 0.999988 -1.22757e-05 0 94.9265 1.49997 -1.84135e-05
16.1625 1.49999 0.999986 -1.15011e-05 0 95.0735 1.49997 -1.72516e-05
16.1875 1.49999 0.999985 -1.06638e-05 0 95.2206 1.49997 -1.59956e-05
16.2125 1.49999 0.999983 -9.76907e-06 0 95.3676 1.49996 -1.46535e-05
16.2375 1.49999 0.999982 -8.82153e-06 0 95.5147 1.49996 -1.32322e-05
16.2625 1.49999 0.999981 -7.82535e-06 0 95.6618 1.49996 -1.17379e-05
16.2875 1.49999 0.99998 -6.78413e-06 0 95.8088 1.49996 -1.01761e-05
16.3125 1.49999 0.999979 -5.70101e-06 0 95.9559 1.49995 -8.55143e-06
16.3375 1.49999 0.999978 -4.57836e-06 0 96.1029 1.49995 -6.86748e-06
16.3625 1.49999 0.999978 -3.41729e-06 0 96.25 1.49995 -5.12588e-06
16.3875 1.49999 0.999978 -2.21722e-06 0 96.3971 1.49995 -3.32579e-06
16.4125 1.49998 0.999978 -9.872e-07 0 96.5441 1.49995 -1.48079e-06
16.4375 1.49998 0.999978 2.70153e-07 0 96.6912 1.49995 4.05225e-07
16.4625 1.49998 0.999979 1.55382e-06 0 96.8382 1.49995 2.3307e-06
16.4875 1.49999 0.99998 2.85761e-06 0 96.9853 1.49995 4.28638e-06
16.5125 1.49999 0.99998 4.17551e-06 0 97.1324 1.49996 6.26321e-06
16.5375 1.49999 0.999981 5.49856e-06 0 97.2794 1.49996 8.24777e-06
16.5625 1.49999 0.999983 6.81565e-06 0 97.4265 1.49996 1.02234e-05
16.5875 1.49999 0.999984 8.114e-06 0 97.5735 1.49996 1.21709e-05
16.6125 1.49999 0.999985 9.37933e-06 0 97.7206 1.49997 1.40689e-05
16.6375 1.49999 0.999987 1.0596e-05 0 97.8676 1.49997 1.58938e-05
16.6625 1.49999 0.999988 1.17471e-05 0 98.0147 1.49997 1.76205e-05
16.6875 1.49999 0.99999 1.2815e-05 0 98.1618 1.49997 1.92224e-05
16.7125 1.49999 0.999991 1.37817e-05 0 98.3088 1.49998 2.06725e-05
16.7375 1.49999 0.999993 1.46295e-05 0 98.4559 1.49998 2.19442e-05
16.7625 1.49999 0.999994 1.53413e-05 0 98.6029 1.49998 2.30119e-05
16.7875 1.49999 0.999996 1.59021e-05 0 98.75 1.49999 2.3853e-05
16.8125 1.5 0.999997 1.62987e-05 0 98.8971 1.49999 2.44479e-05
16.8375 1.5 0.999999 1.65204e-05 0 99.0441 1.5 2.47805e-05
16.8625 1.5 1 1.65594e-05 0 99.1912 1.5 2.4839e-05
16.8875 1.5 1 1.64105e-05 0 99.3382 1.5 2.46158e-05
16.9125 1.5 1 1.60728e-05 0 99.4853 1.5 2.41092e-05
16.9375 1.5 1 1.55491e-05 0 99.6324 1.50001 2.33236e-05
16.9625 1.5 1.00001 1.48458e-05 0 99.7794 1.50001 2.22688e-05
16.9875 1.5 1.00001 1.39718e-05 0 99.9265 1.50001 2.09577e-05
17.0125 1.5 1.00001 1.29378e-05 0 100.074 1.50002 1.94067e-05
17.0375 1.50001 1.00001 1.17579e-05 0 100.221 1.50002 1.7637e-05
17.0625 1.50001 1.00001 1.04502e-05 0 100.368 1.50002 1.56754e-05
17.0875 1.50001 1.00001 9.0353e-06 0 100.515 1.50002 1.3553e-05
17.1125 1.50001 1.00001 7.53587e-06 0 100.662 1.50002 1.13039e-05
17.1375 1.50001 1.00001 5.97541e-06 0 100.809 1.50003 8.96317e-06
17.1625 1.50001 1.00001 4.37804e-06 0 100.956 1.50003 6.5671e-06
17.1875 1.50001 1.00001 2.76837e-06 0 101.103 1.50003 4.15257e-06
17.2125 1.50001 1.00001 1.17125e-06 0 101.25 1.50003 1.75689e-06
17.2375 1.50001 1.00001 -3.88882e-07 0 101.397 1.50003 -5.83327e-07
17.2625 1.50001 1.00001 -1.88739e-06 0 101.544 1.50003 -2.8311e-06
17.2875 1.50001 1.00001 -3.30229e-06 0 101.691 1.50003 -4.95347e-06
17.3125 1.50001 1.00001 -4.616e-06 0 101.838 1.50003 -6.92403e-06
17.3375 1.50001 1.00001 -5.81163e-06 0 101.985 1.50003 -8.71749e-06
17.3625 1.50001 1.00001 -6.87861e-06 0 102.132 1.50003 -1.0318e-05
17.3875 1.50001 1.00001 -7.80918e-06 0 102.279 1.50003 -1.17138e-05
17.4125 1.50001 1.00001 -8.59741e-06 0 102.426 1.50003 -1.28962e-05
17.4375 1.50001 1.00001 -9.24081e-06 0 102.574 1.50002 -1.38613e-05
17.4625 1.50001 1.00001 -9.74035e-06 0 102.721 1.50002 -1.46106e-05
17.4875 1.5 1.00001 -1.01e-05 0 102.868 1.50002 -1.515e-05
17.5125 1.5 1.00001 -1.03263e-05 0 103.015 1.50002 -1.54895e-05
17.5375 1.5 1.00001 -1.04283e-05 0 103.162 1.50001 -1.56425e-05
17.5625 1.5 1.00001 -1.04178e-05 0 103.309 1.50001 -1.56267e-05
17.5875 1.5 1.00001 -1.03068e-05 0 103.456 1.50001 -1.54602e-05
17.6125 1.5 1 -1.01057e-05 0 103.603 1.50001 -1.51586e-05
17.6375 1.5 1 -9.82603e-06 0 103.75 1.5 -1.47391e-05
17.6625 1.5 1 -9.47954e-06 0 103.897 1.5 -1.42193e-05
17.6875 1.5 0.999998 -9.07816e-06 0 104.044 1.5 -1.36172e-05
17.7125 1.5 0.999997 -8.63256e-06 0 104.191 1.49999 -1.29488e-05
17.7375 1.5 0.999995 -8.15105e-06 0 104.338 1.49999 -1.22265e-05
17.7625 1.5 0.999993 -7.64049e-06 0 104.485 1.49999 -1.14607e-05
17.7875 1.5 0.999992 -7.1061e-06 0 104.632 1.49998 -1.06591e-05
17.8125 1.5 0.99999 -6.55192e-06 0 104.779 1.49998 -9.82784e-06
17.8375 1.5 0.999989 -5.98103e-06 0 104.926 1.49998 -8.97152e-06
17.8625 1.49999 0.999988 -5.39543e-06 0 105.074 1.49998 -8.09312e-06
17.8875 1.49999 0.999987 -4.79567e-06 0 105.221 1.49998 -7.19347e-06
17.9125 1.49999 0.999986 -4.18115e-06 0 105.368 1.49997 -6.2717e-06
17.9375 1.49999 0.999986 -3.55081e-06 0 105.515 1.49997 -5.32619e-06
17.9625 1.49999 0.999986 -2.90303e-06 0 105.662 1.49997 -4.35453e-06
17.9875 1.49999 0.999986 -2.23176e-06 0 105.809 1.49997 -3.34762e-06
18.0125 1.49999 0.999986 -1.54013e-06 0 105.956 1.49997 -2.31019e-06
18.0375 1.49999 0.999986 -8.24806e-07 0 106.103 1.49997 -1.2372e-06
18.0625 1.49999 0.999987 -8.13868e-08 0 106.25 1.49997 -1.2208e-07
18.0875 1.49999 0.999987 6.90794e-07 0 106.397 1.49997 1.03619e-06
18.1125 1.49999 0.999988 1.48939e-06 0 106.544 1.49998 2.23407e-06
18.1375 1.49999 0.999989 2.31269e-06 0 106.691 1.49998 3.46902e-06
18.1625 1.49999 0.99999 3.15646e-06 0 106.838 1.49998 4.73468e-06
18.1875 1.49999 0.999992 4.0138e-06 0 106.985 1.49998 6.02068e-06
18.2125 1.49999 0.999993 4.87516e-06 0 107.132 1.49998 7.31272e-06
18.2375 1.49999 0.999994 5.72846e-06 0 107.279 1.49999 8.59266e-06
18.2625 1.49999 0.999996 6.55953e-06 0 107.426 1.49999 9.83926e-06
18.2875 1.5 0.999997 7.35284e-06 0 107.574 1.49999 1.10292e-05
18.3125 1.5 0.999998 8.09239e-06 0 107.721 1.49999 1.21386e-05
18.3375 1.5 1 8.76203e-06 0 107.868 1.5 1.3143e-05
18.3625 1.5 1 9.34484e-06 0 108.015 1.5 1.40172e-05
18.3875 1.5 1 9.82369e-06 0 108.162 1.5 1.47355e-05
18.4125 1.5 1 1.01826e-05 0 108.309 1.5 1.52738e-05
18.4375 1.5 1 1.04078e-05 0 108.456 1.50001 1.56117e-05
18.4625 1.5 1 1.04885e-05 0 108.603 1.50001 1.57328e-05
18.4875 1.5 1.00001 1.04174e-05 0 108.75 1.50001 1.56261e-05
18.5125 1.5 1.00001 1.01905e-05 0 108.897 1.50001 1.52857e-05
18.5375 1.5 1.00001 9.80689e-06 0 109.044 1.50001 1.47104e-05
18.5625 1.5 1.00001 9.26476e-06 0 109.191 1.50001 1.38972e-05
18.5875 1.5 1.00001 8.56533e-06 0 109.338 1.50001 1.2848e-05
18.6125 1.5 1.00001 7.71698e-06 0 109.485 1.50002 1.15755e-05
18.6375 1.50001 1.00001 6.73409e-06 0 109.632 1.50002 1.01012e-05
18.6625 1.50001 1.00001 5.63357e-06 0 109.779 1.50002 8.45039e-06
18.6875 1.50001 1.00001 4.43093e-06 0 109.926 1.50002 6.64642e-06
18.7125 1.50001 1.00001 3.14373e-06 0 110.074 1.50002 4.71562e-06
18.7375 1.50001 1.00001 1.79336e-06 0 110.221 1.50002 2.69005e-06
18.7625 1.50001 1.00001 4.03969e-07 0 110.368 1.50002 6.05957e-07
18.7875 1.50001 1.00001 -9.96205e-07 0 110.515 1.50002 -1.49431e-06
18.8125 1.50001 1.00001 -2.37776e-06 0 110.662 1.50002 -3.56665e-06
18.8375 1.50001 1.00001 -3.71403e-06 0 110.809 1.50001 -5.57106e-06
18.8625 1.50001 1.00001 -4.97956e-06 0 110.956 1.50001 -7.46937e-06
18.8875 1.50001 1.00001 -6.14941e-06 0 111.103 1.50001 -9.22415e-06
18.9125 1.5 1 -7.19984e-06 0 111.25 1.50001 -1.07998e-05
18.9375 1.5 1 -8.10944e-06 0 111.397 1.50001 -1.21642e-05
18.9625 1.5 1 -8.85988e-06 0 111.544 1.50001 -1.32899e-05
18.9875 1.5 1 -9.43659e-06 0 111.691 1.50001 -1.41549e-05
19.0125 1.5 1 -9.8294e-06 0 111.838 1.50001 -1.47441e-05
19.0375 1.5 1 -1.00331e-05 0 111.985 1.50001 -1.50497e-05
19.0625 1.5 1 -1.00479e-05 0 112.132 1.50001 -1.50719e-05
19.0875 1.5 1 -9.8796e-06 0 112.279 1.5 -1.48194e-05
19.1125 1.5 1 -9.5364e-06 0 112.426 1.5 -1.43046e-05
19.1375 1.5 1 -9.02727e-06 0 112.574 1.5 -1.35409e-05
19.1625 1.5 1 -8.36599e-06 0 112.721 1.5 -1.2549e-05
19.1875 1.5 1 -7.57083e-06 0 112.868 1.5 -1.13562e-05
19.2125 1.5 1 -6.66274e-06 0 113.015 1.5 -9.99409e-06
19.2375 1.5 0.999999 -5.66408e-06 0 113.162 1.49999 -8.4961e-06
19.2625 1.5 0.999998 -4.59812e-06 0 113.309 1.49999 -6.89717e-06
19.2875 1.5 0.999997 -3.48854e-06 0 113.456 1.49999 -5.23279e-06
19.3125 1.5 0.999997 -2.35881e-06 0 113.603 1.49999 -3.5382e-06
19.3375 1.5 0.999996 -1.23283e-06 0 113.75 1.49999 -1.84925e-06
19.3625 1.5 0.999995 -1.34976e-07 0 113.897 1.49999 -2.02464e-07
19.3875 1.5 0.999994 9.09989e-07 0 114.044 1.49999 1.36498e-06
19.4125 1.5 0.999994 1.88026e-06 0 114.191 1.49999 2.82039e-06
19.4375 1.5 0.999993 2.75843e-06 0 114.338 1.49999 4.13763e-06
19.4625 1.5 0.999992 3.53072e-06 0 114.485 1.49998 5.29606e-06
19.4875 1.5 0.999992 4.18654e-06 0 114.632 1.49998 6.27979e-06
19.5125 1.5 0.999991 4.71834e-06 0 114.779 1.49998 7.0775e-06
19.5375 1.5 0.999991 5.12169e-06 0 114.926 1.49998 7.68252e-06
19.5625 1.5 0.999991 5.39467e-06 0 115.074 1.49998 8.09199e-06
19.5875 1.5 0.999991 5.5385e-06 0 115.221 1.49998 8.30774e-06
19.6125 1.5 0.999991 5.56046e-06 0 115.368 1.49999 8.34067e-06
19.6375 1.5 0.999992 5.47284e-06 0 115.515 1.49999 8.20926e-06
19.6625 1.5 0.999992 5.28881e-06 0 115.662 1.49999 7.93321e-06
19.6875 1.5 0.999993 5.02102e-06 0 115.809 1.49999 7.53152e-06
19.7125 1.5 0.999994 4.68228e-06 0 115.956 1.49999 7.02342e-06
19.7375 1.5 0.999995 4.28668e-06 0 116.103 1.49999 6.43003e-06
19.7625 1.5 0.999996 3.84896e-06 0 116.25 1.49999 5.77344e-06
19.7875 1.5 0.999997 3.38455e-06 0 116.397 1.5 5.07682e-06
19.8125 1.5 0.999998 2.90936e-06 0 116.544 1.5 4.36405e-06
19.8375 1.5 1 2.43831e-06 0 116.691 1.5 3.65747e-06
19.8625 1.5 1 1.98369e-06 0 116.838 1.5 2.97554e-06
19.8875 1.5 1 1.55617e-06 0 116.985 1.5 2.33426e-06
19.9125 1.5 1 1.16487e-06 0 117.132 1.50001 1.74731e-06
19.9375 1.5 1 8.18243e-07 0 117.279 1.50001 1.22737e-06
19.9625 1.5 1.00001 5.22682e-07 0 117.426 1.50001 7.84023e-07
19.9875 1.5 1.00001 2.8211e-07 0 117.574 1.50001 4.23166e-07
