-19.9875 1.50001 1.00002 2.16925e-05 0 -79.95 1.50004 3.2539e-05
-19.9625 1.50001 1.00002 2.09575e-05 0 -79.85 1.50004 3.14364e-05
-19.9375 1.50001 1.00002 2.00987e-05 0 -79.75 1.50005 3.01484e-05
-19.9125 1.50001 1.00002 1.91171e-05 0 -79.65 1.50005 2.86759e-05
-19.8875 1.50002 1.00002 1.8014e-05 0 -79.55 1.50005 2.70212e-05
-19.8625 1.50002 1.00003 1.67923e-05 0 -79.45 1.50005 2.51888e-05
-19.8375 1.50002 1.00003 1.54572e-05 0 -79.35 1.50006 2.31861e-05
-19.8125 1.50002 1.00003 1.40157e-05 0 -79.25 1.50006 2.10239e-05
-19.7875 1.50002 1.00003 1.24766e-05 0 -79.15 1.50006 1.87152e-05
-19.7625 1.50002 1.00003 1.08494e-05 0 -79.05 1.50006 1.62743e-05
-19.7375 1.50002 1.00003 9.14393e-06 0 -78.95 1.50006 1.37161e-05
-19.7125 1.50002 1.00003 7.37379e-06 0 -78.85 1.50006 1.10609e-05
-19.6875 1.50002 1.00003 5.54795e-06 0 -78.75 1.50006 8.32205e-06
-19.6625 1.50002 1.00003 3.67397e-06 0 -78.65 1.50006 5.51104e-06
-19.6375 1.50002 1.00003 1.76328e-06 0 -78.55 1.50006 2.64496e-06
-19.6125 1.50002 1.00003 -1.7187e-07 0 -78.45 1.50006 -2.57808e-07
-19.5875 1.50002 1.00002 -2.11539e-06 0 -78.35 1.50006 -3.17314e-06
-19.5625 1.50002 1.00002 -4.05308e-06 0 -78.25 1.50006 -6.07971e-06
-19.5375 1.50002 1.00002 -5.97412e-06 0 -78.15 1.50006 -8.96132e-06
-19.5125 1.50002 1.00002 -7.8663e-06 0 -78.05 1.50006 -1.17996e-05
-19.4875 1.50002 1.00002 -9.71564e-06 0 -77.95 1.50005 -1.45737e-05
-19.4625 1.50002 1.00002 -1.15079e-05 0 -77.85 1.50005 -1.72621e-05
-19.4375 1.50002 1.00002 -1.32296e-05 0 -77.75 1.50005 -1.98446e-05
-19.4125 1.50002 1.00002 -1.48676e-05 0 -77.65 1.50005 -2.23017e-05
-19.3875 1.50002 1.00002 -1.64093e-05 0 -77.55 1.50004 -2.46142e-05
-19.3625 1.50002 1.00002 -1.7842e-05 0 -77.45 1.50004 -2.67633e-05
-19.3375 1.50001 1.00001 -1.91532e-05 0 -77.35 1.50004 -2.87301e-05
-19.3125 1.50001 1.00001 -2.0331e-05 0 -77.25 1.50003 -3.04967e-05
-19.2875 1.50001 1.00001 -2.13645e-05 0 -77.15 1.50003 -3.20471e-05
-19.2625 1.50001 1.00001 -2.22447e-05 0 -77.05 1.50002 -3.33674e-05
-19.2375 1.50001 1.00001 -2.29646e-05 0 -76.95 1.50002 -3.44471e-05
-19.2125 1.50001 1.00001 -2.35193e-05 0 -76.85 1.50002 -3.52792e-05
-19.1875 1.50001 1 -2.39059e-05 0 -76.75 1.50001 -3.5859e-05
-19.1625 1.5 1 -2.41231e-05 0 -76.65 1.50001 -3.61847e-05
-19.1375 1.5 1 -2.4171e-05 0 -76.55 1.5 -3.62565e-05
-19.1125 1.5 1 -2.40514e-05 0 -76.45 1.5 -3.60771e-05
-19.0875 1.5 0.999998 -2.37662e-05 0 -76.35 1.5 -3.56493e-05
-19.0625 1.5 0.999997 -2.33184e-05 0 -76.25 1.49999 -3.49775e-05
-19.0375 1.49999 0.999995 -2.27127e-05 0 -76.15 1.49999 -3.40689e-05
-19.0125 1.49999 0.999994 -2.19554e-05 0 -76.05 1.49998 -3.29329e-05
-18.9875 1.49999 0.999992 -2.1054e-05 0 -75.95 1.49998 -3.15808e-05
-18.9625 1.49999 0.999991 -2.00165e-05 0 -75.85 1.49998 -3.00246e-05
-18.9375 1.49999 0.999989 -1.88515e-05 0 -75.75 1.49997 -2.82771e-05
-18.9125 1.49999 0.999988 -1.75678e-05 0 -75.65 1.49997 -2.63514e-05
-18.8875 1.49999 0.999986 -1.61743e-05 0 -75.55 1.49996 -2.42611e-05
-18.8625 1.49998 0.999985 -1.46804e-05 0 -75.45 1.49996 -2.20204e-05
-18.8375 1.49998 0.999984 -1.30963e-05 0 -75.35 1.49996 -1.96443e-05
-18.8125 1.49998 0.999983 -1.14332e-05 0 -75.25 1.49996 -1.71496e-05
-18.7875 1.49998 0.999982 -9.70339e-06 0 -75.15 1.49995 -1.45549e-05
-18.7625 1.49998 0.999981 -7.9203e-06 0 -75.05 1.49995 -1.18803e-05
-18.7375 1.49998 0.99998 -6.09846e-06 0 -74.95 1.49995 -9.14758e-06
-18.7125 1.49998 0.999979 -4.25305e-06 0 -74.85 1.49995 -6.3795e-06
-18.6875 1.49998 0.999978 -2.39958e-06 0 -74.75 1.49995 -3.59933e-06
-18.6625 1.49998 0.999978 -5.53607e-07 0 -74.65 1.49995 -8.304e-07
-18.6375 1.49998 0.999977 1.26955e-06 0 -74.55 1.49995 1.9043e-06
-18.6125 1.49998 0.999977 3.05435e-06 0 -74.45 1.49995 4.58146e-06
-18.5875 1.49998 0.999977 4.78558e-06 0 -74.35 1.49995 7.17827e-06
-18.5625 1.49998 0.999977 6.45159e-06 0 -74.25 1.49995 9.67727e-06
-18.5375 1.49998 0.999977 8.03989e-06 0 -74.15 1.49995 1.20597e-05
-18.5125 1.49998 0.999977 9.53967e-06 0 -74.05 1.49995 1.43093e-05
-18.4875 1.49998 0.999977 1.09457e-05 0 -73.95 1.49995 1.64184e-05
-18.4625 1.49998 0.999978 1.22517e-05 0 -73.85 1.49995 1.83774e-05
-18.4375 1.49998 0.999978 1.34522e-05 0 -73.75 1.49995 2.0178e-05
-18.4125 1.49999 0.999979 1.45422e-05 0 -73.65 1.49995 2.18131e-05
-18.3875 1.49999 0.99998 1.5518e-05 0 -73.55 1.49996 2.32768e-05
-18.3625 1.49999 0.999981 1.63763e-05 0 -73.45 1.49996 2.45642e-05
-18.3375 1.49999 0.999982 1.71147e-05 0 -73.35 1.49996 2.56718e-05
-18.3125 1.49999 0.999983 1.77311e-05 0 -73.25 1.49997 2.65965e-05
-18.2875 1.49999 0.999985 1.82241e-05 0 -73.15 1.49997 2.7336e-05
-18.2625 1.49999 0.999986 1.85892e-05 0 -73.05 1.49997 2.78837e-05
-18.2375 1.49999 0.999988 1.8823e-05 0 -72.95 1.49998 2.82345e-05
-18.2125 1.5 0.99999 1.8924e-05 0 -72.85 1.49998 2.83859e-05
-18.1875 1.5 0.999991 1.88922e-05 0 -72.75 1.49998 2.83383e-05
-18.1625 1.5 0.999993 1.87295e-05 0 -72.65 1.49999 2.80942e-05
-18.1375 1.5 0.999995 1.84381e-05 0 -72.55 1.49999 2.76571e-05
-18.1125 1.5 0.999997 1.80224e-05 0 -72.45 1.5 2.70336e-05
-18.0875 1.5 0.999999 1.7488e-05 0 -72.35 1.5 2.6232e-05
-18.0625 1.5 1 1.6842e-05 0 -72.25 1.50001 2.5263e-05
-18.0375 1.50001 1 1.60925e-05 0 -72.15 1.50001 2.41388e-05
-18.0125 1.50001 1 1.52478e-05 0 -72.05 1.50001 2.28718e-05
-17.9875 1.50001 1.00001 1.43171e-05 0 -71.95 1.50002 2.14757e-05
-17.9625 1.50001 1.00001 1.33096e-05 0 -71.85 1.50002 1.99645e-05
-17.9375 1.50001 1.00001 1.22345e-05 0 -71.75 1.50002 1.83519e-05
-17.9125 1.50001 1.00001 1.11008e-05 0 -71.65 1.50003 1.66514e-05
-17.8875 1.50001 1.00001 9.91745e-06 0 -71.55 1.50003 1.48763e-05
-17.8625 1.50001 1.00002 8.69301e-06 0 -71.45 1.50004 1.30396e-05
-17.8375 1.50001 1.00002 7.43613e-06 0 -71.35 1.50004 1.11543e-05
-17.8125 1.50001 1.00002 6.15531e-06 0 -71.25 1.50004 9.23304e-06
-17.7875 1.50001 1.00002 4.85887e-06 0 -71.15 1.50004 7.28838e-06
-17.7625 1.50001 1.00002 3.55487e-06 0 -71.05 1.50004 5.33235e-06
-17.7375 1.50001 1.00002 2.2509e-06 0 -70.95 1.50005 3.37639e-06
-17.7125 1.50001 1.00002 9.54363e-07 0 -70.85 1.50005 1.43156e-06
-17.6875 1.50001 1.00002 -3.27926e-07 0 -70.75 1.50005 -4.91894e-07
-17.6625 1.50001 1.00002 -1.58625e-06 0 -70.65 1.50005 -2.37939e-06
-17.6375 1.50001 1.00002 -2.81439e-06 0 -70.55 1.50005 -4.22162e-06
-17.6125 1.50001 1.00002 -4.0056e-06 0 -70.45 1.50005 -6.00846e-06
-17.5875 1.50001 1.00002 -5.14959e-06 0 -70.35 1.50005 -7.72446e-06
-17.5625 1.50001 1.00002 -6.24e-06 0 -70.25 1.50005 -9.36007e-06
-17.5375 1.50001 1.00002 -7.27295e-06 0 -70.15 1.50005 -1.09095e-05
-17.5125 1.50001 1.00002 -8.24405e-06 0 -70.05 1.50004 -1.23662e-05
-17.4875 1.50001 1.00002 -9.14846e-06 0 -69.95 1.50004 -1.37228e-05
-17.4625 1.50001 1.00002 -9.98087e-06 0 -69.85 1.50004 -1.49714e-05
-17.4375 1.50001 1.00002 -1.07359e-05 0 -69.75 1.50004 -1.6104e-05
-17.4125 1.50001 1.00002 -1.14088e-05 0 -69.65 1.50004 -1.71133e-05
-17.3875 1.50001 1.00002 -1.19954e-05 0 -69.55 1.50003 -1.79931e-05
-17.3625 1.50001 1.00001 -1.24926e-05 0 -69.45 1.50003 -1.87391e-05
-17.3375 1.50001 1.00001 -1.2899e-05 0 -69.35 1.50003 -1.93486e-05
-17.3125 1.50001 1.00001 -1.32142e-05 0 -69.25 1.50002 -1.98213e-05
-17.2875 1.5 1.00001 -1.3439e-05 0 -69.15 1.50002 -2.01585e-05
-17.2625 1.5 1.00001 -1.35746e-05 0 -69.05 1.50001 -2.03619e-05
-17.2375 1.5 1.00001 -1.36222e-05 0 -68.95 1.50001 -2.04333e-05
-17.2125 1.5 1 -1.35824e-05 0 -68.85 1.50001 -2.03736e-05
-17.1875 1.5 1 -1.34563e-05 0 -68.75 1.5 -2.01845e-05
-17.1625 1.5 1 -1.3245e-05 0 -68.65 1.5 -1.98675e-05
-17.1375 1.5 0.999998 -1.29495e-05 0 -68.55 1.49999 -1.94242e-05
-17.1125 1.5 0.999996 -1.25717e-05 0 -68.45 1.49999 -1.88575e-05
-17.0875 1.5 0.999994 -1.21143e-05 0 -68.35 1.49999 -1.81714e-05
-17.0625 1.5 0.999992 -1.15809e-05 0 -68.25 1.49998 -1.73713e-05
-17.0375 1.49999 0.99999 -1.09754e-05 0 -68.15 1.49998 -1.6463e-05
-17.0125 1.49999 0.999988 -1.0302e-05 0 -68.05 1.49998 -1.5453e-05
-16.9875 1.49999 0.999987 -9.56537e-06 0 -67.95 1.49997 -1.4348e-05
-16.9625 1.49999 0.999985 -8.77024e-06 0 -67.85 1.49997 -1.31553e-05
-16.9375 1.49999 0.999984 -7.92159e-06 0 -67.75 1.49997 -1.18823e-05
-16.9125 1.49999 0.999983 -7.02463e-06 0 -67.65 1.49997 -1.05369e-05
-16.8875 1.49999 0.999982 -6.08481e-06 0 -67.55 1.49996 -9.12715e-06
-16.8625 1.49999 0.999981 -5.10789e-06 0 -67.45 1.49996 -7.66178e-06
-16.8375 1.49999 0.99998 -4.10009e-06 0 -67.35 1.49996 -6.15009e-06
-16.8125 1.49999 0.999979 -3.06804e-06 0 -67.25 1.49996 -4.60203e-06
-16.7875 1.49999 0.999979 -2.01873e-06 0 -67.15 1.49996 -3.02807e-06
-16.7625 1.49999 0.999979 -9.58967e-07 0 -67.05 1.49996 -1.43844e-06
-16.7375 1.49999 0.999979 1.01411e-07 0 -66.95 1.49996 1.52115e-07
-16.7125 1.49999 0.999979 1.14786e-06 0 -66.85 1.49996 1.72178e-06
-16.6875 1.49999 0.999979 2.17668e-06 0 -66.75 1.49996 3.265e-06
-16.6625 1.49999 0.99998 3.18179e-06 0 -66.65 1.49996 4.77265e-06
-16.6375 1.49999 0.999981 4.15618e-06 0 -66.55 1.49996 6.23422e-06
-16.6125 1.49999 0.999981 5.09294e-06 0 -66.45 1.49996 7.63936e-06
-16.5875 1.49999 0.999982 5.98574e-06 0 -66.35 1.49996 8.97855e-06
-16.5625 1.49999 0.999983 6.82898e-06 0 -66.25 1.49997 1.02434e-05
-16.5375 1.49999 0.999985 7.61753e-06 0 -66.15 1.49997 1.14262e-05
-16.5125 1.49999 0.999986 8.34638e-06 0 -66.05 1.49997 1.25195e-05
-16.4875 1.49999 0.999988 9.01044e-06 0 -65.95 1.49997 1.35156e-05
-16.4625 1.49999 0.999989 9.60473e-06 0 -65.85 1.49998 1.4407e-05
-16.4375 1.49999 0.999991 1.01247e-05 0 -65.75 1.49998 1.5187e-05
-16.4125 1.5 0.999992 1.05666e-05 0 -65.65 1.49998 1.58499e-05
-16.3875 1.5 0.999994 1.09273e-05 0 -65.55 1.49999 1.63909e-05
-16.3625 1.5 0.999996 1.12046e-05 0 -65.45 1.49999 1.68068e-05
-16.3375 1.5 0.999998 1.13968e-05 0 -65.35 1.49999 1.70951e-05
-16.3125 1.5 1 1.15028e-05 0 -65.25 1.5 1.72541e-05
-16.2875 1.5 1 1.15216e-05 0 -65.15 1.5 1.72824e-05
-16.2625 1.5 1 1.14533e-05 0 -65.05 1.50001 1.718e-05
-16.2375 1.5 1 1.12987e-05 0 -64.95 1.50001 1.6948e-05
-16.2125 1.5 1.00001 1.10582e-05 0 -64.85 1.50001 1.65873e-05
-16.1875 1.5 1.00001 1.07333e-05 0 -64.75 1.50002 1.60999e-05
-16.1625 1.5 1.00001 1.03259e-05 0 -64.65 1.50002 1.54889e-05
-16.1375 1.5 1.00001 9.83865e-06 0 -64.55 1.50002 1.4758e-05
-16.1125 1.5 1.00001 9.27461e-06 0 -64.45 1.50002 1.3912e-05
-16.0875 1.50001 1.00001 8.6377e-06 0 -64.35 1.50003 1.29566e-05
-16.0625 1.50001 1.00001 7.93277e-06 0 -64.25 1.50003 1.18992e-05
-16.0375 1.50001 1.00002 7.16558e-06 0 -64.15 1.50003 1.07484e-05
-16.0125 1.50001 1.00002 6.34251e-06 0 -64.05 1.50003 9.51382e-06
-15.9875 1.50001 1.00002 5.47022e-06 0 -63.95 1.50003 8.20538e-06
-15.9625 1.50001 1.00002 4.55564e-06 0 -63.85 1.50003 6.8335e-06
-15.9375 1.50001 1.00002 3.6064e-06 0 -63.75 1.50003 5.40963e-06
-15.9125 1.50001 1.00002 2.63005e-06 0 -63.65 1.50004 3.9451e-06
-15.8875 1.50001 1.00002 1.63824e-06 0 -63.55 1.50004 2.45737e-06
-15.8625 1.50001 1.00002 6.42101e-07 0 -63.45 1.50004 9.63157e-07
-15.8375 1.50001 1.00002 -3.56295e-07 0 -63.35 1.50003 -5.34446e-07
-15.8125 1.50001 1.00002 -1.34687e-06 0 -63.25 1.50003 -2.02032e-06
-15.7875 1.50001 1.00002 -2.32208e-06 0 -63.15 1.50003 -3.48314e-06
-15.7625 1.50001 1.00002 -3.27422e-06 0 -63.05 1.50003 -4.91135e-06
-15.7375 1.50001 1.00001 -4.19464e-06 0 -62.95 1.50003 -6.29199e-06
-15.7125 1.50001 1.00001 -5.07499e-06 0 -62.85 1.50003 -7.61252e-06
-15.6875 1.50001 1.00001 -5.90765e-06 0 -62.75 1.50003 -8.86151e-06
-15.6625 1.50001 1.00001 -6.68557e-06 0 -62.65 1.50002 -1.00284e-05
-15.6375 1.50001 1.00001 -7.40221e-06 0 -62.55 1.50002 -1.11034e-05
-15.6125 1.50001 1.00001 -8.05147e-06 0 -62.45 1.50002 -1.20772e-05
-15.5875 1.50001 1.00001 -8.62772e-06 0 -62.35 1.50002 -1.29416e-05
-15.5625 1.5 1.00001 -9.12591e-06 0 -62.25 1.50001 -1.36889e-05
-15.5375 1.5 1 -9.54175e-06 0 -62.15 1.50001 -1.43127e-05
-15.5125 1.5 1 -9.87171e-06 0 -62.05 1.50001 -1.48076e-05
-15.4875 1.5 1 -1.01129e-05 0 -61.95 1.5 -1.51693e-05
-15.4625 1.5 0.999999 -1.02626e-05 0 -61.85 1.5 -1.53939e-05
-15.4375 1.5 0.999997 -1.03194e-05 0 -61.75 1.5 -1.54792e-05
-15.4125 1.5 0.999996 -1.02829e-05 0 -61.65 1.49999 -1.54244e-05
-15.3875 1.5 0.999994 -1.01541e-05 0 -61.55 1.49999 -1.52312e-05
-15.3625 1.5 0.999993 -9.93424e-06 0 -61.45 1.49999 -1.49014e-05
-15.3375 1.5 0.999992 -9.62554e-06 0 -61.35 1.49999 -1.44383e-05
-15.3125 1.5 0.999991 -9.23105e-06 0 -61.25 1.49998 -1.38465e-05
-15.2875 1.5 0.999989 -8.75474e-06 0 -61.15 1.49998 -1.31321e-05
-15.2625 1.5 0.999988 -8.20156e-06 0 -61.05 1.49998 -1.23023e-05
-15.2375 1.5 0.999988 -7.57718e-06 0 -60.95 1.49998 -1.13657e-05
-15.2125 1.49999 0.999987 -6.88759e-06 0 -60.85 1.49997 -1.03313e-05
-15.1875 1.49999 0.999986 -6.13913e-06 0 -60.75 1.49997 -9.20866e-06
-15.1625 1.49999 0.999986 -5.33886e-06 0 -60.65 1.49997 -8.00826e-06
-15.1375 1.49999 0.999985 -4.49466e-06 0 -60.55 1.49997 -6.74195e-06
-15.1125 1.49999 0.999985 -3.61491e-06 0 -60.45 1.49997 -5.42233e-06
-15.0875 1.49999 0.999985 -2.70851e-06 0 -60.35 1.49997 -4.06274e-06
-15.0625 1.49999 0.999985 -1.78826e-06 0 -60.25 1.49997 -2.68238e-06
-15.0375 1.49999 0.999985 -8.61167e-07 0 -60.15 1.49997 -1.29174e-06
-15.0125 1.49999 0.999986 6.71388e-08 0 -60.05 1.49997 1.00708e-07
-14.9875 1.49999 0.999986 9.87439e-07 0 -59.95 1.49997 1.48115e-06
-14.9625 1.49999 0.999987 1.8907e-06 0 -59.85 1.49997 2.83603e-06
-14.9375 1.49999 0.999988 2.7697e-06 0 -59.75 1.49997 4.15454e-06
-14.9125 1.49999 0.999988 3.61667e-06 0 -59.65 1.49998 5.42498e-06
-14.8875 1.49999 0.999989 4.42383e-06 0 -59.55 1.49998 6.63572e-06
-14.8625 1.49999 0.99999 5.18389e-06 0 -59.45 1.49998 7.7758e-06
-14.8375 1.49999 0.999991 5.88994e-06 0 -59.35 1.49998 8.83488e-06
-14.8125 1.49999 0.999993 6.53551e-06 0 -59.25 1.49998 9.80322e-06
-14.7875 1.5 0.999994 7.11463e-06 0 -59.15 1.49999 1.06719e-05
-14.7625 1.5 0.999995 7.62193e-06 0 -59.05 1.49999 1.14329e-05
-14.7375 1.5 0.999997 8.05262e-06 0 -58.95 1.49999 1.20789e-05
-14.7125 1.5 0.999998 8.40246e-06 0 -58.85 1.49999 1.26037e-05
-14.6875 1.5 0.999999 8.66784e-06 0 -58.75 1.5 1.30017e-05
-14.6625 1.5 1 8.84576e-06 0 -58.65 1.5 1.32686e-05
-14.6375 1.5 1 8.93396e-06 0 -58.55 1.5 1.34009e-05
-14.6125 1.5 1 8.93168e-06 0 -58.45 1.5 1.33975e-05
-14.5875 1.5 1 8.83941e-06 0 -58.35 1.50001 1.32591e-05
-14.5625 1.5 1.00001 8.65798e-06 0 -58.25 1.50001 1.2987e-05
-14.5375 1.5 1.00001 8.38947e-06 0 -58.15 1.50001 1.25842e-05
-14.5125 1.5 1.00001 8.03699e-06 0 -58.05 1.50001 1.20555e-05
-14.4875 1.5 1.00001 7.60472e-06 0 -57.95 1.50002 1.14071e-05
-14.4625 1.5 1.00001 7.09777e-06 0 -57.85 1.50002 1.06467e-05
-14.4375 1.5 1.00001 6.52208e-06 0 -57.75 1.50002 9.78315e-06
-14.4125 1.5 1.00001 5.88426e-06 0 -57.65 1.50002 8.82642e-06
-14.3875 1.5 1.00001 5.19165e-06 0 -57.55 1.50002 7.7875e-06
-14.3625 1.50001 1.00001 4.45228e-06 0 -57.45 1.50002 6.67844e-06
-14.3375 1.50001 1.00001 3.67461e-06 0 -57.35 1.50002 5.51193e-06
-14.3125 1.50001 1.00001 2.86704e-06 0 -57.25 1.50002 4.30058e-06
-14.2875 1.50001 1.00001 2.04026e-06 0 -57.15 1.50003 3.0604e-06
-14.2625 1.50001 1.00001 1.20757e-06 0 -57.05 1.50003 1.81136e-06
-14.2375 1.50001 1.00001 3.72866e-07 0 -56.95 1.50002 5.593e-07
-14.2125 1.50001 1.00001 -4.56204e-07 0 -56.85 1.50002 -6.84309e-07
-14.1875 1.50001 1.00001 -1.26942e-06 0 -56.75 1.50002 -1.90414e-06
-14.1625 1.50001 1.00001 -2.05934e-06 0 -56.65 1.50002 -3.08902e-06
-14.1375 1.50001 1.00001 -2.81843e-06 0 -56.55 1.50002 -4.22767e-06
-14.1125 1.50001 1.00001 -3.53914e-06 0 -56.45 1.50002 -5.30873e-06
-14.0875 1.50001 1.00001 -4.21445e-06 0 -56.35 1.50002 -6.3217e-06
-14.0625 1.5 1.00001 -4.83798e-06 0 -56.25 1.50002 -7.257e-06
-14.0375 1.5 1.00001 -5.40386e-06 0 -56.15 1.50001 -8.10581e-06
-14.0125 1.5 1.00001 -5.9067e-06 0 -56.05 1.50001 -8.86008e-06
-13.9875 1.5 1 -6.34178e-06 0 -55.95 1.50001 -9.51269e-06
-13.9625 1.5 1 -6.7051e-06 0 -55.85 1.50001 -1.00577e-05
-13.9375 1.5 1 -6.99346e-06 0 -55.75 1.50001 -1.04902e-05
-13.9125 1.5 1 -7.20419e-06 0 -55.65 1.5 -1.08063e-05
-13.8875 1.5 0.999999 -7.3351e-06 0 -55.55 1.5 -1.10027e-05
-13.8625 1.5 0.999998 -7.38466e-06 0 -55.45 1.5 -1.1077e-05
-13.8375 1.5 0.999997 -7.35277e-06 0 -55.35 1.5 -1.10292e-05
-13.8125 1.5 0.999996 -7.24069e-06 0 -55.25 1.49999 -1.0861e-05
-13.7875 1.5 0.999995 -7.05011e-06 0 -55.15 1.49999 -1.05752e-05
-13.7625 1.5 0.999994 -6.78369e-06 0 -55.05 1.49999 -1.01755e-05
-13.7375 1.5 0.999993 -6.44483e-06 0 -54.95 1.49999 -9.66724e-06
-13.7125 1.5 0.999992 -6.03781e-06 0 -54.85 1.49999 -9.0567e-06
-13.6875 1.5 0.999991 -5.56776e-06 0 -54.75 1.49998 -8.35162e-06
-13.6625 1.5 0.999991 -5.04055e-06 0 -54.65 1.49998 -7.56081e-06
-13.6375 1.5 0.99999 -4.46254e-06 0 -54.55 1.49998 -6.6938e-06
-13.6125 1.5 0.99999 -3.84052e-06 0 -54.45 1.49998 -5.76076e-06
-13.5875 1.5 0.999989 -3.18177e-06 0 -54.35 1.49998 -4.77264e-06
-13.5625 1.5 0.999989 -2.49426e-06 0 -54.25 1.49998 -3.74137e-06
-13.5375 1.5 0.999989 -1.78584e-06 0 -54.15 1.49998 -2.67875e-06
-13.5125 1.5 0.999989 -1.06705e-06 0 -54.05 1.49998 -1.60056e-06
-13.4875 1.5 0.999989 -3.49344e-07 0 -53.95 1.49998 -5.24014e-07
-13.4625 1.5 0.999989 3.63966e-07 0 -53.85 1.49998 5.45947e-07
-13.4375 1.5 0.99999 1.06338e-06 0 -53.75 1.49998 1.59507e-06
-13.4125 1.5 0.99999 1.74144e-06 0 -53.65 1.49998 2.61215e-06
-13.3875 1.5 0.999991 2.39095e-06 0 -53.55 1.49998 3.58642e-06
-13.3625 1.5 0.999991 3.00466e-06 0 -53.45 1.49998 4.50697e-06
-13.3375 1.5 0.999992 3.57573e-06 0 -53.35 1.49998 5.36358e-06
-13.3125 1.5 0.999993 4.09781e-06 0 -53.25 1.49999 6.14671e-06
-13.2875 1.5 0.999994 4.565e-06 0 -53.15 1.49999 6.84749e-06
-13.2625 1.5 0.999995 4.97204e-06 0 -53.05 1.49999 7.45804e-06
-13.2375 1.5 0.999996 5.3145e-06 0 -52.95 1.49999 7.97174e-06
-13.2125 1.5 0.999997 5.58884e-06 0 -52.85 1.49999 8.38325e-06
-13.1875 1.5 0.999998 5.79227e-06 0 -52.75 1.5 8.6884e-06
-13.1625 1.5 0.999999 5.92284e-06 0 -52.65 1.5 8.88426e-06
-13.1375 1.5 1 5.97933e-06 0 -52.55 1.5 8.96899e-06
-13.1125 1.5 1 5.96133e-06 0 -52.45 1.5 8.942e-06
-13.0875 1.5 1 5.87002e-06 0 -52.35 1.5 8.80504e-06
-13.0625 1.5 1 5.70704e-06 0 -52.25 1.50001 8.56056e-06
-13.0375 1.5 1 5.47502e-06 0 -52.15 1.50001 8.21254e-06
-13.0125 1.5 1.00001 5.17739e-06 0 -52.05 1.50001 7.7661e-06
-12.9875 1.5 1.00001 4.81826e-06 0 -51.95 1.50001 7.2274e-06
-12.9625 1.5 1.00001 4.40249e-06 0 -51.85 1.50001 6.60375e-06
-12.9375 1.5 1.00001 3.9358e-06 0 -51.75 1.50001 5.9037e-06
-12.9125 1.5 1.00001 3.4246e-06 0 -51.65 1.50002 5.13691e-06
-12.8875 1.5 1.00001 2.87593e-06 0 -51.55 1.50002 4.3139e-06
-12.8625 1.5 1.00001 2.29729e-06 0 -51.45 1.50002 3.44595e-06
-12.8375 1.5 1.00001 1.69659e-06 0 -51.35 1.50002 2.54489e-06
-12.8125 1.5 1.00001 1.082e-06 0 -51.25 1.50002 1.623e-06
-12.7875 1.5 1.00001 4.61425e-07 0 -51.15 1.50002 6.92139e-07
-12.7625 1.5 1.00001 -1.54644e-07 0 -51.05 1.50002 -2.31966e-07
-12.7375 1.5 1.00001 -7.56191e-07 0 -50.95 1.50002 -1.13429e-06
-12.7125 1.5 1.00001 -1.3386e-06 0 -50.85 1.50002 -2.00791e-06
-12.6875 1.5 1.00001 -1.89602e-06 0 -50.75 1.50002 -2.84403e-06
-12.6625 1.5 1.00001 -2.42224e-06 0 -50.65 1.50002 -3.63336e-06
-12.6375 1.5 1.00001 -2.91113e-06 0 -50.55 1.50002 -4.3667e-06
-12.6125 1.5 1.00001 -3.35706e-06 0 -50.45 1.50001 -5.0356e-06
-12.5875 1.5 1.00001 -3.75488e-06 0 -50.35 1.50001 -5.63233e-06
-12.5625 1.5 1.00001 -4.09994e-06 0 -50.25 1.50001 -6.14992e-06
-12.5375 1.5 1.00001 -4.38827e-06 0 -50.15 1.50001 -6.58241e-06
-12.5125 1.5 1 -4.61675e-06 0 -50.05 1.50001 -6.92513e-06
-12.4875 1.5 1 -4.78304e-06 0 -49.95 1.50001 -7.17456e-06
-12.4625 1.5 1 -4.88544e-06 0 -49.85 1.5 -7.32817e-06
-12.4375 1.5 1 -4.92289e-06 0 -49.75 1.5 -7.38434e-06
-12.4125 1.5 1 -4.89521e-06 0 -49.65 1.5 -7.34281e-06
-12.3875 1.5 1 -4.80282e-06 0 -49.55 1.5 -7.20423e-06
-12.3625 1.5 0.999999 -4.64647e-06 0 -49.45 1.5 -6.96971e-06
-12.3375 1.5 0.999998 -4.42797e-06 0 -49.35 1.5 -6.64195e-06
-12.3125 1.5 0.999997 -4.14977e-06 0 -49.25 1.49999 -6.22466e-06
-12.2875 1.5 0.999996 -3.81511e-06 0 -49.15 1.49999 -5.72267e-06
-12.2625 1.5 0.999995 -3.42807e-06 0 -49.05 1.49999 -5.1421e-06
-12.2375 1.5 0.999995 -2.99354e-06 0 -48.95 1.49999 -4.4903e-06
-12.2125 1.5 0.999994 -2.5172e-06 0 -48.85 1.49999 -3.77579e-06
-12.1875 1.5 0.999993 -2.00552e-06 0 -48.75 1.49999 -3.00827e-06
-12.1625 1.5 0.999993 -1.46571e-06 0 -48.65 1.49999 -2.19856e-06
-12.1375 1.5 0.999992 -9.05549e-07 0 -48.55 1.49999 -1.35832e-06
-12.1125 1.5 0.999992 -3.33179e-07 0 -48.45 1.49999 -4.99767e-07
-12.0875 1.5 0.999992 2.43292e-07 0 -48.35 1.49998 3.64937e-07
-12.0625 1.5 0.999992 8.14774e-07 0 -48.25 1.49998 1.22216e-06
-12.0375 1.5 0.999992 1.37172e-06 0 -48.15 1.49998 2.05758e-06
-12.0125 1.5 0.999992 1.90397e-06 0 -48.05 1.49999 2.85595e-06
-11.9875 1.5 0.999992 2.40633e-06 0 -47.95 1.49999 3.60949e-06
-11.9625 1.5 0.999992 2.87259e-06 0 -47.85 1.49999 4.30888e-06
-11.9375 1.5 0.999993 3.29629e-06 0 -47.75 1.49999 4.94443e-06
-11.9125 1.5 0.999993 3.67137e-06 0 -47.65 1.49999 5.50705e-06
-11.8875 1.5 0.999994 3.9926e-06 0 -47.55 1.49999 5.98889e-06
-11.8625 1.5 0.999994 4.25574e-06 0 -47.45 1.49999 6.3836e-06
-11.8375 1.5 0.999995 4.45757e-06 0 -47.35 1.49999 6.68636e-06
-11.8125 1.5 0.999995 4.59587e-06 0 -47.25 1.49999 6.8938e-06
-11.7875 1.5 0.999996 4.6694e-06 0 -47.15 1.49999 7.0041e-06
-11.7625 1.5 0.999997 4.67803e-06 0 -47.05 1.5 7.01704e-06
-11.7375 1.5 0.999998 4.62226e-06 0 -46.95 1.5 6.9334e-06
-11.7125 1.5 0.999999 4.50322e-06 0 -46.85 1.5 6.75484e-06
-11.6875 1.5 0.999999 4.32261e-06 0 -46.75 1.5 6.48393e-06
-11.6625 1.5 1 4.08249e-06 0 -46.65 1.5 6.12374e-06
-11.6375 1.5 1 3.78568e-06 0 -46.55 1.5 5.67853e-06
-11.6125 1.5 1 3.4357e-06 0 -46.45 1.5 5.15356e-06
-11.5875 1.5 1 3.0367e-06 0 -46.35 1.50001 4.55505e-06
-11.5625 1.5 1 2.59348e-06 0 -46.25 1.50001 3.89023e-06
-11.5375 1.5 1 2.11161e-06 0 -46.15 1.50001 3.16742e-06
-11.5125 1.5 1 1.59729e-06 0 -46.05 1.50001 2.39593e-06
-11.4875 1.5 1 1.05726e-06 0 -45.95 1.50001 1.58589e-06
-11.4625 1.5 1.00001 4.98769e-07 0 -45.85 1.50001 7.48155e-07
-11.4375 1.5 1.00001 -7.04032e-08 0 -45.75 1.50001 -1.05605e-07
-11.4125 1.5 1.00001 -6.42316e-07 0 -45.65 1.50001 -9.63477e-07
-11.3875 1.5 1.00001 -1.20803e-06 0 -45.55 1.50001 -1.81204e-06
-11.3625 1.5 1.00001 -1.75982e-06 0 -45.45 1.50001 -2.63973e-06
-11.3375 1.5 1.00001 -2.2899e-06 0 -45.35 1.50001 -3.43486e-06
-11.3125 1.5 1.00001 -2.79019e-06 0 -45.25 1.50001 -4.18529e-06
-11.2875 1.5 1.00001 -3.25372e-06 0 -45.15 1.50001 -4.88059e-06
-11.2625 1.5 1.00001 -3.67682e-06 0 -45.05 1.50001 -5.51524e-06
-11.2375 1.5 1.00001 -4.05465e-06 0 -44.95 1.50001 -6.08199e-06
-11.2125 1.5 1.00001 -4.38247e-06 0 -44.85 1.50001 -6.5737e-06
-11.1875 1.5 1 -4.65578e-06 0 -44.75 1.50001 -6.98367e-06
-11.1625 1.5 1 -4.87047e-06 0 -44.65 1.50001 -7.30571e-06
-11.1375 1.5 1 -5.02294e-06 0 -44.55 1.50001 -7.53441e-06
-11.1125 1.5 1 -5.10982e-06 0 -44.45 1.50001 -7.66473e-06
-11.0875 1.5 1 -5.12883e-06 0 -44.35 1.5 -7.69324e-06
-11.0625 1.5 1 -5.07879e-06 0 -44.25 1.5 -7.61818e-06
-11.0375 1.5 1 -4.95971e-06 0 -44.15 1.5 -7.43956e-06
-11.0125 1.5 1 -4.77245e-06 0 -44.05 1.5 -7.15866e-06
-10.9875 1.5 1 -4.51881e-06 0 -43.95 1.5 -6.77821e-06
-10.9625 1.5 1 -4.20166e-06 0 -43.85 1.5 -6.30247e-06
-10.9375 1.5 1 -3.82536e-06 0 -43.75 1.5 -5.73803e-06
-10.9125 1.5 0.999999 -3.39528e-06 0 -43.65 1.5 -5.09291e-06
-10.8875 1.5 0.999999 -2.91753e-06 0 -43.55 1.5 -4.37628e-06
-10.8625 1.5 0.999998 -2.39889e-06 0 -43.45 1.49999 -3.59833e-06
-10.8375 1.5 0.999998 -1.84674e-06 0 -43.35 1.49999 -2.77011e-06
-10.8125 1.5 0.999997 -1.26891e-06 0 -43.25 1.49999 -1.90335e-06
-10.7875 1.5 0.999997 -6.73454e-07 0 -43.15 1.49999 -1.01018e-06
-10.7625 1.5 0.999997 -6.85057e-08 0 -43.05 1.49999 -1.02758e-07
-10.7375 1.5 0.999997 5.38112e-07 0 -42.95 1.49999 8.07166e-07
-10.7125 1.5 0.999997 1.13782e-06 0 -42.85 1.49999 1.70673e-06
-10.6875 1.5 0.999996 1.72288e-06 0 -42.75 1.49999 2.58432e-06
-10.6625 1.5 0.999996 2.28636e-06 0 -42.65 1.49999 3.42953e-06
-10.6375 1.5 0.999997 2.82053e-06 0 -42.55 1.49999 4.23079e-06
-10.6125 1.5 0.999997 3.31977e-06 0 -42.45 1.49999 4.97964e-06
-10.5875 1.5 0.999997 3.77896e-06 0 -42.35 1.49999 5.66843e-06
-10.5625 1.5 0.999997 4.1926e-06 0 -42.25 1.49999 6.28889e-06
-10.5375 1.5 0.999997 4.5555e-06 0 -42.15 1.49999 6.83324e-06
-10.5125 1.5 0.999997 4.86308e-06 0 -42.05 1.49999 7.29461e-06
-10.4875 1.5 0.999998 5.11145e-06 0 -41.95 1.5 7.66717e-06
-10.4625 1.5 0.999998 5.29748e-06 0 -41.85 1.5 7.94621e-06
-10.4375 1.5 0.999998 5.41876e-06 0 -41.75 1.5 8.12814e-06
-10.4125 1.5 0.999999 5.47381e-06 0 -41.65 1.5 8.21071e-06
-10.3875 1.5 0.999999 5.46207e-06 0 -41.55 1.5 8.19311e-06
-10.3625 1.5 0.999999 5.38396e-06 0 -41.45 1.5 8.07594e-06
-10.3375 1.5 1 5.24048e-06 0 -41.35 1.5 7.86072e-06
-10.3125 1.5 1 5.03371e-06 0 -41.25 1.5 7.55057e-06
-10.2875 1.5 1 4.76651e-06 0 -41.15 1.5 7.14977e-06
-10.2625 1.5 1 4.44252e-06 0 -41.05 1.5 6.66379e-06
-10.2375 1.5 1 4.06615e-06 0 -40.95 1.5 6.09924e-06
-10.2125 1.5 1 3.64248e-06 0 -40.85 1.5 5.46374e-06
-10.1875 1.5 1 3.17716e-06 0 -40.75 1.50001 4.76575e-06
-10.1625 1.5 1 2.6763e-06 0 -40.65 1.50001 4.01445e-06
-10.1375 1.5 1 2.14646e-06 0 -40.55 1.50001 3.2197e-06
-10.1125 1.5 1 1.59467e-06 0 -40.45 1.50001 2.39202e-06
-10.0875 1.5 1 1.02843e-06 0 -40.35 1.50001 1.54265e-06
-10.0625 1.5 1 4.56241e-07 0 -40.25 1.50001 6.84364e-07
-10.0375 1.5 1 -1.15015e-07 0 -40.15 1.50001 -1.72523e-07
-10.0125 1.5 1 -6.78362e-07 0 -40.05 1.50001 -1.01755e-06
-9.9875 1.5 1 -1.22605e-06 0 -39.95 1.50001 -1.83907e-06
-9.9625 1.5 1 -1.75184e-06 0 -39.85 1.50001 -2.62777e-06
-9.9375 1.5 1 -2.24959e-06 0 -39.75 1.5 -3.37439e-06
-9.9125 1.5 1 -2.71311e-06 0 -39.65 1.5 -4.06968e-06
-9.8875 1.5 1 -3.1367e-06 0 -39.55 1.5 -4.70506e-06
-9.8625 1.5 1 -3.51536e-06 0 -39.45 1.5 -5.27305e-06
-9.8375 1.5 1 -3.84488e-06 0 -39.35 1.5 -5.76733e-06
-9.8125 1.5 0.999999 -4.12183e-06 0 -39.25 1.5 -6.18275e-06
-9.7875 1.5 0.999999 -4.34359e-06 0 -39.15 1.5 -6.5154e-06
-9.7625 1.5 0.999999 -4.50828e-06 0 -39.05 1.5 -6.76243e-06
-9.7375 1.5 0.999998 -4.6148e-06 0 -38.95 1.5 -6.92221e-06
-9.7125 1.5 0.999998 -4.6631e-06 0 -38.85 1.5 -6.99465e-06
-9.6875 1.5 0.999998 -4.654e-06 0 -38.75 1.5 -6.981e-06
-9.6625 1.5 0.999997 -4.5893e-06 0 -38.65 1.5 -6.88395e-06
-9.6375 1.5 0.999997 -4.47129e-06 0 -38.55 1.5 -6.70694e-06
-9.6125 1.5 0.999997 -4.30305e-06 0 -38.45 1.5 -6.45457e-06
-9.5875 1.5 0.999997 -4.08826e-06 0 -38.35 1.49999 -6.13239e-06
-9.5625 1.5 0.999997 -3.83115e-06 0 -38.25 1.49999 -5.74672e-06
-9.5375 1.5 0.999997 -3.53616e-06 0 -38.15 1.49999 -5.30424e-06
-9.5125 1.5 0.999997 -3.20919e-06 0 -38.05 1.49999 -4.81378e-06
-9.4875 1.5 0.999997 -2.85715e-06 0 -37.95 1.49999 -4.28572e-06
-9.4625 1.5 0.999997 -2.48345e-06 0 -37.85 1.49999 -3.72517e-06
-9.4375 1.5 0.999997 -2.09381e-06 0 -37.75 1.49999 -3.14071e-06
-9.4125 1.5 0.999997 -1.69414e-06 0 -37.65 1.49999 -2.5412e-06
-9.3875 1.5 0.999998 -1.29034e-06 0 -37.55 1.49999 -1.93551e-06
-9.3625 1.5 0.999998 -8.88287e-07 0 -37.45 1.49999 -1.33243e-06
-9.3375 1.5 0.999998 -4.9372e-07 0 -37.35 1.49999 -7.40578e-07
-9.3125 1.5 0.999999 -1.12239e-07 0 -37.25 1.5 -1.68358e-07
-9.2875 1.5 0.999999 2.50817e-07 0 -37.15 1.5 3.76225e-07
-9.2625 1.5 0.999999 5.8986e-07 0 -37.05 1.5 8.84789e-07
-9.2375 1.5 1 9.00839e-07 0 -36.95 1.5 1.35126e-06
-9.2125 1.5 1 1.18022e-06 0 -36.85 1.5 1.77032e-06
-9.1875 1.5 1 1.42483e-06 0 -36.75 1.5 2.13724e-06
-9.1625 1.5 1 1.6321e-06 0 -36.65 1.5 2.44815e-06
-9.1375 1.5 1 1.8001e-06 0 -36.55 1.5 2.70014e-06
-9.1125 1.5 1 1.9277e-06 0 -36.45 1.5 2.89155e-06
-9.0875 1.5 1 2.01471e-06 0 -36.35 1.5 3.02206e-06
-9.0625 1.5 1 2.06177e-06 0 -36.25 1.5 3.09266e-06
-9.0375 1.5 1 2.07024e-06 0 -36.15 1.5 3.10536e-06
-9.0125 1.5 1 2.04213e-06 0 -36.05 1.5 3.06319e-06
-8.9875 1.5 1 1.98034e-06 0 -35.95 1.50001 2.97051e-06
-8.9625 1.5 1 1.88795e-06 0 -35.85 1.50001 2.83192e-06
-8.9375 1.5 1.00001 1.76848e-06 0 -35.75 1.50001 2.65272e-06
-8.9125 1.5 1.00001 1.6259e-06 0 -35.65 1.50001 2.43886e-06
-8.8875 1.5 1.00001 1.46457e-06 0 -35.55 1.50001 2.19686e-06
-8.8625 1.5 1.00001 1.28877e-06 0 -35.45 1.50001 1.93316e-06
-8.8375 1.5 1.00001 1.10401e-06 0 -35.35 1.50001 1.65601e-06
-8.8125 1.5 1.00001 9.16901e-07 0 -35.25 1.50001 1.37535e-06
-8.7875 1.5 1.00001 7.29462e-07 0 -35.15 1.50001 1.09419e-06
-8.7625 1.5 1.00001 5.4607e-07 0 -35.05 1.50001 8.19105e-07
-8.7375 1.5 1 3.70989e-07 0 -34.95 1.50001 5.56484e-07
-8.7125 1.5 1 2.08275e-07 0 -34.85 1.50001 3.12412e-07
-8.6875 1.5 1 6.17363e-08 0 -34.75 1.50001 9.26044e-08
-8.6625 1.5 1 -6.51018e-08 0 -34.65 1.50001 -9.76527e-08
-8.6375 1.5 1 -1.69013e-07 0 -34.55 1.5 -2.5352e-07
-8.6125 1.5 1 -2.47533e-07 0 -34.45 1.5 -3.713e-07
-8.5875 1.5 1 -2.985e-07 0 -34.35 1.5 -4.4775e-07
-8.5625 1.5 1 -3.20231e-07 0 -34.25 1.5 -4.80347e-07
-8.5375 1.5 1 -3.1177e-07 0 -34.15 1.5 -4.67655e-07
-8.5125 1.5 1 -2.72923e-07 0 -34.05 1.5 -4.09385e-07
-8.4875 1.5 1 -2.03813e-07 0 -33.95 1.5 -3.0572e-07
-8.4625 1.5 1 -1.05049e-07 0 -33.85 1.5 -1.57574e-07
-8.4375 1.5 0.999999 2.20374e-08 0 -33.75 1.5 3.30561e-08
-8.4125 1.5 0.999999 1.75231e-07 0 -33.65 1.5 2.62846e-07
-8.3875 1.5 0.999998 3.516e-07 0 -33.55 1.5 5.274e-07
-8.3625 1.5 0.999998 5.47981e-07 0 -33.45 1.5 8.21972e-07
-8.3375 1.5 0.999997 7.60549e-07 0 -33.35 1.5 1.14082e-06
-8.3125 1.5 0.999997 9.84906e-07 0 -33.25 1.5 1.47736e-06
-8.2875 1.5 0.999996 1.21633e-06 0 -33.15 1.49999 1.8245e-06
-8.2625 1.5 0.999996 1.4499e-06 0 -33.05 1.49999 2.17485e-06
-8.2375 1.5 0.999996 1.6805e-06 0 -32.95 1.49999 2.52075e-06
-8.2125 1.5 0.999996 1.9029e-06 0 -32.85 1.49999 2.85435e-06
-8.1875 1.5 0.999996 2.11191e-06 0 -32.75 1.49999 3.16786e-06
-8.1625 1.5 0.999996 2.3025e-06 0 -32.65 1.49999 3.45375e-06
-8.1375 1.5 0.999995 2.46983e-06 0 -32.55 1.49999 3.70474e-06
-8.1125 1.5 0.999996 2.60894e-06 0 -32.45 1.49999 3.91342e-06
-8.0875 1.5 0.999996 2.71537e-06 0 -32.35 1.49999 4.07306e-06
-8.0625 1.5 0.999996 2.7872e-06 0 -32.25 1.49999 4.18081e-06
-8.0375 1.5 0.999996 2.82222e-06 0 -32.15 1.5 4.23334e-06
-8.0125 1.5 0.999996 2.81881e-06 0 -32.05 1.5 4.22822e-06
-7.9875 1.5 0.999996 2.7759e-06 0 -31.95 1.5 4.16386e-06
-7.9625 1.5 0.999996 2.69266e-06 0 -31.85 1.5 4.039e-06
-7.9375 1.5 0.999997 2.56907e-06 0 -31.75 1.5 3.85362e-06
-7.9125 1.5 0.999997 2.40567e-06 0 -31.65 1.5 3.60851e-06
-7.8875 1.5 0.999997 2.20362e-06 0 -31.55 1.5 3.30543e-06
-7.8625 1.5 0.999997 1.96472e-06 0 -31.45 1.5 2.94709e-06
-7.8375 1.5 0.999998 1.69139e-06 0 -31.35 1.5 2.53709e-06
-7.8125 1.5 0.999998 1.38645e-06 0 -31.25 1.5 2.07968e-06
-7.7875 1.5 0.999998 1.05341e-06 0 -31.15 1.5 1.58012e-06
-7.7625 1.5 0.999999 6.96308e-07 0 -31.05 1.5 1.04446e-06
-7.7375 1.5 0.999999 3.19603e-07 0 -30.95 1.5 4.79406e-07
-7.7125 1.5 0.999999 -7.18493e-08 0 -30.85 1.5 -1.07774e-07
-7.6875 1.5 0.999999 -4.72606e-07 0 -30.75 1.5 -7.0891e-07
-7.6625 1.5 0.999999 -8.76837e-07 0 -30.65 1.5 -1.31526e-06
-7.6375 1.5 0.999999 -1.27971e-06 0 -30.55 1.5 -1.91957e-06
-7.6125 1.5 1 -1.6763e-06 0 -30.45 1.5 -2.51446e-06
-7.5875 1.5 1 -2.06118e-06 0 -30.35 1.5 -3.09177e-06
-7.5625 1.5 1 -2.4287e-06 0 -30.25 1.5 -3.64306e-06
-7.5375 1.5 1 -2.77357e-06 0 -30.15 1.5 -4.16036e-06
-7.5125 1.5 1 -3.091e-06 0 -30.05 1.5 -4.63651e-06
-7.4875 1.5 1 -3.37658e-06 0 -29.95 1.5 -5.06488e-06
-7.4625 1.5 1 -3.62645e-06 0 -29.85 1.5 -5.43968e-06
-7.4375 1.5 1 -3.83833e-06 0 -29.75 1.5 -5.75751e-06
-7.4125 1.5 1 -4.00987e-06 0 -29.65 1.5 -6.0148e-06
-7.3875 1.5 1 -4.1392e-06 0 -29.55 1.5 -6.20881e-06
-7.3625 1.5 1 -4.22502e-06 0 -29.45 1.5 -6.33753e-06
-7.3375 1.5 1 -4.2664e-06 0 -29.35 1.5 -6.3996e-06
-7.3125 1.5 1 -4.2628e-06 0 -29.25 1.5 -6.3942e-06
-7.2875 1.5 0.999999 -4.21477e-06 0 -29.15 1.5 -6.32215e-06
-7.2625 1.5 0.999999 -4.12332e-06 0 -29.05 1.5 -6.18497e-06
-7.2375 1.5 0.999999 -3.99045e-06 0 -28.95 1.5 -5.98567e-06
-7.2125 1.5 0.999999 -3.81928e-06 0 -28.85 1.5 -5.72891e-06
-7.1875 1.5 1 -3.61256e-06 0 -28.75 1.5 -5.41883e-06
-7.1625 1.5 1 -3.37365e-06 0 -28.65 1.5 -5.06047e-06
-7.1375 1.5 1 -3.10664e-06 0 -28.55 1.5 -4.65995e-06
-7.1125 1.5 1 -2.81601e-06 0 -28.45 1.5 -4.224e-06
-7.0875 1.5 1 -2.50654e-06 0 -28.35 1.5 -3.7598e-06
-7.0625 1.5 1 -2.18323e-06 0 -28.25 1.5 -3.27484e-06
-7.0375 1.5 1 -1.8512e-06 0 -28.15 1.5 -2.77679e-06
-7.0125 1.5 1 -1.51559e-06 0 -28.05 1.5 -2.27339e-06
-6.9875 1.5 1 -1.18149e-06 0 -27.95 1.5 -1.77223e-06
-6.9625 1.5 1 -8.53714e-07 0 -27.85 1.5 -1.28057e-06
-6.9375 1.5 1 -5.36609e-07 0 -27.75 1.5 -8.04912e-07
-6.9125 1.5 1 -2.34073e-07 0 -27.65 1.5 -3.51108e-07
-6.8875 1.5 1 5.01893e-08 0 -27.55 1.5 7.52838e-08
-6.8625 1.5 1 3.12255e-07 0 -27.45 1.5 4.68382e-07
-6.8375 1.5 1 5.49342e-07 0 -27.35 1.5 8.24012e-07
-6.8125 1.5 1 7.59426e-07 0 -27.25 1.5 1.13914e-06
-6.7875 1.5 1 9.41118e-07 0 -27.15 1.5 1.41167e-06
-6.7625 1.5 1 1.09359e-06 0 -27.05 1.5 1.64038e-06
-6.7375 1.5 1 1.21655e-06 0 -26.95 1.5 1.82483e-06
-6.7125 1.5 1 1.31038e-06 0 -26.85 1.5 1.96556e-06
-6.6875 1.5 1 1.37609e-06 0 -26.75 1.5 2.06412e-06
-6.6625 1.5 1 1.41536e-06 0 -26.65 1.5 2.12303e-06
-6.6375 1.5 1 1.43041e-06 0 -26.55 1.5 2.14561e-06
-6.6125 1.5 1 1.42391e-06 0 -26.45 1.5 2.13586e-06
-6.5875 1.5 1 1.39893e-06 0 -26.35 1.50001 2.09839e-06
-6.5625 1.5 1 1.35859e-06 0 -26.25 1.50001 2.03788e-06
-6.5375 1.5 1 1.30711e-06 0 -26.15 1.50001 1.96066e-06
-6.5125 1.5 1 1.24886e-06 0 -26.05 1.50001 1.87329e-06
-6.4875 1.5 1 1.18576e-06 0 -25.95 1.50001 1.77864e-06
-6.4625 1.5 1 1.12097e-06 0 -25.85 1.50001 1.68145e-06
-6.4375 1.5 1 1.05777e-06 0 -25.75 1.5 1.58665e-06
-6.4125 1.5 1 9.99442e-07 0 -25.65 1.5 1.49916e-06
-6.3875 1.5 1 9.49086e-07 0 -25.55 1.5 1.42363e-06
-6.3625 1.5 1 9.09456e-07 0 -25.45 1.5 1.36418e-06
-6.3375 1.5 1 8.82995e-07 0 -25.35 1.5 1.32449e-06
-6.3125 1.5 1 8.71901e-07 0 -25.25 1.5 1.30785e-06
-6.2875 1.5 1 8.77986e-07 0 -25.15 1.5 1.31698e-06
-6.2625 1.5 1 9.02455e-07 0 -25.05 1.5 1.35368e-06
-6.2375 1.5 1 9.46396e-07 0 -24.95 1.5 1.41959e-06
-6.2125 1.5 1 1.01052e-06 0 -24.85 1.5 1.51578e-06
-6.1875 1.5 1 1.095e-06 0 -24.75 1.5 1.6425e-06
-6.1625 1.5 1 1.19929e-06 0 -24.65 1.5 1.79894e-06
-6.1375 1.5 1 1.32206e-06 0 -24.55 1.5 1.98308e-06
-6.1125 1.5 0.999999 1.4612e-06 0 -24.45 1.5 2.1918e-06
-6.0875 1.5 0.999999 1.6141e-06 0 -24.35 1.5 2.42115e-06
-6.0625 1.5 0.999999 1.7777e-06 0 -24.25 1.5 2.66655e-06
-6.0375 1.5 0.999998 1.94855e-06 0 -24.15 1.5 2.92282e-06
-6.0125 1.5 0.999998 2.12281e-06 0 -24.05 1.5 3.18422e-06
-5.9875 1.5 0.999998 2.29632e-06 0 -23.95 1.5 3.44448e-06
-5.9625 1.5 0.999997 2.46472e-06 0 -23.85 1.5 3.69708e-06
-5.9375 1.5 0.999997 2.6237e-06 0 -23.75 1.5 3.93555e-06
-5.9125 1.5 0.999997 2.7691e-06 0 -23.65 1.5 4.15365e-06
-5.8875 1.5 0.999997 2.897e-06 0 -23.55 1.5 4.3455e-06
-5.8625 1.5 0.999997 3.00374e-06 0 -23.45 1.5 4.50561e-06
-5.8375 1.5 0.999997 3.08599e-06 0 -23.35 1.5 4.62899e-06
-5.8125 1.5 0.999997 3.14071e-06 0 -23.25 1.5 4.71107e-06
-5.7875 1.5 0.999997 3.16512e-06 0 -23.15 1.5 4.74769e-06
-5.7625 1.5 0.999997 3.15631e-06 0 -23.05 1.5 4.73448e-06
-5.7375 1.5 0.999997 3.1129e-06 0 -22.95 1.5 4.66935e-06
-5.7125 1.5 0.999997 3.0343e-06 0 -22.85 1.5 4.55146e-06
-5.6875 1.5 0.999997 2.92015e-06 0 -22.75 1.5 4.38023e-06
-5.6625 1.5 0.999997 2.77063e-06 0 -22.65 1.5 4.15595e-06
-5.6375 1.5 0.999997 2.5866e-06 0 -22.55 1.5 3.87991e-06
-5.6125 1.5 0.999997 2.36968e-06 0 -22.45 1.5 3.55453e-06
-5.5875 1.5 0.999997 2.12209e-06 0 -22.35 1.5 3.18314e-06
-5.5625 1.5 0.999997 1.84658e-06 0 -22.25 1.5 2.76988e-06
-5.5375 1.5 0.999997 1.54642e-06 0 -22.15 1.5 2.31964e-06
-5.5125 1.5 0.999997 1.2253e-06 0 -22.05 1.5 1.83796e-06
-5.4875 1.5 0.999997 8.87358e-07 0 -21.95 1.5 1.33104e-06
-5.4625 1.5 0.999997 5.37113e-07 0 -21.85 1.5 8.05671e-07
-5.4375 1.5 0.999998 1.79378e-07 0 -21.75 1.5 2.69068e-07
-5.4125 1.5 0.999998 -1.80621e-07 0 -21.65 1.5 -2.70932e-07
-5.3875 1.5 0.999998 -5.36974e-07 0 -21.55 1.5 -8.05464e-07
-5.3625 1.5 0.999997 -8.85161e-07 0 -21.45 1.5 -1.32775e-06
-5.3375 1.5 0.999997 -1.22141e-06 0 -21.35 1.5 -1.83211e-06
-5.3125 1.5 0.999997 -1.54196e-06 0 -21.25 1.5 -2.31294e-06
-5.2875 1.5 0.999997 -1.84306e-06 0 -21.15 1.5 -2.7646e-06
-5.2625 1.5 0.999997 -2.12113e-06 0 -21.05 1.5 -3.1817e-06
-5.2375 1.5 0.999997 -2.37295e-06 0 -20.95 1.5 -3.55943e-06
-5.2125 1.5 0.999997 -2.59585e-06 0 -20.85 1.5 -3.89379e-06
-5.1875 1.5 0.999997 -2.78772e-06 0 -20.75 1.5 -4.18159e-06
-5.1625 1.5 0.999997 -2.94715e-06 0 -20.65 1.5 -4.42073e-06
-5.1375 1.5 0.999997 -3.07346e-06 0 -20.55 1.5 -4.61019e-06
-5.1125 1.5 0.999997 -3.16662e-06 0 -20.45 1.5 -4.74994e-06
-5.0875 1.5 0.999997 -3.22719e-06 0 -20.35 1.5 -4.84078e-06
-5.0625 1.5 0.999997 -3.25646e-06 0 -20.25 1.5 -4.8847e-06
-5.0375 1.5 0.999997 -3.25688e-06 0 -20.15 1.5 -4.88532e-06
-5.0125 1.5 0.999997 -3.22955e-06 0 -20.05 1.5 -4.84433e-06
-4.9875 1.5 0.999997 -3.17681e-06 0 -19.95 1.5 -4.76522e-06
-4.9625 1.5 0.999997 -3.10171e-06 0 -19.85 1.5 -4.65257e-06
-4.9375 1.5 0.999997 -3.00769e-06 0 -19.75 1.5 -4.51154e-06
-4.9125 1.5 0.999997 -2.89855e-06 0 -19.65 1.5 -4.34783e-06
-4.8875 1.5 0.999998 -2.77832e-06 0 -19.55 1.5 -4.16748e-06
-4.8625 1.5 0.999998 -2.65108e-06 0 -19.45 1.5 -3.97662e-06
-4.8375 1.5 0.999998 -2.52085e-06 0 -19.35 1.5 -3.78127e-06
-4.8125 1.5 0.999999 -2.39146e-06 0 -19.25 1.5 -3.5872e-06
-4.7875 1.5 0.999999 -2.26663e-06 0 -19.15 1.5 -3.39994e-06
-4.7625 1.5 0.999999 -2.14981e-06 0 -19.05 1.5 -3.22471e-06
-4.7375 1.5 1 -2.04414e-06 0 -18.95 1.5 -3.0662e-06
-4.7125 1.5 1 -1.95228e-06 0 -18.85 1.5 -2.92841e-06
-4.6875 1.5 1 -1.87633e-06 0 -18.75 1.5 -2.81449e-06
-4.6625 1.5 1 -1.81785e-06 0 -18.65 1.5 -2.72677e-06
-4.6375 1.5 1 -1.77792e-06 0 -18.55 1.5 -2.66687e-06
-4.6125 1.5 1 -1.75718e-06 0 -18.45 1.5 -2.63576e-06
-4.5875 1.5 1 -1.75539e-06 0 -18.35 1.5 -2.63309e-06
-4.5625 1.5 1 -1.77149e-06 0 -18.25 1.5 -2.65723e-06
-4.5375 1.5 1 -1.80406e-06 0 -18.15 1.5 -2.70609e-06
-4.5125 1.5 1 -1.85115e-06 0 -18.05 1.5 -2.77672e-06
-4.4875 1.5 1 -1.9102e-06 0 -17.95 1.5 -2.86529e-06
-4.4625 1.5 1 -1.97816e-06 0 -17.85 1.5 -2.96723e-06
-4.4375 1.5 1 -2.05148e-06 0 -17.75 1.5 -3.07722e-06
-4.4125 1.5 1 -2.12627e-06 0 -17.65 1.5 -3.1894e-06
-4.3875 1.5 1 -2.19844e-06 0 -17.55 1.5 -3.29765e-06
-4.3625 1.5 1.00001 -2.26382e-06 0 -17.45 1.5 -3.39573e-06
-4.3375 1.5 1.00001 -2.31831e-06 0 -17.35 1.5 -3.47746e-06
-4.3125 1.5 1.00001 -2.35797e-06 0 -17.25 1.5 -3.53694e-06
-4.2875 1.5 1.00001 -2.37913e-06 0 -17.15 1.5 -3.56869e-06
-4.2625 1.5 1.00001 -2.3784e-06 0 -17.05 1.5 -3.56759e-06
-4.2375 1.5 1.00001 -2.35215e-06 0 -16.95 1.5 -3.52822e-06
-4.2125 1.5 1.00001 -2.29829e-06 0 -16.85 1.5 -3.44742e-06
-4.1875 1.5 1.00001 -2.21549e-06 0 -16.75 1.5 -3.32322e-06
-4.1625 1.5 1.00001 -2.10244e-06 0 -16.65 1.5 -3.15365e-06
-4.1375 1.5 1.00001 -1.95842e-06 0 -16.55 1.5 -2.93761e-06
-4.1125 1.5 1 -1.78322e-06 0 -16.45 1.5 -2.67483e-06
-4.0875 1.5 1 -1.57726e-06 0 -16.35 1.5 -2.36588e-06
-4.0625 1.49999 1 -1.34165e-06 0 -16.25 1.5 -2.01247e-06
-4.0375 1.49999 1 -1.07829e-06 0 -16.15 1.5 -1.61743e-06
-4.0125 1.49999 1 -7.89731e-07 0 -16.05 1.5 -1.18459e-06
-3.9875 1.49999 1 -4.79331e-07 0 -15.95 1.5 -7.18994e-07
-3.9625 1.49999 1 -1.5105e-07 0 -15.85 1.5 -2.26575e-07
-3.9375 1.49999 1 1.90673e-07 0 -15.75 1.5 2.86008e-07
-3.9125 1.49999 1 5.40582e-07 0 -15.65 1.5 8.1087e-07
-3.8875 1.49999 1 8.93476e-07 0 -15.55 1.5 1.34021e-06
-3.8625 1.49999 1 1.2448e-06 0 -15.45 1.5 1.8672e-06
-3.8375 1.49999 1 1.58995e-06 0 -15.35 1.5 2.38492e-06
-3.8125 1.5 1 1.92417e-06 0 -15.25 1.5 2.88624e-06
-3.7875 1.5 1 2.24284e-06 0 -15.15 1.5 3.36425e-06
-3.7625 1.5 1 2.54156e-06 0 -15.05 1.5 3.81233e-06
-3.7375 1.5 1 2.81634e-06 0 -14.95 1.5 4.22451e-06
-3.7125 1.5 1 3.06452e-06 0 -14.85 1.5 4.59677e-06
-3.6875 1.5 1 3.2837e-06 0 -14.75 1.5 4.92553e-06
-3.6625 1.5 1 3.47193e-06 0 -14.65 1.5 5.20789e-06
-3.6375 1.5 1 3.6278e-06 0 -14.55 1.5 5.44169e-06
-3.6125 1.5 1 3.75075e-06 0 -14.45 1.5 5.62611e-06
-3.5875 1.5 1 3.84103e-06 0 -14.35 1.5 5.76154e-06
-3.5625 1.5 1 3.89937e-06 0 -14.25 1.5 5.84905e-06
-3.5375 1.5 1 3.92722e-06 0 -14.15 1.5 5.89082e-06
-3.5125 1.5 1 3.92676e-06 0 -14.05 1.5 5.89014e-06
-3.4875 1.5 1 3.90102e-06 0 -13.95 1.5 5.85152e-06
-3.4625 1.5 1 3.85339e-06 0 -13.85 1.5 5.78008e-06
-3.4375 1.5 1 3.78773e-06 0 -13.75 1.5 5.68159e-06
-3.4125 1.5 1 3.70801e-06 0 -13.65 1.5 5.56201e-06
-3.3875 1.5 1 3.6184e-06 0 -13.55 1.5 5.42759e-06
-3.3625 1.5 1 3.52316e-06 0 -13.45 1.5 5.28473e-06
-3.3375 1.5 1 3.42656e-06 0 -13.35 1.5 5.13984e-06
-3.3125 1.5 1 3.33275e-06 0 -13.25 1.5 4.99912e-06
-3.2875 1.5 1 3.2457e-06 0 -13.15 1.5 4.86855e-06
-3.2625 1.5 1 3.16909e-06 0 -13.05 1.5 4.75364e-06
-3.2375 1.5 1 3.10621e-06 0 -12.95 1.5 4.65931e-06
-3.2125 1.5 1 3.05981e-06 0 -12.85 1.5 4.58972e-06
-3.1875 1.5 0.999999 3.03201e-06 0 -12.75 1.5 4.54802e-06
-3.1625 1.5 0.999999 3.02429e-06 0 -12.65 1.5 4.53644e-06
-3.1375 1.5 0.999998 3.03746e-06 0 -12.55 1.5 4.5562e-06
-3.1125 1.5 0.999998 3.07159e-06 0 -12.45 1.5 4.6074e-06
-3.0875 1.5 0.999997 3.12635e-06 0 -12.35 1.5 4.68953e-06
-3.0625 1.5 0.999997 3.20049e-06 0 -12.25 1.5 4.80075e-06
-3.0375 1.5 0.999996 3.2921e-06 0 -12.15 1.5 4.93815e-06
-3.0125 1.5 0.999996 3.39868e-06 0 -12.05 1.5 5.09803e-06
-2.9875 1.5 0.999996 3.51733e-06 0 -11.95 1.5 5.276e-06
-2.9625 1.5 0.999995 3.64471e-06 0 -11.85 1.5 5.46707e-06
-2.9375 1.5 0.999995 3.77713e-06 0 -11.75 1.5 5.66571e-06
-2.9125 1.5 0.999995 3.91062e-06 0 -11.65 1.5 5.86594e-06
-2.8875 1.5 0.999994 4.04098e-06 0 -11.55 1.5 6.06148e-06
-2.8625 1.5 0.999994 4.16391e-06 0 -11.45 1.5 6.24588e-06
-2.8375 1.50001 0.999994 4.27511e-06 0 -11.35 1.5 6.41269e-06
-2.8125 1.50001 0.999994 4.37035e-06 0 -11.25 1.5 6.55555e-06
-2.7875 1.50001 0.999994 4.44554e-06 0 -11.15 1.5 6.66834e-06
-2.7625 1.50001 0.999993 4.49689e-06 0 -11.05 1.5 6.74536e-06
-2.7375 1.50001 0.999993 4.52105e-06 0 -10.95 1.5 6.7816e-06
-2.7125 1.50001 0.999993 4.51535e-06 0 -10.85 1.5 6.77306e-06
-2.6875 1.50001 0.999993 4.47784e-06 0 -10.75 1.5 6.7168e-06
-2.6625 1.50001 0.999993 4.40704e-06 0 -10.65 1.5 6.61059e-06
-2.6375 1.50001 0.999993 4.3022e-06 0 -10.55 1.5 6.45334e-06
-2.6125 1.50001 0.999993 4.16342e-06 0 -10.45 1.5 6.24516e-06
-2.5875 1.50001 0.999993 3.99167e-06 0 -10.35 1.5 5.98754e-06
-2.5625 1.50001 0.999993 3.78853e-06 0 -10.25 1.5 5.68283e-06
-2.5375 1.50001 0.999993 3.55637e-06 0 -10.15 1.5 5.33459e-06
-2.5125 1.50001 0.999993 3.29833e-06 0 -10.05 1.5 4.94752e-06
-2.4875 1.50001 0.999993 3.0182e-06 0 -9.95 1.5 4.52733e-06
-2.4625 1.50001 0.999993 2.72041e-06 0 -9.85 1.5 4.08063e-06
-2.4375 1.50001 0.999992 2.40988e-06 0 -9.75 1.5 3.61485e-06
-2.4125 1.50001 0.999992 2.09199e-06 0 -9.65 1.5 3.13801e-06
-2.3875 1.50001 0.999992 1.77236e-06 0 -9.55 1.5 2.65856e-06
-2.3625 1.50001 0.999992 1.45669e-06 0 -9.45 1.5 2.18505e-06
-2.3375 1.50001 0.999992 1.15064e-06 0 -9.35 1.5 1.72597e-06
-2.3125 1.50001 0.999991 8.59592e-07 0 -9.25 1.5 1.2894e-06
-2.2875 1.50001 0.999991 5.88539e-07 0 -9.15 1.5 8.82815e-07
-2.2625 1.50001 0.999991 3.41925e-07 0 -9.05 1.5 5.12892e-07
-2.2375 1.50001 0.999991 1.23446e-07 0 -8.95 1.5 1.8517e-07
-2.2125 1.50001 0.99999 -6.40812e-08 0 -8.85 1.5 -9.61224e-08
-2.1875 1.50001 0.99999 -2.18104e-07 0 -8.75 1.5 -3.27158e-07
-2.1625 1.50001 0.99999 -3.37559e-07 0 -8.65 1.5 -5.06342e-07
-2.1375 1.50001 0.99999 -4.22526e-07 0 -8.55 1.5 -6.33794e-07
-2.1125 1.50001 0.999989 -4.74099e-07 0 -8.45 1.49999 -7.11154e-07
-2.0875 1.50001 0.999989 -4.94316e-07 0 -8.35 1.49999 -7.4148e-07
-2.0625 1.50001 0.999989 -4.86119e-07 0 -8.25 1.49999 -7.29183e-07
-2.0375 1.50001 0.999989 -4.53453e-07 0 -8.15 1.49999 -6.80184e-07
-2.0125 1.50001 0.999989 -4.00869e-07 0 -8.05 1.49999 -6.01307e-07
-1.9875 1.50001 0.999989 -3.33547e-07 0 -7.95 1.49999 -5.00323e-07
-1.9625 1.50001 0.999989 -2.5721e-07 0 -7.85 1.49999 -3.85818e-07
-1.9375 1.50001 0.999989 -1.7862e-07 0 -7.75 1.49999 -2.67933e-07
-1.9125 1.50001 0.999989 -1.03164e-07 0 -7.65 1.49999 -1.54748e-07
-1.8875 1.50001 0.999989 -3.56152e-08 0 -7.55 1.49999 -5.34231e-08
-1.8625 1.50001 0.999989 1.86018e-08 0 -7.45 1.49999 2.79028e-08
-1.8375 1.50001 0.999989 5.46453e-08 0 -7.35 1.49999 8.19686e-08
-1.8125 1.50001 0.999989 6.81654e-08 0 -7.25 1.49999 1.02249e-07
-1.7875 1.50001 0.99999 5.55839e-08 0 -7.15 1.5 8.33764e-08
-1.7625 1.50001 0.99999 1.42035e-08 0 -7.05 1.5 2.13054e-08
-1.7375 1.50001 0.99999 -5.79082e-08 0 -6.95 1.5 -8.68629e-08
-1.7125 1.50001 0.999991 -1.61446e-07 0 -6.85 1.5 -2.4217e-07
-1.6875 1.50001 0.999991 -2.9603e-07 0 -6.75 1.5 -4.44049e-07
-1.6625 1.50001 0.999991 -4.60342e-07 0 -6.65 1.5 -6.90518e-07
-1.6375 1.50001 0.999991 -6.52392e-07 0 -6.55 1.5 -9.78594e-07
-1.6125 1.50001 0.999992 -8.69331e-07 0 -6.45 1.5 -1.304e-06
-1.5875 1.50001 0.999992 -1.10728e-06 0 -6.35 1.5 -1.66093e-06
-1.5625 1.50001 0.999992 -1.36158e-06 0 -6.25 1.5 -2.04238e-06
-1.5375 1.50001 0.999992 -1.62704e-06 0 -6.15 1.5 -2.44058e-06
-1.5125 1.50001 0.999993 -1.89819e-06 0 -6.05 1.5 -2.8473e-06
-1.4875 1.50001 0.999993 -2.16936e-06 0 -5.95 1.5 -3.25406e-06
-1.4625 1.50001 0.999993 -2.43479e-06 0 -5.85 1.5 -3.6522e-06
-1.4375 1.50001 0.999993 -2.68881e-06 0 -5.75 1.5 -4.03324e-06
-1.4125 1.50001 0.999993 -2.92605e-06 0 -5.65 1.5 -4.3891e-06
-1.3875 1.50001 0.999993 -3.14159e-06 0 -5.55 1.5 -4.71241e-06
-1.3625 1.50001 0.999993 -3.33111e-06 0 -5.45 1.5 -4.99669e-06
-1.3375 1.50001 0.999993 -3.49079e-06 0 -5.35 1.5 -5.23622e-06
-1.3125 1.50001 0.999993 -3.61754e-06 0 -5.25 1.5 -5.42634e-06
-1.2875 1.50001 0.999993 -3.71036e-06 0 -5.15 1.5 -5.56557e-06
-1.2625 1.50001 0.999993 -3.76832e-06 0 -5.05 1.5 -5.65251e-06
-1.2375 1.50001 0.999993 -3.79125e-06 0 -4.95 1.5 -5.6869e-06
-1.2125 1.50001 0.999993 -3.77981e-06 0 -4.85 1.5 -5.66974e-06
-1.1875 1.50001 0.999993 -3.73572e-06 0 -4.75 1.5 -5.6036e-06
-1.1625 1.50001 0.999993 -3.6614e-06 0 -4.65 1.5 -5.49213e-06
-1.1375 1.50001 0.999993 -3.56041e-06 0 -4.55 1.5 -5.34064e-06
-1.1125 1.50001 0.999993 -3.43741e-06 0 -4.45 1.5 -5.15614e-06
-1.0875 1.50001 0.999993 -3.29619e-06 0 -4.35 1.5 -4.9443e-06
-1.0625 1.50001 0.999993 -3.14116e-06 0 -4.25 1.5 -4.71175e-06
-1.0375 1.50001 0.999993 -2.97724e-06 0 -4.15 1.5 -4.46588e-06
-1.0125 1.50001 0.999993 -2.80946e-06 0 -4.05 1.5 -4.21421e-06
-0.9875 1.5 0.999994 -2.64283e-06 0 -3.95 1.5 -3.96426e-06
-0.9625 1.5 0.999994 -2.48227e-06 0 -3.85 1.5 -3.72342e-06
-0.9375 1.5 0.999994 -2.33248e-06 0 -3.75 1.5 -3.49873e-06
-0.9125 1.5 0.999994 -2.19779e-06 0 -3.65 1.5 -3.29669e-06
-0.8875 1.5 0.999995 -2.0821e-06 0 -3.55 1.5 -3.12316e-06
-0.8625 1.5 0.999995 -1.98878e-06 0 -3.45 1.5 -2.98317e-06
-0.8375 1.5 0.999996 -1.92049e-06 0 -3.35 1.5 -2.88074e-06
-0.8125 1.5 0.999996 -1.87912e-06 0 -3.25 1.5 -2.81868e-06
-0.7875 1.5 0.999996 -1.86586e-06 0 -3.15 1.5 -2.7988e-06
-0.7625 1.5 0.999997 -1.88125e-06 0 -3.05 1.5 -2.82188e-06
-0.7375 1.5 0.999997 -1.92454e-06 0 -2.95 1.5 -2.88682e-06
-0.7125 1.5 0.999998 -1.99458e-06 0 -2.85 1.5 -2.99187e-06
-0.6875 1.5 0.999998 -2.08943e-06 0 -2.75 1.5 -3.13415e-06
-0.6625 1.5 0.999998 -2.20643e-06 0 -2.65 1.5 -3.30966e-06
-0.6375 1.5 0.999998 -2.34233e-06 0 -2.55 1.5 -3.5135e-06
-0.6125 1.5 0.999999 -2.49335e-06 0 -2.45 1.5 -3.74003e-06
-0.5875 1.5 0.999999 -2.65529e-06 0 -2.35 1.5 -3.98294e-06
-0.5625 1.5 0.999999 -2.82356e-06 0 -2.25 1.5 -4.23535e-06
-0.5375 1.5 0.999999 -2.99335e-06 0 -2.15 1.5 -4.49003e-06
-0.5125 1.5 0.999999 -3.15979e-06 0 -2.05 1.5 -4.73969e-06
-0.4875 1.5 0.999999 -3.3174e-06 0 -1.95 1.5 -4.9761e-06
-0.4625 1.5 0.999999 -3.46015e-06 0 -1.85 1.5 -5.19024e-06
-0.4375 1.5 0.999999 -3.58479e-06 0 -1.75 1.5 -5.37719e-06
-0.4125 1.5 0.999999 -3.68733e-06 0 -1.65 1.5 -5.53099e-06
-0.3875 1.5 0.999999 -3.76413e-06 0 -1.55 1.5 -5.6462e-06
-0.3625 1.5 0.999999 -3.81212e-06 0 -1.45 1.5 -5.71819e-06
-0.3375 1.5 0.999999 -3.82889e-06 0 -1.35 1.5 -5.74333e-06
-0.3125 1.5 0.999998 -3.81263e-06 0 -1.25 1.5 -5.71895e-06
-0.2875 1.5 0.999998 -3.76277e-06 0 -1.15 1.5 -5.64415e-06
-0.2625 1.5 0.999998 -3.67949e-06 0 -1.05 1.5 -5.51923e-06
-0.2375 1.5 0.999998 -3.56397e-06 0 -0.95 1.5 -5.34596e-06
-0.2125 1.5 0.999998 -3.41846e-06 0 -0.85 1.5 -5.12769e-06
-0.1875 1.5 0.999998 -3.24631e-06 0 -0.75 1.5 -4.86945e-06
-0.1625 1.5 0.999998 -3.05257e-06 0 -0.65 1.5 -4.57884e-06
-0.1375 1.5 0.999998 -2.84216e-06 0 -0.55 1.5 -4.26323e-06
-0.1125 1.5 0.999998 -2.61992e-06 0 -0.45 1.5 -3.92988e-06
-0.0875 1.5 0.999998 -2.39212e-06 0 -0.35 1.5 -3.58818e-06
-0.0625 1.5 0.999998 -2.16544e-06 0 -0.25 1.5 -3.24816e-06
-0.0375 1.5 0.999999 -1.9468e-06 0 -0.15 1.5 -2.92019e-06
-0.0125 1.5 0.999999 -1.74304e-06 0 -0.05 1.5 -2.61456e-06
0.0125 1.5 0.999999 -1.56079e-06 0 0.05 1.5 -2.34118e-06
0.0375 1.5 0.999999 -1.40619e-06 0 0.15 1.5 -2.10927e-06
0.0625 1.5 1 -1.28469e-06 0 0.25 1.5 -1.92703e-06
0.0875 1.5 1 -1.20097e-06 0 0.35 1.5 -1.80146e-06
0.1125 1.5 1 -1.15875e-06 0 0.45 1.5 -1.73812e-06
0.1375 1.5 1 -1.16013e-06 0 0.55 1.5 -1.74019e-06
0.1625 1.5 1 -1.2057e-06 0 0.65 1.5 -1.80855e-06
0.1875 1.5 1 -1.29502e-06 0 0.75 1.5 -1.94253e-06
0.2125 1.5 1 -1.42619e-06 0 0.85 1.5 -2.13927e-06
0.2375 1.5 1 -1.59592e-06 0 0.95 1.5 -2.39387e-06
0.2625 1.5 1 -1.79968e-06 0 1.05 1.5 -2.69952e-06
0.2875 1.5 1 -2.03163e-06 0 1.15 1.5 -3.04744e-06
0.3125 1.5 1 -2.28436e-06 0 1.25 1.5 -3.42654e-06
0.3375 1.5 1 -2.54993e-06 0 1.35 1.5 -3.82489e-06
0.3625 1.5 1 -2.82166e-06 0 1.45 1.5 -4.23247e-06
0.3875 1.5 1 -3.09158e-06 0 1.55 1.5 -4.63736e-06
0.4125 1.5 1 -3.35154e-06 0 1.65 1.5 -5.0273e-06
0.4375 1.5 1 -3.59362e-06 0 1.75 1.5 -5.39041e-06
0.4625 1.5 1 -3.81046e-06 0 1.85 1.5 -5.71567e-06
0.4875 1.5 1 -3.99561e-06 0 1.95 1.5 -5.9934e-06
0.5125 1.49999 1 -4.14387e-06 0 2.05 1.49999 -6.21579e-06
0.5375 1.49999 0.999999 -4.25134e-06 0 2.15 1.49999 -6.37699e-06
0.5625 1.49999 0.999999 -4.31558e-06 0 2.25 1.49999 -6.47335e-06
0.5875 1.49999 0.999999 -4.33571e-06 0 2.35 1.49999 -6.50354e-06
0.6125 1.49999 0.999999 -4.31254e-06 0 2.45 1.49999 -6.46878e-06
0.6375 1.49999 0.999998 -4.24902e-06 0 2.55 1.49999 -6.3735e-06
0.6625 1.49999 0.999998 -4.14952e-06 0 2.65 1.49999 -6.22426e-06
0.6875 1.49999 0.999998 -4.01994e-06 0 2.75 1.49999 -6.02988e-06
0.7125 1.49999 0.999998 -3.8674e-06 0 2.85 1.49999 -5.80108e-06
0.7375 1.49999 0.999998 -3.7001e-06 0 2.95 1.49999 -5.55012e-06
0.7625 1.49999 0.999997 -3.52703e-06 0 3.05 1.49999 -5.29052e-06
0.7875 1.49999 0.999997 -3.35762e-06 0 3.15 1.49999 -5.03641e-06
0.8125 1.49999 0.999997 -3.20139e-06 0 3.25 1.49999 -4.80206e-06
0.8375 1.49999 0.999997 -3.0676e-06 0 3.35 1.49999 -4.60137e-06
0.8625 1.49999 0.999997 -2.96497e-06 0 3.45 1.49999 -4.44743e-06
0.8875 1.49999 0.999997 -2.90143e-06 0 3.55 1.49999 -4.35212e-06
0.9125 1.49999 0.999997 -2.88399e-06 0 3.65 1.49999 -4.32596e-06
0.9375 1.49999 0.999997 -2.9183e-06 0 3.75 1.49999 -4.37743e-06
0.9625 1.49999 0.999997 -3.00754e-06 0 3.85 1.49999 -4.51128e-06
0.9875 1.49999 0.999997 -3.15371e-06 0 3.95 1.49999 -4.73053e-06
1.0125 1.49999 0.999997 -3.35738e-06 0 4.05 1.49999 -5.03605e-06
1.0375 1.49999 0.999997 -3.61698e-06 0 4.15 1.49999 -5.42544e-06
1.0625 1.49999 0.999997 -3.92897e-06 0 4.25 1.49999 -5.89342e-06
1.0875 1.49999 0.999997 -4.28902e-06 0 4.35 1.49999 -6.4335e-06
1.1125 1.49999 0.999997 -4.69112e-06 0 4.45 1.49999 -7.03664e-06
1.1375 1.49999 0.999997 -5.12786e-06 0 4.55 1.49999 -7.69174e-06
1.1625 1.49999 0.999997 -5.59072e-06 0 4.65 1.49999 -8.38602e-06
1.1875 1.49999 0.999997 -6.07047e-06 0 4.75 1.49999 -9.10565e-06
1.2125 1.49999 0.999997 -6.55759e-06 0 4.85 1.49998 -9.83631e-06
1.2375 1.49999 0.999996 -7.04256e-06 0 4.95 1.49998 -1.05638e-05
1.2625 1.49999 0.999996 -7.51633e-06 0 5.05 1.49998 -1.12744e-05
1.2875 1.49999 0.999996 -7.97063e-06 0 5.15 1.49998 -1.19559e-05
1.3125 1.49999 0.999995 -8.39835e-06 0 5.25 1.49998 -1.25974e-05
1.3375 1.49999 0.999995 -8.79374e-06 0 5.35 1.49998 -1.31905e-05
1.3625 1.49999 0.999995 -9.15265e-06 0 5.45 1.49998 -1.37289e-05
1.3875 1.49999 0.999994 -9.47268e-06 0 5.55 1.49998 -1.42089e-05
1.4125 1.49999 0.999994 -9.75327e-06 0 5.65 1.49998 -1.46298e-05
1.4375 1.49999 0.999993 -9.99573e-06 0 5.75 1.49998 -1.49935e-05
1.4625 1.49999 0.999992 -1.02032e-05 0 5.85 1.49997 -1.53047e-05
1.4875 1.49998 0.999992 -1.03806e-05 0 5.95 1.49997 -1.55707e-05
1.5125 1.49998 0.999991 -1.05341e-05 0 6.05 1.49997 -1.58009e-05
1.5375 1.49998 0.999991 -1.06711e-05 0 6.15 1.49997 -1.60065e-05
1.5625 1.49998 0.99999 -1.08004e-05 0 6.25 1.49997 -1.62004e-05
1.5875 1.49998 0.99999 -1.09314e-05 0 6.35 1.49997 -1.63969e-05
1.6125 1.49998 0.999989 -1.10738e-05 0 6.45 1.49997 -1.66105e-05
1.6375 1.49998 0.999989 -1.12376e-05 0 6.55 1.49996 -1.68562e-05
1.6625 1.49998 0.999988 -1.14323e-05 0 6.65 1.49996 -1.71482e-05
1.6875 1.49998 0.999988 -1.16665e-05 0 6.75 1.49996 -1.74995e-05
1.7125 1.49998 0.999988 -1.1948e-05 0 6.85 1.49996 -1.79218e-05
1.7375 1.49998 0.999987 -1.22835e-05 0 6.95 1.49996 -1.84249e-05
1.7625 1.49998 0.999987 -1.26778e-05 0 7.05 1.49996 -1.90165e-05
1.7875 1.49998 0.999987 -1.31347e-05 0 7.15 1.49996 -1.97017e-05
1.8125 1.49998 0.999986 -1.36557e-05 0 7.25 1.49996 -2.04832e-05
1.8375 1.49998 0.999986 -1.42411e-05 0 7.35 1.49996 -2.13613e-05
1.8625 1.49998 0.999986 -1.48892e-05 0 7.45 1.49995 -2.23334e-05
1.8875 1.49998 0.999986 -1.55965e-05 0 7.55 1.49995 -2.33943e-05
1.9125 1.49997 0.999985 -1.63584e-05 0 7.65 1.49995 -2.45371e-05
1.9375 1.49997 0.999985 -1.71691e-05 0 7.75 1.49995 -2.57532e-05
1.9625 1.49997 0.999985 -1.8022e-05 0 7.85 1.49995 -2.70325e-05
1.9875 1.49997 0.999984 -1.89098e-05 0 7.95 1.49995 -2.83642e-05
2.0125 1.49997 0.999984 -1.98248e-05 0 8.05 1.49995 -2.97367e-05
2.0375 1.49997 0.999983 -2.07594e-05 0 8.15 1.49994 -3.11385e-05
2.0625 1.49997 0.999983 -2.17061e-05 0 8.25 1.49994 -3.25585e-05
2.0875 1.49997 0.999982 -2.26582e-05 0 8.35 1.49994 -3.39866e-05
2.1125 1.49997 0.999981 -2.36097e-05 0 8.45 1.49994 -3.54137e-05
2.1375 1.49997 0.99998 -2.45554e-05 0 8.55 1.49994 -3.68322e-05
2.1625 1.49996 0.999979 -2.54916e-05 0 8.65 1.49993 -3.82364e-05
2.1875 1.49996 0.999978 -2.64158e-05 0 8.75 1.49993 -3.96227e-05
2.2125 1.49996 0.999977 -2.73269e-05 0 8.85 1.49993 -4.09894e-05
2.2375 1.49996 0.999976 -2.82256e-05 0 8.95 1.49993 -4.23373e-05
2.2625 1.49996 0.999975 -2.91138e-05 0 9.05 1.49992 -4.36695e-05
2.2875 1.49996 0.999974 -2.99947e-05 0 9.15 1.49992 -4.49908e-05
2.3125 1.49996 0.999973 -3.0873e-05 0 9.25 1.49992 -4.63082e-05
2.3375 1.49995 0.999972 -3.17544e-05 0 9.35 1.49991 -4.76301e-05
2.3625 1.49995 0.99997 -3.26452e-05 0 9.45 1.49991 -4.89662e-05
2.3875 1.49995 0.999969 -3.35526e-05 0 9.55 1.49991 -5.03273e-05
2.4125 1.49995 0.999968 -3.4484e-05 0 9.65 1.4999 -5.17243e-05
2.4375 1.49995 0.999966 -3.54468e-05 0 9.75 1.4999 -5.31683e-05
2.4625 1.49995 0.999965 -3.64484e-05 0 9.85 1.49989 -5.46707e-05
2.4875 1.49994 0.999964 -3.7496e-05 0 9.95 1.49989 -5.6242e-05
2.5125 1.49994 0.999963 -3.85962e-05 0 10.05 1.49989 -5.78921e-05
2.5375 1.49994 0.999962 -3.97546e-05 0 10.15 1.49988 -5.96296e-05
2.5625 1.49994 0.99996 -4.09762e-05 0 10.25 1.49988 -6.14618e-05
2.5875 1.49994 0.999959 -4.22647e-05 0 10.35 1.49988 -6.33944e-05
2.6125 1.49994 0.999958 -4.36227e-05 0 10.45 1.49987 -6.54312e-05
2.6375 1.49993 0.999957 -4.50516e-05 0 10.55 1.49987 -6.75744e-05
2.6625 1.49993 0.999956 -4.65516e-05 0 10.65 1.49986 -6.98242e-05
2.6875 1.49993 0.999954 -4.8122e-05 0 10.75 1.49986 -7.21795e-05
2.7125 1.49993 0.999953 -4.97611e-05 0 10.85 1.49986 -7.4638e-05
2.7375 1.49992 0.999952 -5.14663e-05 0 10.95 1.49985 -7.71956e-05
2.7625 1.49992 0.99995 -5.32344e-05 0 11.05 1.49985 -7.98475e-05
2.7875 1.49992 0.999949 -5.50613e-05 0 11.15 1.49984 -8.25876e-05
2.8125 1.49992 0.999947 -5.69427e-05 0 11.25 1.49984 -8.54094e-05
2.8375 1.49991 0.999946 -5.88738e-05 0 11.35 1.49983 -8.83057e-05
2.8625 1.49991 0.999944 -6.08499e-05 0 11.45 1.49983 -9.12694e-05
2.8875 1.49991 0.999942 -6.2866e-05 0 11.55 1.49982 -9.42932e-05
2.9125 1.49991 0.99994 -6.49176e-05 0 11.65 1.49982 -9.73703e-05
2.9375 1.4999 0.999938 -6.70005e-05 0 11.75 1.49981 -0.000100494
2.9625 1.4999 0.999935 -6.91111e-05 0 11.85 1.4998 -0.00010366
2.9875 1.4999 0.999933 -7.12465e-05 0 11.95 1.4998 -0.000106862
3.0125 1.49989 0.99993 -7.34046e-05 0 12.05 1.49979 -0.000110099
3.0375 1.49989 0.999927 -7.55842e-05 0 12.15 1.49978 -0.000113368
3.0625 1.49989 0.999925 -7.77848e-05 0 12.25 1.49977 -0.000116668
3.0875 1.49988 0.999922 -8.00068e-05 0 12.35 1.49977 -0.000120001
3.1125 1.49988 0.999919 -8.22512e-05 0 12.45 1.49976 -0.000123367
3.1375 1.49988 0.999915 -8.45198e-05 0 12.55 1.49975 -0.000126769
3.1625 1.49987 0.999912 -8.68147e-05 0 12.65 1.49974 -0.000130211
3.1875 1.49987 0.999909 -8.91387e-05 0 12.75 1.49973 -0.000133696
3.2125 1.49986 0.999905 -9.14947e-05 0 12.85 1.49972 -0.00013723
3.2375 1.49986 0.999902 -9.38859e-05 0 12.95 1.49971 -0.000140816
3.2625 1.49986 0.999898 -9.63151e-05 0 13.05 1.4997 -0.000144459
3.2875 1.49985 0.999895 -9.87854e-05 0 13.15 1.49969 -0.000148163
3.3125 1.49985 0.999891 -0.000101299 0 13.25 1.49968 -0.000151933
3.3375 1.49984 0.999887 -0.000103858 0 13.35 1.49967 -0.000155771
3.3625 1.49984 0.999883 -0.000106464 0 13.45 1.49966 -0.000159679
3.3875 1.49983 0.99988 -0.000109117 0 13.55 1.49965 -0.000163658
3.4125 1.49983 0.999876 -0.000111817 0 13.65 1.49964 -0.000167707
3.4375 1.49982 0.999872 -0.000114563 0 13.75 1.49963 -0.000171824
3.4625 1.49982 0.999867 -0.000117351 0 13.85 1.49962 -0.000176005
3.4875 1.49981 0.999863 -0.000120179 0 13.95 1.49961 -0.000180245
3.5125 1.49981 0.999859 -0.00012304 0 14.05 1.4996 -0.000184537
3.5375 1.4998 0.999854 -0.00012593 0 14.15 1.49958 -0.000188871
3.5625 1.4998 0.999849 -0.000128842 0 14.25 1.49957 -0.000193237
3.5875 1.49979 0.999844 -0.000131767 0 14.35 1.49956 -0.000197623
3.6125 1.49979 0.999839 -0.000134696 0 14.45 1.49955 -0.000202015
3.6375 1.49978 0.999833 -0.00013762 0 14.55 1.49953 -0.0002064
3.6625 1.49978 0.999828 -0.000140528 0 14.65 1.49952 -0.000210761
3.6875 1.49977 0.999822 -0.000143412 0 14.75 1.4995 -0.000215085
3.7125 1.49977 0.999815 -0.000146261 0 14.85 1.49949 -0.000219357
3.7375 1.49976 0.999808 -0.000149066 0 14.95 1.49947 -0.000223563
3.7625 1.49976 0.999801 -0.00015182 0 15.05 1.49946 -0.000227693
3.7875 1.49975 0.999794 -0.000154518 0 15.15 1.49944 -0.000231739
3.8125 1.49974 0.999787 -0.000157158 0 15.25 1.49942 -0.000235696
3.8375 1.49974 0.999779 -0.00015974 0 15.35 1.4994 -0.000239568
3.8625 1.49973 0.99977 -0.000162271 0 15.45 1.49938 -0.000243363
3.8875 1.49972 0.999762 -0.000164761 0 15.55 1.49936 -0.000247095
3.9125 1.49971 0.999753 -0.000167225 0 15.65 1.49934 -0.00025079
3.9375 1.4997 0.999744 -0.000169687 0 15.75 1.49932 -0.00025448
3.9625 1.49969 0.999734 -0.000172175 0 15.85 1.49929 -0.00025821
3.9875 1.49968 0.999725 -0.000174726 0 15.95 1.49927 -0.000262033
4.0125 1.49967 0.999715 -0.000177382 0 16.05 1.49924 -0.000266014
4.0375 1.49965 0.999704 -0.000180194 0 16.15 1.49921 -0.000270228
4.0625 1.49964 0.999694 -0.000183217 0 16.25 1.49918 -0.00027476
4.0875 1.49962 0.999683 -0.000186515 0 16.35 1.49915 -0.000279702
4.1125 1.4996 0.999672 -0.000190152 0 16.45 1.49911 -0.000285153
4.1375 1.49958 0.99966 -0.000194197 0 16.55 1.49907 -0.000291214
4.1625 1.49956 0.999648 -0.000198719 0 16.65 1.49903 -0.000297991
4.1875 1.49954 0.999636 -0.000203787 0 16.75 1.49899 -0.000305586
4.2125 1.49951 0.999623 -0.000209465 0 16.85 1.49895 -0.000314095
4.2375 1.49948 0.99961 -0.000215813 0 16.95 1.4989 -0.000323608
4.2625 1.49946 0.999597 -0.000222882 0 17.05 1.49885 -0.000334201
4.2875 1.49943 0.999583 -0.000230714 0 17.15 1.4988 -0.000345938
4.3125 1.49939 0.999568 -0.00023934 0 17.25 1.49875 -0.000358865
4.3375 1.49936 0.999553 -0.000248777 0 17.35 1.49869 -0.000373008
4.3625 1.49933 0.999538 -0.000259034 0 17.45 1.49864 -0.000388378
4.3875 1.4993 0.999522 -0.000270112 0 17.55 1.49858 -0.000404979
4.4125 1.49927 0.999505 -0.000281981 0 17.65 1.49852 -0.000422765
4.4375 1.49924 0.999487 -0.000294577 0 17.75 1.49847 -0.000441641
4.4625 1.49921 0.999469 -0.000307836 0 17.85 1.49841 -0.00046151
4.4875 1.49918 0.99945 -0.000321697 0 17.95 1.49835 -0.000482281
4.5125 1.49915 0.99943 -0.000336104 0 18.05 1.49829 -0.000503869
4.5375 1.49912 0.99941 -0.000351005 0 18.15 1.49823 -0.000526197
4.5625 1.49909 0.999388 -0.000366356 0 18.25 1.49817 -0.000549199
4.5875 1.49906 0.999366 -0.000382115 0 18.35 1.49811 -0.000572812
4.6125 1.49903 0.999343 -0.000398243 0 18.45 1.49804 -0.000596977
4.6375 1.499 0.999319 -0.00041471 0 18.55 1.49798 -0.000621649
4.6625 1.49897 0.999294 -0.0004315 0 18.65 1.49791 -0.000646804
4.6875 1.49893 0.999269 -0.000448618 0 18.75 1.49784 -0.000672448
4.7125 1.4989 0.999242 -0.000466093 0 18.85 1.49776 -0.000698626
4.7375 1.49886 0.999215 -0.00048398 0 18.95 1.49769 -0.000725419
4.7625 1.49882 0.999186 -0.000502357 0 19.05 1.4976 -0.000752945
4.7875 1.49878 0.999157 -0.000521327 0 19.15 1.49752 -0.000781355
4.8125 1.49873 0.999126 -0.000541008 0 19.25 1.49743 -0.000810828
4.8375 1.49868 0.999095 -0.000561535 0 19.35 1.49733 -0.000841564
4.8625 1.49863 0.999063 -0.000583053 0 19.45 1.49723 -0.000873781
4.8875 1.49857 0.999029 -0.00060571 0 19.55 1.49712 -0.0009077
4.9125 1.49851 0.998994 -0.000629655 0 19.65 1.497 -0.000943544
4.9375 1.49844 0.998959 -0.000655028 0 19.75 1.49688 -0.000981524
4.9625 1.49837 0.998922 -0.000681959 0 19.85 1.49676 -0.00102183
4.9875 1.4983 0.998883 -0.000710554 0 19.95 1.49663 -0.00106462
5.0125 1.49823 0.998844 -0.000740899 0 20.05 1.49649 -0.00111003
5.0375 1.49815 0.998803 -0.000773047 0 20.15 1.49635 -0.00115814
5.0625 1.49807 0.99876 -0.000807021 0 20.25 1.49621 -0.00120897
5.0875 1.49799 0.998716 -0.000842812 0 20.35 1.49607 -0.00126252
5.1125 1.49791 0.99867 -0.000880389 0 20.45 1.49592 -0.00131874
5.1375 1.49783 0.998623 -0.000919675 0 20.55 1.49577 -0.00137751
5.1625 1.49775 0.998574 -0.000960551 0 20.65 1.49561 -0.00143866
5.1875 1.49767 0.998523 -0.0010029 0 20.75 1.49546 -0.00150202
5.2125 1.49759 0.99847 -0.00104663 0 20.85 1.4953 -0.00156743
5.2375 1.49751 0.998416 -0.00109164 0 20.95 1.49514 -0.00163475
5.2625 1.49743 0.998359 -0.00113784 0 21.05 1.49497 -0.00170383
5.2875 1.49735 0.9983 -0.00118514 0 21.15 1.4948 -0.00177457
5.3125 1.49727 0.998239 -0.0012335 0 21.25 1.49463 -0.00184688
5.3375 1.49718 0.998175 -0.0012829 0 21.35 1.49445 -0.00192073
5.3625 1.4971 0.998109 -0.00133334 0 21.45 1.49427 -0.00199615
5.3875 1.49701 0.998041 -0.00138489 0 21.55 1.49407 -0.00207319
5.4125 1.49691 0.99797 -0.00143762 0 21.65 1.49387 -0.002152
5.4375 1.49681 0.997897 -0.00149164 0 21.75 1.49366 -0.0022327
5.4625 1.49671 0.997821 -0.00154706 0 21.85 1.49345 -0.00231549
5.4875 1.4966 0.997743 -0.001604 0 21.95 1.49322 -0.00240055
5.5125 1.49648 0.997661 -0.0016626 0 22.05 1.49298 -0.00248805
5.5375 1.49636 0.997577 -0.00172297 0 22.15 1.49274 -0.00257819
5.5625 1.49623 0.99749 -0.00178523 0 22.25 1.49248 -0.00267112
5.5875 1.4961 0.9974 -0.00184947 0 22.35 1.49221 -0.002767
5.6125 1.49597 0.997306 -0.00191581 0 22.45 1.49194 -0.00286598
5.6375 1.49583 0.997209 -0.00198432 0 22.55 1.49165 -0.0029682
5.6625 1.49568 0.997109 -0.00205511 0 22.65 1.49136 -0.00307379
5.6875 1.49553 0.997006 -0.00212827 0 22.75 1.49105 -0.00318289
5.7125 1.49537 0.996898 -0.0022039 0 22.85 1.49073 -0.00329565
5.7375 1.4952 0.996787 -0.00228211 0 22.95 1.4904 -0.00341222
5.7625 1.49503 0.996673 -0.00236302 0 23.05 1.49006 -0.00353279
5.7875 1.49486 0.996554 -0.00244675 0 23.15 1.4897 -0.00365753
5.8125 1.49467 0.99643 -0.00253341 0 23.25 1.48934 -0.00378662
5.8375 1.49448 0.996303 -0.00262314 0 23.35 1.48895 -0.00392024
5.8625 1.49428 0.99617 -0.00271606 0 23.45 1.48856 -0.00405856
5.8875 1.49408 0.996033 -0.00281227 0 23.55 1.48815 -0.00420174
5.9125 1.49387 0.995892 -0.00291188 0 23.65 1.48773 -0.00434995
5.9375 1.49365 0.995744 -0.00301499 0 23.75 1.48729 -0.00450333
5.9625 1.49342 0.995592 -0.00312171 0 23.85 1.48684 -0.00466202
5.9875 1.49319 0.995434 -0.00323213 0 23.95 1.48637 -0.00482618
6.0125 1.49295 0.995271 -0.00334638 0 24.05 1.48589 -0.00499596
6.0375 1.4927 0.995101 -0.00346457 0 24.15 1.48538 -0.00517155
6.0625 1.49244 0.994925 -0.00358684 0 24.25 1.48486 -0.00535314
6.0875 1.49217 0.994743 -0.00371335 0 24.35 1.48432 -0.00554094
6.1125 1.49189 0.994554 -0.00384425 0 24.45 1.48377 -0.0057352
6.1375 1.4916 0.994359 -0.00397972 0 24.55 1.48319 -0.00593616
6.1625 1.4913 0.994156 -0.00411994 0 24.65 1.48259 -0.00614407
6.1875 1.49099 0.993946 -0.00426508 0 24.75 1.48196 -0.0063592
6.2125 1.49067 0.993728 -0.00441534 0 24.85 1.48132 -0.00658182
6.2375 1.49034 0.993503 -0.0045709 0 24.95 1.48065 -0.00681217
6.2625 1.48999 0.99327 -0.00473192 0 25.05 1.47996 -0.00705053
6.2875 1.48963 0.993028 -0.00489861 0 25.15 1.47925 -0.00729713
6.3125 1.48927 0.992778 -0.00507112 0 25.25 1.47851 -0.00755224
6.3375 1.48888 0.992519 -0.00524965 0 25.35 1.47774 -0.00781612
6.3625 1.48849 0.99225 -0.0054344 0 25.45 1.47695 -0.00808905
6.3875 1.48808 0.991973 -0.00562557 0 25.55 1.47613 -0.0083713
6.4125 1.48766 0.991685 -0.00582338 0 25.65 1.47529 -0.00866318
6.4375 1.48722 0.991387 -0.00602805 0 25.75 1.47441 -0.00896501
6.4625 1.48676 0.991079 -0.00623982 0 25.85 1.4735 -0.00927712
6.4875 1.48629 0.99076 -0.00645893 0 25.95 1.47256 -0.00959985
6.5125 1.48581 0.990429 -0.00668563 0 26.05 1.47158 -0.00993355
6.5375 1.4853 0.990087 -0.00692018 0 26.15 1.47058 -0.0102786
6.5625 1.48478 0.989733 -0.00716284 0 26.25 1.46954 -0.0106352
6.5875 1.48424 0.989366 -0.00741388 0 26.35 1.46846 -0.011004
6.6125 1.48368 0.988986 -0.00767357 0 26.45 1.46734 -0.0113851
6.6375 1.4831 0.988592 -0.00794218 0 26.55 1.46619 -0.0117791
6.6625 1.48251 0.988185 -0.00822002 0 26.65 1.46499 -0.0121862
6.6875 1.48189 0.987763 -0.00850737 0 26.75 1.46375 -0.012607
6.7125 1.48125 0.987326 -0.00880454 0 26.85 1.46247 -0.0130417
6.7375 1.48059 0.986874 -0.00911185 0 26.95 1.46115 -0.0134909
6.7625 1.4799 0.986405 -0.00942962 0 27.05 1.45978 -0.0139549
6.7875 1.47919 0.985919 -0.00975818 0 27.15 1.45836 -0.0144342
6.8125 1.47846 0.985417 -0.0100979 0 27.25 1.4569 -0.0149293
6.8375 1.4777 0.984896 -0.0104491 0 27.35 1.45538 -0.0154406
6.8625 1.47692 0.984357 -0.0108121 0 27.45 1.45381 -0.0159686
6.8875 1.4761 0.983799 -0.0111874 0 27.55 1.45219 -0.0165138
6.9125 1.47527 0.98322 -0.0115753 0 27.65 1.45051 -0.0170766
6.9375 1.4744 0.982622 -0.0119762 0 27.75 1.44877 -0.0176576
6.9625 1.4735 0.982002 -0.0123904 0 27.85 1.44698 -0.0182573
6.9875 1.47257 0.98136 -0.0128185 0 27.95 1.44512 -0.0188761
7.0125 1.47161 0.980696 -0.0132607 0 28.05 1.4432 -0.0195147
7.0375 1.47062 0.980008 -0.0137177 0 28.15 1.44122 -0.0201735
7.0625 1.4696 0.979296 -0.0141897 0 28.25 1.43917 -0.0208531
7.0875 1.46854 0.978559 -0.0146772 0 28.35 1.43705 -0.021554
7.1125 1.46744 0.977796 -0.0151807 0 28.45 1.43486 -0.0222768
7.1375 1.46631 0.977006 -0.0157007 0 28.55 1.43259 -0.023022
7.1625 1.46514 0.976189 -0.0162375 0 28.65 1.43025 -0.0237902
7.1875 1.46393 0.975343 -0.0167918 0 28.75 1.42783 -0.024582
7.2125 1.46268 0.974468 -0.017364 0 28.85 1.42533 -0.0253979
7.2375 1.46139 0.973562 -0.0179545 0 28.95 1.42275 -0.0262385
7.2625 1.46006 0.972625 -0.0185639 0 29.05 1.42009 -0.0271043
7.2875 1.45868 0.971655 -0.0191927 0 29.15 1.41733 -0.0279959
7.3125 1.45726 0.970651 -0.0198413 0 29.25 1.41449 -0.0289139
7.3375 1.45579 0.969612 -0.0205104 0 29.35 1.41155 -0.0298588
7.3625 1.45427 0.968538 -0.0212004 0 29.45 1.40851 -0.0308311
7.3875 1.4527 0.967426 -0.0219118 0 29.55 1.40538 -0.0318313
7.4125 1.45108 0.966275 -0.0226452 0 29.65 1.40215 -0.0328601
7.4375 1.44942 0.965085 -0.0234011 0 29.75 1.39881 -0.0339179
7.4625 1.44769 0.963854 -0.02418 0 29.85 1.39536 -0.0350052
7.4875 1.44591 0.96258 -0.0249825 0 29.95 1.39181 -0.0361226
7.5125 1.44408 0.961262 -0.0258091 0 30.05 1.38814 -0.0372704
7.5375 1.44218 0.959899 -0.0266603 0 30.15 1.38435 -0.0384491
7.5625 1.44023 0.958489 -0.0275366 0 30.25 1.38045 -0.0396591
7.5875 1.43822 0.95703 -0.0284386 0 30.35 1.37642 -0.0409009
7.6125 1.43614 0.955522 -0.0293668 0 30.45 1.37226 -0.0421749
7.6375 1.434 0.953962 -0.0303217 0 30.55 1.36798 -0.0434813
7.6625 1.43179 0.952349 -0.0313038 0 30.65 1.36356 -0.0448205
7.6875 1.42951 0.950681 -0.0323137 0 30.75 1.35901 -0.0461928
7.7125 1.42717 0.948956 -0.0333516 0 30.85 1.35432 -0.0475984
7.7375 1.42475 0.947173 -0.0344183 0 30.95 1.34949 -0.0490375
7.7625 1.42226 0.94533 -0.035514 0 31.05 1.34451 -0.0505101
7.7875 1.4197 0.943425 -0.0366392 0 31.15 1.33938 -0.0520166
7.8125 1.41706 0.941457 -0.0377943 0 31.25 1.3341 -0.0535567
7.8375 1.41434 0.939422 -0.0389797 0 31.35 1.32866 -0.0551305
7.8625 1.41154 0.93732 -0.0401958 0 31.45 1.32306 -0.0567379
7.8875 1.40866 0.935147 -0.0414427 0 31.55 1.31731 -0.0583787
7.9125 1.4057 0.932904 -0.0427208 0 31.65 1.31138 -0.0600526
7.9375 1.40265 0.930586 -0.0440303 0 31.75 1.30529 -0.0617592
7.9625 1.39952 0.928192 -0.0453712 0 31.85 1.29902 -0.063498
7.9875 1.3963 0.92572 -0.0467439 0 31.95 1.29258 -0.0652684
8.0125 1.39299 0.923168 -0.0481481 0 32.05 1.28596 -0.0670699
8.0375 1.38959 0.920533 -0.0495841 0 32.15 1.27916 -0.0689015
8.0625 1.3861 0.917813 -0.0510515 0 32.25 1.27218 -0.0707623
8.0875 1.38251 0.915006 -0.0525503 0 32.35 1.265 -0.0726512
8.1125 1.37883 0.912109 -0.0540801 0 32.45 1.25764 -0.0745671
8.1375 1.37505 0.909121 -0.0556406 0 32.55 1.25008 -0.0765085
8.1625 1.37117 0.906038 -0.0572313 0 32.65 1.24233 -0.078474
8.1875 1.3672 0.902858 -0.0588517 0 32.75 1.23438 -0.0804618
8.2125 1.36312 0.89958 -0.0605009 0 32.85 1.22624 -0.0824701
8.2375 1.35894 0.896199 -0.0621783 0 32.95 1.21789 -0.0844969
8.2625 1.35467 0.892715 -0.0638828 0 33.05 1.20933 -0.0865399
8.2875 1.35029 0.889124 -0.0656134 0 33.15 1.20057 -0.0885969
8.3125 1.3458 0.885425 -0.0673688 0 33.25 1.19161 -0.0906651
8.3375 1.34121 0.881614 -0.0691476 0 33.35 1.18243 -0.0927417
8.3625 1.33652 0.87769 -0.0709482 0 33.45 1.17305 -0.0948238
8.3875 1.33173 0.87365 -0.0727688 0 33.55 1.16346 -0.0969082
8.4125 1.32683 0.869493 -0.0746077 0 33.65 1.15367 -0.0989915
8.4375 1.32182 0.865215 -0.0764625 0 33.75 1.14366 -0.10107
8.4625 1.31671 0.860814 -0.078331 0 33.85 1.13345 -0.10314
8.4875 1.3115 0.85629 -0.0802106 0 33.95 1.12303 -0.105197
8.5125 1.30619 0.851639 -0.0820985 0 34.05 1.1124 -0.107236
8.5375 1.30077 0.84686 -0.0839917 0 34.15 1.10157 -0.109254
8.5625 1.29526 0.841952 -0.0858868 0 34.25 1.09055 -0.111246
8.5875 1.28965 0.836913 -0.0877804 0 34.35 1.07932 -0.113206
8.6125 1.28393 0.831741 -0.0896685 0 34.45 1.0679 -0.115128
8.6375 1.27813 0.826435 -0.0915471 0 34.55 1.05629 -0.117009
8.6625 1.27223 0.820995 -0.0934119 0 34.65 1.04449 -0.118841
8.6875 1.26624 0.815419 -0.095258 0 34.75 1.03251 -0.120619
8.7125 1.26016 0.809708 -0.0970804 0 34.85 1.02036 -0.122337
8.7375 1.25399 0.80386 -0.0988739 0 34.95 1.00804 -0.123987
8.7625 1.24775 0.797878 -0.100633 0 35.05 0.995552 -0.125565
8.7875 1.24143 0.79176 -0.102351 0 35.15 0.982913 -0.127061
8.8125 1.23504 0.785507 -0.104022 0 35.25 0.970129 -0.128471
8.8375 1.22857 0.779122 -0.10564 0 35.35 0.957208 -0.129787
8.8625 1.22205 0.772606 -0.107197 0 35.45 0.944161 -0.131
8.8875 1.21546 0.765961 -0.108687 0 35.55 0.930997 -0.132105
8.9125 1.20883 0.759189 -0.110101 0 35.65 0.917728 -0.133093
8.9375 1.20214 0.752295 -0.111432 0 35.75 0.904366 -0.133957
8.9625 1.19542 0.745281 -0.112672 0 35.85 0.890924 -0.13469
8.9875 1.18866 0.738153 -0.113812 0 35.95 0.877415 -0.135284
9.0125 1.18188 0.730916 -0.114843 0 36.05 0.863854 -0.135731
9.0375 1.17508 0.723574 -0.115757 0 36.15 0.850256 -0.136024
9.0625 1.16827 0.716135 -0.116545 0 36.25 0.836636 -0.136156
9.0875 1.16145 0.708606 -0.117198 0 36.35 0.823013 -0.136119
9.1125 1.15465 0.700996 -0.117705 0 36.45 0.809405 -0.135908
9.1375 1.14786 0.693312 -0.118058 0 36.55 0.795827 -0.135514
9.1625 1.1411 0.685565 -0.118247 0 36.65 0.782297 -0.134932
9.1875 1.13437 0.677767 -0.118263 0 36.75 0.76884 -0.134155
9.2125 1.12769 0.669933 -0.118098 0 36.85 0.755478 -0.133178
9.2375 1.12107 0.662071 -0.117741 0 36.95 0.742226 -0.131996
9.2625 1.11451 0.654193 -0.117185 0 37.05 0.729102 -0.130604
9.2875 1.10802 0.646314 -0.116421 0 37.15 0.716128 -0.128997
9.3125 1.10162 0.638448 -0.115441 0 37.25 0.703327 -0.127172
9.3375 1.09532 0.630611 -0.114237 0 37.35 0.690719 -0.125126
9.3625 1.08912 0.62282 -0.112802 0 37.45 0.678328 -0.122855
9.3875 1.08305 0.615092 -0.11113 0 37.55 0.666176 -0.120359
9.4125 1.07711 0.607446 -0.109216 0 37.65 0.654284 -0.117637
9.4375 1.0713 0.599901 -0.107055 0 37.75 0.642676 -0.114688
9.4625 1.06566 0.592475 -0.104643 0 37.85 0.631374 -0.111513
9.4875 1.06017 0.58519 -0.101978 0 37.95 0.620401 -0.108115
9.5125 1.05486 0.578065 -0.0990592 0 38.05 0.60978 -0.104494
9.5375 1.04974 0.571123 -0.0958851 0 38.15 0.599531 -0.100654
9.5625 1.04482 0.564383 -0.092457 0 38.25 0.589677 -0.0966006
9.5875 1.0401 0.557868 -0.0887774 0 38.35 0.580239 -0.0923374
9.6125 1.0356 0.551599 -0.0848499 0 38.45 0.571237 -0.0878708
9.6375 1.03133 0.545597 -0.0806797 0 38.55 0.562692 -0.0832076
9.6625 1.0273 0.539884 -0.0762735 0 38.65 0.554623 -0.0783558
9.6875 1.02352 0.534479 -0.0716392 0 38.75 0.547047 -0.0733239
9.7125 1.01999 0.529402 -0.0667865 0 38.85 0.539984 -0.0681214
9.7375 1.01672 0.524675 -0.0617263 0 38.95 0.533449 -0.0627585
9.7625 1.01373 0.520313 -0.056471 0 39.05 0.527457 -0.0572463
9.7875 1.01102 0.516336 -0.0510344 0 39.15 0.522024 -0.0515966
9.8125 1.00859 0.512758 -0.0454317 0 39.25 0.517162 -0.0458219
9.8375 1.00645 0.509594 -0.0396794 0 39.35 0.512882 -0.0399353
9.8625 1.00461 0.506859 -0.0337948 0 39.45 0.509196 -0.0339507
9.8875 1.00307 0.504562 -0.0277967 0 39.55 0.506113 -0.0278822
9.9125 1.00184 0.502715 -0.0217046 0 39.65 0.50364 -0.0217445
9.9375 1.00091 0.501325 -0.0155384 0 39.75 0.501783 -0.0155526
9.9625 1.0003 0.500398 -0.00931921 0 39.85 0.500547 -0.00932199
9.9875 1.00001 0.499938 -0.00306697 0 39.95 0.499941 -0.00306698
10.0125 0.999963 0.499948 0.0031915 0 40.05 0.49993 0.00319139
10.0375 1.00017 0.500426 0.00942202 0 40.15 0.50051 0.00942359
10.0625 1.00078 0.50137 0.0156149 0 40.25 0.501762 0.0156271
10.0875 1.00175 0.502776 0.0217552 0 40.35 0.503654 0.0217932
10.1125 1.003 0.504638 0.0278228 0 40.45 0.506154 0.0279064
10.1375 1.00456 0.506947 0.0337963 0 40.55 0.509257 0.0339503
10.1625 1.00641 0.509694 0.0396562 0 40.65 0.512962 0.0399105
10.1875 1.00856 0.512868 0.0453844 0 40.75 0.51726 0.0457731
10.2125 1.01101 0.516455 0.0509637 0 40.85 0.522139 0.0515246
10.2375 1.01374 0.520439 0.0563777 0 40.95 0.527588 0.0571521
10.2625 1.01674 0.524807 0.0616115 0 41.05 0.533593 0.062643
10.2875 1.02002 0.529539 0.0666513 0 41.15 0.54014 0.0679857
10.3125 1.02356 0.534617 0.0714848 0 41.25 0.547214 0.073169
10.3375 1.02736 0.540024 0.0761009 0 41.35 0.554797 0.0781828
10.3625 1.0314 0.545737 0.0804903 0 41.45 0.562874 0.0830177
10.3875 1.03568 0.551738 0.0846449 0 41.55 0.571424 0.0876651
10.4125 1.04019 0.558005 0.0885585 0 41.65 0.58043 0.0921175
10.4375 1.04491 0.564516 0.092226 0 41.75 0.58987 0.0963682
10.4625 1.04985 0.571251 0.0956437 0 41.85 0.599726 0.100411
10.4875 1.05498 0.578188 0.0988091 0 41.95 0.609974 0.104241
10.5125 1.06029 0.585307 0.101721 0 42.05 0.620595 0.107854
10.5375 1.06578 0.592585 0.104381 0 42.15 0.631566 0.111247
10.5625 1.07144 0.600003 0.106789 0 42.25 0.642865 0.114418
10.5875 1.07724 0.607541 0.108948 0 42.35 0.654469 0.117364
10.6125 1.08319 0.615179 0.110863 0 42.45 0.666357 0.120086
10.6375 1.08927 0.622899 0.112537 0 42.55 0.678505 0.122583
10.6625 1.09547 0.630682 0.113975 0 42.65 0.690892 0.124857
10.6875 1.10177 0.63851 0.115185 0 42.75 0.703494 0.126908
10.7125 1.10818 0.646369 0.116173 0 42.85 0.716291 0.12874
10.7375 1.11467 0.65424 0.116946 0 42.95 0.729259 0.130355
10.7625 1.12123 0.662111 0.117511 0 43.05 0.742379 0.131757
10.7875 1.12786 0.669966 0.117878 0 43.15 0.755627 0.13295
10.8125 1.13454 0.677793 0.118054 0 43.25 0.768983 0.133937
10.8375 1.14126 0.685576 0.118049 0 43.35 0.782424 0.134725
10.8625 1.14802 0.693303 0.117872 0 43.45 0.795924 0.135319
10.8875 1.15479 0.700968 0.117531 0 43.55 0.809474 0.135724
10.9125 1.16159 0.708561 0.117037 0 43.65 0.823055 0.135948
10.9375 1.16839 0.716073 0.116398 0 43.75 0.836649 0.135997
10.9625 1.17518 0.723497 0.115623 0 43.85 0.850238 0.135878
10.9875 1.18196 0.730824 0.114723 0 43.95 0.863805 0.135598
11.0125 1.18872 0.738049 0.113704 0 44.05 0.877337 0.135163
11.0375 1.19546 0.745166 0.112578 0 44.15 0.890819 0.134583
11.0625 1.20217 0.752169 0.111351 0 44.25 0.904235 0.133863
11.0875 1.20884 0.759055 0.110032 0 44.35 0.917574 0.133011
11.1125 1.21546 0.765818 0.10863 0 44.45 0.930821 0.132035
11.1375 1.22203 0.772457 0.107152 0 44.55 0.943964 0.130943
11.1625 1.22854 0.778967 0.105606 0 44.65 0.956993 0.129741
11.1875 1.23499 0.785348 0.103999 0 44.75 0.969897 0.128438
11.2125 1.24137 0.791596 0.102338 0 44.85 0.982666 0.12704
11.2375 1.24768 0.797711 0.100629 0 44.95 0.995291 0.125554
11.2625 1.25392 0.803691 0.0988798 0 45.05 1.00776 0.123987
11.2875 1.26007 0.809537 0.097095 0 45.15 1.02008 0.122347
11.3125 1.26614 0.815248 0.0952806 0 45.25 1.03222 0.120639
11.3375 1.27213 0.820823 0.0934421 0 45.35 1.04419 0.11887
11.3625 1.27802 0.826264 0.0915844 0 45.45 1.05598 0.117047
11.3875 1.28382 0.831571 0.0897123 0 45.55 1.06759 0.115175
11.4125 1.28953 0.836744 0.0878302 0 45.65 1.07901 0.11326
11.4375 1.29514 0.841786 0.0859421 0 45.75 1.09023 0.111307
11.4625 1.30066 0.846696 0.084052 0 45.85 1.10126 0.109323
11.4875 1.30607 0.851478 0.0821634 0 45.95 1.11209 0.107311
11.5125 1.31138 0.856131 0.0802796 0 46.05 1.12271 0.105277
11.5375 1.31659 0.860659 0.0784037 0 46.15 1.13313 0.103225
11.5625 1.3217 0.865062 0.0765385 0 46.25 1.14335 0.101161
11.5875 1.3267 0.869343 0.0746867 0 46.35 1.15336 0.0990867
11.6125 1.3316 0.873504 0.0728506 0 46.45 1.16316 0.0970076
11.6375 1.33639 0.877547 0.0710323 0 46.55 1.17275 0.094927
11.6625 1.34108 0.881475 0.0692337 0 46.65 1.18213 0.0928483
11.6875 1.34567 0.885289 0.0674568 0 46.75 1.19131 0.0907747
11.7125 1.35016 0.888992 0.065703 0 46.85 1.20028 0.0887093
11.7375 1.35454 0.892587 0.0639739 0 46.95 1.20904 0.086655
11.7625 1.35881 0.896075 0.0622706 0 47.05 1.2176 0.0846142
11.7875 1.36299 0.899459 0.0605943 0 47.15 1.22596 0.0825896
11.8125 1.36707 0.902742 0.0589459 0 47.25 1.23411 0.0805831
11.8375 1.37104 0.905926 0.0573263 0 47.35 1.24206 0.0785969
11.8625 1.37492 0.909013 0.0557361 0 47.45 1.24982 0.0766329
11.8875 1.3787 0.912006 0.054176 0 47.55 1.25738 0.0746926
11.9125 1.38239 0.914907 0.0526465 0 47.65 1.26475 0.0727778
11.9375 1.38598 0.917718 0.0511479 0 47.75 1.27193 0.0708897
11.9625 1.38947 0.920442 0.0496804 0 47.85 1.27893 0.0690295
11.9875 1.39287 0.923081 0.0482444 0 47.95 1.28574 0.0671984
12.0125 1.39619 0.925638 0.0468399 0 48.05 1.29236 0.0653972
12.0375 1.39941 0.928114 0.0454669 0 48.15 1.29881 0.0636268
12.0625 1.40254 0.930512 0.0441254 0 48.25 1.30508 0.0618879
12.0875 1.40559 0.932833 0.0428154 0 48.35 1.31118 0.060181
12.1125 1.40856 0.935081 0.0415367 0 48.45 1.31712 0.0585068
12.1375 1.41144 0.937257 0.040289 0 48.55 1.32288 0.0568655
12.1625 1.41424 0.939363 0.0390722 0 48.65 1.32848 0.0552574
12.1875 1.41696 0.941401 0.0378859 0 48.75 1.33393 0.0536829
12.2125 1.4196 0.943373 0.0367298 0 48.85 1.33922 0.0521418
12.2375 1.42217 0.945281 0.0356036 0 48.95 1.34435 0.0506345
12.2625 1.42466 0.947128 0.0345069 0 49.05 1.34934 0.0491607
12.2875 1.42708 0.948914 0.0334392 0 49.15 1.35418 0.0477206
12.3125 1.42943 0.950641 0.0324001 0 49.25 1.35888 0.0463138
12.3375 1.43171 0.952312 0.0313892 0 49.35 1.36344 0.0449404
12.3625 1.43392 0.953928 0.030406 0 49.45 1.36786 0.0435999
12.3875 1.43607 0.955491 0.02945 0 49.55 1.37215 0.0422922
12.4125 1.43815 0.957002 0.0285206 0 49.65 1.37631 0.0410169
12.4375 1.44017 0.958463 0.0276174 0 49.75 1.38035 0.0397736
12.4625 1.44212 0.959876 0.0267398 0 49.85 1.38426 0.0385621
12.4875 1.44402 0.961242 0.0258873 0 49.95 1.38805 0.0373818
12.5125 1.44586 0.962563 0.0250594 0 50.05 1.39173 0.0362324
12.5375 1.44764 0.963839 0.0242555 0 50.15 1.39529 0.0351133
12.5625 1.44937 0.965074 0.0234752 0 50.25 1.39875 0.0340242
12.5875 1.45104 0.966267 0.0227178 0 50.35 1.40209 0.0329644
12.6125 1.45266 0.96742 0.0219828 0 50.45 1.40533 0.0319335
12.6375 1.45423 0.968535 0.0212697 0 50.55 1.40847 0.030931
12.6625 1.45575 0.969612 0.0205779 0 50.65 1.41152 0.0299564
12.6875 1.45723 0.970653 0.0199071 0 50.75 1.41446 0.0290091
12.7125 1.45865 0.97166 0.0192565 0 50.85 1.41731 0.0280886
12.7375 1.46003 0.972633 0.0186258 0 50.95 1.42008 0.0271943
12.7625 1.46137 0.973573 0.0180144 0 51.05 1.42275 0.0263257
12.7875 1.46266 0.974481 0.0174218 0 51.15 1.42534 0.0254823
12.8125 1.46392 0.975359 0.0168476 0 51.25 1.42784 0.0246634
12.8375 1.46513 0.976208 0.0162912 0 51.35 1.43027 0.0238687
12.8625 1.4663 0.977028 0.0157522 0 51.45 1.43262 0.0230975
12.8875 1.46744 0.97782 0.0152302 0 51.55 1.43489 0.0223494
12.9125 1.46853 0.978585 0.0147247 0 51.65 1.43709 0.0216237
12.9375 1.4696 0.979325 0.0142352 0 51.75 1.43921 0.02092
12.9625 1.47063 0.980039 0.0137613 0 51.85 1.44127 0.0202376
12.9875 1.47162 0.980729 0.0133025 0 51.95 1.44326 0.0195762
13.0125 1.47258 0.981396 0.0128585 0 52.05 1.44519 0.0189352
13.0375 1.47351 0.98204 0.0124288 0 52.15 1.44705 0.018314
13.0625 1.47441 0.982662 0.012013 0 52.25 1.44885 0.0177121
13.0875 1.47528 0.983263 0.0116107 0 52.35 1.45059 0.0171291
13.1125 1.47612 0.983844 0.0112215 0 52.45 1.45227 0.0165644
13.1375 1.47694 0.984404 0.010845 0 52.55 1.4539 0.0160174
13.1625 1.47772 0.984946 0.0104808 0 52.65 1.45548 0.0154878
13.1875 1.47848 0.985469 0.0101286 0 52.75 1.457 0.0149749
13.2125 1.47922 0.985974 0.00978785 0 52.85 1.45847 0.0144784
13.2375 1.47993 0.986461 0.00945832 0 52.95 1.4599 0.0139977
13.2625 1.48062 0.986932 0.00913962 0 53.05 1.46127 0.0135323
13.2875 1.48128 0.987387 0.00883138 0 53.15 1.4626 0.0130818
13.3125 1.48193 0.987826 0.00853326 0 53.25 1.46389 0.0126457
13.3375 1.48255 0.98825 0.00824494 0 53.35 1.46513 0.0122235
13.3625 1.48315 0.98866 0.00796609 0 53.45 1.46633 0.0118149
13.3875 1.48373 0.989055 0.0076964 0 53.55 1.46749 0.0114194
13.4125 1.48429 0.989437 0.00743557 0 53.65 1.46861 0.0110365
13.4375 1.48483 0.989805 0.0071833 0 53.75 1.46969 0.010666
13.4625 1.48536 0.990161 0.00693931 0 53.85 1.47074 0.0103073
13.4875 1.48586 0.990505 0.00670334 0 53.95 1.47175 0.00996023
13.5125 1.48635 0.990836 0.00647512 0 54.05 1.47273 0.0096243
13.5375 1.48682 0.991157 0.00625441 0 54.15 1.47367 0.00929919
13.5625 1.48728 0.991466 0.00604096 0 54.25 1.47459 0.00898459
13.5875 1.48772 0.991765 0.00583455 0 54.35 1.47547 0.00868018
13.6125 1.48815 0.992053 0.00563496 0 54.45 1.47632 0.00838564
13.6375 1.48856 0.992332 0.00544197 0 54.55 1.47714 0.00810069
13.6625 1.48896 0.992601 0.00525538 0 54.65 1.47794 0.00782504
13.6875 1.48934 0.99286 0.005075 0 54.75 1.47871 0.00755841
13.7125 1.48971 0.993111 0.00490063 0 54.85 1.47945 0.00730053
13.7375 1.49007 0.993353 0.00473209 0 54.95 1.48017 0.00705115
13.7625 1.49042 0.993587 0.0045692 0 55.05 1.48086 0.00681002
13.7875 1.49075 0.993813 0.0044118 0 55.15 1.48153 0.00657689
13.8125 1.49107 0.994032 0.0042597 0 55.25 1.48217 0.00635153
13.8375 1.49139 0.994242 0.00411275 0 55.35 1.4828 0.00613369
13.8625 1.49169 0.994446 0.00397078 0 55.45 1.4834 0.00592316
13.8875 1.49198 0.994643 0.00383364 0 55.55 1.48398 0.0057197
13.9125 1.49226 0.994833 0.00370117 0 55.65 1.48455 0.0055231
13.9375 1.49253 0.995016 0.00357323 0 55.75 1.48509 0.00533315
13.9625 1.49279 0.995193 0.00344967 0 55.85 1.48562 0.00514964
13.9875 1.49304 0.995365 0.00333035 0 55.95 1.48612 0.00497236
14.0125 1.49329 0.99553 0.00321513 0 56.05 1.48661 0.00480111
14.0375 1.49352 0.995689 0.00310386 0 56.15 1.48709 0.00463569
14.0625 1.49375 0.995843 0.00299643 0 56.25 1.48754 0.00447592
14.0875 1.49397 0.995992 0.00289269 0 56.35 1.48798 0.00432159
14.1125 1.49418 0.996135 0.00279252 0 56.45 1.48841 0.00417254
14.1375 1.49439 0.996273 0.0026958 0 56.55 1.48882 0.00402857
14.1625 1.49459 0.996407 0.0026024 0 56.65 1.48922 0.00388952
14.1875 1.49478 0.996535 0.00251222 0 56.75 1.4896 0.00375521
14.2125 1.49496 0.99666 0.00242513 0 56.85 1.48997 0.00362547
14.2375 1.49514 0.996779 0.00234101 0 56.95 1.49032 0.00350014
14.2625 1.49531 0.996895 0.00225977 0 57.05 1.49067 0.00337907
14.2875 1.49548 0.997006 0.0021813 0 57.15 1.491 0.00326208
14.3125 1.49564 0.997113 0.00210549 0 57.25 1.49132 0.00314905
14.3375 1.49579 0.997216 0.00203224 0 57.35 1.49163 0.00303981
14.3625 1.49594 0.997316 0.00196146 0 57.45 1.49192 0.00293422
14.3875 1.49608 0.997412 0.00189304 0 57.55 1.49221 0.00283215
14.4125 1.49622 0.997504 0.0018269 0 57.65 1.49249 0.00273345
14.4375 1.49636 0.997593 0.00176295 0 57.75 1.49276 0.00263801
14.4625 1.49649 0.997679 0.00170111 0 57.85 1.49301 0.00254569
14.4875 1.49661 0.997762 0.00164129 0 57.95 1.49326 0.00245637
14.5125 1.49673 0.997841 0.00158341 0 58.05 1.4935 0.00236995
14.5375 1.49685 0.997918 0.00152741 0 58.15 1.49373 0.00228631
14.5625 1.49696 0.997993 0.00147322 0 58.25 1.49396 0.00220535
14.5875 1.49707 0.998064 0.00142077 0 58.35 1.49417 0.00212699
14.6125 1.49717 0.998133 0.00137 0 58.45 1.49438 0.00205112
14.6375 1.49727 0.9982 0.00132085 0 58.55 1.49458 0.00197768
14.6625 1.49737 0.998264 0.00127328 0 58.65 1.49477 0.00190657
14.6875 1.49746 0.998326 0.00122724 0 58.75 1.49496 0.00183775
14.7125 1.49755 0.998385 0.00118269 0 58.85 1.49514 0.00177114
14.7375 1.49764 0.998443 0.00113958 0 58.95 1.49531 0.00170668
14.7625 1.49773 0.998498 0.00109788 0 59.05 1.49548 0.00164433
14.7875 1.49781 0.998552 0.00105756 0 59.15 1.49564 0.00158403
14.8125 1.49788 0.998604 0.00101859 0 59.25 1.49579 0.00152574
14.8375 1.49796 0.998654 0.000980944 0 59.35 1.49594 0.00146941
14.8625 1.49803 0.998702 0.000944586 0 59.45 1.49609 0.00141502
14.8875 1.4981 0.998748 0.000909493 0 59.55 1.49622 0.00136251
14.9125 1.49817 0.998793 0.00087564 0 59.65 1.49636 0.00131186
14.9375 1.49823 0.998836 0.000843001 0 59.75 1.49649 0.00126301
14.9625 1.49829 0.998877 0.000811548 0 59.85 1.49661 0.00121594
14.9875 1.49835 0.998917 0.000781253 0 59.95 1.49673 0.00117059
15.0125 1.49841 0.998956 0.000752087 0 60.05 1.49685 0.00112693
15.0375 1.49847 0.998993 0.000724019 0 60.15 1.49696 0.00108492
15.0625 1.49852 0.999029 0.000697018 0 60.25 1.49706 0.00104449
15.0875 1.49857 0.999063 0.000671048 0 60.35 1.49717 0.00100561
15.1125 1.49862 0.999096 0.000646076 0 60.45 1.49726 0.000968222
15.1375 1.49867 0.999128 0.000622066 0 60.55 1.49736 0.000932269
15.1625 1.49871 0.999158 0.00059898 0 60.65 1.49745 0.000897699
15.1875 1.49876 0.999188 0.000576781 0 60.75 1.49754 0.000864455
15.2125 1.4988 0.999216 0.000555432 0 60.85 1.49762 0.000832481
15.2375 1.49884 0.999243 0.000534894 0 60.95 1.4977 0.00080172
15.2625 1.49888 0.999268 0.000515129 0 61.05 1.49778 0.000772116
15.2875 1.49892 0.999293 0.000496101 0 61.15 1.49786 0.000743614
15.3125 1.49895 0.999317 0.000477773 0 61.25 1.49793 0.00071616
15.3375 1.49899 0.999339 0.000460112 0 61.35 1.498 0.000689702
15.3625 1.49902 0.999361 0.000443084 0 61.45 1.49806 0.000664192
15.3875 1.49905 0.999381 0.000426659 0 61.55 1.49813 0.000639585
15.4125 1.49909 0.999401 0.00041081 0 61.65 1.49819 0.00061584
15.4375 1.49912 0.99942 0.00039551 0 61.75 1.49825 0.000592916
15.4625 1.49914 0.999438 0.000380735 0 61.85 1.4983 0.000570777
15.4875 1.49917 0.999455 0.000366461 0 61.95 1.49836 0.000549389
15.5125 1.4992 0.999471 0.000352669 0 62.05 1.49841 0.000528721
15.5375 1.49923 0.999487 0.000339339 0 62.15 1.49846 0.000508746
15.5625 1.49925 0.999502 0.000326455 0 62.25 1.4985 0.000489438
15.5875 1.49927 0.999516 0.000314002 0 62.35 1.49855 0.000470775
15.6125 1.4993 0.99953 0.000301968 0 62.45 1.49859 0.00045274
15.6375 1.49932 0.999543 0.000290342 0 62.55 1.49863 0.000435315
15.6625 1.49934 0.999556 0.000279114 0 62.65 1.49867 0.000418486
15.6875 1.49936 0.999568 0.000268275 0 62.75 1.49871 0.000402242
15.7125 1.49938 0.999579 0.000257819 0 62.85 1.49875 0.000386569
15.7375 1.4994 0.999591 0.000247738 0 62.95 1.49879 0.000371459
15.7625 1.49942 0.999602 0.000238027 0 63.05 1.49882 0.000356902
15.7875 1.49944 0.999612 0.00022868 0 63.15 1.49885 0.000342892
15.8125 1.49945 0.999622 0.000219695 0 63.25 1.49889 0.000329423
15.8375 1.49947 0.999632 0.00021107 0 63.35 1.49892 0.000316492
15.8625 1.49948 0.999642 0.000202802 0 63.45 1.49895 0.000304098
15.8875 1.4995 0.999651 0.000194891 0 63.55 1.49898 0.000292239
15.9125 1.49951 0.999661 0.000187338 0 63.65 1.499 0.000280916
15.9375 1.49953 0.999669 0.000180142 0 63.75 1.49903 0.000270128
15.9625 1.49954 0.999678 0.000173305 0 63.85 1.49906 0.000259877
15.9875 1.49955 0.999687 0.000166824 0 63.95 1.49908 0.000250161
16.0125 1.49957 0.999695 0.000160698 0 64.05 1.49911 0.000240977
16.0375 1.49958 0.999703 0.000154926 0 64.15 1.49913 0.000232323
16.0625 1.49959 0.99971 0.000149503 0 64.25 1.49915 0.000224193
16.0875 1.4996 0.999718 0.000144426 0 64.35 1.49918 0.000216582
16.1125 1.49961 0.999725 0.00013969 0 64.45 1.4992 0.000209481
16.1375 1.49962 0.999733 0.000135288 0 64.55 1.49922 0.00020288
16.1625 1.49963 0.999739 0.000131211 0 64.65 1.49924 0.000196768
16.1875 1.49964 0.999746 0.000127449 0 64.75 1.49926 0.000191128
16.2125 1.49965 0.999753 0.000123989 0 64.85 1.49928 0.000185941
16.2375 1.49966 0.999759 0.000120817 0 64.95 1.4993 0.000181185
16.2625 1.49967 0.999765 0.000117915 0 65.05 1.49932 0.000176834
16.2875 1.49968 0.999771 0.000115265 0 65.15 1.49933 0.00017286
16.3125 1.49969 0.999777 0.000112847 0 65.25 1.49935 0.000169234
16.3375 1.49969 0.999782 0.000110639 0 65.35 1.49937 0.000165925
16.3625 1.4997 0.999788 0.000108622 0 65.45 1.49938 0.0001629
16.3875 1.49971 0.999793 0.000106772 0 65.55 1.4994 0.000160126
16.4125 1.49972 0.999798 0.000105067 0 65.65 1.49941 0.000157572
16.4375 1.49973 0.999803 0.000103487 0 65.75 1.49943 0.000155203
16.4625 1.49973 0.999808 0.000102011 0 65.85 1.49944 0.000152989
16.4875 1.49974 0.999813 0.000100617 0 65.95 1.49946 0.0001509
16.5125 1.49975 0.999817 9.92881e-05 0 66.05 1.49947 0.000148907
16.5375 1.49976 0.999822 9.80062e-05 0 66.15 1.49949 0.000146985
16.5625 1.49976 0.999826 9.67555e-05 0 66.25 1.4995 0.00014511
16.5875 1.49977 0.99983 9.55219e-05 0 66.35 1.49952 0.000143261
16.6125 1.49978 0.999834 9.42934e-05 0 66.45 1.49953 0.000141419
16.6375 1.49978 0.999839 9.30607e-05 0 66.55 1.49954 0.000139571
16.6625 1.49979 0.999843 9.18171e-05 0 66.65 1.49956 0.000137707
16.6875 1.4998 0.999847 9.0558e-05 0 66.75 1.49957 0.000135819
16.7125 1.4998 0.999851 8.92804e-05 0 66.85 1.49958 0.000133903
16.7375 1.49981 0.999855 8.79826e-05 0 66.95 1.49959 0.000131957
16.7625 1.49982 0.999859 8.66639e-05 0 67.05 1.49961 0.00012998
16.7875 1.49982 0.999864 8.53247e-05 0 67.15 1.49962 0.000127972
16.8125 1.49983 0.999868 8.39661e-05 0 67.25 1.49963 0.000125935
16.8375 1.49984 0.999872 8.25902e-05 0 67.35 1.49965 0.000123872
16.8625 1.49984 0.999877 8.11999e-05 0 67.45 1.49966 0.000121787
16.8875 1.49985 0.999881 7.97992e-05 0 67.55 1.49967 0.000119687
16.9125 1.49986 0.999886 7.83925e-05 0 67.65 1.49968 0.000117577
16.9375 1.49986 0.99989 7.69844e-05 0 67.75 1.4997 0.000115466
16.9625 1.49987 0.999895 7.55793e-05 0 67.85 1.49971 0.000113359
16.9875 1.49987 0.9999 7.4181e-05 0 67.95 1.49972 0.000111262
17.0125 1.49988 0.999904 7.27932e-05 0 68.05 1.49973 0.000109181
17.0375 1.49988 0.999909 7.14195e-05 0 68.15 1.49975 0.000107121
17.0625 1.49989 0.999914 7.00637e-05 0 68.25 1.49976 0.000105088
17.0875 1.49989 0.999919 6.87295e-05 0 68.35 1.49977 0.000103087
17.1125 1.4999 0.999924 6.74196e-05 0 68.45 1.49979 0.000101123
17.1375 1.4999 0.999929 6.61352e-05 0 68.55 1.4998 9.91965e-05
17.1625 1.49991 0.999934 6.48762e-05 0 68.65 1.49981 9.73084e-05
17.1875 1.49991 0.999939 6.36415e-05 0 68.75 1.49982 9.54567e-05
17.2125 1.49992 0.999944 6.24302e-05 0 68.85 1.49983 9.36403e-05
17.2375 1.49992 0.999949 6.12419e-05 0 68.95 1.49985 9.18581e-05
17.2625 1.49993 0.999954 6.0076e-05 0 69.05 1.49986 9.01097e-05
17.2875 1.49993 0.999958 5.89317e-05 0 69.15 1.49987 8.83936e-05
17.3125 1.49994 0.999963 5.78069e-05 0 69.25 1.49988 8.67067e-05
17.3375 1.49994 0.999967 5.6698e-05 0 69.35 1.49989 8.50436e-05
17.3625 1.49994 0.999972 5.55994e-05 0 69.45 1.4999 8.33961e-05
17.3875 1.49995 0.999976 5.45043e-05 0 69.55 1.49991 8.17536e-05
17.4125 1.49995 0.99998 5.34045e-05 0 69.65 1.49992 8.01042e-05
17.4375 1.49996 0.999984 5.22913e-05 0 69.75 1.49993 7.84347e-05
17.4625 1.49996 0.999987 5.11558e-05 0 69.85 1.49994 7.67316e-05
17.4875 1.49996 0.999991 4.99888e-05 0 69.95 1.49995 7.49814e-05
17.5125 1.49997 0.999994 4.87809e-05 0 70.05 1.49996 7.31698e-05
17.5375 1.49997 0.999997 4.75224e-05 0 70.15 1.49997 7.12823e-05
17.5625 1.49998 1 4.62035e-05 0 70.25 1.49998 6.93041e-05
17.5875 1.49998 1 4.48143e-05 0 70.35 1.49998 6.72205e-05
17.6125 1.49998 1.00001 4.33456e-05 0 70.45 1.49999 6.50176e-05
17.6375 1.49999 1.00001 4.17892e-05 0 70.55 1.5 6.26832e-05
17.6625 1.49999 1.00001 4.01391e-05 0 70.65 1.5 6.02082e-05
17.6875 1.49999 1.00001 3.83923e-05 0 70.75 1.50001 5.75881e-05
17.7125 1.49999 1.00001 3.65484e-05 0 70.85 1.50001 5.48223e-05
17.7375 1.5 1.00001 3.46086e-05 0 70.95 1.50002 5.19128e-05
17.7625 1.5 1.00002 3.25746e-05 0 71.05 1.50002 4.8862e-05
17.7875 1.5 1.00002 3.0448e-05 0 71.15 1.50003 4.56721e-05
17.8125 1.5 1.00002 2.82314e-05 0 71.25 1.50003 4.23472e-05
17.8375 1.50001 1.00002 2.59296e-05 0 71.35 1.50003 3.88946e-05
17.8625 1.50001 1.00002 2.35507e-05 0 71.45 1.50004 3.53262e-05
17.8875 1.50001 1.00002 2.1105e-05 0 71.55 1.50004 3.16578e-05
17.9125 1.50001 1.00002 1.8605e-05 0 71.65 1.50004 2.79077e-05
17.9375 1.50001 1.00002 1.60639e-05 0 71.75 1.50004 2.4096e-05
17.9625 1.50001 1.00002 1.34956e-05 0 71.85 1.50005 2.02436e-05
17.9875 1.50001 1.00002 1.09139e-05 0 71.95 1.50005 1.63711e-05
18.0125 1.50001 1.00002 8.3343e-06 0 72.05 1.50005 1.25016e-05
18.0375 1.50002 1.00002 5.77249e-06 0 72.15 1.50005 8.65883e-06
18.0625 1.50002 1.00002 3.23821e-06 0 72.25 1.50005 4.85737e-06
18.0875 1.50002 1.00002 7.45598e-07 0 72.35 1.50005 1.11841e-06
18.1125 1.50002 1.00002 -1.69071e-06 0 72.45 1.50005 -2.5361e-06
18.1375 1.50002 1.00002 -4.05159e-06 0 72.55 1.50005 -6.07745e-06
18.1625 1.50002 1.00002 -6.32438e-06 0 72.65 1.50005 -9.48666e-06
18.1875 1.50001 1.00002 -8.50094e-06 0 72.75 1.50004 -1.27515e-05
18.2125 1.50001 1.00002 -1.05734e-05 0 72.85 1.50004 -1.58602e-05
18.2375 1.50001 1.00002 -1.2532e-05 0 72.95 1.50004 -1.87982e-05
18.2625 1.50001 1.00002 -1.43663e-05 0 73.05 1.50004 -2.15496e-05
18.2875 1.50001 1.00002 -1.60655e-05 0 73.15 1.50004 -2.40985e-05
18.3125 1.50001 1.00002 -1.76205e-05 0 73.25 1.50003 -2.64309e-05
18.3375 1.50001 1.00001 -1.90231e-05 0 73.35 1.50003 -2.85348e-05
18.3625 1.50001 1.00001 -2.02669e-05 0 73.45 1.50003 -3.04005e-05
18.3875 1.50001 1.00001 -2.13471e-05 0 73.55 1.50002 -3.20207e-05
18.4125 1.5 1.00001 -2.22604e-05 0 73.65 1.50002 -3.33906e-05
18.4375 1.5 1.00001 -2.30052e-05 0 73.75 1.50002 -3.45079e-05
18.4625 1.5 1.00001 -2.35812e-05 0 73.85 1.50001 -3.53718e-05
18.4875 1.5 1.00001 -2.39893e-05 0 73.95 1.50001 -3.59839e-05
18.5125 1.5 1.00001 -2.42318e-05 0 74.05 1.5 -3.63476e-05
18.5375 1.49999 1 -2.43128e-05 0 74.15 1.5 -3.6469e-05
18.5625 1.49999 1 -2.42385e-05 0 74.25 1.5 -3.63576e-05
18.5875 1.49999 1 -2.40174e-05 0 74.35 1.49999 -3.60258e-05
18.6125 1.49999 0.999998 -2.36572e-05 0 74.45 1.49999 -3.54855e-05
18.6375 1.49999 0.999996 -2.31656e-05 0 74.55 1.49998 -3.47481e-05
18.6625 1.49999 0.999994 -2.25504e-05 0 74.65 1.49998 -3.38253e-05
18.6875 1.49998 0.999992 -2.18203e-05 0 74.75 1.49997 -3.273e-05
18.7125 1.49998 0.999989 -2.09846e-05 0 74.85 1.49997 -3.14766e-05
18.7375 1.49998 0.999987 -2.00544e-05 0 74.95 1.49996 -3.00811e-05
18.7625 1.49998 0.999985 -1.90413e-05 0 75.05 1.49996 -2.85615e-05
18.7875 1.49998 0.999983 -1.79578e-05 0 75.15 1.49995 -2.69363e-05
18.8125 1.49998 0.99998 -1.68154e-05 0 75.25 1.49995 -2.52227e-05
18.8375 1.49998 0.999978 -1.56253e-05 0 75.35 1.49994 -2.34375e-05
18.8625 1.49997 0.999976 -1.43974e-05 0 75.45 1.49994 -2.15958e-05
18.8875 1.49997 0.999974 -1.31406e-05 0 75.55 1.49993 -1.97106e-05
18.9125 1.49997 0.999972 -1.18626e-05 0 75.65 1.49993 -1.77935e-05
18.9375 1.49997 0.99997 -1.05703e-05 0 75.75 1.49993 -1.58551e-05
18.9625 1.49997 0.999968 -9.27049e-06 0 75.85 1.49992 -1.39055e-05
18.9875 1.49997 0.999967 -7.96955e-06 0 75.95 1.49992 -1.19541e-05
19.0125 1.49997 0.999965 -6.67311e-06 0 76.05 1.49992 -1.00095e-05
19.0375 1.49997 0.999964 -5.38586e-06 0 76.15 1.49991 -8.07862e-06
19.0625 1.49997 0.999962 -4.11129e-06 0 76.25 1.49991 -6.1668e-06
19.0875 1.49997 0.999961 -2.85161e-06 0 76.35 1.49991 -4.27732e-06
19.1125 1.49997 0.99996 -1.60793e-06 0 76.45 1.49991 -2.41184e-06
19.1375 1.49997 0.999959 -3.80622e-07 0 76.55 1.49991 -5.70921e-07
19.1625 1.49997 0.999959 8.3061e-07 0 76.65 1.49991 1.24589e-06
19.1875 1.49997 0.999959 2.02372e-06 0 76.75 1.49991 3.03552e-06
19.2125 1.49997 0.999958 3.19953e-06 0 76.85 1.49991 4.79919e-06
19.2375 1.49997 0.999958 4.35638e-06 0 76.95 1.49991 6.53444e-06
19.2625 1.49997 0.999959 5.49183e-06 0 77.05 1.49991 8.23758e-06
19.2875 1.49997 0.999959 6.60763e-06 0 77.15 1.49991 9.91125e-06
19.3125 1.49997 0.99996 7.70377e-06 0 77.25 1.49991 1.15554e-05
19.3375 1.49997 0.999961 8.78102e-06 0 77.35 1.49991 1.31713e-05
19.3625 1.49997 0.999962 9.83938e-06 0 77.45 1.49991 1.47588e-05
19.3875 1.49997 0.999963 1.08778e-05 0 77.55 1.49992 1.63164e-05
19.4125 1.49997 0.999965 1.18949e-05 0 77.65 1.49992 1.7842e-05
19.4375 1.49997 0.999967 1.28889e-05 0 77.75 1.49992 1.9333e-05
19.4625 1.49998 0.999969 1.38584e-05 0 77.85 1.49993 2.07872e-05
19.4875 1.49998 0.999971 1.4802e-05 0 77.95 1.49993 2.22026e-05
19.5125 1.49998 0.999973 1.57182e-05 0 78.05 1.49994 2.3577e-05
19.5375 1.49998 0.999975 1.66057e-05 0 78.15 1.49994 2.49081e-05
19.5625 1.49998 0.999977 1.74619e-05 0 78.25 1.49995 2.61925e-05
19.5875 1.49998 0.99998 1.82835e-05 0 78.35 1.49995 2.74249e-05
19.6125 1.49998 0.999982 1.90658e-05 0 78.45 1.49996 2.85984e-05
19.6375 1.49998 0.999985 1.98036e-05 0 78.55 1.49996 2.97051e-05
19.6625 1.49999 0.999988 2.04919e-05 0 78.65 1.49997 3.07375e-05
19.6875 1.49999 0.99999 2.11257e-05 0 78.75 1.49997 3.16883e-05
19.7125 1.49999 0.999993 2.17005e-05 0 78.85 1.49998 3.25504e-05
19.7375 1.49999 0.999996 2.22107e-05 0 78.95 1.49998 3.33159e-05
19.7625 1.49999 0.999998 2.26509e-05 0 79.05 1.49999 3.39761e-05
19.7875 1.49999 1 2.30139e-05 0 79.15 1.5 3.45206e-05
19.8125 1.5 1 2.32913e-05 0 79.25 1.5 3.49369e-05
19.8375 1.5 1.00001 2.34757e-05 0 79.35 1.50001 3.52134e-05
19.8625 1.5 1.00001 2.35598e-05 0 79.45 1.50001 3.53396e-05
19.8875 1.5 1.00001 2.35378e-05 0 79.55 1.50002 3.53067e-05
19.9125 1.5 1.00001 2.34051e-05 0 79.65 1.50002 3.51078e-05
19.9375 1.5 1.00001 2.31575e-05 0 79.75 1.50003 3.47364e-05
19.9625 1.50001 1.00002 2.27914e-05 0 79.85 1.50003 3.41872e-05
19.9875 1.50001 1.00002 2.23037e-05 0 79.95 1.50003 3.34557e-05
