-19.9875 1.5 1 2.57701e-12 0 -666.25 1.5 3.86551e-12
-19.9625 1.5 1 2.48315e-12 0 -665.417 1.5 3.72472e-12
-19.9375 1.5 1 2.39301e-12 0 -664.583 1.5 3.58951e-12
-19.9125 1.5 1 2.30529e-12 0 -663.75 1.5 3.45794e-12
-19.8875 1.5 1 2.22094e-12 0 -662.917 1.5 3.33142e-12
-19.8625 1.5 1 2.14029e-12 0 -662.083 1.5 3.21044e-12
-19.8375 1.5 1 2.0614e-12 0 -661.25 1.5 3.0921e-12
-19.8125 1.5 1 1.98593e-12 0 -660.417 1.5 2.97889e-12
-19.7875 1.5 1 1.91206e-12 0 -659.583 1.5 2.86809e-12
-19.7625 1.5 1 1.8404e-12 0 -658.75 1.5 2.7606e-12
-19.7375 1.5 1 1.77106e-12 0 -657.917 1.5 2.65658e-12
-19.7125 1.5 1 1.70457e-12 0 -657.083 1.5 2.55686e-12
-19.6875 1.5 1 1.64039e-12 0 -656.25 1.5 2.46058e-12
-19.6625 1.5 1 1.57862e-12 0 -655.417 1.5 2.36793e-12
-19.6375 1.5 1 1.51792e-12 0 -654.583 1.5 2.27687e-12
-19.6125 1.5 1 1.45958e-12 0 -653.75 1.5 2.18937e-12
-19.5875 1.5 1 1.40298e-12 0 -652.917 1.5 2.10446e-12
-19.5625 1.5 1 1.34884e-12 0 -652.083 1.5 2.02326e-12
-19.5375 1.5 1 1.29696e-12 0 -651.25 1.5 1.94543e-12
-19.5125 1.5 1 1.24634e-12 0 -650.417 1.5 1.86951e-12
-19.4875 1.5 1 1.19597e-12 0 -649.583 1.5 1.79396e-12
-19.4625 1.5 1 1.14621e-12 0 -648.75 1.5 1.71931e-12
-19.4375 1.5 1 1.09708e-12 0 -647.917 1.5 1.64562e-12
-19.4125 1.5 1 1.04966e-12 0 -647.083 1.5 1.57449e-12
-19.3875 1.5 1 1.00405e-12 0 -646.25 1.5 1.50608e-12
-19.3625 1.5 1 9.59995e-13 0 -645.417 1.5 1.43999e-12
-19.3375 1.5 1 9.16572e-13 0 -644.583 1.5 1.37486e-12
-19.3125 1.5 1 8.73943e-13 0 -643.75 1.5 1.31091e-12
-19.2875 1.5 1 8.32043e-13 0 -642.917 1.5 1.24806e-12
-19.2625 1.5 1 7.90858e-13 0 -642.083 1.5 1.18629e-12
-19.2375 1.5 1 7.51275e-13 0 -641.25 1.5 1.12691e-12
-19.2125 1.5 1 7.1383e-13 0 -640.417 1.5 1.07075e-12
-19.1875 1.5 1 6.77032e-13 0 -639.583 1.5 1.01555e-12
-19.1625 1.5 1 6.40975e-13 0 -638.75 1.5 9.61462e-13
-19.1375 1.5 1 6.04766e-13 0 -637.917 1.5 9.07149e-13
-19.1125 1.5 1 5.67712e-13 0 -637.083 1.5 8.51568e-13
-19.0875 1.5 1 5.29534e-13 0 -636.25 1.5 7.94301e-13
-19.0625 1.5 1 4.91108e-13 0 -635.417 1.5 7.36661e-13
-19.0375 1.5 1 4.52303e-13 0 -634.583 1.5 6.78454e-13
-19.0125 1.5 1 4.13589e-13 0 -633.75 1.5 6.20383e-13
-18.9875 1.5 1 3.76247e-13 0 -632.917 1.5 5.6437e-13
-18.9625 1.5 1 3.39532e-13 0 -632.083 1.5 5.09297e-13
-18.9375 1.5 1 3.02687e-13 0 -631.25 1.5 4.54031e-13
-18.9125 1.5 1 2.65941e-13 0 -630.417 1.5 3.98911e-13
-18.8875 1.5 1 2.28745e-13 0 -629.583 1.5 3.43118e-13
-18.8625 1.5 1 1.91952e-13 0 -628.75 1.5 2.87928e-13
-18.8375 1.5 1 1.54825e-13 0 -627.917 1.5 2.32238e-13
-18.8125 1.5 1 1.17292e-13 0 -627.083 1.5 1.75939e-13
-18.7875 1.5 1 7.99786e-14 0 -626.25 1.5 1.19968e-13
-18.7625 1.5 1 4.27345e-14 0 -625.417 1.5 6.41017e-14
-18.7375 1.5 1 5.9656e-15 0 -624.583 1.5 8.94841e-15
-18.7125 1.5 1 -3.1363e-14 0 -623.75 1.5 -4.70446e-14
-18.6875 1.5 1 -6.97531e-14 0 -622.917 1.5 -1.0463e-13
-18.6625 1.5 1 -1.09673e-13 0 -622.083 1.5 -1.64509e-13
-18.6375 1.5 1 -1.48809e-13 0 -621.25 1.5 -2.23214e-13
-18.6125 1.5 1 -1.88693e-13 0 -620.417 1.5 -2.8304e-13
-18.5875 1.5 1 -2.28965e-13 0 -619.583 1.5 -3.43448e-13
-18.5625 1.5 1 -2.68974e-13 0 -618.75 1.5 -4.03461e-13
-18.5375 1.5 1 -3.09446e-13 0 -617.917 1.5 -4.64169e-13
-18.5125 1.5 1 -3.51046e-13 0 -617.083 1.5 -5.26568e-13
-18.4875 1.5 1 -3.94574e-13 0 -616.25 1.5 -5.91862e-13
-18.4625 1.5 1 -4.38524e-13 0 -615.417 1.5 -6.57786e-13
-18.4375 1.5 1 -4.82995e-13 0 -614.583 1.5 -7.24493e-13
-18.4125 1.5 1 -5.28806e-13 0 -613.75 1.5 -7.93208e-13
-18.3875 1.5 1 -5.76833e-13 0 -612.917 1.5 -8.65249e-13
-18.3625 1.5 1 -6.26582e-13 0 -612.083 1.5 -9.39873e-13
-18.3375 1.5 1 -6.76572e-13 0 -611.25 1.5 -1.01486e-12
-18.3125 1.5 1 -7.27965e-13 0 -610.417 1.5 -1.09195e-12
-18.2875 1.5 1 -7.80677e-13 0 -609.583 1.5 -1.17101e-12
-18.2625 1.5 1 -8.34335e-13 0 -608.75 1.5 -1.2515e-12
-18.2375 1.5 1 -8.89555e-13 0 -607.917 1.5 -1.33433e-12
-18.2125 1.5 1 -9.4596e-13 0 -607.083 1.5 -1.41894e-12
-18.1875 1.5 1 -1.00366e-12 0 -606.25 1.5 -1.50548e-12
-18.1625 1.5 1 -1.06319e-12 0 -605.417 1.5 -1.59479e-12
-18.1375 1.5 1 -1.12498e-12 0 -604.583 1.5 -1.68747e-12
-18.1125 1.5 1 -1.18936e-12 0 -603.75 1.5 -1.78404e-12
-18.0875 1.5 1 -1.25448e-12 0 -602.917 1.5 -1.88172e-12
-18.0625 1.5 1 -1.32112e-12 0 -602.083 1.5 -1.98167e-12
-18.0375 1.5 1 -1.38931e-12 0 -601.25 1.5 -2.08397e-12
-18.0125 1.5 1 -1.45873e-12 0 -600.417 1.5 -2.18809e-12
-17.9875 1.5 1 -1.5302e-12 0 -599.583 1.5 -2.2953e-12
-17.9625 1.5 1 -1.60278e-12 0 -598.75 1.5 -2.40417e-12
-17.9375 1.5 1 -1.67636e-12 0 -597.917 1.5 -2.51454e-12
-17.9125 1.5 1 -1.75167e-12 0 -597.083 1.5 -2.62751e-12
-17.8875 1.5 1 -1.82781e-12 0 -596.25 1.5 -2.74172e-12
-17.8625 1.5 1 -1.90505e-12 0 -595.417 1.5 -2.85758e-12
-17.8375 1.5 1 -1.98393e-12 0 -594.583 1.5 -2.97589e-12
-17.8125 1.5 1 -2.06504e-12 0 -593.75 1.5 -3.09756e-12
-17.7875 1.5 1 -2.14778e-12 0 -592.917 1.5 -3.22168e-12
-17.7625 1.5 1 -2.23201e-12 0 -592.083 1.5 -3.34801e-12
-17.7375 1.5 1 -2.31925e-12 0 -591.25 1.5 -3.47888e-12
-17.7125 1.5 1 -2.41006e-12 0 -590.417 1.5 -3.61509e-12
-17.6875 1.5 1 -2.50343e-12 0 -589.583 1.5 -3.75514e-12
-17.6625 1.5 1 -2.59949e-12 0 -588.75 1.5 -3.89923e-12
-17.6375 1.5 1 -2.69912e-12 0 -587.917 1.5 -4.04868e-12
-17.6125 1.5 1 -2.80027e-12 0 -587.083 1.5 -4.20041e-12
-17.5875 1.5 1 -2.90284e-12 0 -586.25 1.5 -4.35426e-12
-17.5625 1.5 1 -3.00748e-12 0 -585.417 1.5 -4.51122e-12
-17.5375 1.5 1 -3.11476e-12 0 -584.583 1.5 -4.67214e-12
-17.5125 1.5 1 -3.22437e-12 0 -583.75 1.5 -4.83656e-12
-17.4875 1.5 1 -3.33553e-12 0 -582.917 1.5 -5.00329e-12
-17.4625 1.5 1 -3.44843e-12 0 -582.083 1.5 -5.17265e-12
-17.4375 1.5 1 -3.56326e-12 0 -581.25 1.5 -5.34489e-12
-17.4125 1.5 1 -3.68116e-12 0 -580.417 1.5 -5.52174e-12
-17.3875 1.5 1 -3.80261e-12 0 -579.583 1.5 -5.70391e-12
-17.3625 1.5 1 -3.927e-12 0 -578.75 1.5 -5.89049e-12
-17.3375 1.5 1 -4.05572e-12 0 -577.917 1.5 -6.08358e-12
-17.3125 1.5 1 -4.18921e-12 0 -577.083 1.5 -6.28381e-12
-17.2875 1.5 1 -4.32636e-12 0 -576.25 1.5 -6.48954e-12
-17.2625 1.5 1 -4.46735e-12 0 -575.417 1.5 -6.70103e-12
-17.2375 1.5 1 -4.61229e-12 0 -574.583 1.5 -6.91843e-12
-17.2125 1.5 1 -4.7621e-12 0 -573.75 1.5 -7.14315e-12
-17.1875 1.5 1 -4.91641e-12 0 -572.917 1.5 -7.37462e-12
-17.1625 1.5 1 -5.07579e-12 0 -572.083 1.5 -7.61368e-12
-17.1375 1.5 1 -5.24107e-12 0 -571.25 1.5 -7.86161e-12
-17.1125 1.5 1 -5.41229e-12 0 -570.417 1.5 -8.11844e-12
-17.0875 1.5 1 -5.5893e-12 0 -569.583 1.5 -8.38395e-12
-17.0625 1.5 1 -5.77221e-12 0 -568.75 1.5 -8.65831e-12
-17.0375 1.5 1 -5.96106e-12 0 -567.917 1.5 -8.94158e-12
-17.0125 1.5 1 -6.15726e-12 0 -567.083 1.5 -9.23589e-12
-16.9875 1.5 1 -6.36167e-12 0 -566.25 1.5 -9.5425e-12
-16.9625 1.5 1 -6.57531e-12 0 -565.417 1.5 -9.86296e-12
-16.9375 1.5 1 -6.79938e-12 0 -564.583 1.5 -1.01991e-11
-16.9125 1.5 1 -7.03449e-12 0 -563.75 1.5 -1.05517e-11
-16.8875 1.5 1 -7.27991e-12 0 -562.917 1.5 -1.09199e-11
-16.8625 1.5 1 -7.53477e-12 0 -562.083 1.5 -1.13022e-11
-16.8375 1.5 1 -7.79809e-12 0 -561.25 1.5 -1.16971e-11
-16.8125 1.5 1 -8.06973e-12 0 -560.417 1.5 -1.21046e-11
-16.7875 1.5 1 -8.35071e-12 0 -559.583 1.5 -1.25261e-11
-16.7625 1.5 1 -8.64376e-12 0 -558.75 1.5 -1.29656e-11
-16.7375 1.5 1 -8.95103e-12 0 -557.917 1.5 -1.34265e-11
-16.7125 1.5 1 -9.27385e-12 0 -557.083 1.5 -1.39108e-11
-16.6875 1.5 1 -9.61298e-12 0 -556.25 1.5 -1.44195e-11
-16.6625 1.5 1 -9.96588e-12 0 -555.417 1.5 -1.49488e-11
-16.6375 1.5 1 -1.03301e-11 0 -554.583 1.5 -1.54951e-11
-16.6125 1.5 1 -1.07039e-11 0 -553.75 1.5 -1.60559e-11
-16.5875 1.5 1 -1.10898e-11 0 -552.917 1.5 -1.66347e-11
-16.5625 1.5 1 -1.14893e-11 0 -552.083 1.5 -1.7234e-11
-16.5375 1.5 1 -1.19078e-11 0 -551.25 1.5 -1.78618e-11
-16.5125 1.5 1 -1.23501e-11 0 -550.417 1.5 -1.85252e-11
-16.4875 1.5 1 -1.28173e-11 0 -549.583 1.5 -1.92259e-11
-16.4625 1.5 1 -1.33067e-11 0 -548.75 1.5 -1.99601e-11
-16.4375 1.5 1 -1.38134e-11 0 -547.917 1.5 -2.07201e-11
-16.4125 1.5 1 -1.43306e-11 0 -547.083 1.5 -2.14959e-11
-16.3875 1.5 1 -1.4854e-11 0 -546.25 1.5 -2.2281e-11
-16.3625 1.5 1 -1.53861e-11 0 -545.417 1.5 -2.30792e-11
-16.3375 1.5 1 -1.59354e-11 0 -544.583 1.5 -2.39031e-11
-16.3125 1.5 1 -1.65148e-11 0 -543.75 1.5 -2.47722e-11
-16.2875 1.5 1 -1.71348e-11 0 -542.917 1.5 -2.57023e-11
-16.2625 1.5 1 -1.77969e-11 0 -542.083 1.5 -2.66953e-11
-16.2375 1.5 1 -1.84913e-11 0 -541.25 1.5 -2.7737e-11
-16.2125 1.5 1 -1.92006e-11 0 -540.417 1.5 -2.88009e-11
-16.1875 1.5 1 -1.9907e-11 0 -539.583 1.5 -2.98604e-11
-16.1625 1.5 1 -2.06016e-11 0 -538.75 1.5 -3.09024e-11
-16.1375 1.5 1 -2.12931e-11 0 -537.917 1.5 -3.19396e-11
-16.1125 1.5 1 -2.20069e-11 0 -537.083 1.5 -3.30103e-11
-16.0875 1.5 1 -2.27758e-11 0 -536.25 1.5 -3.41637e-11
-16.0625 1.5 1 -2.36251e-11 0 -535.417 1.5 -3.54377e-11
-16.0375 1.5 1 -2.45544e-11 0 -534.583 1.5 -3.68317e-11
-16.0125 1.5 1 -2.55332e-11 0 -533.75 1.5 -3.82997e-11
-15.9875 1.5 1 -2.65121e-11 0 -532.917 1.5 -3.97682e-11
-15.9625 1.5 1 -2.7447e-11 0 -532.083 1.5 -4.11705e-11
-15.9375 1.5 1 -2.83228e-11 0 -531.25 1.5 -4.24843e-11
-15.9125 1.5 1 -2.91714e-11 0 -530.417 1.5 -4.37571e-11
-15.8875 1.5 1 -3.00631e-11 0 -529.583 1.5 -4.50947e-11
-15.8625 1.5 1 -3.10824e-11 0 -528.75 1.5 -4.66236e-11
-15.8375 1.5 1 -3.22826e-11 0 -527.917 1.5 -4.8424e-11
-15.8125 1.5 1 -3.3648e-11 0 -527.083 1.5 -5.0472e-11
-15.7875 1.5 1 -3.50889e-11 0 -526.25 1.5 -5.26334e-11
-15.7625 1.5 1 -3.64859e-11 0 -525.417 1.5 -5.47288e-11
-15.7375 1.5 1 -3.77391e-11 0 -524.583 1.5 -5.66086e-11
-15.7125 1.5 1 -3.88241e-11 0 -523.75 1.5 -5.82361e-11
-15.6875 1.5 1 -3.98246e-11 0 -522.917 1.5 -5.97369e-11
-15.6625 1.5 1 -4.09128e-11 0 -522.083 1.5 -6.13692e-11
-15.6375 1.5 1 -4.22807e-11 0 -521.25 1.5 -6.34211e-11
-15.6125 1.5 1 -4.40381e-11 0 -520.417 1.5 -6.60572e-11
-15.5875 1.5 1 -4.61316e-11 0 -519.583 1.5 -6.91975e-11
-15.5625 1.5 1 -4.83532e-11 0 -518.75 1.5 -7.25297e-11
-15.5375 1.5 1 -5.04295e-11 0 -517.917 1.5 -7.56442e-11
-15.5125 1.5 1 -5.21448e-11 0 -517.083 1.5 -7.82173e-11
-15.4875 1.5 1 -5.34476e-11 0 -516.25 1.5 -8.01713e-11
-15.4625 1.5 1 -5.4521e-11 0 -515.417 1.5 -8.17815e-11
-15.4375 1.5 1 -5.57381e-11 0 -514.583 1.5 -8.36072e-11
-15.4125 1.5 1 -5.75113e-11 0 -513.75 1.5 -8.62669e-11
-15.3875 1.5 1 -6.00789e-11 0 -512.917 1.5 -9.01184e-11
-15.3625 1.5 1 -6.33432e-11 0 -512.083 1.5 -9.50148e-11
-15.3375 1.5 1 -6.6885e-11 0 -511.25 1.5 -1.00327e-10
-15.3125 1.5 1 -7.01319e-11 0 -510.417 1.5 -1.05198e-10
-15.2875 1.5 1 -7.26127e-11 0 -509.583 1.5 -1.08919e-10
-15.2625 1.5 1 -7.41702e-11 0 -508.75 1.5 -1.11255e-10
-15.2375 1.5 1 -7.51039e-11 0 -507.917 1.5 -1.12656e-10
-15.2125 1.5 1 -7.613e-11 0 -507.083 1.5 -1.14195e-10
-15.1875 1.5 1 -7.80885e-11 0 -506.25 1.5 -1.17133e-10
-15.1625 1.5 1 -8.15611e-11 0 -505.417 1.5 -1.22342e-10
-15.1375 1.5 1 -8.65018e-11 0 -504.583 1.5 -1.29753e-10
-15.1125 1.5 1 -9.21987e-11 0 -503.75 1.5 -1.38298e-10
-15.0875 1.5 1 -9.75648e-11 0 -502.917 1.5 -1.46347e-10
-15.0625 1.5 1 -1.01576e-10 0 -502.083 1.5 -1.52363e-10
-15.0375 1.5 1 -1.03721e-10 0 -501.25 1.5 -1.55581e-10
-15.0125 1.5 1 -1.04293e-10 0 -500.417 1.5 -1.56439e-10
-14.9875 1.5 1 -1.04448e-10 0 -499.583 1.5 -1.56672e-10
-14.9625 1.5 1 -1.05774e-10 0 -498.75 1.5 -1.58661e-10
-14.9375 1.5 1 -1.09651e-10 0 -497.917 1.5 -1.64476e-10
-14.9125 1.5 1 -1.16488e-10 0 -497.083 1.5 -1.74732e-10
-14.8875 1.5 1 -1.25402e-10 0 -496.25 1.5 -1.88103e-10
-14.8625 1.5 1 -1.34591e-10 0 -495.417 1.5 -2.01886e-10
-14.8375 1.5 1 -1.41977e-10 0 -494.583 1.5 -2.12965e-10
-14.8125 1.5 1 -1.46121e-10 0 -493.75 1.5 -2.19182e-10
-14.7875 1.5 1 -1.4683e-10 0 -492.917 1.5 -2.20245e-10
-14.7625 1.5 1 -1.45448e-10 0 -492.083 1.5 -2.18172e-10
-14.7375 1.5 1 -1.44522e-10 0 -491.25 1.5 -2.16783e-10
-14.7125 1.5 1 -1.46931e-10 0 -490.417 1.5 -2.20397e-10
-14.6875 1.5 1 -1.54496e-10 0 -489.583 1.5 -2.31744e-10
-14.6625 1.5 1 -1.66967e-10 0 -488.75 1.5 -2.5045e-10
-14.6375 1.5 1 -1.82055e-10 0 -487.917 1.5 -2.73083e-10
-14.6125 1.5 1 -1.96257e-10 0 -487.083 1.5 -2.94385e-10
-14.5875 1.5 1 -2.06196e-10 0 -486.25 1.5 -3.09293e-10
-14.5625 1.5 1 -2.10004e-10 0 -485.417 1.5 -3.15006e-10
-14.5375 1.5 1 -2.0806e-10 0 -484.583 1.5 -3.1209e-10
-14.5125 1.5 1 -2.03321e-10 0 -483.75 1.5 -3.04982e-10
-14.4875 1.5 1 -2.00548e-10 0 -482.917 1.5 -3.00823e-10
-14.4625 1.5 1 -2.04348e-10 0 -482.083 1.5 -3.06521e-10
-14.4375 1.5 1 -2.17281e-10 0 -481.25 1.5 -3.25922e-10
-14.4125 1.5 1 -2.38239e-10 0 -480.417 1.5 -3.57358e-10
-14.3875 1.5 1 -2.62934e-10 0 -479.583 1.5 -3.94402e-10
-14.3625 1.5 1 -2.85394e-10 0 -478.75 1.5 -4.2809e-10
-14.3375 1.5 1 -3.00178e-10 0 -477.917 1.5 -4.50267e-10
-14.3125 1.5 1 -3.04199e-10 0 -477.083 1.5 -4.56298e-10
-14.2875 1.5 1 -2.9831e-10 0 -476.25 1.5 -4.47465e-10
-14.2625 1.5 1 -2.87221e-10 0 -475.417 1.5 -4.30832e-10
-14.2375 1.5 1 -2.79293e-10 0 -474.583 1.5 -4.1894e-10
-14.2125 1.5 1 -2.82321e-10 0 -473.75 1.5 -4.23482e-10
-14.1875 1.5 1 -3.00855e-10 0 -472.917 1.5 -4.51283e-10
-14.1625 1.5 1 -3.33884e-10 0 -472.083 1.5 -5.00825e-10
-14.1375 1.5 1 -3.74681e-10 0 -471.25 1.5 -5.62022e-10
-14.1125 1.5 1 -4.13275e-10 0 -470.417 1.5 -6.19912e-10
-14.0875 1.5 1 -4.39834e-10 0 -469.583 1.5 -6.59751e-10
-14.0625 1.5 1 -4.47599e-10 0 -468.75 1.5 -6.71398e-10
-14.0375 1.5 1 -4.3649e-10 0 -467.917 1.5 -6.54735e-10
-14.0125 1.5 1 -4.13094e-10 0 -467.083 1.5 -6.19641e-10
-13.9875 1.5 1 -3.9072e-10 0 -466.25 1.5 -5.8608e-10
-13.9625 1.5 1 -3.84426e-10 0 -465.417 1.5 -5.7664e-10
-13.9375 1.5 1 -4.04775e-10 0 -464.583 1.5 -6.07163e-10
-13.9125 1.5 1 -4.53828e-10 0 -463.75 1.5 -6.80741e-10
-13.8875 1.5 1 -5.22375e-10 0 -462.917 1.5 -7.83563e-10
-13.8625 1.5 1 -5.94015e-10 0 -462.083 1.5 -8.91023e-10
-13.8375 1.5 1 -6.49732e-10 0 -461.25 1.5 -9.74598e-10
-13.8125 1.5 1 -6.73087e-10 0 -460.417 1.5 -1.00963e-09
-13.7875 1.5 1 -6.58226e-10 0 -459.583 1.5 -9.87339e-10
-13.7625 1.5 1 -6.12643e-10 0 -458.75 1.5 -9.18965e-10
-13.7375 1.5 1 -5.56268e-10 0 -457.917 1.5 -8.34401e-10
-13.7125 1.5 1 -5.18283e-10 0 -457.083 1.5 -7.77425e-10
-13.6875 1.5 1 -5.24189e-10 0 -456.25 1.5 -7.86283e-10
-13.6625 1.5 1 -5.86703e-10 0 -455.417 1.5 -8.80054e-10
-13.6375 1.5 1 -6.98838e-10 0 -454.583 1.5 -1.04826e-09
-13.6125 1.5 1 -8.34533e-10 0 -453.75 1.5 -1.2518e-09
-13.5875 1.5 1 -9.57349e-10 0 -452.917 1.5 -1.43602e-09
-13.5625 1.5 1 -1.03027e-09 0 -452.083 1.5 -1.5454e-09
-13.5375 1.5 1 -1.02827e-09 0 -451.25 1.5 -1.5424e-09
-13.5125 1.5 1 -9.53226e-10 0 -450.417 1.5 -1.42984e-09
-13.4875 1.5 1 -8.31741e-10 0 -449.583 1.5 -1.24761e-09
-13.4625 1.5 1 -7.12446e-10 0 -448.75 1.5 -1.06867e-09
-13.4375 1.5 1 -6.55148e-10 0 -447.917 1.5 -9.82722e-10
-13.4125 1.5 1 -7.00798e-10 0 -447.083 1.5 -1.0512e-09
-13.3875 1.5 1 -8.59706e-10 0 -446.25 1.5 -1.28956e-09
-13.3625 1.5 1 -1.1005e-09 0 -445.417 1.5 -1.65075e-09
-13.3375 1.5 1 -1.36232e-09 0 -444.583 1.5 -2.04348e-09
-13.3125 1.5 1 -1.56915e-09 0 -443.75 1.5 -2.35373e-09
-13.2875 1.5 1 -1.6491e-09 0 -442.917 1.5 -2.47365e-09
-13.2625 1.5 1 -1.5726e-09 0 -442.083 1.5 -2.3589e-09
-13.2375 1.5 1 -1.36055e-09 0 -441.25 1.5 -2.04082e-09
-13.2125 1.5 1 -1.08353e-09 0 -440.417 1.5 -1.6253e-09
-13.1875 1.5 1 -8.46694e-10 0 -439.583 1.5 -1.27004e-09
-13.1625 1.5 1 -7.63135e-10 0 -438.75 1.5 -1.1447e-09
-13.1375 1.5 1 -8.99533e-10 0 -437.917 1.5 -1.3493e-09
-13.1125 1.5 1 -1.25387e-09 0 -437.083 1.5 -1.88081e-09
-13.0875 1.5 1 -1.74535e-09 0 -436.25 1.5 -2.61803e-09
-13.0625 1.5 1 -2.2444e-09 0 -435.417 1.5 -3.3666e-09
-13.0375 1.5 1 -2.59981e-09 0 -434.583 1.5 -3.89972e-09
-13.0125 1.5 1 -2.6811e-09 0 -433.75 1.5 -4.02166e-09
-12.9875 1.5 1 -2.44955e-09 0 -432.917 1.5 -3.67433e-09
-12.9625 1.5 1 -1.96581e-09 0 -432.083 1.5 -2.94871e-09
-12.9375 1.5 1 -1.38142e-09 0 -431.25 1.5 -2.07213e-09
-12.9125 1.5 1 -9.05407e-10 0 -430.417 1.5 -1.35811e-09
-12.8875 1.5 1 -7.48284e-10 0 -429.583 1.5 -1.12243e-09
-12.8625 1.5 1 -1.02731e-09 0 -428.75 1.5 -1.54097e-09
-12.8375 1.5 1 -1.72529e-09 0 -427.917 1.5 -2.58793e-09
-12.8125 1.5 1 -2.67949e-09 0 -427.083 1.5 -4.01923e-09
-12.7875 1.5 1 -3.63945e-09 0 -426.25 1.5 -5.45917e-09
-12.7625 1.5 1 -4.31432e-09 0 -425.417 1.5 -6.47148e-09
-12.7375 1.5 1 -4.46057e-09 0 -424.583 1.5 -6.69085e-09
-12.7125 1.5 1 -4.00137e-09 0 -423.75 1.5 -6.00206e-09
-12.6875 1.5 1 -3.04775e-09 0 -422.917 1.5 -4.57162e-09
-12.6625 1.5 1 -1.87835e-09 0 -422.083 1.5 -2.81753e-09
-12.6375 1.5 1 -8.73609e-10 0 -421.25 1.5 -1.31041e-09
-12.6125 1.5 1 -4.38312e-10 0 -420.417 1.5 -6.57468e-10
-12.5875 1.5 1 -8.09409e-10 0 -419.583 1.5 -1.21411e-09
-12.5625 1.5 1 -1.99216e-09 0 -418.75 1.5 -2.98824e-09
-12.5375 1.5 1 -3.72385e-09 0 -417.917 1.5 -5.58578e-09
-12.5125 1.5 1 -5.56888e-09 0 -417.083 1.5 -8.35333e-09
-12.4875 1.5 1 -7.00204e-09 0 -416.25 1.5 -1.05031e-08
-12.4625 1.5 1 -7.53047e-09 0 -415.417 1.5 -1.12957e-08
-12.4375 1.5 1 -6.94478e-09 0 -414.583 1.5 -1.04172e-08
-12.4125 1.5 1 -5.35702e-09 0 -413.75 1.5 -8.03553e-09
-12.3875 1.5 1 -3.19198e-09 0 -412.917 1.5 -4.78797e-09
-12.3625 1.5 1 -1.08097e-09 0 -412.083 1.5 -1.62146e-09
-12.3375 1.5 1 2.29348e-10 0 -411.25 1.5 3.44021e-10
-12.3125 1.5 1 2.01369e-10 0 -410.417 1.5 3.02053e-10
-12.2875 1.5 1 -1.33411e-09 0 -409.583 1.5 -2.00116e-09
-12.2625 1.5 1 -4.10148e-09 0 -408.75 1.5 -6.15222e-09
-12.2375 1.5 1 -7.44614e-09 0 -407.917 1.5 -1.11692e-08
-12.2125 1.5 1 -1.0496e-08 0 -407.083 1.5 -1.5744e-08
-12.1875 1.5 1 -1.23196e-08 0 -406.25 1.5 -1.84794e-08
-12.1625 1.5 1 -1.23142e-08 0 -405.417 1.5 -1.84713e-08
-12.1375 1.5 1 -1.03863e-08 0 -404.583 1.5 -1.55795e-08
-12.1125 1.5 1 -6.98197e-09 0 -403.75 1.5 -1.04729e-08
-12.0875 1.5 1 -3.01417e-09 0 -402.917 1.5 -4.52126e-09
-12.0625 1.5 1 3.57272e-10 0 -402.083 1.5 5.35909e-10
-12.0375 1.5 1 1.94859e-09 0 -401.25 1.5 2.92288e-09
-12.0125 1.5 1 1.09126e-09 0 -400.417 1.5 1.63689e-09
-11.9875 1.5 1 -2.24179e-09 0 -399.583 1.5 -3.36268e-09
-11.9625 1.5 1 -7.34442e-09 0 -398.75 1.5 -1.10166e-08
-11.9375 1.5 1 -1.30226e-08 0 -397.917 1.5 -1.95339e-08
-11.9125 1.5 1 -1.78295e-08 0 -397.083 1.5 -2.67442e-08
-11.8875 1.5 1 -2.03024e-08 0 -396.25 1.5 -3.04536e-08
-11.8625 1.5 1 -1.96752e-08 0 -395.417 1.5 -2.95127e-08
-11.8375 1.5 1 -1.60069e-08 0 -394.583 1.5 -2.40103e-08
-11.8125 1.5 1 -1.01602e-08 0 -393.75 1.5 -1.52402e-08
-11.7875 1.5 1 -3.63991e-09 0 -392.917 1.5 -5.45987e-09
-11.7625 1.5 1 1.71196e-09 0 -392.083 1.5 2.56795e-09
-11.7375 1.5 1 4.12596e-09 0 -391.25 1.5 6.18894e-09
-11.7125 1.5 1 2.66789e-09 0 -390.417 1.5 4.00183e-09
-11.6875 1.5 1 -2.61773e-09 0 -389.583 1.5 -3.92659e-09
-11.6625 1.5 1 -1.0613e-08 0 -388.75 1.5 -1.59195e-08
-11.6375 1.5 1 -1.95158e-08 0 -387.917 1.5 -2.92737e-08
-11.6125 1.5 1 -2.71875e-08 0 -387.083 1.5 -4.07813e-08
-11.5875 1.5 1 -3.14585e-08 0 -386.25 1.5 -4.71877e-08
-11.5625 1.5 1 -3.11489e-08 0 -385.417 1.5 -4.67233e-08
-11.5375 1.5 1 -2.62613e-08 0 -384.583 1.5 -3.93919e-08
-11.5125 1.5 1 -1.79191e-08 0 -383.75 1.5 -2.68786e-08
-11.4875 1.5 1 -8.19211e-09 0 -382.917 1.5 -1.22882e-08
-11.4625 1.5 1 4.0445e-10 0 -382.083 1.5 6.06675e-10
-11.4375 1.5 1 5.25143e-09 0 -381.25 1.5 7.87715e-09
-11.4125 1.5 1 4.81145e-09 0 -380.417 1.5 7.21717e-09
-11.3875 1.5 1 -1.14627e-09 0 -379.583 1.5 -1.7194e-09
-11.3625 1.5 1 -1.15025e-08 0 -378.75 1.5 -1.72537e-08
-11.3375 1.5 1 -2.40251e-08 0 -377.917 1.5 -3.60377e-08
-11.3125 1.5 1 -3.59256e-08 0 -377.083 1.5 -5.38883e-08
-11.2875 1.5 1 -4.42741e-08 0 -376.25 1.5 -6.64112e-08
-11.2625 1.5 1 -4.70084e-08 0 -375.417 1.5 -7.05126e-08
-11.2375 1.5 1 -4.34758e-08 0 -374.583 1.5 -6.52137e-08
-11.2125 1.5 1 -3.4531e-08 0 -373.75 1.5 -5.17964e-08
-11.1875 1.5 1 -2.23456e-08 0 -372.917 1.5 -3.35184e-08
-11.1625 1.5 1 -9.85181e-09 0 -372.083 1.5 -1.47777e-08
-11.1375 1.5 1 -3.3045e-10 0 -371.25 1.5 -4.95675e-10
-11.1125 1.5 1 3.57227e-09 0 -370.417 1.5 5.3584e-09
-11.0875 1.5 1 5.9422e-10 0 -369.583 1.5 8.9133e-10
-11.0625 1.5 1 -8.9201e-09 0 -368.75 1.5 -1.33802e-08
-11.0375 1.5 1 -2.29678e-08 0 -367.917 1.5 -3.44517e-08
-11.0125 1.5 1 -3.86686e-08 0 -367.083 1.5 -5.80029e-08
-10.9875 1.5 1 -5.27905e-08 0 -366.25 1.5 -7.91858e-08
-10.9625 1.5 1 -6.21324e-08 0 -365.417 1.5 -9.31986e-08
-10.9375 1.5 1 -6.47519e-08 0 -364.583 1.5 -9.71278e-08
-10.9125 1.5 1 -6.03413e-08 0 -363.75 1.5 -9.05119e-08
-10.8875 1.5 1 -5.01773e-08 0 -362.917 1.5 -7.52659e-08
-10.8625 1.5 1 -3.67846e-08 0 -362.083 1.5 -5.5177e-08
-10.8375 1.5 1 -2.33241e-08 0 -361.25 1.5 -3.49862e-08
-10.8125 1.5 1 -1.32005e-08 0 -360.417 1.5 -1.98008e-08
-10.7875 1.5 1 -8.96451e-09 0 -359.583 1.5 -1.34468e-08
-10.7625 1.5 1 -1.17441e-08 0 -358.75 1.5 -1.76161e-08
-10.7375 1.5 1 -2.11014e-08 0 -357.917 1.5 -3.16521e-08
-10.7125 1.5 1 -3.50745e-08 0 -357.083 1.5 -5.26118e-08
-10.6875 1.5 1 -5.09016e-08 0 -356.25 1.5 -7.63524e-08
-10.6625 1.5 1 -6.5658e-08 0 -355.417 1.5 -9.84869e-08
-10.6375 1.5 1 -7.66672e-08 0 -354.583 1.5 -1.15001e-07
-10.6125 1.5 1 -8.20629e-08 0 -353.75 1.5 -1.23094e-07
-10.5875 1.5 1 -8.15163e-08 0 -352.917 1.5 -1.22274e-07
-10.5625 1.5 1 -7.6049e-08 0 -352.083 1.5 -1.14073e-07
-10.5375 1.5 1 -6.74356e-08 0 -351.25 1.5 -1.01153e-07
-10.5125 1.5 1 -5.79509e-08 0 -350.417 1.5 -8.69263e-08
-10.4875 1.5 1 -4.99103e-08 0 -349.583 1.5 -7.48654e-08
-10.4625 1.5 1 -4.5201e-08 0 -348.75 1.5 -6.78015e-08
-10.4375 1.5 1 -4.46586e-08 0 -347.917 1.5 -6.69879e-08
-10.4125 1.5 1 -4.81539e-08 0 -347.083 1.5 -7.22308e-08
-10.3875 1.5 1 -5.48183e-08 0 -346.25 1.5 -8.22274e-08
-10.3625 1.5 1 -6.34014e-08 0 -345.417 1.5 -9.51021e-08
-10.3375 1.5 1 -7.26216e-08 0 -344.583 1.5 -1.08932e-07
-10.3125 1.5 1 -8.14913e-08 0 -343.75 1.5 -1.22237e-07
-10.2875 1.5 1 -8.9499e-08 0 -342.917 1.5 -1.34248e-07
-10.2625 1.5 1 -9.6558e-08 0 -342.083 1.5 -1.44837e-07
-10.2375 1.5 1 -1.02833e-07 0 -341.25 1.5 -1.54249e-07
-10.2125 1.5 1 -1.085e-07 0 -340.417 1.5 -1.6275e-07
-10.1875 1.5 1 -1.1356e-07 0 -339.583 1.5 -1.70341e-07
-10.1625 1.5 1 -1.17712e-07 0 -338.75 1.5 -1.76568e-07
-10.1375 1.5 1 -1.20321e-07 0 -337.917 1.5 -1.80481e-07
-10.1125 1.5 1 -1.20678e-07 0 -337.083 1.5 -1.81017e-07
-10.0875 1.5 1 -1.18263e-07 0 -336.25 1.5 -1.77394e-07
-10.0625 1.5 1 -1.1299e-07 0 -335.417 1.5 -1.69485e-07
-10.0375 1.5 1 -1.05618e-07 0 -334.583 1.5 -1.58427e-07
-10.0125 1.5 1 -9.77941e-08 0 -333.75 1.5 -1.46691e-07
-9.9875 1.5 1 -9.17777e-08 0 -332.917 1.5 -1.37667e-07
-9.9625 1.5 1 -9.00468e-08 0 -332.083 1.5 -1.3507e-07
-9.9375 1.5 1 -9.48263e-08 0 -331.25 1.5 -1.42239e-07
-9.9125 1.5 1 -1.07485e-07 0 -330.417 1.5 -1.61227e-07
-9.8875 1.5 1 -1.2786e-07 0 -329.583 1.5 -1.91789e-07
-9.8625 1.5 1 -1.54282e-07 0 -328.75 1.5 -2.31422e-07
-9.8375 1.5 1 -1.83693e-07 0 -327.917 1.5 -2.75539e-07
-9.8125 1.5 1 -2.12159e-07 0 -327.083 1.5 -3.18238e-07
-9.7875 1.5 1 -2.3516e-07 0 -326.25 1.5 -3.5274e-07
-9.7625 1.5 1 -2.48396e-07 0 -325.417 1.5 -3.72593e-07
-9.7375 1.5 1 -2.49269e-07 0 -324.583 1.5 -3.73904e-07
-9.7125 1.5 1 -2.37396e-07 0 -323.75 1.5 -3.56094e-07
-9.6875 1.5 1 -2.14543e-07 0 -322.917 1.5 -3.21815e-07
-9.6625 1.5 1 -1.84708e-07 0 -322.083 1.5 -2.77062e-07
-9.6375 1.5 1 -1.53658e-07 0 -321.25 1.5 -2.30487e-07
-9.6125 1.5 1 -1.28832e-07 0 -320.417 1.5 -1.93247e-07
-9.5875 1.5 1 -1.16567e-07 0 -319.583 1.5 -1.74851e-07
-9.5625 1.5 1 -1.21559e-07 0 -318.75 1.5 -1.82338e-07
-9.5375 1.5 1 -1.46007e-07 0 -317.917 1.5 -2.1901e-07
-9.5125 1.5 1 -1.88531e-07 0 -317.083 1.5 -2.82797e-07
-9.4875 1.5 1 -2.44709e-07 0 -316.25 1.5 -3.67063e-07
-9.4625 1.5 0.999999 -3.0752e-07 0 -315.417 1.5 -4.61279e-07
-9.4375 1.5 1 -3.68708e-07 0 -314.583 1.5 -5.53062e-07
-9.4125 1.5 1 -4.19391e-07 0 -313.75 1.5 -6.29087e-07
-9.3875 1.5 1 -4.51276e-07 0 -312.917 1.5 -6.76914e-07
-9.3625 1.5 1 -4.59406e-07 0 -312.083 1.5 -6.89108e-07
-9.3375 1.5 1 -4.42651e-07 0 -311.25 1.5 -6.63976e-07
-9.3125 1.5 1 -4.03694e-07 0 -310.417 1.5 -6.05541e-07
-9.2875 1.5 1 -3.48904e-07 0 -309.583 1.5 -5.23355e-07
-9.2625 1.5 1 -2.87605e-07 0 -308.75 1.5 -4.31407e-07
-9.2375 1.5 1 -2.31889e-07 0 -307.917 1.5 -3.47834e-07
-9.2125 1.5 1 -1.93528e-07 0 -307.083 1.5 -2.90292e-07
-9.1875 1.5 0.999999 -1.82013e-07 0 -306.25 1.5 -2.73019e-07
-9.1625 1.5 0.999999 -2.03353e-07 0 -305.417 1.5 -3.05029e-07
-9.1375 1.5 0.999999 -2.58647e-07 0 -304.583 1.5 -3.8797e-07
-9.1125 1.5 0.999999 -3.43146e-07 0 -303.75 1.5 -5.14719e-07
-9.0875 1.5 0.999999 -4.47755e-07 0 -302.917 1.5 -6.71633e-07
-9.0625 1.5 0.999999 -5.6026e-07 0 -302.083 1.5 -8.40389e-07
-9.0375 1.5 0.999999 -6.66927e-07 0 -301.25 1.5 -1.00039e-06
-9.0125 1.5 0.999999 -7.52882e-07 0 -300.417 1.5 -1.12932e-06
-8.9875 1.5 0.999999 -8.05573e-07 0 -299.583 1.5 -1.20836e-06
-8.9625 1.5 0.999999 -8.1765e-07 0 -298.75 1.5 -1.22647e-06
-8.9375 1.5 0.999999 -7.87936e-07 0 -297.917 1.5 -1.1819e-06
-8.9125 1.5 0.999999 -7.21123e-07 0 -297.083 1.5 -1.08168e-06
-8.8875 1.5 0.999999 -6.27475e-07 0 -296.25 1.5 -9.41212e-07
-8.8625 1.5 0.999999 -5.21726e-07 0 -295.417 1.5 -7.82589e-07
-8.8375 1.5 0.999999 -4.22994e-07 0 -294.583 1.5 -6.3449e-07
-8.8125 1.5 0.999999 -3.50595e-07 0 -293.75 1.5 -5.25892e-07
-8.7875 1.5 0.999999 -3.20408e-07 0 -292.917 1.5 -4.80612e-07
-8.7625 1.5 0.999999 -3.43319e-07 0 -292.083 1.5 -5.14979e-07
-8.7375 1.5 0.999999 -4.23195e-07 0 -291.25 1.5 -6.34793e-07
-8.7125 1.5 0.999999 -5.54533e-07 0 -290.417 1.5 -8.31798e-07
-8.6875 1.5 0.999998 -7.25207e-07 0 -289.583 1.5 -1.08781e-06
-8.6625 1.5 0.999998 -9.16754e-07 0 -288.75 1.5 -1.37513e-06
-8.6375 1.5 0.999998 -1.1075e-06 0 -287.917 1.5 -1.66125e-06
-8.6125 1.5 0.999998 -1.27481e-06 0 -287.083 1.5 -1.91222e-06
-8.5875 1.5 0.999999 -1.39495e-06 0 -286.25 1.5 -2.09243e-06
-8.5625 1.5 0.999999 -1.45275e-06 0 -285.417 1.5 -2.17912e-06
-8.5375 1.5 0.999999 -1.44159e-06 0 -284.583 1.5 -2.16238e-06
-8.5125 1.5 0.999999 -1.36438e-06 0 -283.75 1.5 -2.04657e-06
-8.4875 1.5 0.999999 -1.23272e-06 0 -282.917 1.5 -1.84908e-06
-8.4625 1.5 0.999999 -1.06662e-06 0 -282.083 1.5 -1.59992e-06
-8.4375 1.5 0.999999 -8.91962e-07 0 -281.25 1.5 -1.33794e-06
-8.4125 1.5 0.999999 -7.4194e-07 0 -280.417 1.5 -1.11291e-06
-8.3875 1.5 0.999999 -6.44315e-07 0 -279.583 1.5 -9.6647e-07
-8.3625 1.5 0.999998 -6.21204e-07 0 -278.75 1.49999 -9.31804e-07
-8.3375 1.5 0.999998 -6.86128e-07 0 -277.917 1.49999 -1.02919e-06
-8.3125 1.5 0.999998 -8.41092e-07 0 -277.083 1.49999 -1.26164e-06
-8.2875 1.5 0.999997 -1.07443e-06 0 -276.25 1.49999 -1.61165e-06
-8.2625 1.5 0.999997 -1.3641e-06 0 -275.417 1.49999 -2.04615e-06
-8.2375 1.5 0.999997 -1.67996e-06 0 -274.583 1.49999 -2.51994e-06
-8.2125 1.5 0.999997 -1.98897e-06 0 -273.75 1.49999 -2.98344e-06
-8.1875 1.5 0.999997 -2.25781e-06 0 -272.917 1.49999 -3.38671e-06
-8.1625 1.5 0.999997 -2.45201e-06 0 -272.083 1.49999 -3.67801e-06
-8.1375 1.5 0.999998 -2.55025e-06 0 -271.25 1.49999 -3.82536e-06
-8.1125 1.5 0.999998 -2.54412e-06 0 -270.417 1.49999 -3.81617e-06
-8.0875 1.5 0.999998 -2.43952e-06 0 -269.583 1.49999 -3.65927e-06
-8.0625 1.5 0.999998 -2.25319e-06 0 -268.75 1.49999 -3.37977e-06
-8.0375 1.5 0.999998 -2.01385e-06 0 -267.917 1.49999 -3.02076e-06
-8.0125 1.5 0.999998 -1.75813e-06 0 -267.083 1.49999 -2.63718e-06
-7.9875 1.5 0.999998 -1.53349e-06 0 -266.25 1.49999 -2.30022e-06
-7.9625 1.5 0.999997 -1.37979e-06 0 -265.417 1.49999 -2.06968e-06
-7.9375 1.5 0.999997 -1.32917e-06 0 -264.583 1.49999 -1.99375e-06
-7.9125 1.49999 0.999996 -1.4028e-06 0 -263.75 1.49999 -2.1042e-06
-7.8875 1.49999 0.999996 -1.60708e-06 0 -262.917 1.49999 -2.41061e-06
-7.8625 1.49999 0.999996 -1.92925e-06 0 -262.083 1.49999 -2.89387e-06
-7.8375 1.49999 0.999995 -2.34293e-06 0 -261.25 1.49999 -3.51438e-06
-7.8125 1.49999 0.999995 -2.80972e-06 0 -260.417 1.49999 -4.21456e-06
-7.7875 1.49999 0.999995 -3.28513e-06 0 -259.583 1.49999 -4.92768e-06
-7.7625 1.49999 0.999995 -3.72491e-06 0 -258.75 1.49999 -5.58735e-06
-7.7375 1.49999 0.999995 -4.08548e-06 0 -257.917 1.49999 -6.1282e-06
-7.7125 1.49999 0.999995 -4.33028e-06 0 -257.083 1.49999 -6.49539e-06
-7.6875 1.49999 0.999996 -4.44029e-06 0 -256.25 1.49999 -6.6604e-06
-7.6625 1.49999 0.999996 -4.41488e-06 0 -255.417 1.49999 -6.62229e-06
-7.6375 1.49999 0.999996 -4.2687e-06 0 -254.583 1.49999 -6.40301e-06
-7.6125 1.49999 0.999996 -4.02961e-06 0 -253.75 1.49999 -6.04438e-06
-7.5875 1.49999 0.999996 -3.73714e-06 0 -252.917 1.49999 -5.60567e-06
-7.5625 1.49999 0.999996 -3.4437e-06 0 -252.083 1.49998 -5.16553e-06
-7.5375 1.49999 0.999995 -3.20303e-06 0 -251.25 1.49998 -4.80452e-06
-7.5125 1.49999 0.999995 -3.0612e-06 0 -250.417 1.49998 -4.59177e-06
-7.4875 1.49999 0.999994 -3.05342e-06 0 -249.583 1.49998 -4.58011e-06
-7.4625 1.49999 0.999993 -3.20036e-06 0 -248.75 1.49998 -4.80052e-06
-7.4375 1.49999 0.999993 -3.50551e-06 0 -247.917 1.49998 -5.25822e-06
-7.4125 1.49999 0.999992 -3.95168e-06 0 -247.083 1.49998 -5.92748e-06
-7.3875 1.49999 0.999992 -4.50831e-06 0 -246.25 1.49998 -6.76241e-06
-7.3625 1.49999 0.999991 -5.13257e-06 0 -245.417 1.49998 -7.6988e-06
-7.3375 1.49999 0.999991 -5.77461e-06 0 -244.583 1.49998 -8.66185e-06
-7.3125 1.49999 0.999991 -6.38453e-06 0 -243.75 1.49997 -9.57672e-06
-7.2875 1.49999 0.999991 -6.91915e-06 0 -242.917 1.49997 -1.03786e-05
-7.2625 1.49999 0.999991 -7.34159e-06 0 -242.083 1.49997 -1.10123e-05
-7.2375 1.49999 0.999991 -7.62524e-06 0 -241.25 1.49997 -1.14378e-05
-7.2125 1.49999 0.999991 -7.76421e-06 0 -240.417 1.49997 -1.16462e-05
-7.1875 1.49999 0.999992 -7.77028e-06 0 -239.583 1.49997 -1.16553e-05
-7.1625 1.49999 0.999991 -7.66591e-06 0 -238.75 1.49997 -1.14987e-05
-7.1375 1.49998 0.999991 -7.48449e-06 0 -237.917 1.49997 -1.12266e-05
-7.1125 1.49998 0.999991 -7.27747e-06 0 -237.083 1.49997 -1.09161e-05
-7.0875 1.49998 0.99999 -7.09549e-06 0 -236.25 1.49997 -1.06431e-05
-7.0625 1.49998 0.99999 -6.98615e-06 0 -235.417 1.49997 -1.04791e-05
-7.0375 1.49998 0.999989 -6.98934e-06 0 -234.583 1.49997 -1.04839e-05
-7.0125 1.49998 0.999988 -7.13371e-06 0 -233.75 1.49996 -1.07004e-05
-6.9875 1.49998 0.999987 -7.43472e-06 0 -232.917 1.49996 -1.11519e-05
-6.9625 1.49998 0.999986 -7.88949e-06 0 -232.083 1.49996 -1.18341e-05
-6.9375 1.49998 0.999986 -8.47973e-06 0 -231.25 1.49996 -1.27194e-05
-6.9125 1.49998 0.999985 -9.17646e-06 0 -230.417 1.49996 -1.37645e-05
-6.8875 1.49998 0.999984 -9.94181e-06 0 -229.583 1.49996 -1.49125e-05
-6.8625 1.49998 0.999984 -1.07334e-05 0 -228.75 1.49995 -1.60999e-05
-6.8375 1.49998 0.999983 -1.15094e-05 0 -227.917 1.49995 -1.72638e-05
-6.8125 1.49998 0.999983 -1.22324e-05 0 -227.083 1.49995 -1.83483e-05
-6.7875 1.49998 0.999983 -1.28731e-05 0 -226.25 1.49995 -1.93094e-05
-6.7625 1.49997 0.999983 -1.34128e-05 0 -225.417 1.49995 -2.01189e-05
-6.7375 1.49997 0.999982 -1.38443e-05 0 -224.583 1.49995 -2.07661e-05
-6.7125 1.49997 0.999982 -1.41726e-05 0 -223.75 1.49995 -2.12584e-05
-6.6875 1.49997 0.999982 -1.44152e-05 0 -222.917 1.49994 -2.16224e-05
-6.6625 1.49997 0.999981 -1.45992e-05 0 -222.083 1.49994 -2.18984e-05
-6.6375 1.49997 0.999981 -1.47575e-05 0 -221.25 1.49994 -2.21358e-05
-6.6125 1.49997 0.99998 -1.49258e-05 0 -220.417 1.49994 -2.23882e-05
-6.5875 1.49997 0.999979 -1.51394e-05 0 -219.583 1.49994 -2.27086e-05
-6.5625 1.49997 0.999978 -1.54291e-05 0 -218.75 1.49993 -2.31431e-05
-6.5375 1.49996 0.999977 -1.58182e-05 0 -217.917 1.49993 -2.37268e-05
-6.5125 1.49996 0.999976 -1.6321e-05 0 -217.083 1.49993 -2.44808e-05
-6.4875 1.49996 0.999975 -1.69414e-05 0 -216.25 1.49992 -2.54115e-05
-6.4625 1.49996 0.999973 -1.76737e-05 0 -215.417 1.49992 -2.65099e-05
-6.4375 1.49996 0.999972 -1.8503e-05 0 -214.583 1.49992 -2.77537e-05
-6.4125 1.49996 0.999971 -1.94088e-05 0 -213.75 1.49991 -2.91124e-05
-6.3875 1.49996 0.99997 -2.03674e-05 0 -212.917 1.49991 -3.05502e-05
-6.3625 1.49995 0.999969 -2.13539e-05 0 -212.083 1.49991 -3.20299e-05
-6.3375 1.49995 0.999968 -2.23452e-05 0 -211.25 1.49991 -3.35168e-05
-6.3125 1.49995 0.999967 -2.33224e-05 0 -210.417 1.4999 -3.49824e-05
-6.2875 1.49995 0.999966 -2.4272e-05 0 -209.583 1.4999 -3.64068e-05
-6.2625 1.49995 0.999965 -2.5187e-05 0 -208.75 1.4999 -3.77791e-05
-6.2375 1.49995 0.999964 -2.60679e-05 0 -207.917 1.49989 -3.91005e-05
-6.2125 1.49994 0.999963 -2.69227e-05 0 -207.083 1.49989 -4.03825e-05
-6.1875 1.49994 0.999962 -2.77647e-05 0 -206.25 1.49988 -4.16454e-05
-6.1625 1.49994 0.99996 -2.86116e-05 0 -205.417 1.49988 -4.29157e-05
-6.1375 1.49994 0.999959 -2.94837e-05 0 -204.583 1.49988 -4.42236e-05
-6.1125 1.49994 0.999957 -3.0401e-05 0 -203.75 1.49987 -4.55996e-05
-6.0875 1.49993 0.999956 -3.13821e-05 0 -202.917 1.49987 -4.7071e-05
-6.0625 1.49993 0.999954 -3.24413e-05 0 -202.083 1.49986 -4.86597e-05
-6.0375 1.49993 0.999952 -3.35884e-05 0 -201.25 1.49986 -5.03802e-05
-6.0125 1.49993 0.99995 -3.48273e-05 0 -200.417 1.49985 -5.22384e-05
-5.9875 1.49992 0.999948 -3.61562e-05 0 -199.583 1.49985 -5.42316e-05
-5.9625 1.49992 0.999947 -3.7568e-05 0 -198.75 1.49984 -5.6349e-05
-5.9375 1.49992 0.999945 -3.90513e-05 0 -197.917 1.49983 -5.85738e-05
-5.9125 1.49991 0.999943 -4.0592e-05 0 -197.083 1.49983 -6.08845e-05
-5.8875 1.49991 0.999941 -4.21746e-05 0 -196.25 1.49982 -6.32582e-05
-5.8625 1.49991 0.999939 -4.37844e-05 0 -195.417 1.49982 -6.56726e-05
-5.8375 1.4999 0.999937 -4.54088e-05 0 -194.583 1.49981 -6.81088e-05
-5.8125 1.4999 0.999934 -4.70388e-05 0 -193.75 1.4998 -7.05535e-05
-5.7875 1.4999 0.999932 -4.86703e-05 0 -192.917 1.4998 -7.30004e-05
-5.7625 1.49989 0.99993 -5.03046e-05 0 -192.083 1.49979 -7.54515e-05
-5.7375 1.49989 0.999928 -5.19484e-05 0 -191.25 1.49978 -7.79169e-05
-5.7125 1.49989 0.999925 -5.36136e-05 0 -190.417 1.49977 -8.04144e-05
-5.6875 1.49988 0.999922 -5.53166e-05 0 -189.583 1.49977 -8.29684e-05
-5.6625 1.49988 0.99992 -5.70769e-05 0 -188.75 1.49976 -8.56084e-05
-5.6375 1.49987 0.999916 -5.89158e-05 0 -187.917 1.49975 -8.83663e-05
-5.6125 1.49987 0.999913 -6.08553e-05 0 -187.083 1.49974 -9.1275e-05
-5.5875 1.49986 0.99991 -6.2916e-05 0 -186.25 1.49973 -9.43655e-05
-5.5625 1.49986 0.999906 -6.51162e-05 0 -185.417 1.49972 -9.76651e-05
-5.5375 1.49985 0.999903 -6.74703e-05 0 -184.583 1.49971 -0.000101196
-5.5125 1.49985 0.999899 -6.99884e-05 0 -183.75 1.4997 -0.000104972
-5.4875 1.49984 0.999895 -7.26753e-05 0 -182.917 1.49969 -0.000109002
-5.4625 1.49984 0.999891 -7.55306e-05 0 -182.083 1.49968 -0.000113284
-5.4375 1.49983 0.999887 -7.85487e-05 0 -181.25 1.49966 -0.00011781
-5.4125 1.49983 0.999883 -8.17198e-05 0 -180.417 1.49965 -0.000122566
-5.3875 1.49982 0.999878 -8.50303e-05 0 -179.583 1.49964 -0.00012753
-5.3625 1.49981 0.999874 -8.84639e-05 0 -178.75 1.49963 -0.000132679
-5.3375 1.49981 0.99987 -9.20034e-05 0 -177.917 1.49961 -0.000137987
-5.3125 1.4998 0.999865 -9.56308e-05 0 -177.083 1.4996 -0.000143427
-5.2875 1.49979 0.999861 -9.93297e-05 0 -176.25 1.49958 -0.000148974
-5.2625 1.49979 0.999856 -0.000103086 0 -175.417 1.49957 -0.000154606
-5.2375 1.49978 0.999852 -0.000106888 0 -174.583 1.49955 -0.000160307
-5.2125 1.49977 0.999847 -0.000110728 0 -173.75 1.49954 -0.000166067
-5.1875 1.49976 0.999842 -0.000114606 0 -172.917 1.49952 -0.000171881
-5.1625 1.49975 0.999836 -0.000118522 0 -172.083 1.49951 -0.000177754
-5.1375 1.49974 0.999831 -0.000122486 0 -171.25 1.49949 -0.000183697
-5.1125 1.49973 0.999825 -0.000126509 0 -170.417 1.49947 -0.000189729
-5.0875 1.49972 0.999819 -0.000130608 0 -169.583 1.49945 -0.000195875
-5.0625 1.49971 0.999813 -0.000134804 0 -168.75 1.49943 -0.000202168
-5.0375 1.4997 0.999806 -0.000139123 0 -167.917 1.49941 -0.000208643
-5.0125 1.49969 0.999799 -0.00014359 0 -167.083 1.49939 -0.000215341
-4.9875 1.49968 0.999791 -0.000148235 0 -166.25 1.49937 -0.000222305
-4.9625 1.49967 0.999784 -0.000153088 0 -165.417 1.49935 -0.000229581
-4.9375 1.49966 0.999775 -0.000158177 0 -164.583 1.49932 -0.000237212
-4.9125 1.49965 0.999767 -0.000163533 0 -163.75 1.4993 -0.000245242
-4.8875 1.49963 0.999758 -0.000169182 0 -162.917 1.49927 -0.000253711
-4.8625 1.49962 0.999748 -0.000175148 0 -162.083 1.49924 -0.000262656
-4.8375 1.49961 0.999739 -0.000181453 0 -161.25 1.49922 -0.000272109
-4.8125 1.49959 0.999729 -0.000188115 0 -160.417 1.49919 -0.000282096
-4.7875 1.49958 0.999718 -0.000195147 0 -159.583 1.49916 -0.000292638
-4.7625 1.49957 0.999707 -0.000202558 0 -158.75 1.49913 -0.000303749
-4.7375 1.49955 0.999696 -0.000210353 0 -157.917 1.49909 -0.000315435
-4.7125 1.49953 0.999685 -0.000218532 0 -157.083 1.49906 -0.000327696
-4.6875 1.49952 0.999673 -0.00022709 0 -156.25 1.49903 -0.000340526
-4.6625 1.4995 0.999661 -0.000236019 0 -155.417 1.49899 -0.000353911
-4.6375 1.49948 0.999649 -0.000245306 0 -154.583 1.49896 -0.000367832
-4.6125 1.49946 0.999637 -0.000254936 0 -153.75 1.49892 -0.000382267
-4.5875 1.49944 0.999624 -0.00026489 0 -152.917 1.49888 -0.000397188
-4.5625 1.49942 0.999611 -0.000275151 0 -152.083 1.49884 -0.000412568
-4.5375 1.4994 0.999598 -0.000285699 0 -151.25 1.4988 -0.000428377
-4.5125 1.49938 0.999584 -0.000296514 0 -150.417 1.49876 -0.000444588
-4.4875 1.49936 0.99957 -0.000307581 0 -149.583 1.49871 -0.000461175
-4.4625 1.49933 0.999555 -0.000318886 0 -148.75 1.49867 -0.000478117
-4.4375 1.49931 0.999541 -0.000330419 0 -147.917 1.49862 -0.000495401
-4.4125 1.49929 0.999525 -0.000342176 0 -147.083 1.49857 -0.00051302
-4.3875 1.49926 0.999509 -0.000354159 0 -146.25 1.49852 -0.000530976
-4.3625 1.49923 0.999492 -0.000366377 0 -145.417 1.49847 -0.000549285
-4.3375 1.4992 0.999475 -0.000378847 0 -144.583 1.49842 -0.000567969
-4.3125 1.49918 0.999457 -0.000391593 0 -143.75 1.49836 -0.000587067
-4.2875 1.49915 0.999438 -0.000404648 0 -142.917 1.4983 -0.000606625
-4.2625 1.49911 0.999418 -0.00041805 0 -142.083 1.49824 -0.000626705
-4.2375 1.49908 0.999397 -0.000431847 0 -141.25 1.49818 -0.000647375
-4.2125 1.49905 0.999376 -0.000446094 0 -140.417 1.49811 -0.000668717
-4.1875 1.49902 0.999353 -0.000460848 0 -139.583 1.49805 -0.000690818
-4.1625 1.49898 0.999329 -0.000476173 0 -138.75 1.49798 -0.000713775
-4.1375 1.49894 0.999304 -0.000492136 0 -137.917 1.4979 -0.000737685
-4.1125 1.49891 0.999278 -0.000508804 0 -137.083 1.49782 -0.00076265
-4.0875 1.49887 0.999251 -0.000526243 0 -136.25 1.49775 -0.000788769
-4.0625 1.49883 0.999222 -0.000544517 0 -135.417 1.49766 -0.000816138
-4.0375 1.49879 0.999193 -0.000563688 0 -134.583 1.49758 -0.000844848
-4.0125 1.49874 0.999162 -0.00058381 0 -133.75 1.49749 -0.000874982
-3.9875 1.4987 0.99913 -0.000604934 0 -132.917 1.4974 -0.000906615
-3.9625 1.49865 0.999098 -0.000627102 0 -132.083 1.4973 -0.000939808
-3.9375 1.49861 0.999064 -0.000650347 0 -131.25 1.4972 -0.000974613
-3.9125 1.49856 0.999028 -0.000674694 0 -130.417 1.4971 -0.00101107
-3.8875 1.4985 0.998992 -0.000700159 0 -129.583 1.49699 -0.00104919
-3.8625 1.49845 0.998955 -0.000726751 0 -128.75 1.49689 -0.001089
-3.8375 1.4984 0.998917 -0.000754469 0 -127.917 1.49677 -0.00113049
-3.8125 1.49834 0.998877 -0.000783306 0 -127.083 1.49666 -0.00117366
-3.7875 1.49828 0.998837 -0.000813251 0 -126.25 1.49654 -0.00121848
-3.7625 1.49822 0.998795 -0.000844288 0 -125.417 1.49641 -0.00126493
-3.7375 1.49815 0.998753 -0.000876397 0 -124.583 1.49628 -0.00131298
-3.7125 1.49808 0.998709 -0.000909561 0 -123.75 1.49615 -0.0013626
-3.6875 1.49802 0.998663 -0.00094376 0 -122.917 1.49601 -0.00141377
-3.6625 1.49794 0.998617 -0.00097898 0 -122.083 1.49587 -0.00146646
-3.6375 1.49787 0.998569 -0.00101521 0 -121.25 1.49573 -0.00152065
-3.6125 1.49779 0.998519 -0.00105245 0 -120.417 1.49557 -0.00157636
-3.5875 1.49771 0.998468 -0.00109071 0 -119.583 1.49542 -0.00163357
-3.5625 1.49763 0.998415 -0.00113 0 -118.75 1.49526 -0.00169232
-3.5375 1.49754 0.998361 -0.00117034 0 -117.917 1.49509 -0.00175264
-3.5125 1.49745 0.998304 -0.00121179 0 -117.083 1.49491 -0.00181459
-3.4875 1.49736 0.998245 -0.00125437 0 -116.25 1.49473 -0.00187825
-3.4625 1.49727 0.998184 -0.00129816 0 -115.417 1.49455 -0.0019437
-3.4375 1.49717 0.99812 -0.00134323 0 -114.583 1.49435 -0.00201105
-3.4125 1.49706 0.998054 -0.00138967 0 -113.75 1.49415 -0.00208042
-3.3875 1.49696 0.997985 -0.00143756 0 -112.917 1.49394 -0.00215196
-3.3625 1.49685 0.997913 -0.00148701 0 -112.083 1.49373 -0.00222582
-3.3375 1.49674 0.997839 -0.00153813 0 -111.25 1.4935 -0.00230217
-3.3125 1.49662 0.997761 -0.00159104 0 -110.417 1.49327 -0.00238118
-3.2875 1.4965 0.99768 -0.00164586 0 -109.583 1.49303 -0.00246302
-3.2625 1.49637 0.997596 -0.00170271 0 -108.75 1.49278 -0.00254789
-3.2375 1.49624 0.997508 -0.00176173 0 -107.917 1.49252 -0.00263598
-3.2125 1.49611 0.997417 -0.00182304 0 -107.083 1.49225 -0.00272746
-3.1875 1.49597 0.997323 -0.00188676 0 -106.25 1.49197 -0.00282254
-3.1625 1.49583 0.997224 -0.00195302 0 -105.417 1.49168 -0.00292138
-3.1375 1.49568 0.997123 -0.00202194 0 -104.583 1.49138 -0.00302418
-3.1125 1.49553 0.997017 -0.00209364 0 -103.75 1.49106 -0.00313109
-3.0875 1.49537 0.996907 -0.00216822 0 -102.917 1.49074 -0.00324228
-3.0625 1.4952 0.996794 -0.00224579 0 -102.083 1.49041 -0.00335791
-3.0375 1.49503 0.996676 -0.00232646 0 -101.25 1.49006 -0.00347813
-3.0125 1.49485 0.996555 -0.00241031 0 -100.417 1.4897 -0.00360306
-2.9875 1.49467 0.996429 -0.00249743 0 -99.5833 1.48933 -0.00373284
-2.9625 1.49448 0.996299 -0.00258792 0 -98.75 1.48895 -0.0038676
-2.9375 1.49428 0.996164 -0.00268186 0 -97.9167 1.48855 -0.00400745
-2.9125 1.49408 0.996025 -0.00277931 0 -97.0833 1.48814 -0.00415252
-2.8875 1.49387 0.995881 -0.00288038 0 -96.25 1.48772 -0.0043029
-2.8625 1.49365 0.995733 -0.00298512 0 -95.4167 1.48728 -0.00445873
-2.8375 1.49342 0.995579 -0.00309363 0 -94.5833 1.48682 -0.0046201
-2.8125 1.49319 0.99542 -0.00320598 0 -93.75 1.48635 -0.00478713
-2.7875 1.49294 0.995256 -0.00332226 0 -92.9167 1.48586 -0.00495996
-2.7625 1.49269 0.995086 -0.00344257 0 -92.0833 1.48536 -0.0051387
-2.7375 1.49243 0.994911 -0.003567 0 -91.25 1.48484 -0.00532349
-2.7125 1.49216 0.994729 -0.00369565 0 -90.4167 1.4843 -0.0055145
-2.6875 1.49188 0.994541 -0.00382863 0 -89.5833 1.48374 -0.00571186
-2.6625 1.49159 0.994347 -0.00396608 0 -88.75 1.48316 -0.00591576
-2.6375 1.49129 0.994146 -0.00410812 0 -87.9167 1.48256 -0.00612639
-2.6125 1.49098 0.993938 -0.00425489 0 -87.0833 1.48194 -0.00634394
-2.5875 1.49065 0.993722 -0.00440654 0 -86.25 1.4813 -0.00656863
-2.5625 1.49032 0.993499 -0.00456325 0 -85.4167 1.48063 -0.00680071
-2.5375 1.48997 0.993268 -0.00472518 0 -84.5833 1.47994 -0.0070404
-2.5125 1.48962 0.993029 -0.00489253 0 -83.75 1.47923 -0.007288
-2.4875 1.48925 0.99278 -0.00506549 0 -82.9167 1.47849 -0.00754376
-2.4625 1.48886 0.992523 -0.00524426 0 -82.0833 1.47773 -0.00780798
-2.4375 1.48847 0.992257 -0.00542907 0 -81.25 1.47694 -0.00808098
-2.4125 1.48805 0.991981 -0.00562014 0 -80.4167 1.47612 -0.00836308
-2.3875 1.48763 0.991694 -0.00581772 0 -79.5833 1.47527 -0.00865462
-2.3625 1.48719 0.991398 -0.00602205 0 -78.75 1.4744 -0.00895594
-2.3375 1.48673 0.99109 -0.0062334 0 -77.9167 1.47349 -0.00926741
-2.3125 1.48626 0.990772 -0.00645201 0 -77.0833 1.47255 -0.00958939
-2.2875 1.48578 0.990441 -0.00667818 0 -76.25 1.47157 -0.00992227
-2.2625 1.48527 0.990099 -0.00691216 0 -75.4167 1.47057 -0.0102664
-2.2375 1.48475 0.989744 -0.00715425 0 -74.5833 1.46952 -0.0106223
-2.2125 1.48421 0.989377 -0.00740475 0 -73.75 1.46844 -0.0109902
-2.1875 1.48365 0.988996 -0.00766395 0 -72.9167 1.46733 -0.0113706
-2.1625 1.48307 0.988602 -0.00793216 0 -72.0833 1.46617 -0.011764
-2.1375 1.48248 0.988193 -0.00820968 0 -71.25 1.46497 -0.0121707
-2.1125 1.48186 0.98777 -0.00849684 0 -70.4167 1.46373 -0.0125911
-2.0875 1.48122 0.987331 -0.00879395 0 -69.5833 1.46245 -0.0130257
-2.0625 1.48056 0.986877 -0.00910134 0 -68.75 1.46113 -0.013475
-2.0375 1.47987 0.986407 -0.00941933 0 -67.9167 1.45975 -0.0139394
-2.0125 1.47916 0.98592 -0.00974828 0 -67.0833 1.45834 -0.0144193
-1.9875 1.47843 0.985416 -0.0100885 0 -66.25 1.45687 -0.0149152
-1.9625 1.47767 0.984894 -0.0104404 0 -65.4167 1.45535 -0.0154275
-1.9375 1.47689 0.984353 -0.0108043 0 -64.5833 1.45378 -0.0159568
-1.9125 1.47608 0.983794 -0.0111806 0 -63.75 1.45216 -0.0165034
-1.8875 1.47524 0.983215 -0.0115696 0 -62.9167 1.45048 -0.0170679
-1.8625 1.47437 0.982615 -0.0119717 0 -62.0833 1.44874 -0.0176507
-1.8375 1.47347 0.981994 -0.0123873 0 -61.25 1.44694 -0.0182523
-1.8125 1.47255 0.981352 -0.0128168 0 -60.4167 1.44509 -0.0188733
-1.7875 1.47159 0.980686 -0.0132606 0 -59.5833 1.44317 -0.0195141
-1.7625 1.4706 0.979998 -0.0137191 0 -58.75 1.44118 -0.0201752
-1.7375 1.46957 0.979286 -0.0141927 0 -57.9167 1.43913 -0.0208572
-1.7125 1.46851 0.978548 -0.0146819 0 -57.0833 1.43701 -0.0215606
-1.6875 1.46742 0.977785 -0.0151871 0 -56.25 1.43482 -0.0222858
-1.6625 1.46628 0.976995 -0.0157087 0 -55.4167 1.43255 -0.0230334
-1.6375 1.46511 0.976178 -0.0162472 0 -54.5833 1.43021 -0.0238041
-1.6125 1.46391 0.975332 -0.0168031 0 -53.75 1.42779 -0.0245982
-1.5875 1.46266 0.974456 -0.0173768 0 -52.9167 1.42529 -0.0254163
-1.5625 1.46136 0.97355 -0.0179689 0 -52.0833 1.42271 -0.0262591
-1.5375 1.46003 0.972612 -0.0185797 0 -51.25 1.42004 -0.027127
-1.5125 1.45865 0.971642 -0.0192099 0 -50.4167 1.41729 -0.0280205
-1.4875 1.45723 0.970638 -0.0198598 0 -49.5833 1.41444 -0.0289403
-1.4625 1.45576 0.969599 -0.0205301 0 -48.75 1.41151 -0.0298869
-1.4375 1.45424 0.968524 -0.0212212 0 -47.9167 1.40847 -0.0308608
-1.4125 1.45268 0.967412 -0.0219337 0 -47.0833 1.40534 -0.0318626
-1.3875 1.45106 0.966262 -0.0226681 0 -46.25 1.4021 -0.0328927
-1.3625 1.44939 0.965071 -0.0234249 0 -45.4167 1.39876 -0.0339518
-1.3375 1.44767 0.963839 -0.0242047 0 -44.5833 1.39532 -0.0350403
-1.3125 1.44589 0.962565 -0.0250079 0 -43.75 1.39176 -0.0361587
-1.2875 1.44405 0.961247 -0.0258352 0 -42.9167 1.38809 -0.0373074
-1.2625 1.44216 0.959884 -0.0266871 0 -42.0833 1.3843 -0.038487
-1.2375 1.44021 0.958474 -0.027564 0 -41.25 1.3804 -0.0396979
-1.2125 1.43819 0.957015 -0.0284666 0 -40.4167 1.37637 -0.0409405
-1.1875 1.43611 0.955507 -0.0293954 0 -39.5833 1.37222 -0.0422151
-1.1625 1.43397 0.953947 -0.0303508 0 -38.75 1.36793 -0.0435221
-1.1375 1.43176 0.952334 -0.0313333 0 -37.9167 1.36352 -0.0448619
-1.1125 1.42949 0.950666 -0.0323436 0 -37.0833 1.35897 -0.0462347
-1.0875 1.42714 0.948942 -0.0333819 0 -36.25 1.35428 -0.0476407
-1.0625 1.42473 0.947159 -0.0344488 0 -35.4167 1.34944 -0.0490802
-1.0375 1.42224 0.945317 -0.0355448 0 -34.5833 1.34446 -0.0505531
-1.0125 1.41967 0.943412 -0.0366702 0 -33.75 1.33934 -0.0520597
-0.9875 1.41703 0.941443 -0.0378254 0 -32.9167 1.33406 -0.0535998
-0.9625 1.41432 0.939409 -0.0390108 0 -32.0833 1.32862 -0.0551736
-0.9375 1.41152 0.937307 -0.0402267 0 -31.25 1.32303 -0.0567808
-0.9125 1.40864 0.935135 -0.0414734 0 -30.4167 1.31727 -0.0584212
-0.8875 1.40568 0.932891 -0.0427512 0 -29.5833 1.31135 -0.0600945
-0.8625 1.40263 0.930573 -0.0440601 0 -28.75 1.30525 -0.0618002
-0.8375 1.3995 0.928179 -0.0454004 0 -27.9167 1.29899 -0.0635381
-0.8125 1.39628 0.925707 -0.0467722 0 -27.0833 1.29255 -0.0653073
-0.7875 1.39298 0.923155 -0.0481754 0 -26.25 1.28593 -0.0671073
-0.7625 1.38958 0.920519 -0.0496101 0 -25.4167 1.27913 -0.0689371
-0.7375 1.38609 0.917799 -0.0510761 0 -24.5833 1.27215 -0.0707959
-0.7125 1.3825 0.914991 -0.0525731 0 -23.75 1.26498 -0.0726826
-0.6875 1.37883 0.912094 -0.054101 0 -22.9167 1.25762 -0.0745958
-0.6625 1.37505 0.909105 -0.0556592 0 -22.0833 1.25007 -0.0765343
-0.6375 1.37118 0.906021 -0.0572473 0 -21.25 1.24232 -0.0784964
-0.6125 1.36721 0.90284 -0.0588648 0 -20.4167 1.23437 -0.0804806
-0.5875 1.36314 0.899561 -0.0605109 0 -19.5833 1.22623 -0.0824849
-0.5625 1.35897 0.89618 -0.0621848 0 -18.75 1.21788 -0.0845074
-0.5375 1.3547 0.892695 -0.0638856 0 -17.9167 1.20933 -0.0865458
-0.5125 1.35033 0.889103 -0.0656121 0 -17.0833 1.20058 -0.0885977
-0.4875 1.34585 0.885403 -0.0673631 0 -16.25 1.19162 -0.0906606
-0.4625 1.34127 0.881592 -0.0691372 0 -15.4167 1.18245 -0.0927315
-0.4375 1.33658 0.877667 -0.0709328 0 -14.5833 1.17308 -0.0948076
-0.4125 1.33179 0.873627 -0.0727483 0 -13.75 1.16349 -0.0968857
-0.3875 1.3269 0.869469 -0.0745817 0 -12.9167 1.1537 -0.0989623
-0.3625 1.3219 0.86519 -0.076431 0 -12.0833 1.14369 -0.101034
-0.3375 1.31679 0.86079 -0.078294 0 -11.25 1.13348 -0.103097
-0.3125 1.31158 0.856265 -0.0801681 0 -10.4167 1.12306 -0.105147
-0.2875 1.30626 0.851615 -0.0820506 0 -9.58333 1.11243 -0.10718
-0.2625 1.30085 0.846836 -0.0839385 0 -8.75 1.1016 -0.109191
-0.2375 1.29533 0.841928 -0.0858286 0 -7.91667 1.09057 -0.111176
-0.2125 1.28971 0.836889 -0.0877174 0 -7.08333 1.07934 -0.11313
-0.1875 1.28399 0.831718 -0.0896011 0 -6.25 1.06792 -0.115047
-0.1625 1.27818 0.826413 -0.0914756 0 -5.41667 1.0563 -0.116922
-0.1375 1.27227 0.820973 -0.0933364 0 -4.58333 1.0445 -0.118749
-0.1125 1.26628 0.815398 -0.0951788 0 -3.75 1.03252 -0.120523
-0.0875 1.2602 0.809687 -0.0969976 0 -2.91667 1.02036 -0.122236
-0.0625 1.25403 0.803841 -0.0987877 0 -2.08333 1.00804 -0.123883
-0.0375 1.24778 0.797859 -0.100543 0 -1.25 0.995554 -0.125456
-0.0125 1.24146 0.791742 -0.102258 0 -0.416667 0.982913 -0.126949
0.0125 1.23506 0.785491 -0.103927 0 0.416667 0.970127 -0.128355
0.0375 1.22859 0.779107 -0.105541 0 1.25 0.957205 -0.129667
0.0625 1.22206 0.772592 -0.107096 0 2.08333 0.944157 -0.130878
0.0875 1.21548 0.765948 -0.108583 0 2.91667 0.930993 -0.13198
0.1125 1.20884 0.759179 -0.109995 0 3.75 0.917724 -0.132966
0.1375 1.20215 0.752286 -0.111324 0 4.58333 0.904361 -0.133828
0.1625 1.19542 0.745274 -0.112561 0 5.41667 0.890914 -0.134558
0.1875 1.18865 0.738148 -0.1137 0 6.25 0.877396 -0.135149
0.2125 1.18185 0.730912 -0.114731 0 7.08333 0.863826 -0.135595
0.2375 1.17504 0.723573 -0.115647 0 7.91667 0.850228 -0.13589
0.2625 1.16825 0.716136 -0.116435 0 8.75 0.836625 -0.136025
0.2875 1.16147 0.70861 -0.117087 0 9.58333 0.823025 -0.135992
0.3125 1.15469 0.701002 -0.117593 0 10.4167 0.809441 -0.135783
0.3375 1.14793 0.693321 -0.117943 0 11.25 0.795886 -0.13539
0.3625 1.14119 0.685578 -0.118128 0 12.0833 0.782376 -0.134807
0.3875 1.13448 0.677784 -0.11814 0 12.9167 0.768934 -0.134028
0.4125 1.12781 0.669954 -0.117969 0 13.75 0.755583 -0.133047
0.4375 1.12119 0.662096 -0.117608 0 14.5833 0.742338 -0.131861
0.4625 1.11463 0.654223 -0.117047 0 15.4167 0.729219 -0.130465
0.4875 1.10815 0.646348 -0.116279 0 16.25 0.716249 -0.128855
0.5125 1.10175 0.638486 -0.115295 0 17.0833 0.70345 -0.127026
0.5375 1.09544 0.630655 -0.114088 0 17.9167 0.690845 -0.124976
0.5625 1.08924 0.622869 -0.11265 0 18.75 0.678456 -0.122703
0.5875 1.08317 0.615146 -0.110976 0 19.5833 0.666305 -0.120206
0.6125 1.07722 0.607506 -0.10906 0 20.4167 0.654416 -0.117482
0.6375 1.07141 0.599965 -0.106898 0 21.25 0.642809 -0.114532
0.6625 1.06576 0.592545 -0.104486 0 22.0833 0.63151 -0.111357
0.6875 1.06027 0.585265 -0.101822 0 22.9167 0.620539 -0.107959
0.7125 1.05496 0.578146 -0.0989034 0 23.75 0.609919 -0.104339
0.7375 1.04983 0.571209 -0.0957307 0 24.5833 0.599672 -0.100501
0.7625 1.0449 0.564476 -0.0923046 0 25.4167 0.589821 -0.0964491
0.7875 1.04018 0.557966 -0.0886275 0 26.25 0.580385 -0.0921885
0.8125 1.03568 0.551703 -0.0847031 0 27.0833 0.571385 -0.087725
0.8375 1.0314 0.545706 -0.0805365 0 27.9167 0.562842 -0.0830655
0.8625 1.02737 0.539998 -0.0761344 0 28.75 0.554775 -0.0782179
0.8875 1.02358 0.534598 -0.0715049 0 29.5833 0.547201 -0.0731907
0.9125 1.02004 0.529526 -0.0666575 0 30.4167 0.540139 -0.0679934
0.9375 1.01677 0.524803 -0.0616031 0 31.25 0.533606 -0.0626364
0.9625 1.01378 0.520446 -0.0563541 0 32.0833 0.527616 -0.0571305
0.9875 1.01106 0.516472 -0.0509244 0 32.9167 0.522183 -0.0514876
1.0125 1.00862 0.512898 -0.0453292 0 33.75 0.517322 -0.0457201
1.0375 1.00648 0.509737 -0.0395846 0 34.5833 0.513042 -0.0398413
1.0625 1.00464 0.507004 -0.0337085 0 35.4167 0.509356 -0.0338648
1.0875 1.0031 0.50471 -0.0277192 0 36.25 0.506272 -0.027805
1.1125 1.00186 0.502864 -0.0216361 0 37.0833 0.503798 -0.0216763
1.1375 1.00093 0.501474 -0.0154795 0 37.9167 0.50194 -0.0154939
1.1625 1.00031 0.500548 -0.00927003 0 38.75 0.500703 -0.0092729
1.1875 1.00001 0.500087 -0.00302773 0 39.5833 0.500095 -0.00302778
1.2125 0.999971 0.500096 0.0032207 0 40.4167 0.500081 0.00322061
1.2375 1.00017 0.500572 0.00944118 0 41.25 0.500658 0.00944281
1.2625 1.00079 0.501514 0.015624 0 42.0833 0.501908 0.0156363
1.2875 1.00175 0.502917 0.0217545 0 42.9167 0.503798 0.0217926
1.3125 1.00301 0.504775 0.0278124 0 43.75 0.506295 0.0278962
1.3375 1.00457 0.50708 0.0337767 0 44.5833 0.509397 0.033931
1.3625 1.00643 0.509823 0.0396278 0 45.4167 0.513099 0.0398825
1.3875 1.00858 0.512992 0.0453477 0 46.25 0.517394 0.0457369
1.4125 1.01103 0.516573 0.0509192 0 47.0833 0.52227 0.0514808
1.4375 1.01376 0.520552 0.0563261 0 47.9167 0.527715 0.0571011
1.4625 1.01677 0.524913 0.0615533 0 48.75 0.533715 0.0625854
1.4875 1.02005 0.529639 0.0665871 0 49.5833 0.540258 0.0679221
1.5125 1.02359 0.534712 0.0714152 0 50.4167 0.547326 0.0730999
1.5375 1.02739 0.540112 0.0760266 0 51.25 0.554904 0.0781088
1.5625 1.03143 0.545819 0.0804118 0 52.0833 0.562975 0.0829392
1.5875 1.03571 0.551813 0.0845629 0 52.9167 0.571519 0.0875828
1.6125 1.04022 0.558073 0.0884736 0 53.75 0.580518 0.0920319
1.6375 1.04494 0.564579 0.0921387 0 54.5833 0.589953 0.0962798
1.6625 1.04988 0.571307 0.0955547 0 55.4167 0.599801 0.10032
1.6875 1.055 0.578239 0.0987191 0 56.25 0.610044 0.104149
1.7125 1.06032 0.585351 0.101631 0 57.0833 0.620658 0.107761
1.7375 1.06581 0.592624 0.10429 0 57.9167 0.631622 0.111153
1.7625 1.07146 0.600036 0.106699 0 58.75 0.642915 0.114324
1.7875 1.07727 0.607569 0.10886 0 59.5833 0.654513 0.117271
1.8125 1.08321 0.615202 0.110776 0 60.4167 0.666395 0.119994
1.8375 1.08929 0.622916 0.112452 0 61.25 0.678537 0.122493
1.8625 1.09549 0.630695 0.113894 0 62.0833 0.690918 0.124769
1.8875 1.10179 0.638519 0.115107 0 62.9167 0.703515 0.126823
1.9125 1.10819 0.646373 0.116098 0 63.75 0.716306 0.128659
1.9375 1.11468 0.654242 0.116875 0 64.5833 0.72927 0.130278
1.9625 1.12124 0.662109 0.117445 0 65.4167 0.742386 0.131684
1.9875 1.12787 0.669961 0.117816 0 66.25 0.75563 0.132881
2.0125 1.13455 0.677786 0.117997 0 67.0833 0.768983 0.133874
2.0375 1.14128 0.685568 0.117997 0 67.9167 0.782421 0.134667
2.0625 1.14803 0.693293 0.117825 0 68.75 0.79592 0.135267
2.0875 1.15481 0.700957 0.11749 0 69.5833 0.809469 0.135678
2.1125 1.1616 0.708549 0.117001 0 70.4167 0.82305 0.135908
2.1375 1.1684 0.716061 0.116368 0 71.25 0.836645 0.135964
2.1625 1.17519 0.723485 0.115599 0 72.0833 0.850235 0.135851
2.1875 1.18198 0.730813 0.114704 0 72.9167 0.863805 0.135577
2.2125 1.18874 0.73804 0.113691 0 73.75 0.87734 0.135149
2.2375 1.19548 0.745158 0.112569 0 74.5833 0.890825 0.134574
2.2625 1.20219 0.752164 0.111347 0 75.4167 0.904246 0.13386
2.2875 1.20886 0.759052 0.110032 0 76.25 0.91759 0.133014
2.3125 1.21549 0.765819 0.108634 0 77.0833 0.930843 0.132043
2.3375 1.22206 0.772461 0.10716 0 77.9167 0.943993 0.130956
2.3625 1.22858 0.778975 0.105617 0 78.75 0.95703 0.129759
2.3875 1.23503 0.785359 0.104013 0 79.5833 0.969942 0.128459
2.4125 1.24142 0.791612 0.102354 0 80.4167 0.98272 0.127064
2.4375 1.24773 0.797732 0.100648 0 81.25 0.995355 0.125582
2.4625 1.25397 0.803718 0.0989002 0 82.0833 1.00784 0.124018
2.4875 1.26013 0.809569 0.0971167 0 82.9167 1.02016 0.122379
2.5125 1.2662 0.815285 0.0953032 0 83.75 1.03232 0.120673
2.5375 1.27219 0.820866 0.0934652 0 84.5833 1.0443 0.118906
2.5625 1.27809 0.826313 0.0916077 0 85.4167 1.0561 0.117083
2.5875 1.28389 0.831625 0.0897354 0 86.25 1.06772 0.115211
2.6125 1.28961 0.836805 0.0878528 0 87.0833 1.07915 0.113296
2.6375 1.29522 0.841852 0.085964 0 87.9167 1.09039 0.111342
2.6625 1.30074 0.846769 0.0840728 0 88.75 1.10142 0.109357
2.6875 1.30615 0.851556 0.0821828 0 89.5833 1.11226 0.107343
2.7125 1.31147 0.856216 0.0802974 0 90.4167 1.1229 0.105308
2.7375 1.31668 0.860748 0.0784197 0 91.25 1.13333 0.103254
2.7625 1.32179 0.865157 0.0765525 0 92.0833 1.14356 0.101186
2.7875 1.3268 0.869443 0.0746983 0 92.9167 1.15358 0.0991097
2.8125 1.3317 0.873609 0.0728597 0 93.75 1.16339 0.0970274
2.8375 1.3365 0.877657 0.0710388 0 94.5833 1.17299 0.0949432
2.8625 1.34119 0.881588 0.0692374 0 95.4167 1.18238 0.0928607
2.8875 1.34578 0.885406 0.0674574 0 96.25 1.19156 0.090783
2.9125 1.35027 0.889113 0.0657005 0 97.0833 1.20054 0.0887133
2.9375 1.35465 0.89271 0.063968 0 97.9167 1.20931 0.0866544
2.9625 1.35893 0.8962 0.0622613 0 98.75 1.21787 0.0846088
2.9875 1.36311 0.899586 0.0605814 0 99.5833 1.22623 0.0825791
3.0125 1.36719 0.90287 0.0589294 0 100.417 1.23439 0.0805675
3.0375 1.37116 0.906054 0.057306 0 101.25 1.24235 0.0785759
3.0625 1.37504 0.909142 0.055712 0 102.083 1.25011 0.0766064
3.0875 1.37882 0.912134 0.054148 0 102.917 1.25767 0.0746605
3.1125 1.38251 0.915034 0.0526146 0 103.75 1.26504 0.07274
3.1375 1.38609 0.917843 0.0511121 0 104.583 1.27222 0.0708461
3.1625 1.38959 0.920565 0.0496407 0 105.417 1.27921 0.0689802
3.1875 1.39299 0.923202 0.0482009 0 106.25 1.28601 0.0671433
3.2125 1.3963 0.925755 0.0467926 0 107.083 1.29263 0.0653365
3.2375 1.39952 0.928228 0.0454159 0 107.917 1.29907 0.0635605
3.2625 1.40265 0.930622 0.0440708 0 108.75 1.30534 0.0618161
3.2875 1.4057 0.932939 0.0427574 0 109.583 1.31143 0.060104
3.3125 1.40866 0.935182 0.0414753 0 110.417 1.31736 0.0584247
3.3375 1.41154 0.937353 0.0402246 0 111.25 1.32311 0.0567786
3.3625 1.41434 0.939454 0.0390049 0 112.083 1.32871 0.0551661
3.3875 1.41706 0.941487 0.0378159 0 112.917 1.33414 0.0535873
3.4125 1.4197 0.943454 0.0366574 0 113.75 1.33942 0.0520424
3.4375 1.42226 0.945357 0.0355291 0 114.583 1.34454 0.0505315
3.4625 1.42475 0.947198 0.0344305 0 115.417 1.34952 0.0490547
3.4875 1.42716 0.948978 0.0333612 0 116.25 1.35435 0.0476119
3.5125 1.42951 0.9507 0.0323209 0 117.083 1.35903 0.0462029
3.5375 1.43178 0.952366 0.031309 0 117.917 1.36358 0.0448276
3.5625 1.43399 0.953976 0.0303251 0 118.75 1.36799 0.0434859
3.5875 1.43613 0.955534 0.0293688 0 119.583 1.37227 0.0421773
3.6125 1.4382 0.95704 0.0284394 0 120.417 1.37642 0.0409016
3.6375 1.44022 0.958496 0.0275365 0 121.25 1.38044 0.0396585
3.6625 1.44217 0.959904 0.0266596 0 122.083 1.38434 0.0384476
3.6875 1.44406 0.961265 0.0258081 0 122.917 1.38812 0.0372684
3.7125 1.44589 0.962581 0.0249814 0 123.75 1.39179 0.0361205
3.7375 1.44767 0.963853 0.0241792 0 124.583 1.39534 0.0350035
3.7625 1.44939 0.965083 0.0234006 0 125.417 1.39878 0.0339167
3.7875 1.45106 0.966272 0.0226453 0 126.25 1.40212 0.0328598
3.8125 1.45268 0.967421 0.0219127 0 127.083 1.40535 0.0318321
3.8375 1.45424 0.968532 0.0212022 0 127.917 1.40848 0.0308331
3.8625 1.45576 0.969606 0.0205132 0 128.75 1.41151 0.0298623
3.8875 1.45723 0.970644 0.0198452 0 129.583 1.41445 0.028919
3.9125 1.45865 0.971647 0.0191976 0 130.417 1.41729 0.0280027
3.9375 1.46003 0.972617 0.01857 0 131.25 1.42005 0.0271127
3.9625 1.46136 0.973554 0.0179617 0 132.083 1.42272 0.0262485
3.9875 1.46265 0.97446 0.0173722 0 132.917 1.4253 0.0254094
4.0125 1.4639 0.975336 0.0168009 0 133.75 1.4278 0.0245949
4.0375 1.46511 0.976182 0.0162475 0 134.583 1.43022 0.0238043
4.0625 1.46628 0.977 0.0157112 0 135.417 1.43256 0.0230371
4.0875 1.46741 0.97779 0.0151918 0 136.25 1.43482 0.0222926
4.1125 1.46851 0.978554 0.0146886 0 137.083 1.43702 0.0215703
4.1375 1.46957 0.979292 0.0142011 0 137.917 1.43914 0.0208695
4.1625 1.4706 0.980005 0.013729 0 138.75 1.44119 0.0201898
4.1875 1.47159 0.980694 0.0132717 0 139.583 1.44318 0.0195305
4.2125 1.47255 0.981359 0.0128288 0 140.417 1.4451 0.0188911
4.2375 1.47348 0.982002 0.0123999 0 141.25 1.44696 0.018271
4.2625 1.47438 0.982623 0.0119846 0 142.083 1.44876 0.0176699
4.2875 1.47524 0.983223 0.0115825 0 142.917 1.45049 0.017087
4.3125 1.47608 0.983802 0.0111932 0 143.75 1.45217 0.0165221
4.3375 1.4769 0.984362 0.0108163 0 144.583 1.4538 0.0159746
4.3625 1.47768 0.984902 0.0104515 0 145.417 1.45537 0.015444
4.3875 1.47844 0.985424 0.0100984 0 146.25 1.45689 0.0149299
4.4125 1.47917 0.985927 0.00975673 0 147.083 1.45836 0.0144319
4.4375 1.47988 0.986413 0.00942615 0 147.917 1.45978 0.0139496
4.4625 1.48057 0.986883 0.00910635 0 148.75 1.46115 0.0134826
4.4875 1.48123 0.987336 0.00879705 0 149.583 1.46247 0.0130305
4.5125 1.48187 0.987773 0.00849795 0 150.417 1.46375 0.0125929
4.5375 1.48249 0.988195 0.00820876 0 151.25 1.46499 0.0121694
4.5625 1.48309 0.988602 0.00792923 0 152.083 1.46618 0.0117597
4.5875 1.48366 0.988995 0.00765907 0 152.917 1.46734 0.0113635
4.6125 1.48422 0.989375 0.00739802 0 153.75 1.46845 0.0109803
4.6375 1.48476 0.989741 0.00714582 0 154.583 1.46953 0.0106098
4.6625 1.48528 0.990095 0.0069022 0 155.417 1.47057 0.0102517
4.6875 1.48579 0.990436 0.0066669 0 156.25 1.47158 0.0099056
4.7125 1.48627 0.990766 0.00643966 0 157.083 1.47255 0.00957109
4.7375 1.48674 0.991084 0.00622021 0 157.917 1.47349 0.00924786
4.7625 1.4872 0.991392 0.00600829 0 158.75 1.4744 0.00893552
4.7875 1.48764 0.991689 0.00580364 0 159.583 1.47527 0.00863372
4.8125 1.48806 0.991976 0.00560601 0 160.417 1.47612 0.00834209
4.8375 1.48847 0.992253 0.00541513 0 161.25 1.47694 0.00806026
4.8625 1.48887 0.992521 0.00523074 0 162.083 1.47773 0.00778787
4.8875 1.48925 0.99278 0.00505259 0 162.917 1.4785 0.00752457
4.9125 1.48962 0.99303 0.00488044 0 163.75 1.47924 0.00727
4.9375 1.48998 0.993272 0.00471406 0 164.583 1.47995 0.00702383
4.9625 1.49032 0.993505 0.0045532 0 165.417 1.48064 0.00678573
4.9875 1.49065 0.993731 0.00439765 0 166.25 1.48131 0.00655538
5.0125 1.49098 0.993949 0.00424721 0 167.083 1.48195 0.0063325
5.0375 1.49129 0.99416 0.00410169 0 167.917 1.48258 0.00611679
5.0625 1.49159 0.994363 0.00396088 0 168.75 1.48318 0.00590801
5.0875 1.49188 0.994559 0.00382465 0 169.583 1.48376 0.00570591
5.1125 1.49216 0.994749 0.00369282 0 170.417 1.48432 0.00551028
5.1375 1.49243 0.994932 0.00356527 0 171.25 1.48487 0.00532092
5.1625 1.49269 0.995108 0.00344188 0 172.083 1.48539 0.00513766
5.1875 1.49294 0.995278 0.00332253 0 172.917 1.48589 0.00496034
5.2125 1.49319 0.995442 0.00320712 0 173.75 1.48638 0.00478883
5.2375 1.49342 0.995601 0.00309557 0 174.583 1.48685 0.00462298
5.2625 1.49365 0.995753 0.00298779 0 175.417 1.48731 0.0044627
5.2875 1.49387 0.9959 0.0028837 0 176.25 1.48774 0.00430787
5.3125 1.49408 0.996041 0.00278325 0 177.083 1.48816 0.0041584
5.3375 1.49428 0.996178 0.00268635 0 177.917 1.48857 0.00401417
5.3625 1.49448 0.996309 0.00259293 0 178.75 1.48897 0.00387508
5.3875 1.49467 0.996436 0.00250291 0 179.583 1.48934 0.00374103
5.4125 1.49485 0.996559 0.00241621 0 180.417 1.48971 0.00361188
5.4375 1.49503 0.996677 0.00233274 0 181.25 1.49006 0.00348752
5.4625 1.4952 0.99679 0.0022524 0 182.083 1.4904 0.00336779
5.4875 1.49537 0.9969 0.00217508 0 182.917 1.49073 0.00325254
5.5125 1.49553 0.997007 0.00210067 0 183.75 1.49105 0.0031416
5.5375 1.49568 0.99711 0.00202903 0 184.583 1.49136 0.00303479
5.5625 1.49583 0.997209 0.00196005 0 185.417 1.49166 0.00293191
5.5875 1.49598 0.997305 0.00189359 0 186.25 1.49194 0.00283276
5.6125 1.49611 0.997399 0.00182949 0 187.083 1.49222 0.00273713
5.6375 1.49625 0.997489 0.00176763 0 187.917 1.49249 0.00264482
5.6625 1.49638 0.997576 0.00170787 0 188.75 1.49275 0.00255563
5.6875 1.4965 0.997661 0.00165008 0 189.583 1.493 0.00246935
5.7125 1.49663 0.997743 0.00159412 0 190.417 1.49325 0.0023858
5.7375 1.49674 0.997822 0.00153989 0 191.25 1.49348 0.00230482
5.7625 1.49686 0.997899 0.00148728 0 192.083 1.49371 0.00222625
5.7875 1.49697 0.997974 0.00143621 0 192.917 1.49393 0.00214996
5.8125 1.49707 0.998045 0.00138661 0 193.75 1.49415 0.00207585
5.8375 1.49717 0.998115 0.00133841 0 194.583 1.49435 0.00200384
5.8625 1.49727 0.998181 0.00129159 0 195.417 1.49455 0.00193387
5.8875 1.49737 0.998246 0.00124612 0 196.25 1.49474 0.0018659
5.9125 1.49746 0.998308 0.00120199 0 197.083 1.49492 0.00179993
5.9375 1.49755 0.998367 0.0011592 0 197.917 1.4951 0.00173595
5.9625 1.49763 0.998424 0.00111776 0 198.75 1.49527 0.00167399
5.9875 1.49771 0.998479 0.00107769 0 199.583 1.49544 0.00161407
6.0125 1.49779 0.998532 0.00103901 0 200.417 1.49559 0.00155622
6.0375 1.49787 0.998582 0.00100174 0 201.25 1.49575 0.00150047
6.0625 1.49794 0.998631 0.000965882 0 202.083 1.49589 0.00144684
6.0875 1.49801 0.998677 0.000931455 0 202.917 1.49603 0.00139533
6.1125 1.49808 0.998722 0.000898452 0 203.75 1.49617 0.00134596
6.1375 1.49815 0.998765 0.000866856 0 204.583 1.4963 0.00129868
6.1625 1.49821 0.998807 0.000836638 0 205.417 1.49643 0.00125346
6.1875 1.49827 0.998847 0.000807754 0 206.25 1.49655 0.00121024
6.2125 1.49833 0.998886 0.000780147 0 207.083 1.49666 0.00116892
6.2375 1.49839 0.998923 0.000753749 0 207.917 1.49678 0.00112941
6.2625 1.49845 0.99896 0.000728478 0 208.75 1.49689 0.00109158
6.2875 1.4985 0.998995 0.000704247 0 209.583 1.49699 0.00105531
6.3125 1.49855 0.99903 0.000680963 0 210.417 1.4971 0.00102046
6.3375 1.4986 0.999063 0.000658531 0 211.25 1.4972 0.000986876
6.3625 1.49865 0.999096 0.000636858 0 212.083 1.4973 0.000954427
6.3875 1.4987 0.999128 0.000615857 0 212.917 1.49739 0.000922983
6.4125 1.49874 0.999159 0.000595449 0 213.75 1.49748 0.000892424
6.4375 1.49879 0.999189 0.000575566 0 214.583 1.49757 0.000862651
6.4625 1.49883 0.999218 0.000556155 0 215.417 1.49766 0.000833582
6.4875 1.49887 0.999246 0.000537176 0 216.25 1.49774 0.000805158
6.5125 1.49891 0.999273 0.000518606 0 217.083 1.49782 0.000777343
6.5375 1.49895 0.9993 0.000500434 0 217.917 1.4979 0.000750125
6.5625 1.49898 0.999325 0.000482667 0 218.75 1.49797 0.00072351
6.5875 1.49902 0.999349 0.00046532 0 219.583 1.49804 0.000697524
6.6125 1.49905 0.999372 0.00044842 0 220.417 1.49811 0.000672207
6.6375 1.49909 0.999395 0.000432001 0 221.25 1.49818 0.000647608
6.6625 1.49912 0.999416 0.000416099 0 222.083 1.49824 0.000623782
6.6875 1.49915 0.999436 0.00040075 0 222.917 1.4983 0.000600784
6.7125 1.49918 0.999455 0.000385987 0 223.75 1.49836 0.000578663
6.7375 1.49921 0.999474 0.000371836 0 224.583 1.49842 0.000557459
6.7625 1.49923 0.999492 0.000358316 0 225.417 1.49847 0.000537201
6.7875 1.49926 0.999508 0.000345436 0 226.25 1.49852 0.000517899
6.8125 1.49929 0.999525 0.000333191 0 227.083 1.49857 0.000499548
6.8375 1.49931 0.99954 0.000321565 0 227.917 1.49862 0.000482126
6.8625 1.49933 0.999556 0.000310533 0 228.75 1.49867 0.000465592
6.8875 1.49936 0.99957 0.000300056 0 229.583 1.49871 0.000449891
6.9125 1.49938 0.999585 0.00029009 0 230.417 1.49876 0.000434955
6.9375 1.4994 0.999599 0.000280582 0 231.25 1.4988 0.000420705
6.9625 1.49942 0.999612 0.000271477 0 232.083 1.49884 0.000407059
6.9875 1.49944 0.999626 0.000262719 0 232.917 1.49888 0.000393932
7.0125 1.49946 0.999639 0.000254254 0 233.75 1.49892 0.000381245
7.0375 1.49948 0.999651 0.000246033 0 234.583 1.49896 0.000368921
7.0625 1.4995 0.999664 0.000238011 0 235.417 1.49899 0.000356896
7.0875 1.49952 0.999676 0.000230154 0 236.25 1.49903 0.000345119
7.1125 1.49953 0.999688 0.000222437 0 237.083 1.49906 0.000333552
7.1375 1.49955 0.999699 0.000214845 0 237.917 1.4991 0.000322171
7.1625 1.49956 0.99971 0.000207374 0 238.75 1.49913 0.00031097
7.1875 1.49958 0.999721 0.000200026 0 239.583 1.49916 0.000299955
7.2125 1.49959 0.999731 0.000192815 0 240.417 1.49919 0.000289144
7.2375 1.49961 0.999741 0.000185758 0 241.25 1.49922 0.000278565
7.2625 1.49962 0.99975 0.00017888 0 242.083 1.49925 0.000268252
7.2875 1.49964 0.999759 0.000172204 0 242.917 1.49927 0.000258243
7.3125 1.49965 0.999767 0.000165756 0 243.75 1.4993 0.000248576
7.3375 1.49966 0.999775 0.000159559 0 244.583 1.49932 0.000239285
7.3625 1.49967 0.999783 0.000153633 0 245.417 1.49935 0.000230399
7.3875 1.49968 0.99979 0.000147989 0 246.25 1.49937 0.000221937
7.4125 1.49969 0.999797 0.000142637 0 247.083 1.49939 0.000213911
7.4375 1.49971 0.999804 0.000137574 0 247.917 1.49941 0.00020632
7.4625 1.49972 0.99981 0.000132794 0 248.75 1.49943 0.000199153
7.4875 1.49973 0.999816 0.000128281 0 249.583 1.49945 0.000192386
7.5125 1.49973 0.999822 0.000124015 0 250.417 1.49947 0.00018599
7.5375 1.49974 0.999828 0.00011997 0 251.25 1.49949 0.000179924
7.5625 1.49975 0.999834 0.000116116 0 252.083 1.4995 0.000174146
7.5875 1.49976 0.99984 0.000112423 0 252.917 1.49952 0.000168607
7.6125 1.49977 0.999845 0.000108858 0 253.75 1.49954 0.000163262
7.6375 1.49978 0.999851 0.000105392 0 254.583 1.49955 0.000158065
7.6625 1.49979 0.999856 0.000102001 0 255.417 1.49957 0.000152979
7.6875 1.49979 0.999861 9.86617e-05 0 256.25 1.49958 0.000147972
7.7125 1.4998 0.999866 9.53609e-05 0 257.083 1.4996 0.000143022
7.7375 1.49981 0.999871 9.20906e-05 0 257.917 1.49961 0.000138118
7.7625 1.49981 0.999876 8.88497e-05 0 258.75 1.49963 0.000133258
7.7875 1.49982 0.999881 8.5644e-05 0 259.583 1.49964 0.000128451
7.8125 1.49983 0.999885 8.24852e-05 0 260.417 1.49965 0.000123713
7.8375 1.49983 0.999889 7.93893e-05 0 261.25 1.49967 0.000119071
7.8625 1.49984 0.999893 7.63753e-05 0 262.083 1.49968 0.000114551
7.8875 1.49984 0.999897 7.34634e-05 0 262.917 1.49969 0.000110184
7.9125 1.49985 0.9999 7.06725e-05 0 263.75 1.4997 0.000105998
7.9375 1.49985 0.999904 6.80186e-05 0 264.583 1.49971 0.000102018
7.9625 1.49986 0.999907 6.55133e-05 0 265.417 1.49972 9.82608e-05
7.9875 1.49986 0.99991 6.3162e-05 0 266.25 1.49973 9.47344e-05
8.0125 1.49987 0.999913 6.09636e-05 0 267.083 1.49974 9.14374e-05
8.0375 1.49987 0.999916 5.89101e-05 0 267.917 1.49975 8.83577e-05
8.0625 1.49988 0.999918 5.69875e-05 0 268.75 1.49976 8.54742e-05
8.0875 1.49988 0.999921 5.51763e-05 0 269.583 1.49976 8.2758e-05
8.1125 1.49989 0.999924 5.34541e-05 0 270.417 1.49977 8.0175e-05
8.1375 1.49989 0.999926 5.17966e-05 0 271.25 1.49978 7.76892e-05
8.1625 1.49989 0.999929 5.01808e-05 0 272.083 1.49979 7.52659e-05
8.1875 1.4999 0.999932 4.85866e-05 0 272.917 1.4998 7.2875e-05
8.2125 1.4999 0.999934 4.69989e-05 0 273.75 1.4998 7.04937e-05
8.2375 1.4999 0.999937 4.54087e-05 0 274.583 1.49981 6.81088e-05
8.2625 1.49991 0.999939 4.38143e-05 0 275.417 1.49982 6.57175e-05
8.2875 1.49991 0.999941 4.22206e-05 0 276.25 1.49982 6.33272e-05
8.3125 1.49991 0.999943 4.06387e-05 0 277.083 1.49983 6.09546e-05
8.3375 1.49992 0.999945 3.90841e-05 0 277.917 1.49984 5.86229e-05
8.3625 1.49992 0.999947 3.75746e-05 0 278.75 1.49984 5.63589e-05
8.3875 1.49992 0.999949 3.61282e-05 0 279.583 1.49985 5.41895e-05
8.4125 1.49993 0.999951 3.47601e-05 0 280.417 1.49985 5.21376e-05
8.4375 1.49993 0.999952 3.34812e-05 0 281.25 1.49986 5.02193e-05
8.4625 1.49993 0.999954 3.2296e-05 0 282.083 1.49986 4.84418e-05
8.4875 1.49993 0.999955 3.12026e-05 0 282.917 1.49987 4.68018e-05
8.5125 1.49994 0.999957 3.01919e-05 0 283.75 1.49987 4.52859e-05
8.5375 1.49994 0.999958 2.92492e-05 0 284.583 1.49987 4.3872e-05
8.5625 1.49994 0.99996 2.83561e-05 0 285.417 1.49988 4.25324e-05
8.5875 1.49994 0.999961 2.74922e-05 0 286.25 1.49988 4.12368e-05
8.6125 1.49994 0.999962 2.66386e-05 0 287.083 1.49989 3.99565e-05
8.6375 1.49995 0.999964 2.57798e-05 0 287.917 1.49989 3.86682e-05
8.6625 1.49995 0.999965 2.49059e-05 0 288.75 1.4999 3.73576e-05
8.6875 1.49995 0.999967 2.40143e-05 0 289.583 1.4999 3.60202e-05
8.7125 1.49995 0.999968 2.3109e-05 0 290.417 1.4999 3.46625e-05
8.7375 1.49995 0.999969 2.2201e-05 0 291.25 1.49991 3.33004e-05
8.7625 1.49995 0.99997 2.1306e-05 0 292.083 1.49991 3.1958e-05
8.7875 1.49996 0.999971 2.04429e-05 0 292.917 1.49991 3.06634e-05
8.8125 1.49996 0.999972 1.963e-05 0 293.75 1.49992 2.94441e-05
8.8375 1.49996 0.999973 1.88826e-05 0 294.583 1.49992 2.83231e-05
8.8625 1.49996 0.999974 1.82102e-05 0 295.417 1.49992 2.73146e-05
8.8875 1.49996 0.999974 1.76149e-05 0 296.25 1.49992 2.64217e-05
8.9125 1.49996 0.999975 1.70904e-05 0 297.083 1.49993 2.5635e-05
8.9375 1.49996 0.999976 1.66221e-05 0 297.917 1.49993 2.49326e-05
8.9625 1.49997 0.999977 1.61907e-05 0 298.75 1.49993 2.42855e-05
8.9875 1.49997 0.999978 1.57737e-05 0 299.583 1.49993 2.36601e-05
9.0125 1.49997 0.999979 1.53488e-05 0 300.417 1.49994 2.30227e-05
9.0375 1.49997 0.999979 1.48968e-05 0 301.25 1.49994 2.23447e-05
9.0625 1.49997 0.99998 1.44043e-05 0 302.083 1.49994 2.16061e-05
9.0875 1.49997 0.999981 1.38659e-05 0 302.917 1.49994 2.07985e-05
9.1125 1.49997 0.999982 1.32859e-05 0 303.75 1.49995 1.99285e-05
9.1375 1.49997 0.999983 1.26777e-05 0 304.583 1.49995 1.90162e-05
9.1625 1.49997 0.999983 1.20618e-05 0 305.417 1.49995 1.80924e-05
9.1875 1.49998 0.999984 1.14637e-05 0 306.25 1.49995 1.71953e-05
9.2125 1.49998 0.999984 1.09095e-05 0 307.083 1.49995 1.6364e-05
9.2375 1.49998 0.999985 1.04223e-05 0 307.917 1.49995 1.56331e-05
9.2625 1.49998 0.999985 1.00177e-05 0 308.75 1.49996 1.50264e-05
9.2875 1.49998 0.999985 9.70173e-06 0 309.583 1.49996 1.45524e-05
9.3125 1.49998 0.999986 9.4682e-06 0 310.417 1.49996 1.42021e-05
9.3375 1.49998 0.999986 9.30079e-06 0 311.25 1.49996 1.3951e-05
9.3625 1.49998 0.999987 9.17527e-06 0 312.083 1.49996 1.37627e-05
9.3875 1.49998 0.999987 9.06229e-06 0 312.917 1.49996 1.35933e-05
9.4125 1.49998 0.999988 8.93163e-06 0 313.75 1.49996 1.33973e-05
9.4375 1.49998 0.999988 8.75682e-06 0 314.583 1.49996 1.31351e-05
9.4625 1.49998 0.999989 8.51839e-06 0 315.417 1.49997 1.27774e-05
9.4875 1.49998 0.999989 8.20662e-06 0 316.25 1.49997 1.23098e-05
9.5125 1.49998 0.99999 7.82396e-06 0 317.083 1.49997 1.17358e-05
9.5375 1.49998 0.99999 7.38572e-06 0 317.917 1.49997 1.10785e-05
9.5625 1.49999 0.999991 6.91725e-06 0 318.75 1.49997 1.03758e-05
9.5875 1.49999 0.999991 6.45054e-06 0 319.583 1.49997 9.67572e-06
9.6125 1.49999 0.999991 6.01981e-06 0 320.417 1.49997 9.02963e-06
9.6375 1.49999 0.999992 5.6556e-06 0 321.25 1.49997 8.48332e-06
9.6625 1.49999 0.999992 5.38003e-06 0 322.083 1.49997 8.06997e-06
9.6875 1.49999 0.999992 5.20284e-06 0 322.917 1.49998 7.8042e-06
9.7125 1.49999 0.999992 5.11894e-06 0 323.75 1.49998 7.67835e-06
9.7375 1.49999 0.999992 5.11028e-06 0 324.583 1.49998 7.66537e-06
9.7625 1.49999 0.999992 5.14847e-06 0 325.417 1.49998 7.72264e-06
9.7875 1.49999 0.999992 5.20002e-06 0 326.25 1.49998 7.79998e-06
9.8125 1.49999 0.999993 5.22985e-06 0 327.083 1.49998 7.84472e-06
9.8375 1.49999 0.999993 5.20667e-06 0 327.917 1.49998 7.80995e-06
9.8625 1.49999 0.999994 5.1093e-06 0 328.75 1.49998 7.6639e-06
9.8875 1.49999 0.999994 4.92727e-06 0 329.583 1.49998 7.39086e-06
9.9125 1.49999 0.999994 4.66323e-06 0 330.417 1.49998 6.9948e-06
9.9375 1.49999 0.999995 4.33442e-06 0 331.25 1.49998 6.5016e-06
9.9625 1.49999 0.999995 3.96915e-06 0 332.083 1.49998 5.95369e-06
9.9875 1.49999 0.999995 3.60264e-06 0 332.917 1.49998 5.40394e-06
10.0125 1.49999 0.999995 3.27138e-06 0 333.75 1.49999 4.90705e-06
10.0375 1.49999 0.999995 3.00746e-06 0 334.583 1.49999 4.51117e-06
10.0625 1.49999 0.999995 2.83192e-06 0 335.417 1.49999 4.24786e-06
10.0875 1.49999 0.999995 2.75048e-06 0 336.25 1.49999 4.1257e-06
10.1125 1.49999 0.999995 2.75634e-06 0 337.083 1.49999 4.13449e-06
10.1375 1.49999 0.999995 2.82631e-06 0 337.917 1.49999 4.23945e-06
10.1625 1.49999 0.999995 2.93142e-06 0 338.75 1.49999 4.39711e-06
10.1875 1.49999 0.999995 3.03889e-06 0 339.583 1.49999 4.55831e-06
10.2125 1.49999 0.999996 3.11511e-06 0 340.417 1.49999 4.67265e-06
10.2375 1.49999 0.999996 3.13302e-06 0 341.25 1.49999 4.69952e-06
10.2625 1.49999 0.999996 3.07618e-06 0 342.083 1.49999 4.61426e-06
10.2875 1.49999 0.999997 2.9402e-06 0 342.917 1.49999 4.41029e-06
10.3125 1.5 0.999997 2.73333e-06 0 343.75 1.49999 4.09999e-06
10.3375 1.5 0.999997 2.47658e-06 0 344.583 1.49999 3.71485e-06
10.3625 1.5 0.999997 2.19951e-06 0 345.417 1.49999 3.29925e-06
10.3875 1.5 0.999997 1.93539e-06 0 346.25 1.49999 2.90308e-06
10.4125 1.5 0.999997 1.71603e-06 0 347.083 1.49999 2.57403e-06
10.4375 1.5 0.999997 1.56325e-06 0 347.917 1.49999 2.34487e-06
10.4625 1.5 0.999997 1.48718e-06 0 348.75 1.49999 2.23076e-06
10.4875 1.5 0.999997 1.48748e-06 0 349.583 1.49999 2.23121e-06
10.5125 1.5 0.999997 1.54928e-06 0 350.417 1.49999 2.32392e-06
10.5375 1.5 0.999997 1.64808e-06 0 351.25 1.49999 2.47211e-06
10.5625 1.5 0.999997 1.75619e-06 0 352.083 1.49999 2.63428e-06
10.5875 1.5 0.999997 1.84698e-06 0 352.917 1.49999 2.77046e-06
10.6125 1.5 0.999998 1.89588e-06 0 353.75 1.49999 2.84381e-06
10.6375 1.5 0.999998 1.88702e-06 0 354.583 1.49999 2.83053e-06
10.6625 1.5 0.999998 1.81562e-06 0 355.417 1.49999 2.72342e-06
10.6875 1.5 0.999998 1.68638e-06 0 356.25 1.49999 2.52956e-06
10.7125 1.5 0.999998 1.51464e-06 0 357.083 1.49999 2.27196e-06
10.7375 1.5 0.999999 1.32286e-06 0 357.917 1.5 1.98428e-06
10.7625 1.5 0.999999 1.13707e-06 0 358.75 1.5 1.7056e-06
10.7875 1.5 0.999999 9.8236e-07 0 359.583 1.5 1.47354e-06
10.8125 1.5 0.999998 8.75327e-07 0 360.417 1.5 1.31299e-06
10.8375 1.5 0.999998 8.24389e-07 0 361.25 1.5 1.23658e-06
10.8625 1.5 0.999998 8.29373e-07 0 362.083 1.5 1.24406e-06
10.8875 1.5 0.999998 8.79394e-07 0 362.917 1.5 1.31909e-06
10.9125 1.5 0.999998 9.56344e-07 0 363.75 1.5 1.43451e-06
10.9375 1.5 0.999998 1.03869e-06 0 364.583 1.5 1.55803e-06
10.9625 1.5 0.999998 1.10728e-06 0 365.417 1.5 1.66091e-06
10.9875 1.5 0.999999 1.14481e-06 0 366.25 1.5 1.71722e-06
11.0125 1.5 0.999999 1.14054e-06 0 367.083 1.5 1.7108e-06
11.0375 1.5 0.999999 1.092e-06 0 367.917 1.5 1.638e-06
11.0625 1.5 0.999999 1.00407e-06 0 368.75 1.5 1.50611e-06
11.0875 1.5 0.999999 8.89026e-07 0 369.583 1.5 1.33354e-06
11.1125 1.5 0.999999 7.634e-07 0 370.417 1.5 1.1451e-06
11.1375 1.5 0.999999 6.45727e-07 0 371.25 1.5 9.68589e-07
11.1625 1.5 0.999999 5.53077e-07 0 372.083 1.5 8.29614e-07
11.1875 1.5 0.999999 4.94432e-07 0 372.917 1.5 7.41647e-07
11.2125 1.5 0.999999 4.74063e-07 0 373.75 1.5 7.11093e-07
11.2375 1.5 0.999999 4.89775e-07 0 374.583 1.5 7.34662e-07
11.2625 1.5 0.999999 5.31625e-07 0 375.417 1.5 7.97437e-07
11.2875 1.5 0.999999 5.86003e-07 0 376.25 1.5 8.79004e-07
11.3125 1.5 0.999999 6.38661e-07 0 377.083 1.5 9.57991e-07
11.3375 1.5 0.999999 6.77003e-07 0 377.917 1.5 1.0155e-06
11.3625 1.5 0.999999 6.913e-07 0 378.75 1.5 1.03695e-06
11.3875 1.5 0.999999 6.76829e-07 0 379.583 1.5 1.01524e-06
11.4125 1.5 0.999999 6.34501e-07 0 380.417 1.5 9.51752e-07
11.4375 1.5 0.999999 5.7014e-07 0 381.25 1.5 8.55209e-07
11.4625 1.5 0.999999 4.93678e-07 0 382.083 1.5 7.40517e-07
11.4875 1.5 0.999999 4.17192e-07 0 382.917 1.5 6.25788e-07
11.5125 1.5 0.999999 3.52561e-07 0 383.75 1.5 5.28841e-07
11.5375 1.5 0.999999 3.0789e-07 0 384.583 1.5 4.61834e-07
11.5625 1.5 0.999999 2.87205e-07 0 385.417 1.5 4.30807e-07
11.5875 1.5 0.999999 2.90412e-07 0 386.25 1.5 4.35618e-07
11.6125 1.5 0.999999 3.12419e-07 0 387.083 1.5 4.68628e-07
11.6375 1.5 0.999999 3.44939e-07 0 387.917 1.5 5.17408e-07
11.6625 1.5 0.999999 3.78291e-07 0 388.75 1.5 5.67436e-07
11.6875 1.5 0.999999 4.04205e-07 0 389.583 1.5 6.06307e-07
11.7125 1.5 0.999999 4.15868e-07 0 390.417 1.5 6.23802e-07
11.7375 1.5 1 4.09694e-07 0 391.25 1.5 6.14541e-07
11.7625 1.5 1 3.85933e-07 0 392.083 1.5 5.789e-07
11.7875 1.5 1 3.48054e-07 0 392.917 1.5 5.22081e-07
11.8125 1.5 1 3.02298e-07 0 393.75 1.5 4.53447e-07
11.8375 1.5 1 2.56361e-07 0 394.583 1.5 3.84541e-07
11.8625 1.5 1 2.17773e-07 0 395.417 1.5 3.26659e-07
11.8875 1.5 1 1.91557e-07 0 396.25 1.5 2.87336e-07
11.9125 1.5 1 1.80028e-07 0 397.083 1.5 2.70042e-07
11.9375 1.5 1 1.82869e-07 0 397.917 1.5 2.74304e-07
11.9625 1.5 1 1.96466e-07 0 398.75 1.5 2.94699e-07
11.9875 1.5 1 2.15398e-07 0 399.583 1.5 3.23096e-07
12.0125 1.5 1 2.33832e-07 0 400.417 1.5 3.50748e-07
12.0375 1.5 1 2.46762e-07 0 401.25 1.5 3.70144e-07
12.0625 1.5 1 2.50509e-07 0 402.083 1.5 3.75764e-07
12.0875 1.5 1 2.43583e-07 0 402.917 1.5 3.65374e-07
12.1125 1.5 1 2.26779e-07 0 403.75 1.5 3.40169e-07
12.1375 1.5 1 2.02955e-07 0 404.583 1.5 3.04432e-07
12.1625 1.5 1 1.76233e-07 0 405.417 1.5 2.64349e-07
12.1875 1.5 1 1.51181e-07 0 406.25 1.5 2.26772e-07
12.2125 1.5 1 1.3191e-07 0 407.083 1.5 1.97865e-07
12.2375 1.5 1 1.20429e-07 0 407.917 1.5 1.80643e-07
12.2625 1.5 1 1.17219e-07 0 408.75 1.5 1.75828e-07
12.2875 1.5 1 1.21151e-07 0 409.583 1.5 1.81726e-07
12.3125 1.5 1 1.2946e-07 0 410.417 1.5 1.94189e-07
12.3375 1.5 1 1.38824e-07 0 411.25 1.5 2.08236e-07
12.3625 1.5 1 1.46408e-07 0 412.083 1.5 2.19611e-07
12.3875 1.5 1 1.4987e-07 0 412.917 1.5 2.24805e-07
12.4125 1.5 1 1.47975e-07 0 413.75 1.5 2.21963e-07
12.4375 1.5 1 1.40787e-07 0 414.583 1.5 2.11181e-07
12.4625 1.5 1 1.29431e-07 0 415.417 1.5 1.94147e-07
12.4875 1.5 1 1.1586e-07 0 416.25 1.5 1.7379e-07
12.5125 1.5 1 1.0229e-07 0 417.083 1.5 1.53436e-07
12.5375 1.5 1 9.07923e-08 0 417.917 1.5 1.36188e-07
12.5625 1.5 1 8.27942e-08 0 418.75 1.5 1.24191e-07
12.5875 1.5 1 7.86773e-08 0 419.583 1.5 1.18016e-07
12.6125 1.5 1 7.81692e-08 0 420.417 1.5 1.17254e-07
12.6375 1.5 1 8.02303e-08 0 421.25 1.5 1.20345e-07
12.6625 1.5 1 8.34633e-08 0 422.083 1.5 1.25195e-07
12.6875 1.5 1 8.66137e-08 0 422.917 1.5 1.2992e-07
12.7125 1.5 1 8.85303e-08 0 423.75 1.5 1.32795e-07
12.7375 1.5 1 8.84699e-08 0 424.583 1.5 1.32705e-07
12.7625 1.5 1 8.61747e-08 0 425.417 1.5 1.29262e-07
12.7875 1.5 1 8.17708e-08 0 426.25 1.5 1.22656e-07
12.8125 1.5 1 7.57939e-08 0 427.083 1.5 1.13691e-07
12.8375 1.5 1 6.90079e-08 0 427.917 1.5 1.03512e-07
12.8625 1.5 1 6.22626e-08 0 428.75 1.5 9.33939e-08
12.8875 1.5 1 5.63824e-08 0 429.583 1.5 8.45736e-08
12.9125 1.5 1 5.20216e-08 0 430.417 1.5 7.80323e-08
12.9375 1.5 1 4.94879e-08 0 431.25 1.5 7.42318e-08
12.9625 1.5 1 4.87816e-08 0 432.083 1.5 7.31724e-08
12.9875 1.5 1 4.95992e-08 0 432.917 1.5 7.43988e-08
13.0125 1.5 1 5.13187e-08 0 433.75 1.5 7.6978e-08
13.0375 1.5 1 5.32503e-08 0 434.583 1.5 7.98755e-08
13.0625 1.5 1 5.4617e-08 0 435.417 1.5 8.19254e-08
13.0875 1.5 1 5.47606e-08 0 436.25 1.5 8.21409e-08
13.1125 1.5 1 5.32892e-08 0 437.083 1.5 7.99338e-08
13.1375 1.5 1 5.01209e-08 0 437.917 1.5 7.51814e-08
13.1625 1.5 1 4.55961e-08 0 438.75 1.5 6.83941e-08
13.1875 1.5 1 4.03985e-08 0 439.583 1.5 6.05977e-08
13.2125 1.5 1 3.54238e-08 0 440.417 1.5 5.31356e-08
13.2375 1.5 1 3.15891e-08 0 441.25 1.5 4.73837e-08
13.2625 1.5 1 2.9461e-08 0 442.083 1.5 4.41915e-08
13.2875 1.5 1 2.92385e-08 0 442.917 1.5 4.38577e-08
13.3125 1.5 1 3.06213e-08 0 443.75 1.5 4.5932e-08
13.3375 1.5 1 3.28857e-08 0 444.583 1.5 4.93286e-08
13.3625 1.5 1 3.51593e-08 0 445.417 1.5 5.27389e-08
13.3875 1.5 1 3.65729e-08 0 446.25 1.5 5.48593e-08
13.4125 1.5 1 3.64731e-08 0 447.083 1.5 5.47097e-08
13.4375 1.5 1 3.46394e-08 0 447.917 1.5 5.19591e-08
13.4625 1.5 1 3.12918e-08 0 448.75 1.5 4.69377e-08
13.4875 1.5 1 2.70919e-08 0 449.583 1.5 4.06379e-08
13.5125 1.5 1 2.29563e-08 0 450.417 1.5 3.44344e-08
13.5375 1.5 1 1.98123e-08 0 451.25 1.5 2.97184e-08
13.5625 1.5 1 1.81991e-08 0 452.083 1.5 2.72986e-08
13.5875 1.5 1 1.82913e-08 0 452.917 1.5 2.74369e-08
13.6125 1.5 1 1.97454e-08 0 453.75 1.5 2.9618e-08
13.6375 1.5 1 2.18424e-08 0 454.583 1.5 3.27636e-08
13.6625 1.5 1 2.37639e-08 0 455.417 1.5 3.56459e-08
13.6875 1.5 1 2.47891e-08 0 456.25 1.5 3.71837e-08
13.7125 1.5 1 2.44563e-08 0 457.083 1.5 3.66845e-08
13.7375 1.5 1 2.27226e-08 0 457.917 1.5 3.40839e-08
13.7625 1.5 1 1.99353e-08 0 458.75 1.5 2.99029e-08
13.7875 1.5 1 1.67678e-08 0 459.583 1.5 2.51517e-08
13.8125 1.5 1 1.40089e-08 0 460.417 1.5 2.10134e-08
13.8375 1.5 1 1.22714e-08 0 461.25 1.5 1.84071e-08
13.8625 1.5 1 1.18064e-08 0 462.083 1.5 1.77096e-08
13.8875 1.5 1 1.2526e-08 0 462.917 1.5 1.8789e-08
13.9125 1.5 1 1.39683e-08 0 463.75 1.5 2.09525e-08
13.9375 1.5 1 1.54861e-08 0 464.583 1.5 2.32292e-08
13.9625 1.5 1 1.65017e-08 0 465.417 1.5 2.47525e-08
13.9875 1.5 1 1.65976e-08 0 466.25 1.5 2.48964e-08
14.0125 1.5 1 1.56643e-08 0 467.083 1.5 2.34965e-08
14.0375 1.5 1 1.38919e-08 0 467.917 1.5 2.08379e-08
14.0625 1.5 1 1.17403e-08 0 468.75 1.5 1.76105e-08
14.0875 1.5 1 9.77725e-09 0 469.583 1.5 1.46659e-08
14.1125 1.5 1 8.4818e-09 0 470.417 1.5 1.27227e-08
14.1375 1.5 1 8.05782e-09 0 471.25 1.5 1.20867e-08
14.1625 1.5 1 8.46935e-09 0 472.083 1.5 1.2704e-08
14.1875 1.5 1 9.39927e-09 0 472.917 1.5 1.40989e-08
14.2125 1.5 1 1.03953e-08 0 473.75 1.5 1.5593e-08
14.2375 1.5 1 1.1055e-08 0 474.583 1.5 1.65824e-08
14.2625 1.5 1 1.10937e-08 0 475.417 1.5 1.66405e-08
14.2875 1.5 1 1.0447e-08 0 476.25 1.5 1.56706e-08
14.3125 1.5 1 9.26085e-09 0 477.083 1.5 1.38913e-08
14.3375 1.5 1 7.86077e-09 0 477.917 1.5 1.17912e-08
14.3625 1.5 1 6.6297e-09 0 478.75 1.5 9.94456e-09
14.3875 1.5 1 5.86759e-09 0 479.583 1.5 8.80139e-09
14.4125 1.5 1 5.68284e-09 0 480.417 1.5 8.52426e-09
14.4375 1.5 1 6.00729e-09 0 481.25 1.5 9.01094e-09
14.4625 1.5 1 6.60064e-09 0 482.083 1.5 9.90097e-09
14.4875 1.5 1 7.168e-09 0 482.917 1.5 1.0752e-08
14.5125 1.5 1 7.46251e-09 0 483.75 1.5 1.11938e-08
14.5375 1.5 1 7.33653e-09 0 484.583 1.5 1.10048e-08
14.5625 1.5 1 6.79536e-09 0 485.417 1.5 1.0193e-08
14.5875 1.5 1 5.97651e-09 0 486.25 1.5 8.96477e-09
14.6125 1.5 1 5.11097e-09 0 487.083 1.5 7.66645e-09
14.6375 1.5 1 4.43754e-09 0 487.917 1.5 6.65631e-09
14.6625 1.5 1 4.09575e-09 0 488.75 1.5 6.14363e-09
14.6875 1.5 1 4.1096e-09 0 489.583 1.5 6.1644e-09
14.7125 1.5 1 4.37937e-09 0 490.417 1.5 6.56906e-09
14.7375 1.5 1 4.72569e-09 0 491.25 1.5 7.08853e-09
14.7625 1.5 1 4.97762e-09 0 492.083 1.5 7.46642e-09
14.7875 1.5 1 5.00593e-09 0 492.917 1.5 7.5089e-09
14.8125 1.5 1 4.77163e-09 0 493.75 1.5 7.15744e-09
14.8375 1.5 1 4.32343e-09 0 494.583 1.5 6.48515e-09
14.8625 1.5 1 3.78616e-09 0 495.417 1.5 5.67924e-09
14.8875 1.5 1 3.30934e-09 0 496.25 1.5 4.96401e-09
14.9125 1.5 1 3.012e-09 0 497.083 1.5 4.518e-09
14.9375 1.5 1 2.93e-09 0 497.917 1.5 4.395e-09
14.9625 1.5 1 3.02938e-09 0 498.75 1.5 4.54407e-09
14.9875 1.5 1 3.20904e-09 0 499.583 1.5 4.81356e-09
15.0125 1.5 1 3.36249e-09 0 500.417 1.5 5.04373e-09
15.0375 1.5 1 3.40136e-09 0 501.25 1.5 5.10204e-09
15.0625 1.5 1 3.28712e-09 0 502.083 1.5 4.93068e-09
15.0875 1.5 1 3.03589e-09 0 502.917 1.5 4.55383e-09
15.1125 1.5 1 2.71384e-09 0 503.75 1.5 4.07076e-09
15.1375 1.5 1 2.40992e-09 0 504.583 1.5 3.61488e-09
15.1625 1.5 1 2.20153e-09 0 505.417 1.5 3.30229e-09
15.1875 1.5 1 2.11895e-09 0 506.25 1.5 3.17843e-09
15.2125 1.5 1 2.14823e-09 0 507.083 1.5 3.22234e-09
15.2375 1.5 1 2.23235e-09 0 507.917 1.5 3.34852e-09
15.2625 1.5 1 2.30904e-09 0 508.75 1.5 3.46356e-09
15.2875 1.5 1 2.32409e-09 0 509.583 1.5 3.48613e-09
15.3125 1.5 1 2.25252e-09 0 510.417 1.5 3.37879e-09
15.3375 1.5 1 2.10115e-09 0 511.25 1.5 3.15173e-09
15.3625 1.5 1 1.90772e-09 0 512.083 1.5 2.86158e-09
15.3875 1.5 1 1.72344e-09 0 512.917 1.5 2.58515e-09
15.4125 1.5 1 1.59286e-09 0 513.75 1.5 2.3893e-09
15.4375 1.5 1 1.53497e-09 0 514.583 1.5 2.30245e-09
15.4625 1.5 1 1.53963e-09 0 515.417 1.5 2.30944e-09
15.4875 1.5 1 1.5745e-09 0 516.25 1.5 2.36175e-09
15.5125 1.5 1 1.604e-09 0 517.083 1.5 2.40599e-09
15.5375 1.5 1 1.59753e-09 0 517.917 1.5 2.3963e-09
15.5625 1.5 1 1.54269e-09 0 518.75 1.5 2.31403e-09
15.5875 1.5 1 1.44522e-09 0 519.583 1.5 2.16783e-09
15.6125 1.5 1 1.32821e-09 0 520.417 1.5 1.99231e-09
15.6375 1.5 1 1.22035e-09 0 521.25 1.5 1.83053e-09
15.6625 1.5 1 1.14481e-09 0 522.083 1.5 1.71722e-09
15.6875 1.5 1 1.1098e-09 0 522.917 1.5 1.6647e-09
15.7125 1.5 1 1.10666e-09 0 523.75 1.5 1.65999e-09
15.7375 1.5 1 1.11671e-09 0 524.583 1.5 1.67506e-09
15.7625 1.5 1 1.11987e-09 0 525.417 1.5 1.67981e-09
15.7875 1.5 1 1.10163e-09 0 526.25 1.5 1.65244e-09
15.8125 1.5 1 1.05734e-09 0 527.083 1.5 1.586e-09
15.8375 1.5 1 9.92965e-10 0 527.917 1.5 1.48945e-09
15.8625 1.5 1 9.22588e-10 0 528.75 1.5 1.38388e-09
15.8875 1.5 1 8.61587e-10 0 529.583 1.5 1.29238e-09
15.9125 1.5 1 8.20282e-10 0 530.417 1.5 1.23042e-09
15.9375 1.5 1 7.99992e-10 0 531.25 1.5 1.19999e-09
15.9625 1.5 1 7.93857e-10 0 532.083 1.5 1.19079e-09
15.9875 1.5 1 7.91236e-10 0 532.917 1.5 1.18685e-09
16.0125 1.5 1 7.82082e-10 0 533.75 1.5 1.17312e-09
16.0375 1.5 1 7.60478e-10 0 534.583 1.5 1.14072e-09
16.0625 1.5 1 7.26127e-10 0 535.417 1.5 1.08919e-09
16.0875 1.5 1 6.84263e-10 0 536.25 1.5 1.02639e-09
16.1125 1.5 1 6.42864e-10 0 537.083 1.5 9.64297e-10
16.1375 1.5 1 6.09242e-10 0 537.917 1.5 9.13862e-10
16.1625 1.5 1 5.86821e-10 0 538.75 1.5 8.80232e-10
16.1875 1.5 1 5.74156e-10 0 539.583 1.5 8.61234e-10
16.2125 1.5 1 5.66551e-10 0 540.417 1.5 8.49826e-10
16.2375 1.5 1 5.58321e-10 0 541.25 1.5 8.37481e-10
16.2625 1.5 1 5.45161e-10 0 542.083 1.5 8.17742e-10
16.2875 1.5 1 5.25436e-10 0 542.917 1.5 7.88155e-10
16.3125 1.5 1 5.00513e-10 0 543.75 1.5 7.50769e-10
16.3375 1.5 1 4.74073e-10 0 544.583 1.5 7.1111e-10
16.3625 1.5 1 4.50231e-10 0 545.417 1.5 6.75346e-10
16.3875 1.5 1 4.31732e-10 0 546.25 1.5 6.47599e-10
16.4125 1.5 1 4.18895e-10 0 547.083 1.5 6.28342e-10
16.4375 1.5 1 4.09824e-10 0 547.917 1.5 6.14736e-10
16.4625 1.5 1 4.01687e-10 0 548.75 1.5 6.02531e-10
16.4875 1.5 1 3.91919e-10 0 549.583 1.5 5.87879e-10
16.5125 1.5 1 3.79148e-10 0 550.417 1.5 5.68722e-10
16.5375 1.5 1 3.63526e-10 0 551.25 1.5 5.45289e-10
16.5625 1.5 1 3.4663e-10 0 552.083 1.5 5.19945e-10
16.5875 1.5 1 3.30543e-10 0 552.917 1.5 4.95815e-10
16.6125 1.5 1 3.16945e-10 0 553.75 1.5 4.75418e-10
16.6375 1.5 1 3.06358e-10 0 554.583 1.5 4.59537e-10
16.6625 1.5 1 2.9807e-10 0 555.417 1.5 4.47105e-10
16.6875 1.5 1 2.90724e-10 0 556.25 1.5 4.36086e-10
16.7125 1.5 1 2.82942e-10 0 557.083 1.5 4.24413e-10
16.7375 1.5 1 2.73886e-10 0 557.917 1.5 4.10828e-10
16.7625 1.5 1 2.63466e-10 0 558.75 1.5 3.95199e-10
16.7875 1.5 1 2.5236e-10 0 559.583 1.5 3.78541e-10
16.8125 1.5 1 2.41585e-10 0 560.417 1.5 3.62378e-10
16.8375 1.5 1 2.32027e-10 0 561.25 1.5 3.48041e-10
16.8625 1.5 1 2.24024e-10 0 562.083 1.5 3.36037e-10
16.8875 1.5 1 2.17295e-10 0 562.917 1.5 3.25942e-10
16.9125 1.5 1 2.11179e-10 0 563.75 1.5 3.16769e-10
16.9375 1.5 1 2.04992e-10 0 564.583 1.5 3.07488e-10
16.9625 1.5 1 1.98295e-10 0 565.417 1.5 2.97442e-10
16.9875 1.5 1 1.91022e-10 0 566.25 1.5 2.86533e-10
17.0125 1.5 1 1.8349e-10 0 567.083 1.5 2.75236e-10
17.0375 1.5 1 1.76188e-10 0 567.917 1.5 2.64281e-10
17.0625 1.5 1 1.69531e-10 0 568.75 1.5 2.54297e-10
17.0875 1.5 1 1.63676e-10 0 569.583 1.5 2.45514e-10
17.1125 1.5 1 1.58485e-10 0 570.417 1.5 2.37727e-10
17.1375 1.5 1 1.53636e-10 0 571.25 1.5 2.30453e-10
17.1625 1.5 1 1.48806e-10 0 572.083 1.5 2.23209e-10
17.1875 1.5 1 1.43799e-10 0 572.917 1.5 2.15698e-10
17.2125 1.5 1 1.38603e-10 0 573.75 1.5 2.07904e-10
17.2375 1.5 1 1.33374e-10 0 574.583 1.5 2.00061e-10
17.2625 1.5 1 1.28337e-10 0 575.417 1.5 1.92506e-10
17.2875 1.5 1 1.23666e-10 0 576.25 1.5 1.85499e-10
17.3125 1.5 1 1.1941e-10 0 577.083 1.5 1.79115e-10
17.3375 1.5 1 1.1549e-10 0 577.917 1.5 1.73236e-10
17.3625 1.5 1 1.11757e-10 0 578.75 1.5 1.67635e-10
17.3875 1.5 1 1.08069e-10 0 579.583 1.5 1.62103e-10
17.4125 1.5 1 1.0435e-10 0 580.417 1.5 1.56525e-10
17.4375 1.5 1 1.00612e-10 0 581.25 1.5 1.50918e-10
17.4625 1.5 1 9.69291e-11 0 582.083 1.5 1.45394e-10
17.4875 1.5 1 9.3395e-11 0 582.917 1.5 1.40092e-10
17.5125 1.5 1 9.00727e-11 0 583.75 1.5 1.35109e-10
17.5375 1.5 1 8.69701e-11 0 584.583 1.5 1.30455e-10
17.5625 1.5 1 8.40454e-11 0 585.417 1.5 1.26068e-10
17.5875 1.5 1 8.12319e-11 0 586.25 1.5 1.21848e-10
17.6125 1.5 1 7.84729e-11 0 587.083 1.5 1.17709e-10
17.6375 1.5 1 7.57413e-11 0 587.917 1.5 1.13612e-10
17.6625 1.5 1 7.3048e-11 0 588.75 1.5 1.09572e-10
17.6875 1.5 1 7.04271e-11 0 589.583 1.5 1.05641e-10
17.7125 1.5 1 6.79156e-11 0 590.417 1.5 1.01873e-10
17.7375 1.5 1 6.55339e-11 0 591.25 1.5 9.83008e-11
17.7625 1.5 1 6.32773e-11 0 592.083 1.5 9.49159e-11
17.7875 1.5 1 6.11221e-11 0 592.917 1.5 9.16831e-11
17.8125 1.5 1 5.90388e-11 0 593.75 1.5 8.85581e-11
17.8375 1.5 1 5.70052e-11 0 594.583 1.5 8.55079e-11
17.8625 1.5 1 5.50144e-11 0 595.417 1.5 8.25215e-11
17.8875 1.5 1 5.30743e-11 0 596.25 1.5 7.96114e-11
17.9125 1.5 1 5.11995e-11 0 597.083 1.5 7.67992e-11
17.9375 1.5 1 4.94018e-11 0 597.917 1.5 7.41026e-11
17.9625 1.5 1 4.76839e-11 0 598.75 1.5 7.15258e-11
17.9875 1.5 1 4.60412e-11 0 599.583 1.5 6.90618e-11
18.0125 1.5 1 4.44615e-11 0 600.417 1.5 6.66922e-11
18.0375 1.5 1 4.29324e-11 0 601.25 1.5 6.43986e-11
18.0625 1.5 1 4.14478e-11 0 602.083 1.5 6.21717e-11
18.0875 1.5 1 4.00058e-11 0 602.917 1.5 6.00086e-11
18.1125 1.5 1 3.86097e-11 0 603.75 1.5 5.79145e-11
18.1375 1.5 1 3.7264e-11 0 604.583 1.5 5.58959e-11
18.1625 1.5 1 3.59716e-11 0 605.417 1.5 5.39574e-11
18.1875 1.5 1 3.47304e-11 0 606.25 1.5 5.20957e-11
18.2125 1.5 1 3.35349e-11 0 607.083 1.5 5.03024e-11
18.2375 1.5 1 3.23802e-11 0 607.917 1.5 4.85703e-11
18.2625 1.5 1 3.12626e-11 0 608.75 1.5 4.68938e-11
18.2875 1.5 1 3.01799e-11 0 609.583 1.5 4.52699e-11
18.3125 1.5 1 2.91326e-11 0 610.417 1.5 4.3699e-11
18.3375 1.5 1 2.81226e-11 0 611.25 1.5 4.21839e-11
18.3625 1.5 1 2.71499e-11 0 612.083 1.5 4.07249e-11
18.3875 1.5 1 2.62137e-11 0 612.917 1.5 3.93205e-11
18.4125 1.5 1 2.53122e-11 0 613.75 1.5 3.79682e-11
18.4375 1.5 1 2.44419e-11 0 614.583 1.5 3.66628e-11
18.4625 1.5 1 2.36005e-11 0 615.417 1.5 3.54008e-11
18.4875 1.5 1 2.27873e-11 0 616.25 1.5 3.4181e-11
18.5125 1.5 1 2.20008e-11 0 617.083 1.5 3.30011e-11
18.5375 1.5 1 2.12414e-11 0 617.917 1.5 3.18622e-11
18.5625 1.5 1 2.0509e-11 0 618.75 1.5 3.07635e-11
18.5875 1.5 1 1.98022e-11 0 619.583 1.5 2.97033e-11
18.6125 1.5 1 1.91207e-11 0 620.417 1.5 2.86811e-11
18.6375 1.5 1 1.8462e-11 0 621.25 1.5 2.7693e-11
18.6625 1.5 1 1.78252e-11 0 622.083 1.5 2.67378e-11
18.6875 1.5 1 1.72105e-11 0 622.917 1.5 2.58157e-11
18.7125 1.5 1 1.66169e-11 0 623.75 1.5 2.49253e-11
18.7375 1.5 1 1.60433e-11 0 624.583 1.5 2.4065e-11
18.7625 1.5 1 1.5489e-11 0 625.417 1.5 2.32335e-11
18.7875 1.5 1 1.49534e-11 0 626.25 1.5 2.24301e-11
18.8125 1.5 1 1.44357e-11 0 627.083 1.5 2.16535e-11
18.8375 1.5 1 1.39359e-11 0 627.917 1.5 2.09038e-11
18.8625 1.5 1 1.34524e-11 0 628.75 1.5 2.01786e-11
18.8875 1.5 1 1.29851e-11 0 629.583 1.5 1.94776e-11
18.9125 1.5 1 1.25335e-11 0 630.417 1.5 1.88003e-11
18.9375 1.5 1 1.20967e-11 0 631.25 1.5 1.81451e-11
18.9625 1.5 1 1.16759e-11 0 632.083 1.5 1.75138e-11
18.9875 1.5 1 1.12694e-11 0 632.917 1.5 1.69042e-11
19.0125 1.5 1 1.0877e-11 0 633.75 1.5 1.63155e-11
19.0375 1.5 1 1.04983e-11 0 634.583 1.5 1.57475e-11
19.0625 1.5 1 1.01332e-11 0 635.417 1.5 1.51998e-11
19.0875 1.5 1 9.78054e-12 0 636.25 1.5 1.46708e-11
19.1125 1.5 1 9.44051e-12 0 637.083 1.5 1.41608e-11
19.1375 1.5 1 9.11171e-12 0 637.917 1.5 1.36676e-11
19.1625 1.5 1 8.79407e-12 0 638.75 1.5 1.31911e-11
19.1875 1.5 1 8.48681e-12 0 639.583 1.5 1.27302e-11
19.2125 1.5 1 8.18967e-12 0 640.417 1.5 1.22845e-11
19.2375 1.5 1 7.90289e-12 0 641.25 1.5 1.18543e-11
19.2625 1.5 1 7.62603e-12 0 642.083 1.5 1.1439e-11
19.2875 1.5 1 7.35905e-12 0 642.917 1.5 1.10386e-11
19.3125 1.5 1 7.10193e-12 0 643.75 1.5 1.06529e-11
19.3375 1.5 1 6.8542e-12 0 644.583 1.5 1.02813e-11
19.3625 1.5 1 6.61548e-12 0 645.417 1.5 9.92323e-12
19.3875 1.5 1 6.38531e-12 0 646.25 1.5 9.57797e-12
19.4125 1.5 1 6.16253e-12 0 647.083 1.5 9.24379e-12
19.4375 1.5 1 5.94755e-12 0 647.917 1.5 8.92132e-12
19.4625 1.5 1 5.73919e-12 0 648.75 1.5 8.60879e-12
19.4875 1.5 1 5.53827e-12 0 649.583 1.5 8.3074e-12
19.5125 1.5 1 5.34305e-12 0 650.417 1.5 8.01458e-12
19.5375 1.5 1 5.15396e-12 0 651.25 1.5 7.73095e-12
19.5625 1.5 1 4.971e-12 0 652.083 1.5 7.4565e-12
19.5875 1.5 1 4.79386e-12 0 652.917 1.5 7.19078e-12
19.6125 1.5 1 4.62228e-12 0 653.75 1.5 6.93342e-12
19.6375 1.5 1 4.45645e-12 0 654.583 1.5 6.68468e-12
19.6625 1.5 1 4.29746e-12 0 655.417 1.5 6.44619e-12
19.6875 1.5 1 4.14415e-12 0 656.25 1.5 6.21622e-12
19.7125 1.5 1 3.99669e-12 0 657.083 1.5 5.99503e-12
19.7375 1.5 1 3.85386e-12 0 657.917 1.5 5.78079e-12
19.7625 1.5 1 3.71603e-12 0 658.75 1.5 5.57404e-12
19.7875 1.5 1 3.58284e-12 0 659.583 1.5 5.37425e-12
19.8125 1.5 1 3.4542e-12 0 660.417 1.5 5.18129e-12
19.8375 1.5 1 3.33027e-12 0 661.25 1.5 4.99541e-12
19.8625 1.5 1 3.21012e-12 0 662.083 1.5 4.81519e-12
19.8875 1.5 1 3.09554e-12 0 662.917 1.5 4.64331e-12
19.9125 1.5 1 2.98489e-12 0 663.75 1.5 4.47733e-12
19.9375 1.5 1 2.87813e-12 0 664.583 1.5 4.31719e-12
19.9625 1.5 1 2.77573e-12 0 665.417 1.5 4.16359e-12
19.9875 1.5 1 2.67454e-12 0 666.25 1.5 4.01182e-12
