-19.9875 1.5 1 1.30827e-07 0 -249.844 1.5 1.96241e-07
-19.9625 1.5 1 1.47954e-07 0 -249.531 1.5 2.21931e-07
-19.9375 1.5 1 1.57787e-07 0 -249.219 1.5 2.3668e-07
-19.9125 1.5 1 1.59098e-07 0 -248.906 1.5 2.38647e-07
-19.8875 1.5 1 1.50733e-07 0 -248.594 1.5 2.261e-07
-19.8625 1.5 1 1.32261e-07 0 -248.281 1.5 1.98392e-07
-19.8375 1.5 1 1.03774e-07 0 -247.969 1.5 1.5566e-07
-19.8125 1.5 1 6.52424e-08 0 -247.656 1.5 9.78636e-08
-19.7875 1.5 1 1.82997e-08 0 -247.344 1.5 2.74496e-08
-19.7625 1.5 1 -3.3929e-08 0 -247.031 1.5 -5.08935e-08
-19.7375 1.5 1 -8.71447e-08 0 -246.719 1.5 -1.30717e-07
-19.7125 1.5 1 -1.36437e-07 0 -246.406 1.5 -2.04656e-07
-19.6875 1.5 1 -1.77204e-07 0 -246.094 1.5 -2.65807e-07
-19.6625 1.5 1 -2.05234e-07 0 -245.781 1.5 -3.07851e-07
-19.6375 1.5 1 -2.1719e-07 0 -245.469 1.5 -3.25784e-07
-19.6125 1.5 1 -2.11122e-07 0 -245.156 1.5 -3.16683e-07
-19.5875 1.5 1 -1.86195e-07 0 -244.844 1.5 -2.79293e-07
-19.5625 1.5 1 -1.43148e-07 0 -244.531 1.5 -2.14722e-07
-19.5375 1.5 1 -8.51179e-08 0 -244.219 1.5 -1.27677e-07
-19.5125 1.5 1 -1.70081e-08 0 -243.906 1.5 -2.55121e-08
-19.4875 1.5 1 5.51445e-08 0 -243.594 1.5 8.27167e-08
-19.4625 1.5 1 1.2459e-07 0 -243.281 1.5 1.86885e-07
-19.4375 1.5 1 1.84794e-07 0 -242.969 1.5 2.77191e-07
-19.4125 1.5 1 2.29768e-07 0 -242.656 1.5 3.44652e-07
-19.3875 1.5 1 2.5481e-07 0 -242.344 1.5 3.82214e-07
-19.3625 1.5 1 2.57127e-07 0 -242.031 1.5 3.8569e-07
-19.3375 1.5 1 2.34928e-07 0 -241.719 1.5 3.52392e-07
-19.3125 1.5 1 1.89492e-07 0 -241.406 1.5 2.84238e-07
-19.2875 1.5 1 1.24717e-07 0 -241.094 1.5 1.87075e-07
-19.2625 1.5 1 4.66016e-08 0 -240.781 1.5 6.99023e-08
-19.2375 1.5 1 -3.73618e-08 0 -240.469 1.5 -5.60427e-08
-19.2125 1.5 1 -1.18927e-07 0 -240.156 1.5 -1.7839e-07
-19.1875 1.5 1 -1.90107e-07 0 -239.844 1.5 -2.8516e-07
-19.1625 1.5 1 -2.44008e-07 0 -239.531 1.5 -3.66012e-07
-19.1375 1.5 1 -2.75404e-07 0 -239.219 1.5 -4.13107e-07
-19.1125 1.5 1 -2.80492e-07 0 -238.906 1.5 -4.20739e-07
-19.0875 1.5 1 -2.58232e-07 0 -238.594 1.5 -3.87349e-07
-19.0625 1.5 1 -2.10355e-07 0 -238.281 1.5 -3.15532e-07
-19.0375 1.5 1 -1.41421e-07 0 -237.969 1.5 -2.12131e-07
-19.0125 1.5 1 -5.81661e-08 0 -237.656 1.5 -8.72491e-08
-18.9875 1.5 1 3.14046e-08 0 -237.344 1.5 4.71069e-08
-18.9625 1.5 1 1.18353e-07 0 -237.031 1.5 1.77529e-07
-18.9375 1.5 1 1.94272e-07 0 -236.719 1.5 2.91408e-07
-18.9125 1.5 1 2.51969e-07 0 -236.406 1.5 3.77954e-07
-18.8875 1.5 1 2.85414e-07 0 -236.094 1.5 4.28121e-07
-18.8625 1.5 1 2.90636e-07 0 -235.781 1.5 4.35953e-07
-18.8375 1.5 1 2.6693e-07 0 -235.469 1.5 4.00395e-07
-18.8125 1.5 1 2.16475e-07 0 -235.156 1.5 3.24713e-07
-18.7875 1.5 1 1.44499e-07 0 -234.844 1.5 2.16748e-07
-18.7625 1.5 1 5.83396e-08 0 -234.531 1.5 8.75095e-08
-18.7375 1.5 1 -3.35735e-08 0 -234.219 1.5 -5.03602e-08
-18.7125 1.5 1 -1.21994e-07 0 -233.906 1.5 -1.82992e-07
-18.6875 1.5 1 -1.98604e-07 0 -233.594 1.5 -2.97906e-07
-18.6625 1.5 1 -2.56202e-07 0 -233.281 1.5 -3.84303e-07
-18.6375 1.5 1 -2.88269e-07 0 -232.969 1.5 -4.32403e-07
-18.6125 1.5 1 -2.91694e-07 0 -232.656 1.5 -4.37541e-07
-18.5875 1.5 1 -2.6617e-07 0 -232.344 1.5 -3.99256e-07
-18.5625 1.5 1 -2.14178e-07 0 -232.031 1.5 -3.21267e-07
-18.5375 1.5 1 -1.4121e-07 0 -231.719 1.5 -2.11816e-07
-18.5125 1.5 1 -5.45931e-08 0 -231.406 1.5 -8.18896e-08
-18.4875 1.5 1 3.71732e-08 0 -231.094 1.5 5.57597e-08
-18.4625 1.5 1 1.25023e-07 0 -230.781 1.5 1.87534e-07
-18.4375 1.5 1 2.00784e-07 0 -230.469 1.5 3.01176e-07
-18.4125 1.5 1 2.56665e-07 0 -230.156 1.5 3.84997e-07
-18.3875 1.5 1 2.8692e-07 0 -229.844 1.5 4.30379e-07
-18.3625 1.5 1 2.88653e-07 0 -229.531 1.5 4.32979e-07
-18.3375 1.5 1 2.61829e-07 0 -229.219 1.5 3.92744e-07
-18.3125 1.5 1 2.09262e-07 0 -228.906 1.5 3.13893e-07
-18.2875 1.5 1 1.36691e-07 0 -228.594 1.5 2.05037e-07
-18.2625 1.5 1 5.13879e-08 0 -228.281 1.5 7.70818e-08
-18.2375 1.5 1 -3.83693e-08 0 -227.969 1.5 -5.7554e-08
-18.2125 1.5 1 -1.23921e-07 0 -227.656 1.5 -1.85882e-07
-18.1875 1.5 1 -1.97543e-07 0 -227.344 1.5 -2.96315e-07
-18.1625 1.5 1 -2.51513e-07 0 -227.031 1.5 -3.7727e-07
-18.1375 1.5 1 -2.80582e-07 0 -226.719 1.5 -4.20873e-07
-18.1125 1.5 1 -2.82094e-07 0 -226.406 1.5 -4.23141e-07
-18.0875 1.5 1 -2.56142e-07 0 -226.094 1.5 -3.84213e-07
-18.0625 1.5 1 -2.05469e-07 0 -225.781 1.5 -3.08203e-07
-18.0375 1.5 1 -1.35555e-07 0 -225.469 1.5 -2.03333e-07
-18.0125 1.5 1 -5.34225e-08 0 -225.156 1.5 -8.01337e-08
-17.9875 1.5 1 3.29752e-08 0 -224.844 1.5 4.94628e-08
-17.9625 1.5 1 1.15404e-07 0 -224.531 1.5 1.73106e-07
-17.9375 1.5 1 1.86631e-07 0 -224.219 1.5 2.79947e-07
-17.9125 1.5 1 2.39312e-07 0 -223.906 1.5 3.58968e-07
-17.8875 1.5 1 2.68541e-07 0 -223.594 1.5 4.02811e-07
-17.8625 1.5 1 2.71821e-07 0 -223.281 1.5 4.07732e-07
-17.8375 1.5 1 2.49214e-07 0 -222.969 1.5 3.73821e-07
-17.8125 1.5 1 2.0322e-07 0 -222.656 1.5 3.0483e-07
-17.7875 1.5 1 1.38879e-07 0 -222.344 1.5 2.08319e-07
-17.7625 1.5 1 6.26176e-08 0 -222.031 1.5 9.39264e-08
-17.7375 1.5 1 -1.82667e-08 0 -221.719 1.5 -2.74001e-08
-17.7125 1.5 1 -9.62642e-08 0 -221.406 1.5 -1.44396e-07
-17.6875 1.5 1 -1.64746e-07 0 -221.094 1.5 -2.47119e-07
-17.6625 1.5 1 -2.16992e-07 0 -220.781 1.5 -3.25488e-07
-17.6375 1.5 1 -2.48248e-07 0 -220.469 1.5 -3.72372e-07
-17.6125 1.5 1 -2.56012e-07 0 -220.156 1.5 -3.84018e-07
-17.5875 1.5 1 -2.40015e-07 0 -219.844 1.5 -3.60023e-07
-17.5625 1.5 1 -2.02166e-07 0 -219.531 1.5 -3.03249e-07
-17.5375 1.5 1 -1.46779e-07 0 -219.219 1.5 -2.20169e-07
-17.5125 1.5 1 -7.94548e-08 0 -218.906 1.5 -1.19182e-07
-17.4875 1.5 1 -6.6202e-09 0 -218.594 1.5 -9.9303e-09
-17.4625 1.5 1 6.51715e-08 0 -218.281 1.5 9.77573e-08
-17.4375 1.5 1 1.30009e-07 0 -217.969 1.5 1.95013e-07
-17.4125 1.5 1 1.82099e-07 0 -217.656 1.5 2.73149e-07
-17.3875 1.5 1 2.16767e-07 0 -217.344 1.5 3.2515e-07
-17.3625 1.5 1 2.31498e-07 0 -217.031 1.5 3.47247e-07
-17.3375 1.5 1 2.25582e-07 0 -216.719 1.5 3.38373e-07
-17.3125 1.5 1 1.99992e-07 0 -216.406 1.5 2.99988e-07
-17.2875 1.5 1 1.57731e-07 0 -216.094 1.5 2.36596e-07
-17.2625 1.5 1 1.03113e-07 0 -215.781 1.5 1.5467e-07
-17.2375 1.5 1 4.13668e-08 0 -215.469 1.5 6.20502e-08
-17.2125 1.5 1 -2.20469e-08 0 -215.156 1.5 -3.30703e-08
-17.1875 1.5 1 -8.19893e-08 0 -214.844 1.5 -1.22984e-07
-17.1625 1.5 1 -1.33889e-07 0 -214.531 1.5 -2.00834e-07
-17.1375 1.5 1 -1.72964e-07 0 -214.219 1.5 -2.59446e-07
-17.1125 1.5 1 -1.9649e-07 0 -213.906 1.5 -2.94734e-07
-17.0875 1.5 1 -2.0321e-07 0 -213.594 1.5 -3.04816e-07
-17.0625 1.5 1 -1.93206e-07 0 -213.281 1.5 -2.89809e-07
-17.0375 1.5 1 -1.67758e-07 0 -212.969 1.5 -2.51637e-07
-17.0125 1.5 1 -1.29674e-07 0 -212.656 1.5 -1.94511e-07
-16.9875 1.5 1 -8.24741e-08 0 -212.344 1.5 -1.23711e-07
-16.9625 1.5 1 -3.01386e-08 0 -212.031 1.5 -4.52079e-08
-16.9375 1.5 1 2.32411e-08 0 -211.719 1.5 3.48617e-08
-16.9125 1.5 1 7.38768e-08 0 -211.406 1.5 1.10815e-07
-16.8875 1.5 1 1.1733e-07 0 -211.094 1.5 1.75995e-07
-16.8625 1.5 1 1.50561e-07 0 -210.781 1.5 2.25842e-07
-16.8375 1.5 1 1.71415e-07 0 -210.469 1.5 2.57123e-07
-16.8125 1.5 1 1.78765e-07 0 -210.156 1.5 2.68148e-07
-16.7875 1.5 1 1.72535e-07 0 -209.844 1.5 2.58803e-07
-16.7625 1.5 1 1.5345e-07 0 -209.531 1.5 2.30175e-07
-16.7375 1.5 1 1.2321e-07 0 -209.219 1.5 1.84814e-07
-16.7125 1.5 1 8.42065e-08 0 -208.906 1.5 1.2631e-07
-16.6875 1.5 1 3.93297e-08 0 -208.594 1.5 5.89945e-08
-16.6625 1.5 1 -8.17819e-09 0 -208.281 1.5 -1.22673e-08
-16.6375 1.5 1 -5.47248e-08 0 -207.969 1.5 -8.20872e-08
-16.6125 1.5 1 -9.64958e-08 0 -207.656 1.5 -1.44744e-07
-16.5875 1.5 1 -1.30622e-07 0 -207.344 1.5 -1.95933e-07
-16.5625 1.5 1 -1.54743e-07 0 -207.031 1.5 -2.32114e-07
-16.5375 1.5 1 -1.67212e-07 0 -206.719 1.5 -2.50818e-07
-16.5125 1.5 1 -1.67266e-07 0 -206.406 1.5 -2.509e-07
-16.4875 1.5 1 -1.5469e-07 0 -206.094 1.5 -2.32036e-07
-16.4625 1.5 1 -1.30131e-07 0 -205.781 1.5 -1.95197e-07
-16.4375 1.5 1 -9.53892e-08 0 -205.469 1.5 -1.43084e-07
-16.4125 1.5 1 -5.29827e-08 0 -205.156 1.5 -7.94741e-08
-16.3875 1.5 1 -5.78496e-09 0 -204.844 1.5 -8.67744e-09
-16.3625 1.5 1 4.17831e-08 0 -204.531 1.5 6.26746e-08
-16.3375 1.5 1 8.59076e-08 0 -204.219 1.5 1.28861e-07
-16.3125 1.5 1 1.23089e-07 0 -203.906 1.5 1.84634e-07
-16.2875 1.5 1 1.5041e-07 0 -203.594 1.5 2.25615e-07
-16.2625 1.5 1 1.65754e-07 0 -203.281 1.5 2.4863e-07
-16.2375 1.5 1 1.6774e-07 0 -202.969 1.5 2.5161e-07
-16.2125 1.5 1 1.55995e-07 0 -202.656 1.5 2.33993e-07
-16.1875 1.5 1 1.31302e-07 0 -202.344 1.5 1.96953e-07
-16.1625 1.5 1 9.55697e-08 0 -202.031 1.5 1.43355e-07
-16.1375 1.5 1 5.1534e-08 0 -201.719 1.5 7.7301e-08
-16.1125 1.5 1 2.9661e-09 0 -201.406 1.5 4.44915e-09
-16.0875 1.5 1 -4.55212e-08 0 -201.094 1.5 -6.82817e-08
-16.0625 1.5 1 -8.95044e-08 0 -200.781 1.5 -1.34257e-07
-16.0375 1.5 1 -1.25035e-07 0 -200.469 1.5 -1.87552e-07
-16.0125 1.5 1 -1.49027e-07 0 -200.156 1.5 -2.23541e-07
-15.9875 1.5 1 -1.59371e-07 0 -199.844 1.5 -2.39056e-07
-15.9625 1.5 1 -1.55171e-07 0 -199.531 1.5 -2.32756e-07
-15.9375 1.5 1 -1.37037e-07 0 -199.219 1.5 -2.05556e-07
-15.9125 1.5 1 -1.07031e-07 0 -198.906 1.5 -1.60547e-07
-15.8875 1.5 1 -6.81338e-08 0 -198.594 1.5 -1.02201e-07
-15.8625 1.5 1 -2.39033e-08 0 -198.281 1.5 -3.5855e-08
-15.8375 1.5 1 2.15161e-08 0 -197.969 1.5 3.22741e-08
-15.8125 1.5 1 6.34932e-08 0 -197.656 1.5 9.52398e-08
-15.7875 1.5 1 9.80444e-08 0 -197.344 1.5 1.47067e-07
-15.7625 1.5 1 1.21828e-07 0 -197.031 1.5 1.82742e-07
-15.7375 1.5 1 1.32596e-07 0 -196.719 1.5 1.98893e-07
-15.7125 1.5 1 1.29615e-07 0 -196.406 1.5 1.94423e-07
-15.6875 1.5 1 1.13697e-07 0 -196.094 1.5 1.70546e-07
-15.6625 1.5 1 8.70156e-08 0 -195.781 1.5 1.30523e-07
-15.6375 1.5 1 5.27187e-08 0 -195.469 1.5 7.9078e-08
-15.6125 1.5 1 1.46199e-08 0 -195.156 1.5 2.19298e-08
-15.5875 1.5 1 -2.30942e-08 0 -194.844 1.5 -3.46413e-08
-15.5625 1.5 1 -5.63632e-08 0 -194.531 1.5 -8.45449e-08
-15.5375 1.5 1 -8.18912e-08 0 -194.219 1.5 -1.22837e-07
-15.5125 1.5 1 -9.70903e-08 0 -193.906 1.5 -1.45635e-07
-15.4875 1.5 1 -1.00543e-07 0 -193.594 1.5 -1.50814e-07
-15.4625 1.5 1 -9.24062e-08 0 -193.281 1.5 -1.38609e-07
-15.4375 1.5 1 -7.41088e-08 0 -192.969 1.5 -1.11163e-07
-15.4125 1.5 1 -4.81276e-08 0 -192.656 1.5 -7.21914e-08
-15.3875 1.5 1 -1.75728e-08 0 -192.344 1.5 -2.63592e-08
-15.3625 1.5 1 1.40946e-08 0 -192.031 1.5 2.11419e-08
-15.3375 1.5 1 4.32384e-08 0 -191.719 1.5 6.48577e-08
-15.3125 1.5 1 6.66985e-08 0 -191.406 1.5 1.00048e-07
-15.2875 1.5 1 8.19961e-08 0 -191.094 1.5 1.22994e-07
-15.2625 1.5 1 8.74999e-08 0 -190.781 1.5 1.3125e-07
-15.2375 1.5 1 8.27868e-08 0 -190.469 1.5 1.2418e-07
-15.2125 1.5 1 6.85502e-08 0 -190.156 1.5 1.02825e-07
-15.1875 1.5 1 4.66456e-08 0 -189.844 1.5 6.99684e-08
-15.1625 1.5 1 1.97441e-08 0 -189.531 1.5 2.96161e-08
-15.1375 1.5 1 -9.06797e-09 0 -189.219 1.5 -1.3602e-08
-15.1125 1.5 1 -3.65481e-08 0 -188.906 1.5 -5.48222e-08
-15.0875 1.5 1 -5.99911e-08 0 -188.594 1.5 -8.99866e-08
-15.0625 1.5 1 -7.74508e-08 0 -188.281 1.5 -1.16176e-07
-15.0375 1.5 1 -8.75981e-08 0 -187.969 1.5 -1.31397e-07
-15.0125 1.5 1 -9.00414e-08 0 -187.656 1.5 -1.35062e-07
-14.9875 1.5 1 -8.48177e-08 0 -187.344 1.5 -1.27227e-07
-14.9625 1.5 1 -7.27715e-08 0 -187.031 1.5 -1.09157e-07
-14.9375 1.5 1 -5.52673e-08 0 -186.719 1.5 -8.29009e-08
-14.9125 1.5 1 -3.39784e-08 0 -186.406 1.5 -5.09675e-08
-14.8875 1.5 1 -1.07112e-08 0 -186.094 1.5 -1.60667e-08
-14.8625 1.5 1 1.2739e-08 0 -185.781 1.5 1.91086e-08
-14.8375 1.5 1 3.48229e-08 0 -185.469 1.5 5.22344e-08
-14.8125 1.5 1 5.43868e-08 0 -185.156 1.5 8.15802e-08
-14.7875 1.5 1 7.06925e-08 0 -184.844 1.5 1.06039e-07
-14.7625 1.5 1 8.32316e-08 0 -184.531 1.5 1.24847e-07
-14.7375 1.5 1 9.16414e-08 0 -184.219 1.5 1.37462e-07
-14.7125 1.5 1 9.59683e-08 0 -183.906 1.5 1.43952e-07
-14.6875 1.5 1 9.63455e-08 0 -183.594 1.5 1.44518e-07
-14.6625 1.5 1 9.28123e-08 0 -183.281 1.5 1.39219e-07
-14.6375 1.5 1 8.51012e-08 0 -182.969 1.5 1.27652e-07
-14.6125 1.5 1 7.30055e-08 0 -182.656 1.5 1.09508e-07
-14.5875 1.5 1 5.62416e-08 0 -182.344 1.5 8.43624e-08
-14.5625 1.5 1 3.46986e-08 0 -182.031 1.5 5.20479e-08
-14.5375 1.5 1 8.46055e-09 0 -181.719 1.5 1.26908e-08
-14.5125 1.5 1 -2.23042e-08 0 -181.406 1.5 -3.34562e-08
-14.4875 1.5 1 -5.60637e-08 0 -181.094 1.5 -8.40955e-08
-14.4625 1.5 1 -9.08915e-08 0 -180.781 1.5 -1.36337e-07
-14.4375 1.5 1 -1.24364e-07 0 -180.469 1.5 -1.86546e-07
-14.4125 1.5 1 -1.53701e-07 0 -180.156 1.5 -2.30552e-07
-14.3875 1.5 1 -1.75995e-07 0 -179.844 1.5 -2.63992e-07
-14.3625 1.5 1 -1.88556e-07 0 -179.531 1.5 -2.82835e-07
-14.3375 1.5 1 -1.89205e-07 0 -179.219 1.5 -2.83807e-07
-14.3125 1.5 1 -1.7658e-07 0 -178.906 1.5 -2.64869e-07
-14.2875 1.5 1 -1.50339e-07 0 -178.594 1.5 -2.25509e-07
-14.2625 1.5 1 -1.11153e-07 0 -178.281 1.5 -1.6673e-07
-14.2375 1.5 1 -6.07124e-08 0 -177.969 1.5 -9.10685e-08
-14.2125 1.5 1 -1.66755e-09 0 -177.656 1.5 -2.50132e-09
-14.1875 1.5 1 6.20729e-08 0 -177.344 1.5 9.31094e-08
-14.1625 1.5 1 1.25581e-07 0 -177.031 1.5 1.88371e-07
-14.1375 1.5 1 1.84029e-07 0 -176.719 1.5 2.76044e-07
-14.1125 1.5 1 2.32871e-07 0 -176.406 1.5 3.49307e-07
-14.0875 1.5 1 2.6821e-07 0 -176.094 1.5 4.02315e-07
-14.0625 1.5 1 2.87151e-07 0 -175.781 1.5 4.30726e-07
-14.0375 1.5 1 2.88042e-07 0 -175.469 1.5 4.32063e-07
-14.0125 1.5 1 2.70473e-07 0 -175.156 1.5 4.0571e-07
-13.9875 1.5 1 2.35269e-07 0 -174.844 1.5 3.52904e-07
-13.9625 1.5 1 1.84674e-07 0 -174.531 1.5 2.77011e-07
-13.9375 1.5 1 1.21968e-07 0 -174.219 1.5 1.82951e-07
-13.9125 1.5 1 5.12454e-08 0 -173.906 1.5 7.6868e-08
-13.8875 1.5 1 -2.31481e-08 0 -173.594 1.5 -3.47221e-08
-13.8625 1.5 1 -9.68957e-08 0 -173.281 1.5 -1.45343e-07
-13.8375 1.5 1 -1.66306e-07 0 -172.969 1.5 -2.49459e-07
-13.8125 1.5 1 -2.27642e-07 0 -172.656 1.5 -3.41463e-07
-13.7875 1.5 1 -2.77754e-07 0 -172.344 1.5 -4.16631e-07
-13.7625 1.5 1 -3.14509e-07 0 -172.031 1.5 -4.71764e-07
-13.7375 1.5 1 -3.36519e-07 0 -171.719 1.5 -5.04778e-07
-13.7125 1.5 1 -3.43036e-07 0 -171.406 1.5 -5.14553e-07
-13.6875 1.5 1 -3.33807e-07 0 -171.094 1.5 -5.0071e-07
-13.6625 1.5 1 -3.0901e-07 0 -170.781 1.5 -4.63515e-07
-13.6375 1.5 1 -2.69637e-07 0 -170.469 1.5 -4.04455e-07
-13.6125 1.5 1 -2.16923e-07 0 -170.156 1.5 -3.25385e-07
-13.5875 1.5 1 -1.52341e-07 0 -169.844 1.5 -2.28512e-07
-13.5625 1.5 1 -7.77288e-08 0 -169.531 1.5 -1.16593e-07
-13.5375 1.5 1 4.81199e-09 0 -169.219 1.5 7.21798e-09
-13.5125 1.5 1 9.26368e-08 0 -168.906 1.5 1.38955e-07
-13.4875 1.5 1 1.82214e-07 0 -168.594 1.5 2.7332e-07
-13.4625 1.5 1 2.68887e-07 0 -168.281 1.5 4.0333e-07
-13.4375 1.5 1 3.48172e-07 0 -167.969 1.5 5.22259e-07
-13.4125 1.5 1 4.154e-07 0 -167.656 1.5 6.231e-07
-13.3875 1.5 1 4.65991e-07 0 -167.344 1.5 6.98986e-07
-13.3625 1.5 1 4.95832e-07 0 -167.031 1.5 7.43747e-07
-13.3375 1.5 1 5.01693e-07 0 -166.719 1.5 7.52539e-07
-13.3125 1.5 1 4.8156e-07 0 -166.406 1.5 7.2234e-07
-13.2875 1.5 1 4.3457e-07 0 -166.094 1.5 6.51854e-07
-13.2625 1.5 1 3.61522e-07 0 -165.781 1.5 5.42282e-07
-13.2375 1.5 0.999999 2.64888e-07 0 -165.469 1.5 3.97332e-07
-13.2125 1.5 0.999999 1.4881e-07 0 -165.156 1.5 2.23215e-07
-13.1875 1.5 0.999999 1.86948e-08 0 -164.844 1.5 2.80422e-08
-13.1625 1.5 0.999999 -1.19202e-07 0 -164.531 1.5 -1.78804e-07
-13.1375 1.5 0.999999 -2.58115e-07 0 -164.219 1.5 -3.87173e-07
-13.1125 1.5 0.999999 -3.89428e-07 0 -163.906 1.5 -5.84142e-07
-13.0875 1.5 1 -5.05869e-07 0 -163.594 1.5 -7.58804e-07
-13.0625 1.5 1 -6.00851e-07 0 -163.281 1.5 -9.01276e-07
-13.0375 1.5 1 -6.68865e-07 0 -162.969 1.5 -1.0033e-06
-13.0125 1.5 1 -7.05767e-07 0 -162.656 1.5 -1.05865e-06
-12.9875 1.5 1 -7.08992e-07 0 -162.344 1.5 -1.06349e-06
-12.9625 1.5 1 -6.7766e-07 0 -162.031 1.5 -1.01649e-06
-12.9375 1.5 1 -6.12378e-07 0 -161.719 1.5 -9.18567e-07
-12.9125 1.5 1 -5.15752e-07 0 -161.406 1.5 -7.73628e-07
-12.8875 1.5 1 -3.91605e-07 0 -161.094 1.5 -5.87407e-07
-12.8625 1.5 1 -2.44921e-07 0 -160.781 1.5 -3.67382e-07
-12.8375 1.5 1 -8.1537e-08 0 -160.469 1.5 -1.22306e-07
-12.8125 1.5 1 9.23088e-08 0 -160.156 1.5 1.38463e-07
-12.7875 1.5 1 2.69914e-07 0 -159.844 1.5 4.04871e-07
-12.7625 1.5 1 4.43381e-07 0 -159.531 1.5 6.65071e-07
-12.7375 1.5 1 6.04102e-07 0 -159.219 1.5 9.06153e-07
-12.7125 1.5 1 7.44402e-07 0 -158.906 1.5 1.1166e-06
-12.6875 1.5 1 8.57067e-07 0 -158.594 1.5 1.2856e-06
-12.6625 1.5 1 9.35647e-07 0 -158.281 1.5 1.40347e-06
-12.6375 1.5 1 9.74849e-07 0 -157.969 1.5 1.46227e-06
-12.6125 1.5 1 9.70903e-07 0 -157.656 1.5 1.45635e-06
-12.5875 1.5 1 9.21752e-07 0 -157.344 1.5 1.38263e-06
-12.5625 1.5 0.999999 8.27218e-07 0 -157.031 1.5 1.24083e-06
-12.5375 1.5 0.999999 6.8921e-07 0 -156.719 1.5 1.03382e-06
-12.5125 1.5 0.999999 5.11923e-07 0 -156.406 1.5 7.67885e-07
-12.4875 1.5 0.999999 3.01835e-07 0 -156.094 1.5 4.52753e-07
-12.4625 1.5 0.999999 6.71866e-08 0 -155.781 1.5 1.0078e-07
-12.4375 1.5 0.999999 -1.82651e-07 0 -155.469 1.5 -2.73977e-07
-12.4125 1.5 0.999999 -4.37275e-07 0 -155.156 1.5 -6.55912e-07
-12.3875 1.5 0.999999 -6.82833e-07 0 -154.844 1.5 -1.02425e-06
-12.3625 1.5 0.999999 -9.06938e-07 0 -154.531 1.5 -1.36041e-06
-12.3375 1.5 0.999999 -1.09797e-06 0 -154.219 1.5 -1.64696e-06
-12.3125 1.5 1 -1.24561e-06 0 -153.906 1.5 -1.86842e-06
-12.2875 1.5 1 -1.34131e-06 0 -153.594 1.5 -2.01196e-06
-12.2625 1.5 1 -1.37871e-06 0 -153.281 1.5 -2.06807e-06
-12.2375 1.5 1 -1.35411e-06 0 -152.969 1.5 -2.03117e-06
-12.2125 1.5 1 -1.26664e-06 0 -152.656 1.5 -1.89995e-06
-12.1875 1.5 1 -1.11876e-06 0 -152.344 1.5 -1.67814e-06
-12.1625 1.5 1 -9.15356e-07 0 -152.031 1.5 -1.37303e-06
-12.1375 1.5 1 -6.63801e-07 0 -151.719 1.5 -9.95701e-07
-12.1125 1.5 1 -3.73794e-07 0 -151.406 1.5 -5.60691e-07
-12.0875 1.5 1 -5.6561e-08 0 -151.094 1.5 -8.48414e-08
-12.0625 1.5 1 2.75717e-07 0 -150.781 1.5 4.13575e-07
-12.0375 1.5 1 6.10456e-07 0 -150.469 1.5 9.15683e-07
-12.0125 1.5 1 9.31004e-07 0 -150.156 1.5 1.39651e-06
-11.9875 1.5 1 1.2228e-06 0 -149.844 1.5 1.8342e-06
-11.9625 1.5 1 1.47236e-06 0 -149.531 1.5 2.20854e-06
-11.9375 1.5 1 1.66752e-06 0 -149.219 1.5 2.50129e-06
-11.9125 1.5 1 1.79804e-06 0 -148.906 1.5 2.69706e-06
-11.8875 1.5 1 1.85598e-06 0 -148.594 1.5 2.78397e-06
-11.8625 1.5 0.999999 1.83598e-06 0 -148.281 1.5 2.75398e-06
-11.8375 1.5 0.999999 1.73578e-06 0 -147.969 1.5 2.60368e-06
-11.8125 1.5 0.999999 1.55721e-06 0 -147.656 1.5 2.33581e-06
-11.7875 1.5 0.999998 1.30511e-06 0 -147.344 1.5 1.95767e-06
-11.7625 1.5 0.999998 9.87533e-07 0 -147.031 1.5 1.4813e-06
-11.7375 1.5 0.999998 6.15702e-07 0 -146.719 1.5 9.23553e-07
-11.7125 1.5 0.999998 2.03454e-07 0 -146.406 1.5 3.05181e-07
-11.6875 1.5 0.999998 -2.34101e-07 0 -146.094 1.5 -3.51151e-07
-11.6625 1.5 0.999998 -6.80144e-07 0 -145.781 1.5 -1.02022e-06
-11.6375 1.5 0.999998 -1.11378e-06 0 -145.469 1.5 -1.67067e-06
-11.6125 1.5 0.999998 -1.51492e-06 0 -145.156 1.5 -2.27238e-06
-11.5875 1.5 0.999999 -1.86542e-06 0 -144.844 1.5 -2.79812e-06
-11.5625 1.5 0.999999 -2.14887e-06 0 -144.531 1.5 -3.22331e-06
-11.5375 1.5 0.999999 -2.35126e-06 0 -144.219 1.5 -3.52689e-06
-11.5125 1.5 1 -2.46165e-06 0 -143.906 1.5 -3.69247e-06
-11.4875 1.5 1 -2.47292e-06 0 -143.594 1.5 -3.70937e-06
-11.4625 1.5 1 -2.38231e-06 0 -143.281 1.5 -3.57347e-06
-11.4375 1.5 1 -2.19083e-06 0 -142.969 1.5 -3.28624e-06
-11.4125 1.5 1 -1.90396e-06 0 -142.656 1.5 -2.85594e-06
-11.3875 1.5 1 -1.53101e-06 0 -142.344 1.5 -2.29651e-06
-11.3625 1.5 1 -1.08493e-06 0 -142.031 1.5 -1.6274e-06
-11.3375 1.5 1 -5.82055e-07 0 -141.719 1.5 -8.73081e-07
-11.3125 1.5 1 -4.03305e-08 0 -141.406 1.5 -6.04957e-08
-11.2875 1.5 1 5.20991e-07 0 -141.094 1.5 7.81486e-07
-11.2625 1.5 1 1.08237e-06 0 -140.781 1.5 1.62355e-06
-11.2375 1.5 1 1.61662e-06 0 -140.469 1.5 2.42493e-06
-11.2125 1.5 1 2.10213e-06 0 -140.156 1.5 3.15319e-06
-11.1875 1.5 1 2.51849e-06 0 -139.844 1.5 3.77774e-06
-11.1625 1.5 1 2.84741e-06 0 -139.531 1.5 4.27111e-06
-11.1375 1.5 1 3.07358e-06 0 -139.219 1.5 4.61037e-06
-11.1125 1.5 1 3.18544e-06 0 -138.906 1.5 4.77816e-06
-11.0875 1.5 0.999999 3.17577e-06 0 -138.594 1.5 4.76366e-06
-11.0625 1.5 0.999999 3.04197e-06 0 -138.281 1.5 4.56296e-06
-11.0375 1.5 0.999998 2.78628e-06 0 -137.969 1.5 4.17942e-06
-11.0125 1.5 0.999997 2.41552e-06 0 -137.656 1.5 3.62328e-06
-10.9875 1.5 0.999997 1.94138e-06 0 -137.344 1.5 2.91207e-06
-10.9625 1.5 0.999997 1.37991e-06 0 -137.031 1.5 2.06986e-06
-10.9375 1.5 0.999996 7.50947e-07 0 -136.719 1.5 1.12642e-06
-10.9125 1.5 0.999996 7.61497e-08 0 -136.406 1.5 1.14225e-07
-10.8875 1.5 0.999996 -6.21449e-07 0 -136.094 1.5 -9.32175e-07
-10.8625 1.5 0.999996 -1.31841e-06 0 -135.781 1.5 -1.97762e-06
-10.8375 1.5 0.999997 -1.98239e-06 0 -135.469 1.5 -2.97359e-06
-10.8125 1.5 0.999997 -2.58798e-06 0 -135.156 1.5 -3.88197e-06
-10.7875 1.5 0.999998 -3.11138e-06 0 -134.844 1.5 -4.66707e-06
-10.7625 1.5 0.999998 -3.53141e-06 0 -134.531 1.5 -5.29712e-06
-10.7375 1.5 0.999999 -3.83046e-06 0 -134.219 1.5 -5.7457e-06
-10.7125 1.5 1 -3.99514e-06 0 -133.906 1.5 -5.9927e-06
-10.6875 1.5 1 -4.01686e-06 0 -133.594 1.5 -6.02529e-06
-10.6625 1.5 1 -3.89246e-06 0 -133.281 1.5 -5.83869e-06
-10.6375 1.5 1 -3.62347e-06 0 -132.969 1.5 -5.4352e-06
-10.6125 1.5 1 -3.21716e-06 0 -132.656 1.5 -4.82574e-06
-10.5875 1.5 1 -2.68578e-06 0 -132.344 1.5 -4.02866e-06
-10.5625 1.5 1 -2.04615e-06 0 -132.031 1.5 -3.06922e-06
-10.5375 1.5 1 -1.31929e-06 0 -131.719 1.5 -1.97893e-06
-10.5125 1.5 1 -5.29292e-07 0 -131.406 1.50001 -7.93936e-07
-10.4875 1.5 1 2.99575e-07 0 -131.094 1.50001 4.49362e-07
-10.4625 1.5 1 1.14036e-06 0 -130.781 1.50001 1.71054e-06
-10.4375 1.5 1 1.96134e-06 0 -130.469 1.5 2.94201e-06
-10.4125 1.5 1 2.73069e-06 0 -130.156 1.5 4.09603e-06
-10.3875 1.5 1 3.42011e-06 0 -129.844 1.5 5.13016e-06
-10.3625 1.5 1 4.00387e-06 0 -129.531 1.5 6.00581e-06
-10.3375 1.5 1 4.45965e-06 0 -129.219 1.5 6.68947e-06
-10.3125 1.5 1 4.7694e-06 0 -128.906 1.5 7.15409e-06
-10.2875 1.5 1 4.92022e-06 0 -128.594 1.5 7.38033e-06
-10.2625 1.5 0.999999 4.90472e-06 0 -128.281 1.5 7.35709e-06
-10.2375 1.5 0.999998 4.7209e-06 0 -127.969 1.5 7.08135e-06
-10.2125 1.5 0.999997 4.37265e-06 0 -127.656 1.5 6.55897e-06
-10.1875 1.5 0.999996 3.86915e-06 0 -127.344 1.5 5.80373e-06
-10.1625 1.5 0.999996 3.22538e-06 0 -127.031 1.5 4.83808e-06
-10.1375 1.5 0.999995 2.46129e-06 0 -126.719 1.49999 3.69193e-06
-10.1125 1.5 0.999995 1.6011e-06 0 -126.406 1.49999 2.40165e-06
-10.0875 1.5 0.999994 6.72117e-07 0 -126.094 1.49999 1.00818e-06
-10.0625 1.5 0.999994 -2.98929e-07 0 -125.781 1.49999 -4.48394e-07
-10.0375 1.5 0.999994 -1.28221e-06 0 -125.469 1.49999 -1.92332e-06
-10.0125 1.5 0.999995 -2.24353e-06 0 -125.156 1.49999 -3.36531e-06
-9.9875 1.5 0.999995 -3.14791e-06 0 -124.844 1.49999 -4.72187e-06
-9.9625 1.5 0.999996 -3.96484e-06 0 -124.531 1.5 -5.94727e-06
-9.9375 1.5 0.999997 -4.66657e-06 0 -124.219 1.5 -6.99986e-06
-9.9125 1.5 0.999997 -5.22869e-06 0 -123.906 1.5 -7.84304e-06
-9.8875 1.5 0.999998 -5.63118e-06 0 -123.594 1.5 -8.44677e-06
-9.8625 1.5 1 -5.85919e-06 0 -123.281 1.5 -8.78878e-06
-9.8375 1.5 1 -5.9036e-06 0 -122.969 1.5 -8.8554e-06
-9.8125 1.5 1 -5.76145e-06 0 -122.656 1.5 -8.64216e-06
-9.7875 1.5 1 -5.43496e-06 0 -122.344 1.5 -8.15244e-06
-9.7625 1.5 1 -4.93252e-06 0 -122.031 1.5 -7.39878e-06
-9.7375 1.5 1 -4.2681e-06 0 -121.719 1.50001 -6.40214e-06
-9.7125 1.5 1.00001 -3.46092e-06 0 -121.406 1.50001 -5.19137e-06
-9.6875 1.5 1.00001 -2.53495e-06 0 -121.094 1.50001 -3.80242e-06
-9.6625 1.5 1.00001 -1.51833e-06 0 -120.781 1.50001 -2.27749e-06
-9.6375 1.5 1.00001 -4.40783e-07 0 -120.469 1.50001 -6.61173e-07
-9.6125 1.5 1.00001 6.68284e-07 0 -120.156 1.50001 1.00242e-06
-9.5875 1.5 1.00001 1.77834e-06 0 -119.844 1.50001 2.66751e-06
-9.5625 1.5 1.00001 2.84868e-06 0 -119.531 1.50001 4.27301e-06
-9.5375 1.5 1.00001 3.84569e-06 0 -119.219 1.50001 5.76852e-06
-9.5125 1.5 1 4.73846e-06 0 -118.906 1.50001 7.10768e-06
-9.4875 1.5 1 5.49915e-06 0 -118.594 1.5 8.24872e-06
-9.4625 1.5 1 6.10393e-06 0 -118.281 1.5 9.15588e-06
-9.4375 1.5 1 6.53354e-06 0 -117.969 1.5 9.8003e-06
-9.4125 1.5 1 6.77394e-06 0 -117.656 1.5 1.01609e-05
-9.3875 1.5 0.999999 6.81676e-06 0 -117.344 1.5 1.02251e-05
-9.3625 1.5 0.999998 6.65983e-06 0 -117.031 1.5 9.98976e-06
-9.3375 1.5 0.999997 6.30619e-06 0 -116.719 1.5 9.4593e-06
-9.3125 1.5 0.999996 5.76492e-06 0 -116.406 1.5 8.6474e-06
-9.2875 1.5 0.999995 5.05069e-06 0 -116.094 1.49999 7.57605e-06
-9.2625 1.5 0.999994 4.18322e-06 0 -115.781 1.49999 6.27484e-06
-9.2375 1.5 0.999993 3.18656e-06 0 -115.469 1.49999 4.77985e-06
-9.2125 1.5 0.999993 2.0887e-06 0 -115.156 1.49999 3.13305e-06
-9.1875 1.5 0.999992 9.20289e-07 0 -114.844 1.49999 1.38044e-06
-9.1625 1.5 0.999992 -2.89839e-07 0 -114.531 1.49999 -4.3476e-07
-9.1375 1.5 0.999992 -1.50957e-06 0 -114.219 1.49999 -2.26436e-06
-9.1125 1.5 0.999993 -2.70218e-06 0 -113.906 1.49999 -4.05327e-06
-9.0875 1.5 0.999993 -3.83054e-06 0 -113.594 1.49999 -5.74582e-06
-9.0625 1.5 0.999994 -4.86263e-06 0 -113.281 1.49999 -7.29396e-06
-9.0375 1.5 0.999995 -5.76939e-06 0 -112.969 1.49999 -8.65409e-06
-9.0125 1.5 0.999996 -6.52519e-06 0 -112.656 1.5 -9.7878e-06
-8.9875 1.5 0.999997 -7.10859e-06 0 -112.344 1.5 -1.06629e-05
-8.9625 1.5 0.999998 -7.50299e-06 0 -112.031 1.5 -1.12545e-05
-8.9375 1.5 1 -7.69727e-06 0 -111.719 1.5 -1.15459e-05
-8.9125 1.5 1 -7.68614e-06 0 -111.406 1.5 -1.15292e-05
-8.8875 1.5 1 -7.46994e-06 0 -111.094 1.5 -1.12049e-05
-8.8625 1.5 1 -7.05371e-06 0 -110.781 1.5 -1.05805e-05
-8.8375 1.5 1 -6.44798e-06 0 -110.469 1.5 -9.67195e-06
-8.8125 1.5 1.00001 -5.66858e-06 0 -110.156 1.50001 -8.50285e-06
-8.7875 1.5 1.00001 -4.7361e-06 0 -109.844 1.50001 -7.10413e-06
-8.7625 1.5 1.00001 -3.67516e-06 0 -109.531 1.50001 -5.51273e-06
-8.7375 1.5 1.00001 -2.51379e-06 0 -109.219 1.50001 -3.77067e-06
-8.7125 1.5 1.00001 -1.28238e-06 0 -108.906 1.50001 -1.92357e-06
-8.6875 1.5 1.00001 -9.33832e-09 0 -108.594 1.50001 -1.40074e-08
-8.6625 1.5 1.00001 1.27505e-06 0 -108.281 1.50001 1.91257e-06
-8.6375 1.5 1.00001 2.53627e-06 0 -107.969 1.50001 3.8044e-06
-8.6125 1.5 1.00001 3.73731e-06 0 -107.656 1.50001 5.60595e-06
-8.5875 1.5 1.00001 4.84715e-06 0 -107.344 1.50001 7.2707e-06
-8.5625 1.5 1.00001 5.83736e-06 0 -107.031 1.50001 8.75602e-06
-8.5375 1.5 1 6.68272e-06 0 -106.719 1.50001 1.00241e-05
-8.5125 1.5 1 7.36205e-06 0 -106.406 1.5 1.10431e-05
-8.4875 1.5 1 7.85873e-06 0 -106.094 1.5 1.17881e-05
-8.4625 1.5 1 8.1608e-06 0 -105.781 1.5 1.22412e-05
-8.4375 1.5 1 8.2612e-06 0 -105.469 1.5 1.23918e-05
-8.4125 1.5 0.999998 8.15811e-06 0 -105.156 1.5 1.22372e-05
-8.3875 1.5 0.999997 7.8544e-06 0 -104.844 1.5 1.17816e-05
-8.3625 1.5 0.999996 7.3579e-06 0 -104.531 1.5 1.10369e-05
-8.3375 1.5 0.999994 6.6811e-06 0 -104.219 1.49999 1.00217e-05
-8.3125 1.5 0.999993 5.84093e-06 0 -103.906 1.49999 8.76141e-06
-8.2875 1.5 0.999992 4.85823e-06 0 -103.594 1.49999 7.28736e-06
-8.2625 1.5 0.999992 3.75709e-06 0 -103.281 1.49999 5.63565e-06
-8.2375 1.5 0.999991 2.5642e-06 0 -102.969 1.49999 3.8463e-06
-8.2125 1.5 0.999991 1.308e-06 0 -102.656 1.49999 1.96201e-06
-8.1875 1.5 0.999991 1.47005e-08 0 -102.344 1.49999 2.20508e-08
-8.1625 1.5 0.999991 -1.28755e-06 0 -102.031 1.49999 -1.93132e-06
-8.1375 1.5 0.999991 -2.56793e-06 0 -101.719 1.49999 -3.8519e-06
-8.1125 1.5 0.999991 -3.79169e-06 0 -101.406 1.49999 -5.68755e-06
-8.0875 1.5 0.999992 -4.93069e-06 0 -101.094 1.49999 -7.39604e-06
-8.0625 1.5 0.999993 -5.95927e-06 0 -100.781 1.49999 -8.93892e-06
-8.0375 1.5 0.999994 -6.85457e-06 0 -100.469 1.49999 -1.02819e-05
-8.0125 1.5 0.999995 -7.59715e-06 0 -100.156 1.49999 -1.13957e-05
-7.9875 1.5 0.999996 -8.17129e-06 0 -99.8438 1.5 -1.22569e-05
-7.9625 1.5 0.999998 -8.56514e-06 0 -99.5312 1.5 -1.28477e-05
-7.9375 1.5 0.999999 -8.77105e-06 0 -99.2188 1.5 -1.31566e-05
-7.9125 1.5 1 -8.78605e-06 0 -98.9062 1.5 -1.31791e-05
-7.8875 1.5 1 -8.61198e-06 0 -98.5937 1.5 -1.2918e-05
-7.8625 1.5 1 -8.25373e-06 0 -98.2812 1.5 -1.23806e-05
-7.8375 1.5 1 -7.72066e-06 0 -97.9688 1.5 -1.1581e-05
-7.8125 1.5 1.00001 -7.02588e-06 0 -97.6562 1.50001 -1.05388e-05
-7.7875 1.5 1.00001 -6.1859e-06 0 -97.3438 1.50001 -9.27882e-06
-7.7625 1.5 1.00001 -5.22021e-06 0 -97.0312 1.50001 -7.83029e-06
-7.7375 1.5 1.00001 -4.15088e-06 0 -96.7188 1.50001 -6.2263e-06
-7.7125 1.5 1.00001 -3.002e-06 0 -96.4062 1.50001 -4.50299e-06
-7.6875 1.5 1.00001 -1.79903e-06 0 -96.0938 1.50001 -2.69854e-06
-7.6625 1.5 1.00001 -5.65515e-07 0 -95.7812 1.50001 -8.4827e-07
-7.6375 1.5 1.00001 6.7602e-07 0 -95.4687 1.50001 1.01403e-06
-7.6125 1.5 1.00001 1.89805e-06 0 -95.1562 1.50001 2.84707e-06
-7.5875 1.5 1.00001 3.07062e-06 0 -94.8438 1.50001 4.60591e-06
-7.5625 1.5 1.00001 4.16931e-06 0 -94.5312 1.50001 6.25395e-06
-7.5375 1.5 1.00001 5.17186e-06 0 -94.2188 1.50001 7.75777e-06
-7.5125 1.5 1.00001 6.05836e-06 0 -93.9062 1.50001 9.08752e-06
-7.4875 1.5 1.00001 6.81176e-06 0 -93.5938 1.5 1.02176e-05
-7.4625 1.5 1 7.41818e-06 0 -93.2812 1.5 1.11273e-05
-7.4375 1.5 1 7.86693e-06 0 -92.9688 1.5 1.18004e-05
-7.4125 1.5 1 8.15051e-06 0 -92.6562 1.5 1.22257e-05
-7.3875 1.5 1 8.26482e-06 0 -92.3437 1.5 1.23972e-05
-7.3625 1.5 0.999999 8.20945e-06 0 -92.0312 1.5 1.23142e-05
-7.3375 1.5 0.999997 7.9874e-06 0 -91.7188 1.5 1.19811e-05
-7.3125 1.5 0.999996 7.60486e-06 0 -91.4062 1.5 1.14073e-05
-7.2875 1.5 0.999995 7.0712e-06 0 -91.0938 1.49999 1.06068e-05
-7.2625 1.5 0.999994 6.39858e-06 0 -90.7812 1.49999 9.59789e-06
-7.2375 1.5 0.999993 5.60153e-06 0 -90.4688 1.49999 8.40231e-06
-7.2125 1.5 0.999992 4.69664e-06 0 -90.1562 1.49999 7.04498e-06
-7.1875 1.5 0.999991 3.70231e-06 0 -89.8438 1.49999 5.55348e-06
-7.1625 1.5 0.999991 2.63849e-06 0 -89.5312 1.49999 3.95774e-06
-7.1375 1.5 0.99999 1.52639e-06 0 -89.2187 1.49999 2.28959e-06
-7.1125 1.5 0.99999 3.86161e-07 0 -88.9062 1.49999 5.79243e-07
-7.0875 1.5 0.99999 -7.62889e-07 0 -88.5938 1.49999 -1.14434e-06
-7.0625 1.5 0.99999 -1.90195e-06 0 -88.2812 1.49999 -2.85293e-06
-7.0375 1.5 0.999991 -3.00534e-06 0 -87.9688 1.49999 -4.50802e-06
-7.0125 1.5 0.999991 -4.0525e-06 0 -87.6562 1.49999 -6.07876e-06
-6.9875 1.5 0.999992 -5.02533e-06 0 -87.3438 1.49999 -7.538e-06
-6.9625 1.5 0.999992 -5.90739e-06 0 -87.0312 1.49999 -8.86109e-06
-6.9375 1.5 0.999993 -6.68432e-06 0 -86.7188 1.49999 -1.00265e-05
-6.9125 1.5 0.999994 -7.34398e-06 0 -86.4062 1.49999 -1.1016e-05
-6.8875 1.5 0.999995 -7.87659e-06 0 -86.0937 1.49999 -1.18149e-05
-6.8625 1.5 0.999996 -8.27496e-06 0 -85.7812 1.49999 -1.24124e-05
-6.8375 1.5 0.999997 -8.53465e-06 0 -85.4688 1.5 -1.2802e-05
-6.8125 1.5 0.999998 -8.65403e-06 0 -85.1562 1.5 -1.2981e-05
-6.7875 1.5 1 -8.63422e-06 0 -84.8438 1.5 -1.29513e-05
-6.7625 1.5 1 -8.47874e-06 0 -84.5312 1.5 -1.27181e-05
-6.7375 1.5 1 -8.19309e-06 0 -84.2188 1.5 -1.22896e-05
-6.7125 1.5 1 -7.78504e-06 0 -83.9062 1.5 -1.16775e-05
-6.6875 1.5 1 -7.26431e-06 0 -83.5938 1.5 -1.08964e-05
-6.6625 1.5 1 -6.64254e-06 0 -83.2812 1.5 -9.96378e-06
-6.6375 1.49999 1.00001 -5.93296e-06 0 -82.9687 1.5 -8.89942e-06
-6.6125 1.49999 1.00001 -5.15003e-06 0 -82.6563 1.5 -7.72502e-06
-6.5875 1.49999 1.00001 -4.30915e-06 0 -82.3438 1.5 -6.4637e-06
-6.5625 1.49999 1.00001 -3.42657e-06 0 -82.0312 1.5 -5.13984e-06
-6.5375 1.49999 1.00001 -2.51836e-06 0 -81.7188 1.5 -3.77753e-06
-6.5125 1.49999 1.00001 -1.59911e-06 0 -81.4062 1.5 -2.39866e-06
-6.4875 1.49999 1.00001 -6.83622e-07 0 -81.0938 1.5 -1.02543e-06
-6.4625 1.49999 1.00001 2.12226e-07 0 -80.7812 1.5 3.18338e-07
-6.4375 1.49999 1.00001 1.07003e-06 0 -80.4688 1.5 1.60503e-06
-6.4125 1.49999 1.00001 1.87599e-06 0 -80.1562 1.5 2.81398e-06
-6.3875 1.49999 1.00001 2.61709e-06 0 -79.8437 1.5 3.92561e-06
-6.3625 1.49999 1 3.28176e-06 0 -79.5313 1.5 4.92262e-06
-6.3375 1.49999 1 3.86012e-06 0 -79.2188 1.5 5.79015e-06
-6.3125 1.49999 1 4.34392e-06 0 -78.9062 1.5 6.51585e-06
-6.2875 1.49999 1 4.72674e-06 0 -78.5938 1.5 7.09008e-06
-6.2625 1.5 1 5.00399e-06 0 -78.2812 1.5 7.50595e-06
-6.2375 1.5 1 5.17292e-06 0 -77.9688 1.5 7.75936e-06
-6.2125 1.5 0.999999 5.23263e-06 0 -77.6562 1.49999 7.84892e-06
-6.1875 1.5 0.999998 5.18399e-06 0 -77.3438 1.49999 7.77597e-06
-6.1625 1.5 0.999997 5.02943e-06 0 -77.0312 1.49999 7.54412e-06
-6.1375 1.5 0.999996 4.77295e-06 0 -76.7187 1.49999 7.15942e-06
-6.1125 1.5 0.999995 4.41999e-06 0 -76.4063 1.49999 6.62998e-06
-6.0875 1.5 0.999994 3.97732e-06 0 -76.0938 1.49999 5.96597e-06
-6.0625 1.5 0.999993 3.45289e-06 0 -75.7812 1.49999 5.17933e-06
-6.0375 1.5 0.999992 2.85568e-06 0 -75.4688 1.49999 4.28351e-06
-6.0125 1.5 0.999992 2.1954e-06 0 -75.1562 1.49999 3.2931e-06
-5.9875 1.5 0.999991 1.48249e-06 0 -74.8438 1.49999 2.22374e-06
-5.9625 1.5 0.999991 7.27671e-07 0 -74.5312 1.49998 1.0915e-06
-5.9375 1.5 0.99999 -5.93155e-08 0 -74.2188 1.49998 -8.89732e-08
-5.9125 1.5 0.99999 -8.66715e-07 0 -73.9062 1.49998 -1.30007e-06
-5.8875 1.5 0.99999 -1.68352e-06 0 -73.5937 1.49998 -2.52527e-06
-5.8625 1.5 0.99999 -2.49885e-06 0 -73.2813 1.49998 -3.74828e-06
-5.8375 1.5 0.999989 -3.30326e-06 0 -72.9688 1.49998 -4.95488e-06
-5.8125 1.5 0.99999 -4.08868e-06 0 -72.6562 1.49998 -6.13301e-06
-5.7875 1.5 0.99999 -4.84456e-06 0 -72.3438 1.49998 -7.26682e-06
-5.7625 1.5 0.99999 -5.56135e-06 0 -72.0312 1.49998 -8.34202e-06
-5.7375 1.5 0.99999 -6.23175e-06 0 -71.7188 1.49998 -9.3476e-06
-5.7125 1.5 0.99999 -6.8494e-06 0 -71.4062 1.49998 -1.02741e-05
-5.6875 1.5 0.999991 -7.40904e-06 0 -71.0938 1.49998 -1.11135e-05
-5.6625 1.5 0.999991 -7.90636e-06 0 -70.7812 1.49998 -1.18595e-05
-5.6375 1.49999 0.999992 -8.33816e-06 0 -70.4687 1.49998 -1.25072e-05
-5.6125 1.49999 0.999992 -8.70235e-06 0 -70.1563 1.49998 -1.30535e-05
-5.5875 1.49999 0.999993 -8.99798e-06 0 -69.8438 1.49998 -1.34969e-05
-5.5625 1.49999 0.999993 -9.22535e-06 0 -69.5312 1.49998 -1.3838e-05
-5.5375 1.49999 0.999994 -9.38596e-06 0 -69.2188 1.49998 -1.40789e-05
-5.5125 1.49999 0.999994 -9.48194e-06 0 -68.9062 1.49998 -1.42228e-05
-5.4875 1.49999 0.999995 -9.5162e-06 0 -68.5938 1.49998 -1.42742e-05
-5.4625 1.49999 0.999995 -9.49242e-06 0 -68.2812 1.49998 -1.42385e-05
-5.4375 1.49999 0.999995 -9.41487e-06 0 -67.9688 1.49998 -1.41222e-05
-5.4125 1.49999 0.999996 -9.28862e-06 0 -67.6562 1.49998 -1.39328e-05
-5.3875 1.49999 0.999996 -9.11939e-06 0 -67.3437 1.49998 -1.3679e-05
-5.3625 1.49999 0.999996 -8.91349e-06 0 -67.0313 1.49998 -1.33701e-05
-5.3375 1.49999 0.999996 -8.67768e-06 0 -66.7188 1.49998 -1.30164e-05
-5.3125 1.49999 0.999997 -8.41799e-06 0 -66.4062 1.49998 -1.26269e-05
-5.2875 1.49999 0.999997 -8.14088e-06 0 -66.0938 1.49998 -1.22112e-05
-5.2625 1.49998 0.999996 -7.85172e-06 0 -65.7812 1.49998 -1.17775e-05
-5.2375 1.49998 0.999996 -7.56005e-06 0 -65.4688 1.49998 -1.13399e-05
-5.2125 1.49998 0.999996 -7.27274e-06 0 -65.1562 1.49998 -1.0909e-05
-5.1875 1.49998 0.999996 -6.9965e-06 0 -64.8438 1.49998 -1.04946e-05
-5.1625 1.49998 0.999995 -6.73783e-06 0 -64.5312 1.49998 -1.01066e-05
-5.1375 1.49998 0.999995 -6.50295e-06 0 -64.2187 1.49997 -9.75431e-06
-5.1125 1.49998 0.999994 -6.29769e-06 0 -63.9063 1.49997 -9.44642e-06
-5.0875 1.49998 0.999994 -6.12742e-06 0 -63.5938 1.49997 -9.19102e-06
-5.0625 1.49998 0.999993 -5.997e-06 0 -63.2812 1.49997 -8.99538e-06
-5.0375 1.49998 0.999992 -5.91071e-06 0 -62.9687 1.49997 -8.86595e-06
-5.0125 1.49998 0.999992 -5.87231e-06 0 -62.6562 1.49997 -8.80834e-06
-4.9875 1.49998 0.999991 -5.88505e-06 0 -62.3438 1.49997 -8.82746e-06
-4.9625 1.49998 0.99999 -5.95176e-06 0 -62.0312 1.49996 -8.92752e-06
-4.9375 1.49998 0.999989 -6.07463e-06 0 -61.7188 1.49996 -9.11182e-06
-4.9125 1.49998 0.999988 -6.25515e-06 0 -61.4062 1.49996 -9.38258e-06
-4.8875 1.49998 0.999987 -6.49428e-06 0 -61.0937 1.49996 -9.74127e-06
-4.8625 1.49998 0.999986 -6.79245e-06 0 -60.7813 1.49996 -1.01885e-05
-4.8375 1.49998 0.999985 -7.14956e-06 0 -60.4688 1.49995 -1.07242e-05
-4.8125 1.49998 0.999984 -7.56503e-06 0 -60.1562 1.49995 -1.13474e-05
-4.7875 1.49998 0.999983 -8.03782e-06 0 -59.8437 1.49995 -1.20565e-05
-4.7625 1.49997 0.999982 -8.56648e-06 0 -59.5312 1.49995 -1.28495e-05
-4.7375 1.49997 0.999981 -9.14918e-06 0 -59.2188 1.49995 -1.37235e-05
-4.7125 1.49997 0.99998 -9.78366e-06 0 -58.9062 1.49994 -1.46752e-05
-4.6875 1.49997 0.999979 -1.04675e-05 0 -58.5938 1.49994 -1.5701e-05
-4.6625 1.49997 0.999978 -1.1198e-05 0 -58.2812 1.49994 -1.67967e-05
-4.6375 1.49997 0.999977 -1.19725e-05 0 -57.9687 1.49994 -1.79584e-05
-4.6125 1.49997 0.999976 -1.27878e-05 0 -57.6563 1.49993 -1.91813e-05
-4.5875 1.49997 0.999975 -1.3641e-05 0 -57.3438 1.49993 -2.04611e-05
-4.5625 1.49997 0.999974 -1.45288e-05 0 -57.0312 1.49993 -2.17928e-05
-4.5375 1.49997 0.999973 -1.54482e-05 0 -56.7187 1.49993 -2.31717e-05
-4.5125 1.49997 0.999972 -1.63959e-05 0 -56.4062 1.49992 -2.45933e-05
-4.4875 1.49996 0.999971 -1.73691e-05 0 -56.0938 1.49992 -2.60531e-05
-4.4625 1.49996 0.99997 -1.83648e-05 0 -55.7812 1.49992 -2.75466e-05
-4.4375 1.49996 0.999969 -1.93804e-05 0 -55.4688 1.49992 -2.90698e-05
-4.4125 1.49996 0.999968 -2.04131e-05 0 -55.1562 1.49991 -3.06189e-05
-4.3875 1.49996 0.999967 -2.14608e-05 0 -54.8437 1.49991 -3.21903e-05
-4.3625 1.49996 0.999966 -2.25212e-05 0 -54.5313 1.49991 -3.37808e-05
-4.3375 1.49996 0.999965 -2.35924e-05 0 -54.2188 1.4999 -3.53876e-05
-4.3125 1.49995 0.999964 -2.46728e-05 0 -53.9062 1.4999 -3.70081e-05
-4.2875 1.49995 0.999963 -2.57612e-05 0 -53.5937 1.4999 -3.86405e-05
-4.2625 1.49995 0.999963 -2.68565e-05 0 -53.2812 1.49989 -4.02833e-05
-4.2375 1.49995 0.999962 -2.7958e-05 0 -52.9688 1.49989 -4.19355e-05
-4.2125 1.49995 0.999961 -2.90655e-05 0 -52.6562 1.49989 -4.35966e-05
-4.1875 1.49994 0.999959 -3.01789e-05 0 -52.3438 1.49988 -4.52666e-05
-4.1625 1.49994 0.999958 -3.12986e-05 0 -52.0312 1.49988 -4.6946e-05
-4.1375 1.49994 0.999957 -3.24253e-05 0 -51.7187 1.49987 -4.86359e-05
-4.1125 1.49994 0.999956 -3.35599e-05 0 -51.4063 1.49987 -5.03378e-05
-4.0875 1.49993 0.999955 -3.47039e-05 0 -51.0938 1.49987 -5.20535e-05
-4.0625 1.49993 0.999954 -3.58588e-05 0 -50.7812 1.49986 -5.37857e-05
-4.0375 1.49993 0.999952 -3.70266e-05 0 -50.4687 1.49986 -5.55373e-05
-4.0125 1.49993 0.999951 -3.82095e-05 0 -50.1562 1.49985 -5.73114e-05
-3.9875 1.49992 0.99995 -3.94101e-05 0 -49.8438 1.49985 -5.9112e-05
-3.9625 1.49992 0.999948 -4.0631e-05 0 -49.5312 1.49984 -6.09432e-05
-3.9375 1.49992 0.999946 -4.18753e-05 0 -49.2188 1.49984 -6.28094e-05
-3.9125 1.49991 0.999945 -4.31462e-05 0 -48.9063 1.49983 -6.47156e-05
-3.8875 1.49991 0.999943 -4.44472e-05 0 -48.5937 1.49982 -6.66668e-05
-3.8625 1.49991 0.999941 -4.57819e-05 0 -48.2813 1.49982 -6.86686e-05
-3.8375 1.4999 0.999939 -4.7154e-05 0 -47.9687 1.49981 -7.07265e-05
-3.8125 1.4999 0.999937 -4.85675e-05 0 -47.6562 1.4998 -7.28464e-05
-3.7875 1.4999 0.999935 -5.00265e-05 0 -47.3438 1.4998 -7.50346e-05
-3.7625 1.49989 0.999933 -5.15352e-05 0 -47.0312 1.49979 -7.72972e-05
-3.7375 1.49989 0.99993 -5.30978e-05 0 -46.7188 1.49978 -7.96408e-05
-3.7125 1.49988 0.999928 -5.47188e-05 0 -46.4062 1.49978 -8.20718e-05
-3.6875 1.49988 0.999925 -5.64025e-05 0 -46.0938 1.49977 -8.45969e-05
-3.6625 1.49988 0.999922 -5.81534e-05 0 -45.7813 1.49976 -8.72228e-05
-3.6375 1.49987 0.999919 -5.9976e-05 0 -45.4687 1.49975 -8.99562e-05
-3.6125 1.49987 0.999916 -6.18748e-05 0 -45.1563 1.49974 -9.2804e-05
-3.5875 1.49986 0.999913 -6.38546e-05 0 -44.8437 1.49973 -9.57731e-05
-3.5625 1.49986 0.99991 -6.59198e-05 0 -44.5312 1.49972 -9.88703e-05
-3.5375 1.49985 0.999906 -6.80751e-05 0 -44.2188 1.49971 -0.000102103
-3.5125 1.49985 0.999903 -7.03251e-05 0 -43.9062 1.4997 -0.000105477
-3.4875 1.49984 0.999899 -7.26744e-05 0 -43.5938 1.49969 -0.000109
-3.4625 1.49984 0.999895 -7.51275e-05 0 -43.2812 1.49968 -0.000112679
-3.4375 1.49983 0.999891 -7.76891e-05 0 -42.9688 1.49967 -0.00011652
-3.4125 1.49982 0.999887 -8.03637e-05 0 -42.6563 1.49965 -0.000120531
-3.3875 1.49982 0.999882 -8.31558e-05 0 -42.3437 1.49964 -0.000124719
-3.3625 1.49981 0.999878 -8.60701e-05 0 -42.0313 1.49963 -0.000129089
-3.3375 1.49981 0.999873 -8.91111e-05 0 -41.7187 1.49962 -0.000133649
-3.3125 1.4998 0.999868 -9.22833e-05 0 -41.4062 1.4996 -0.000138406
-3.2875 1.49979 0.999863 -9.55914e-05 0 -41.0938 1.49959 -0.000143367
-3.2625 1.49978 0.999858 -9.90399e-05 0 -40.7812 1.49957 -0.000148539
-3.2375 1.49978 0.999853 -0.000102633 0 -40.4688 1.49956 -0.000153927
-3.2125 1.49977 0.999847 -0.000106377 0 -40.1562 1.49954 -0.00015954
-3.1875 1.49976 0.999841 -0.000110274 0 -39.8438 1.49952 -0.000165385
-3.1625 1.49975 0.999835 -0.000114331 0 -39.5313 1.49951 -0.000171468
-3.1375 1.49974 0.999829 -0.000118552 0 -39.2187 1.49949 -0.000177798
-3.1125 1.49973 0.999822 -0.000122942 0 -38.9063 1.49947 -0.00018438
-3.0875 1.49973 0.999816 -0.000127506 0 -38.5937 1.49945 -0.000191223
-3.0625 1.49972 0.999809 -0.000132248 0 -38.2812 1.49943 -0.000198335
-3.0375 1.49971 0.999802 -0.000137175 0 -37.9688 1.49941 -0.000205723
-3.0125 1.4997 0.999794 -0.000142292 0 -37.6562 1.49939 -0.000213395
-2.9875 1.49968 0.999787 -0.000147604 0 -37.3438 1.49936 -0.000221359
-2.9625 1.49967 0.999779 -0.000153117 0 -37.0312 1.49934 -0.000229625
-2.9375 1.49966 0.999771 -0.000158836 0 -36.7188 1.49932 -0.0002382
-2.9125 1.49965 0.999763 -0.000164768 0 -36.4063 1.49929 -0.000247094
-2.8875 1.49964 0.999754 -0.000170919 0 -36.0937 1.49927 -0.000256317
-2.8625 1.49962 0.999745 -0.000177296 0 -35.7813 1.49924 -0.000265877
-2.8375 1.49961 0.999736 -0.000183904 0 -35.4687 1.49921 -0.000275785
-2.8125 1.4996 0.999726 -0.000190752 0 -35.1562 1.49919 -0.000286051
-2.7875 1.49958 0.999716 -0.000197846 0 -34.8438 1.49916 -0.000296687
-2.7625 1.49957 0.999706 -0.000205194 0 -34.5312 1.49913 -0.000307702
-2.7375 1.49955 0.999696 -0.000212804 0 -34.2188 1.49909 -0.00031911
-2.7125 1.49954 0.999685 -0.000220683 0 -33.9062 1.49906 -0.000330922
-2.6875 1.49952 0.999673 -0.000228841 0 -33.5938 1.49903 -0.000343151
-2.6625 1.4995 0.999662 -0.000237285 0 -33.2813 1.49899 -0.000355809
-2.6375 1.49948 0.99965 -0.000246026 0 -32.9687 1.49896 -0.000368912
-2.6125 1.49946 0.999637 -0.000255072 0 -32.6563 1.49892 -0.000382472
-2.5875 1.49944 0.999624 -0.000264435 0 -32.3437 1.49888 -0.000396505
-2.5625 1.49942 0.999611 -0.000274123 0 -32.0312 1.49884 -0.000411027
-2.5375 1.4994 0.999597 -0.000284148 0 -31.7188 1.4988 -0.000426053
-2.5125 1.49938 0.999583 -0.000294522 0 -31.4062 1.49876 -0.0004416
-2.4875 1.49936 0.999568 -0.000305255 0 -31.0938 1.49871 -0.000457687
-2.4625 1.49934 0.999553 -0.00031636 0 -30.7812 1.49867 -0.00047433
-2.4375 1.49931 0.999537 -0.00032785 0 -30.4688 1.49862 -0.00049155
-2.4125 1.49929 0.999521 -0.000339738 0 -30.1563 1.49857 -0.000509365
-2.3875 1.49926 0.999504 -0.000352038 0 -29.8437 1.49852 -0.000527797
-2.3625 1.49924 0.999486 -0.000364764 0 -29.5313 1.49846 -0.000546866
-2.3375 1.49921 0.999468 -0.000377931 0 -29.2187 1.49841 -0.000566597
-2.3125 1.49918 0.999449 -0.000391555 0 -28.9062 1.49835 -0.00058701
-2.2875 1.49915 0.99943 -0.000405651 0 -28.5938 1.49829 -0.000608132
-2.2625 1.49912 0.999409 -0.000420238 0 -28.2812 1.49823 -0.000629986
-2.2375 1.49909 0.999388 -0.000435331 0 -27.9688 1.49817 -0.000652599
-2.2125 1.49905 0.999367 -0.00045095 0 -27.6562 1.4981 -0.000675999
-2.1875 1.49902 0.999344 -0.000467114 0 -27.3438 1.49804 -0.000700213
-2.1625 1.49898 0.999321 -0.000483841 0 -27.0313 1.49797 -0.00072527
-2.1375 1.49895 0.999297 -0.000501154 0 -26.7187 1.49789 -0.000751203
-2.1125 1.49891 0.999272 -0.000519072 0 -26.4063 1.49782 -0.000778042
-2.0875 1.49887 0.999246 -0.000537619 0 -26.0937 1.49774 -0.00080582
-2.0625 1.49883 0.999219 -0.000556816 0 -25.7812 1.49766 -0.000834572
-2.0375 1.49879 0.999191 -0.000576689 0 -25.4688 1.49757 -0.000864333
-2.0125 1.49874 0.999162 -0.00059726 0 -25.1562 1.49749 -0.000895139
-1.9875 1.4987 0.999132 -0.000618558 0 -24.8438 1.4974 -0.00092703
-1.9625 1.49865 0.999101 -0.000640607 0 -24.5312 1.4973 -0.000960046
-1.9375 1.4986 0.999069 -0.000663436 0 -24.2188 1.49721 -0.000994227
-1.9125 1.49855 0.999035 -0.000687074 0 -23.9063 1.49711 -0.00102962
-1.8875 1.4985 0.999001 -0.00071155 0 -23.5937 1.497 -0.00106626
-1.8625 1.49844 0.998965 -0.000736896 0 -23.2813 1.49689 -0.0011042
-1.8375 1.49839 0.998928 -0.000763142 0 -22.9687 1.49678 -0.00114348
-1.8125 1.49833 0.99889 -0.000790323 0 -22.6562 1.49667 -0.00118417
-1.7875 1.49827 0.99885 -0.000818472 0 -22.3438 1.49655 -0.00122629
-1.7625 1.49821 0.998808 -0.000847626 0 -22.0312 1.49642 -0.00126992
-1.7375 1.49814 0.998765 -0.000877822 0 -21.7188 1.49629 -0.0013151
-1.7125 1.49808 0.998721 -0.000909097 0 -21.4062 1.49616 -0.0013619
-1.6875 1.49801 0.998675 -0.000941491 0 -21.0938 1.49602 -0.00141036
-1.6625 1.49794 0.998627 -0.000975046 0 -20.7813 1.49588 -0.00146056
-1.6375 1.49786 0.998578 -0.0010098 0 -20.4687 1.49573 -0.00151255
-1.6125 1.49779 0.998527 -0.0010458 0 -20.1563 1.49558 -0.00156639
-1.5875 1.49771 0.998474 -0.0010831 0 -19.8437 1.49542 -0.00162217
-1.5625 1.49763 0.998419 -0.00112173 0 -19.5312 1.49526 -0.00167994
-1.5375 1.49754 0.998362 -0.00116175 0 -19.2188 1.49509 -0.00173977
-1.5125 1.49745 0.998303 -0.00120321 0 -18.9062 1.49491 -0.00180175
-1.4875 1.49736 0.998241 -0.00124616 0 -18.5938 1.49473 -0.00186595
-1.4625 1.49727 0.998178 -0.00129065 0 -18.2812 1.49454 -0.00193245
-1.4375 1.49717 0.998112 -0.00133675 0 -17.9688 1.49434 -0.00200133
-1.4125 1.49707 0.998044 -0.00138449 0 -17.6563 1.49414 -0.00207268
-1.3875 1.49696 0.997973 -0.00143395 0 -17.3437 1.49393 -0.00214658
-1.3625 1.49685 0.9979 -0.0014852 0 -17.0313 1.49371 -0.00222312
-1.3375 1.49674 0.997825 -0.00153828 0 -16.7187 1.49348 -0.0023024
-1.3125 1.49662 0.997746 -0.00159326 0 -16.4062 1.49325 -0.00238452
-1.2875 1.4965 0.997665 -0.00165023 0 -16.0938 1.49301 -0.00246957
-1.2625 1.49638 0.997581 -0.00170923 0 -15.7812 1.49276 -0.00255766
-1.2375 1.49625 0.997493 -0.00177035 0 -15.4688 1.4925 -0.00264889
-1.2125 1.49611 0.997403 -0.00183366 0 -15.1562 1.49223 -0.00274337
-1.1875 1.49598 0.997309 -0.00189925 0 -14.8438 1.49195 -0.00284122
-1.1625 1.49583 0.997212 -0.00196718 0 -14.5313 1.49166 -0.00294256
-1.1375 1.49568 0.997112 -0.00203754 0 -14.2187 1.49136 -0.00304751
-1.1125 1.49553 0.997008 -0.00211041 0 -13.9063 1.49105 -0.00315618
-1.0875 1.49537 0.9969 -0.00218589 0 -13.5937 1.49073 -0.00326872
-1.0625 1.4952 0.996788 -0.00226407 0 -13.2812 1.4904 -0.00338524
-1.0375 1.49503 0.996673 -0.00234503 0 -12.9688 1.49006 -0.0035059
-1.0125 1.49485 0.996553 -0.00242888 0 -12.6562 1.4897 -0.00363082
-0.9875 1.49467 0.996429 -0.00251572 0 -12.3438 1.48933 -0.00376017
-0.9625 1.49448 0.9963 -0.00260564 0 -12.0312 1.48895 -0.00389408
-0.9375 1.49428 0.996167 -0.00269877 0 -11.7188 1.48855 -0.00403272
-0.9125 1.49408 0.996029 -0.0027952 0 -11.4063 1.48814 -0.00417624
-0.8875 1.49387 0.995887 -0.00289505 0 -11.0937 1.48772 -0.00432482
-0.8625 1.49365 0.995739 -0.00299844 0 -10.7813 1.48728 -0.00447861
-0.8375 1.49342 0.995585 -0.00310549 0 -10.4687 1.48683 -0.0046378
-0.8125 1.49318 0.995427 -0.00321633 0 -10.1562 1.48636 -0.00480257
-0.7875 1.49294 0.995263 -0.00333108 0 -9.84375 1.48587 -0.00497311
-0.7625 1.49269 0.995092 -0.00344988 0 -9.53125 1.48536 -0.00514961
-0.7375 1.49243 0.994916 -0.00357288 0 -9.21875 1.48484 -0.00533226
-0.7125 1.49216 0.994734 -0.0037002 0 -8.90625 1.4843 -0.00552128
-0.6875 1.49188 0.994545 -0.003832 0 -8.59375 1.48374 -0.00571688
-0.6625 1.49159 0.994349 -0.00396843 0 -8.28125 1.48316 -0.00591927
-0.6375 1.49129 0.994146 -0.00410965 0 -7.96875 1.48256 -0.00612868
-0.6125 1.49098 0.993936 -0.00425582 0 -7.65625 1.48194 -0.00634534
-0.5875 1.49066 0.993719 -0.0044071 0 -7.34375 1.48129 -0.00656948
-0.5625 1.49033 0.993494 -0.00456368 0 -7.03125 1.48063 -0.00680137
-0.5375 1.48998 0.99326 -0.00472572 0 -6.71875 1.47994 -0.00704124
-0.5125 1.48962 0.993019 -0.00489342 0 -6.40625 1.47922 -0.00728935
-0.4875 1.48925 0.992769 -0.00506695 0 -6.09375 1.47849 -0.00754598
-0.4625 1.48887 0.99251 -0.00524652 0 -5.78125 1.47772 -0.00781141
-0.4375 1.48848 0.992241 -0.00543233 0 -5.46875 1.47693 -0.0080859
-0.4125 1.48807 0.991964 -0.00562458 0 -5.15625 1.47611 -0.00836976
-0.3875 1.48764 0.991676 -0.00582349 0 -4.84375 1.47526 -0.00866328
-0.3625 1.4872 0.991378 -0.00602928 0 -4.53125 1.47438 -0.00896678
-0.3375 1.48675 0.99107 -0.00624218 0 -4.21875 1.47347 -0.00928057
-0.3125 1.48628 0.99075 -0.00646242 0 -3.90625 1.47253 -0.00960497
-0.2875 1.48579 0.990419 -0.00669025 0 -3.59375 1.47156 -0.00994033
-0.2625 1.48529 0.990077 -0.0069259 0 -3.28125 1.47055 -0.010287
-0.2375 1.48477 0.989722 -0.00716964 0 -2.96875 1.46951 -0.0106453
-0.2125 1.48423 0.989355 -0.00742172 0 -2.65625 1.46843 -0.0110156
-0.1875 1.48367 0.988974 -0.00768243 0 -2.34375 1.46731 -0.0113982
-0.1625 1.4831 0.98858 -0.00795205 0 -2.03125 1.46616 -0.0117936
-0.1375 1.4825 0.988172 -0.00823084 0 -1.71875 1.46496 -0.0122022
-0.1125 1.48188 0.98775 -0.00851912 0 -1.40625 1.46373 -0.0126243
-0.0875 1.48124 0.987313 -0.00881719 0 -1.09375 1.46245 -0.0130604
-0.0625 1.48058 0.98686 -0.00912535 0 -0.78125 1.46112 -0.0135108
-0.0375 1.47989 0.986391 -0.00944392 0 -0.46875 1.45975 -0.013976
-0.0125 1.47919 0.985905 -0.00977323 0 -0.15625 1.45834 -0.0144564
0.0125 1.47845 0.985402 -0.0101136 0 0.15625 1.45687 -0.0149525
0.0375 1.4777 0.984882 -0.0104654 0 0.46875 1.45536 -0.0154647
0.0625 1.47691 0.984343 -0.010829 0 0.78125 1.45379 -0.0159935
0.0875 1.4761 0.983785 -0.0112048 0 1.09375 1.45217 -0.0165394
0.1125 1.47527 0.983207 -0.011593 0 1.40625 1.45049 -0.0171027
0.1375 1.4744 0.982609 -0.0119941 0 1.71875 1.44876 -0.0176841
0.1625 1.47351 0.98199 -0.0124084 0 2.03125 1.44697 -0.0182839
0.1875 1.47258 0.981348 -0.0128364 0 2.34375 1.44511 -0.0189027
0.2125 1.47162 0.980685 -0.0132785 0 2.65625 1.4432 -0.019541
0.2375 1.47064 0.979997 -0.013735 0 2.96875 1.44122 -0.0201992
0.2625 1.46961 0.979286 -0.0142064 0 3.28125 1.43917 -0.0208779
0.2875 1.46856 0.97855 -0.0146931 0 3.59375 1.43706 -0.0215776
0.3125 1.46747 0.977787 -0.0151955 0 3.90625 1.43487 -0.0222988
0.3375 1.46634 0.976998 -0.015714 0 4.21875 1.43261 -0.0230421
0.3625 1.46517 0.976182 -0.0162491 0 4.53125 1.43028 -0.0238078
0.3875 1.46397 0.975336 -0.0168013 0 4.84375 1.42786 -0.0245967
0.4125 1.46273 0.974461 -0.0173711 0 5.15625 1.42537 -0.0254091
0.4375 1.46144 0.973556 -0.0179588 0 5.46875 1.4228 -0.0262457
0.4625 1.46011 0.972619 -0.0185651 0 5.78125 1.42013 -0.0271071
0.4875 1.45874 0.971649 -0.0191904 0 6.09375 1.41738 -0.0279938
0.5125 1.45732 0.970645 -0.0198352 0 6.40625 1.41454 -0.0289063
0.5375 1.45586 0.969606 -0.0205002 0 6.71875 1.41161 -0.0298453
0.5625 1.45434 0.968532 -0.0211858 0 7.03125 1.40858 -0.0308115
0.5875 1.45278 0.967419 -0.0218927 0 7.34375 1.40545 -0.0318053
0.6125 1.45116 0.966269 -0.0226214 0 7.65625 1.40221 -0.0328274
0.6375 1.44949 0.965078 -0.0233726 0 7.96875 1.39887 -0.0338785
0.6625 1.44777 0.963847 -0.0241469 0 8.28125 1.39543 -0.0349592
0.6875 1.44598 0.962573 -0.024945 0 8.59375 1.39187 -0.03607
0.7125 1.44414 0.961254 -0.0257673 0 8.90625 1.38819 -0.0372117
0.7375 1.44224 0.959891 -0.0266145 0 9.21875 1.3844 -0.0383846
0.7625 1.44028 0.958481 -0.0274873 0 9.53125 1.38048 -0.0395895
0.7875 1.43826 0.957022 -0.0283862 0 9.84375 1.37645 -0.0408267
0.8125 1.43617 0.955514 -0.0293117 0 10.1562 1.37228 -0.0420967
0.8375 1.43402 0.953954 -0.0302644 0 10.4688 1.36799 -0.0433998
0.8625 1.4318 0.952341 -0.0312448 0 10.7813 1.36357 -0.0447364
0.8875 1.42952 0.950673 -0.0322533 0 11.0937 1.35901 -0.0461067
0.9125 1.42717 0.948949 -0.0332904 0 11.4063 1.35431 -0.0475109
0.9375 1.42474 0.947167 -0.0343564 0 11.7188 1.34947 -0.0489491
0.9625 1.42225 0.945324 -0.0354519 0 12.0313 1.34448 -0.0504214
0.9875 1.41968 0.943419 -0.0365772 0 12.3438 1.33935 -0.0519278
1.0125 1.41703 0.941451 -0.0377326 0 12.6562 1.33407 -0.0534683
1.0375 1.41431 0.939417 -0.0389185 0 12.9688 1.32863 -0.0550428
1.0625 1.41151 0.937315 -0.0401352 0 13.2812 1.32303 -0.0566512
1.0875 1.40863 0.935143 -0.0413828 0 13.5938 1.31727 -0.058293
1.1125 1.40567 0.9329 -0.0426616 0 13.9063 1.31134 -0.059968
1.1375 1.40262 0.930582 -0.0439716 0 14.2187 1.30525 -0.0616755
1.1625 1.39949 0.928189 -0.0453128 0 14.5313 1.29899 -0.0634151
1.1875 1.39628 0.925717 -0.0466852 0 14.8438 1.29256 -0.0651858
1.2125 1.39299 0.923165 -0.0480886 0 15.1563 1.28595 -0.0669867
1.2375 1.3896 0.92053 -0.0495229 0 15.4688 1.27917 -0.0688169
1.2625 1.38612 0.91781 -0.0509878 0 15.7812 1.2722 -0.0706752
1.2875 1.38255 0.915003 -0.0524832 0 16.0938 1.26503 -0.0725605
1.3125 1.37888 0.912106 -0.0540089 0 16.4062 1.25768 -0.0744716
1.3375 1.3751 0.909117 -0.0555647 0 16.7188 1.25013 -0.0764073
1.3625 1.37123 0.906034 -0.0571506 0 17.0313 1.24238 -0.0783664
1.3875 1.36725 0.902855 -0.0587662 0 17.3437 1.23442 -0.0803477
1.4125 1.36316 0.899576 -0.0604112 0 17.6563 1.22626 -0.0823499
1.4375 1.35896 0.896195 -0.062085 0 17.9688 1.2179 -0.0843714
1.4625 1.35467 0.89271 -0.063787 0 18.2813 1.20933 -0.0864102
1.4875 1.35027 0.889119 -0.0655161 0 18.5938 1.20055 -0.0884643
1.5125 1.34577 0.88542 -0.0672709 0 18.9062 1.19157 -0.0905311
1.5375 1.34117 0.881609 -0.0690499 0 19.2188 1.18239 -0.0926076
1.5625 1.33647 0.877685 -0.0708513 0 19.5312 1.173 -0.0946906
1.5875 1.33167 0.873645 -0.0726733 0 19.8438 1.1634 -0.0967767
1.6125 1.32676 0.869487 -0.0745138 0 20.1563 1.1536 -0.0988621
1.6375 1.32175 0.865209 -0.0763706 0 20.4687 1.14359 -0.100943
1.6625 1.31664 0.860808 -0.0782415 0 20.7813 1.13337 -0.103016
1.6875 1.31142 0.856284 -0.0801239 0 21.0938 1.12295 -0.105076
1.7125 1.3061 0.851633 -0.0820151 0 21.4063 1.11232 -0.10712
1.7375 1.30068 0.846855 -0.083912 0 21.7188 1.10148 -0.109142
1.7625 1.29515 0.841947 -0.0858113 0 22.0312 1.09045 -0.111139
1.7875 1.28954 0.836908 -0.0877094 0 22.3438 1.07922 -0.113104
1.8125 1.28382 0.831736 -0.0896024 0 22.6562 1.0678 -0.115033
1.8375 1.27801 0.826431 -0.091486 0 22.9688 1.05619 -0.11692
1.8625 1.27211 0.820991 -0.0933557 0 23.2813 1.04439 -0.118759
1.8875 1.26612 0.815416 -0.0952067 0 23.5937 1.03242 -0.120543
1.9125 1.26005 0.809706 -0.097034 0 23.9063 1.02027 -0.122267
1.9375 1.25389 0.803859 -0.0988319 0 24.2188 1.00795 -0.123924
1.9625 1.24765 0.797877 -0.100595 0 24.5313 0.995473 -0.125507
1.9875 1.24134 0.79176 -0.102317 0 24.8438 0.982842 -0.12701
2.0125 1.23495 0.785509 -0.103991 0 25.1562 0.970067 -0.128425
2.0375 1.2285 0.779124 -0.105612 0 25.4688 0.957154 -0.129744
2.0625 1.22198 0.772609 -0.107172 0 25.7812 0.944115 -0.130962
2.0875 1.21541 0.765965 -0.108663 0 26.0938 0.930959 -0.13207
2.1125 1.20878 0.759195 -0.110079 0 26.4063 0.917697 -0.13306
2.1375 1.2021 0.752302 -0.111411 0 26.7187 0.904342 -0.133927
2.1625 1.19538 0.74529 -0.112651 0 27.0313 0.890907 -0.134661
2.1875 1.18863 0.738163 -0.113791 0 27.3438 0.877404 -0.135256
2.2125 1.18185 0.730927 -0.114823 0 27.6563 0.863849 -0.135704
2.2375 1.17506 0.723587 -0.115738 0 27.9688 0.850257 -0.135998
2.2625 1.16825 0.71615 -0.116526 0 28.2812 0.836643 -0.136131
2.2875 1.16144 0.708623 -0.117178 0 28.5938 0.823026 -0.136096
2.3125 1.15464 0.701014 -0.117685 0 28.9062 0.809423 -0.135885
2.3375 1.14786 0.693333 -0.118038 0 29.2188 0.79585 -0.135492
2.3625 1.1411 0.685588 -0.118228 0 29.5313 0.782326 -0.13491
2.3875 1.13438 0.677792 -0.118244 0 29.8437 0.768874 -0.134134
2.4125 1.1277 0.669961 -0.118079 0 30.1563 0.755517 -0.133158
2.4375 1.12108 0.662101 -0.117722 0 30.4688 0.74227 -0.131977
2.4625 1.11453 0.654225 -0.117167 0 30.7813 0.729151 -0.130586
2.4875 1.10804 0.646348 -0.116403 0 31.0938 0.716182 -0.12898
2.5125 1.10165 0.638485 -0.115424 0 31.4062 0.703385 -0.127156
2.5375 1.09535 0.630651 -0.11422 0 31.7188 0.690782 -0.125111
2.5625 1.08916 0.622863 -0.112786 0 32.0312 0.678396 -0.122842
2.5875 1.08309 0.615138 -0.111115 0 32.3438 0.666248 -0.120347
2.6125 1.07715 0.607495 -0.109202 0 32.6563 0.654361 -0.117626
2.6375 1.07135 0.599952 -0.107041 0 32.9687 0.642758 -0.114678
2.6625 1.0657 0.59253 -0.104631 0 33.2813 0.63146 -0.111505
2.6875 1.06022 0.585248 -0.101967 0 33.5938 0.620492 -0.108108
2.7125 1.05492 0.578126 -0.099049 0 33.9063 0.609874 -0.104488
2.7375 1.0498 0.571187 -0.095876 0 34.2188 0.59963 -0.10065
2.7625 1.04487 0.564451 -0.0924491 0 34.5312 0.589781 -0.0965977
2.7875 1.04016 0.55794 -0.0887707 0 34.8438 0.580347 -0.0923358
2.8125 1.03566 0.551674 -0.0848445 0 35.1562 0.57135 -0.0878704
2.8375 1.0314 0.545676 -0.0806756 0 35.4688 0.562809 -0.0832086
2.8625 1.02737 0.539966 -0.0762706 0 35.7813 0.554743 -0.078358
2.8875 1.02359 0.534564 -0.0716378 0 36.0937 0.547172 -0.0733274
2.9125 1.02006 0.529491 -0.0667866 0 36.4063 0.540112 -0.0681262
2.9375 1.0168 0.524767 -0.061728 0 36.7188 0.533581 -0.0627647
2.9625 1.0138 0.520408 -0.0564744 0 37.0313 0.527593 -0.057254
2.9875 1.01109 0.516434 -0.0510396 0 37.3438 0.522162 -0.0516058
3.0125 1.00867 0.512859 -0.0454389 0 37.6562 0.517303 -0.0458326
3.0375 1.00653 0.509698 -0.0396885 0 37.9688 0.513027 -0.0399477
3.0625 1.00469 0.506964 -0.0338062 0 38.2812 0.509343 -0.0339648
3.0875 1.00316 0.50467 -0.0278104 0 38.5938 0.506262 -0.0278981
3.1125 1.00192 0.502824 -0.0217206 0 38.9063 0.503791 -0.0217624
3.1375 1.001 0.501435 -0.015557 0 39.2187 0.501935 -0.0155726
3.1625 1.00038 0.500509 -0.00934044 0 39.5313 0.500701 -0.00934403
3.1875 1.00009 0.500049 -0.00309092 0 39.8438 0.500095 -0.0030912
3.2125 1.00005 0.500059 0.00316478 0 40.1563 0.500084 0.00316493
3.2375 1.00025 0.500537 0.00939247 0 40.4688 0.500664 0.00939485
3.2625 1.00087 0.50148 0.0155825 0 40.7812 0.501915 0.015596
3.2875 1.00183 0.502885 0.02172 0 41.0938 0.503806 0.0217598
3.3125 1.00309 0.504745 0.0277847 0 41.4062 0.506305 0.0278706
3.3375 1.00464 0.507053 0.0337554 0 41.7188 0.509407 0.0339121
3.3625 1.0065 0.509798 0.0396125 0 42.0313 0.513111 0.0398699
3.3875 1.00865 0.51297 0.045338 0 42.3437 0.517407 0.0457302
3.4125 1.01109 0.516554 0.0509146 0 42.6563 0.522284 0.0514794
3.4375 1.01382 0.520536 0.0563261 0 42.9688 0.52773 0.0571045
3.4625 1.01683 0.524901 0.0615575 0 43.2813 0.533732 0.0625932
3.4875 1.0201 0.52963 0.066595 0 43.5938 0.540277 0.0679337
3.5125 1.02364 0.534706 0.0714262 0 43.9062 0.547348 0.0731149
3.5375 1.02744 0.540109 0.0760403 0 44.2188 0.554929 0.0781267
3.5625 1.03148 0.54582 0.0804278 0 44.5312 0.563002 0.0829596
3.5875 1.03576 0.551818 0.0845807 0 44.8438 0.571549 0.0876051
3.6125 1.04026 0.558081 0.0884927 0 45.1563 0.580552 0.0920557
3.6375 1.04499 0.56459 0.0921588 0 45.4687 0.589989 0.0963047
3.6625 1.04992 0.571322 0.0955752 0 45.7813 0.599841 0.100346
3.6875 1.05505 0.578256 0.0987397 0 46.0938 0.610087 0.104175
3.7125 1.06036 0.585372 0.101651 0 46.4063 0.620704 0.107787
3.7375 1.06585 0.592647 0.10431 0 46.7188 0.631671 0.111179
3.7625 1.0715 0.600062 0.106718 0 47.0312 0.642966 0.114348
3.7875 1.0773 0.607597 0.108877 0 47.3438 0.654567 0.117294
3.8125 1.08325 0.615232 0.110792 0 47.6562 0.666451 0.120015
3.8375 1.08933 0.622949 0.112466 0 47.9688 0.678595 0.122512
3.8625 1.09552 0.630728 0.113905 0 48.2813 0.690977 0.124786
3.8875 1.10183 0.638554 0.115116 0 48.5937 0.703576 0.126838
3.9125 1.10823 0.646409 0.116104 0 48.9063 0.716368 0.12867
3.9375 1.11471 0.654278 0.116879 0 49.2188 0.729332 0.130286
3.9625 1.12128 0.662145 0.117446 0 49.5313 0.742447 0.131689
3.9875 1.1279 0.669997 0.117814 0 49.8438 0.755691 0.132883
4.0125 1.13458 0.677821 0.117992 0 50.1562 0.769043 0.133872
4.0375 1.1413 0.685601 0.117989 0 50.4688 0.782478 0.134661
4.0625 1.14805 0.693325 0.117814 0 50.7812 0.795974 0.135257
4.0875 1.15483 0.700987 0.117476 0 51.0938 0.809519 0.135664
4.1125 1.16162 0.708577 0.116984 0 51.4063 0.823096 0.13589
4.1375 1.16842 0.716086 0.116347 0 51.7187 0.836686 0.135942
4.1625 1.17521 0.723507 0.115575 0 52.0313 0.850271 0.135825
4.1875 1.18199 0.730832 0.114677 0 52.3438 0.863834 0.135547
4.2125 1.18875 0.738055 0.113662 0 52.6563 0.877363 0.135115
4.2375 1.19549 0.745169 0.112537 0 52.9688 0.89084 0.134537
4.2625 1.20219 0.75217 0.111313 0 53.2812 0.904254 0.133819
4.2875 1.20886 0.759054 0.109997 0 53.5938 0.917589 0.13297
4.3125 1.21548 0.765815 0.108597 0 53.9062 0.930832 0.131997
4.3375 1.22205 0.772452 0.107121 0 54.2188 0.943973 0.130907
4.3625 1.22856 0.778961 0.105577 0 54.5313 0.957 0.129707
4.3875 1.23501 0.78534 0.103972 0 54.8437 0.969901 0.128406
4.4125 1.24139 0.791587 0.102312 0 55.1563 0.982668 0.12701
4.4375 1.2477 0.797701 0.100606 0 55.4688 0.995292 0.125526
4.4625 1.25393 0.803681 0.0988579 0 55.7813 1.00776 0.123961
4.4875 1.26009 0.809526 0.0970748 0 56.0938 1.02007 0.122323
4.5125 1.26616 0.815236 0.0952622 0 56.4062 1.03222 0.120617
4.5375 1.27214 0.820812 0.0934253 0 56.7188 1.04419 0.11885
4.5625 1.27804 0.826253 0.0915693 0 57.0312 1.05598 0.117029
4.5875 1.28384 0.83156 0.0896989 0 57.3438 1.06759 0.115159
4.6125 1.28954 0.836734 0.0878185 0 57.6563 1.07901 0.113246
4.6375 1.29516 0.841776 0.0859322 0 57.9687 1.09023 0.111296
4.6625 1.30067 0.846688 0.0840439 0 58.2813 1.10126 0.109313
4.6875 1.30608 0.85147 0.0821572 0 58.5938 1.11209 0.107304
4.7125 1.31139 0.856125 0.0802753 0 58.9063 1.12272 0.105273
4.7375 1.3166 0.860654 0.0784014 0 59.2188 1.13314 0.103224
4.7625 1.32171 0.865058 0.0765383 0 59.5312 1.14336 0.101162
4.7875 1.32671 0.869341 0.0746886 0 59.8438 1.15337 0.0990904
4.8125 1.33161 0.873504 0.0728545 0 60.1562 1.16317 0.0970141
4.8375 1.33641 0.87755 0.0710384 0 60.4688 1.17277 0.0949364
4.8625 1.3411 0.881479 0.069242 0 60.7813 1.18215 0.0928606
4.8875 1.34569 0.885296 0.0674671 0 61.0937 1.19133 0.0907899
4.9125 1.35018 0.889001 0.0657154 0 61.4063 1.20031 0.0887274
4.9375 1.35456 0.892598 0.0639882 0 61.7188 1.20908 0.0866758
4.9625 1.35884 0.896088 0.0622868 0 62.0313 1.21764 0.0846378
4.9875 1.36302 0.899475 0.0606123 0 62.3438 1.226 0.0826157
5.0125 1.3671 0.90276 0.0589657 0 62.6562 1.23416 0.0806117
5.0375 1.37107 0.905946 0.0573476 0 62.9688 1.24212 0.0786278
5.0625 1.37495 0.909036 0.0557588 0 63.2812 1.24988 0.0766658
5.0875 1.37874 0.912031 0.0542 0 63.5938 1.25745 0.0747274
5.1125 1.38242 0.914934 0.0526715 0 63.9063 1.26482 0.0728142
5.1375 1.38601 0.917747 0.0511737 0 64.2187 1.27201 0.0709275
5.1625 1.38951 0.920474 0.049707 0 64.5313 1.27901 0.0690684
5.1875 1.39292 0.923115 0.0482715 0 64.8438 1.28582 0.0672381
5.2125 1.39623 0.925674 0.0468673 0 65.1563 1.29245 0.0654376
5.2375 1.39946 0.928152 0.0454945 0 65.4688 1.29891 0.0636675
5.2625 1.40259 0.930552 0.0441529 0 65.7812 1.30519 0.0619286
5.2875 1.40564 0.932876 0.0428426 0 66.0938 1.31129 0.0602215
5.3125 1.40861 0.935125 0.0415635 0 66.4062 1.31723 0.0585468
5.3375 1.4115 0.937303 0.0403152 0 66.7188 1.323 0.0569047
5.3625 1.4143 0.939411 0.0390976 0 67.0313 1.32861 0.0552956
5.3875 1.41702 0.941452 0.0379103 0 67.3437 1.33406 0.0537197
5.4125 1.41967 0.943426 0.0367531 0 67.6563 1.33935 0.0521772
5.4375 1.42224 0.945337 0.0356256 0 67.9688 1.34449 0.0506681
5.4625 1.42473 0.947185 0.0345275 0 68.2813 1.34948 0.0491923
5.4875 1.42715 0.948974 0.0334582 0 68.5938 1.35433 0.04775
5.5125 1.4295 0.950704 0.0324175 0 68.9062 1.35903 0.0463409
5.5375 1.43178 0.952377 0.0314047 0 69.2188 1.3636 0.0449648
5.5625 1.434 0.953995 0.0304196 0 69.5312 1.36803 0.0436216
5.5875 1.43614 0.955561 0.0294615 0 69.8438 1.37232 0.0423109
5.6125 1.43822 0.957074 0.02853 0 70.1563 1.37649 0.0410326
5.6375 1.44024 0.958538 0.0276246 0 70.4687 1.38053 0.0397861
5.6625 1.4422 0.959953 0.0267447 0 70.7813 1.38444 0.0385713
5.6875 1.4441 0.961321 0.02589 0 71.0938 1.38824 0.0373876
5.7125 1.44594 0.962643 0.0250597 0 71.4063 1.39192 0.0362347
5.7375 1.44772 0.963921 0.0242534 0 71.7188 1.39549 0.0351121
5.7625 1.44945 0.965157 0.0234706 0 72.0312 1.39894 0.0340194
5.7875 1.45112 0.966351 0.0227107 0 72.3438 1.40229 0.032956
5.8125 1.45274 0.967505 0.0219733 0 72.6562 1.40553 0.0319215
5.8375 1.45431 0.96862 0.0212577 0 72.9688 1.40867 0.0309153
5.8625 1.45583 0.969698 0.0205635 0 73.2813 1.41172 0.0299369
5.8875 1.4573 0.970739 0.0198901 0 73.5937 1.41466 0.0289859
5.9125 1.45873 0.971745 0.0192371 0 73.9063 1.41751 0.0280617
5.9375 1.46011 0.972717 0.0186039 0 74.2188 1.42027 0.0271637
5.9625 1.46144 0.973656 0.01799 0 74.5313 1.42294 0.0262914
5.9875 1.46273 0.974563 0.017395 0 74.8438 1.42553 0.0254442
6.0125 1.46398 0.975439 0.0168183 0 75.1562 1.42803 0.0246217
6.0375 1.46519 0.976286 0.0162594 0 75.4688 1.43045 0.0238232
6.0625 1.46636 0.977103 0.015718 0 75.7812 1.43279 0.0230483
6.0875 1.4675 0.977892 0.0151934 0 76.0938 1.43505 0.0222963
6.1125 1.46859 0.978654 0.0146853 0 76.4063 1.43724 0.0215668
6.1375 1.46965 0.97939 0.0141933 0 76.7187 1.43936 0.0208592
6.1625 1.47068 0.980101 0.0137168 0 77.0313 1.44141 0.020173
6.1875 1.47167 0.980787 0.0132555 0 77.3438 1.44339 0.0195076
6.2125 1.47263 0.98145 0.0128088 0 77.6563 1.44531 0.0188627
6.2375 1.47355 0.982089 0.0123766 0 77.9688 1.44716 0.0182375
6.2625 1.47445 0.982707 0.0119582 0 78.2812 1.44895 0.0176318
6.2875 1.47532 0.983303 0.0115533 0 78.5938 1.45068 0.0170448
6.3125 1.47615 0.983878 0.0111616 0 78.9062 1.45236 0.0164763
6.3375 1.47696 0.984434 0.0107827 0 79.2188 1.45397 0.0159256
6.3625 1.47774 0.98497 0.0104161 0 79.5313 1.45553 0.0153923
6.3875 1.4785 0.985487 0.0100616 0 79.8437 1.45704 0.014876
6.4125 1.47923 0.985987 0.00971872 0 80.1563 1.4585 0.0143762
6.4375 1.47994 0.986469 0.00938721 0 80.4688 1.45991 0.0138925
6.4625 1.48062 0.986934 0.00906671 0 80.7813 1.46127 0.0134243
6.4875 1.48128 0.987383 0.00875689 0 81.0938 1.46259 0.0129714
6.5125 1.48192 0.987817 0.00845744 0 81.4062 1.46386 0.0125332
6.5375 1.48253 0.988235 0.00816803 0 81.7188 1.46509 0.0121094
6.5625 1.48313 0.988639 0.00788838 0 82.0312 1.46628 0.0116995
6.5875 1.4837 0.989028 0.00761819 0 82.3438 1.46742 0.0113031
6.6125 1.48426 0.989404 0.00735716 0 82.6563 1.46853 0.0109199
6.6375 1.48479 0.989767 0.00710503 0 82.9687 1.4696 0.0105495
6.6625 1.48531 0.990118 0.00686151 0 83.2813 1.47063 0.0101915
6.6875 1.48581 0.990456 0.00662633 0 83.5938 1.47163 0.00984547
6.7125 1.48629 0.990782 0.00639924 0 83.9063 1.47259 0.00951115
6.7375 1.48676 0.991097 0.00617997 0 84.2188 1.47352 0.00918815
6.7625 1.48721 0.991401 0.00596829 0 84.5312 1.47442 0.00887612
6.7875 1.48765 0.991695 0.00576395 0 84.8438 1.47529 0.00857473
6.8125 1.48807 0.991978 0.00556671 0 85.1562 1.47613 0.00828366
6.8375 1.48848 0.992252 0.00537635 0 85.4688 1.47694 0.00800257
6.8625 1.48887 0.992516 0.00519262 0 85.7812 1.47773 0.00773114
6.8875 1.48925 0.992772 0.00501533 0 86.0937 1.47848 0.00746907
6.9125 1.48962 0.993018 0.00484423 0 86.4063 1.47922 0.00721605
6.9375 1.48997 0.993256 0.00467914 0 86.7188 1.47992 0.00697178
6.9625 1.49031 0.993486 0.00451985 0 87.0313 1.4806 0.00673598
6.9875 1.49064 0.993709 0.00436615 0 87.3438 1.48126 0.00650837
7.0125 1.49096 0.993923 0.00421784 0 87.6562 1.4819 0.00628865
7.0375 1.49127 0.994131 0.00407475 0 87.9688 1.48252 0.00607656
7.0625 1.49157 0.994331 0.00393669 0 88.2812 1.48311 0.00587184
7.0875 1.49186 0.994525 0.00380346 0 88.5938 1.48369 0.00567423
7.1125 1.49214 0.994712 0.0036749 0 88.9062 1.48425 0.00548346
7.1375 1.49241 0.994893 0.00355084 0 89.2187 1.48479 0.0052993
7.1625 1.49267 0.995068 0.00343111 0 89.5313 1.48531 0.0051215
7.1875 1.49292 0.995238 0.00331555 0 89.8438 1.48581 0.00494984
7.2125 1.49316 0.995401 0.00320399 0 90.1563 1.48629 0.00478408
7.2375 1.4934 0.99556 0.0030963 0 90.4688 1.48677 0.004624
7.2625 1.49362 0.995713 0.00299231 0 90.7812 1.48722 0.00446939
7.2875 1.49384 0.995861 0.00289189 0 91.0938 1.48766 0.00432003
7.3125 1.49406 0.996004 0.00279489 0 91.4062 1.48809 0.00417572
7.3375 1.49426 0.996142 0.00270119 0 91.7188 1.4885 0.00403628
7.3625 1.49446 0.996277 0.00261065 0 92.0312 1.48889 0.0039015
7.3875 1.49465 0.996406 0.00252314 0 92.3437 1.48928 0.00377121
7.4125 1.49484 0.996532 0.00243855 0 92.6563 1.48965 0.00364523
7.4375 1.49501 0.996653 0.00235676 0 92.9688 1.49001 0.0035234
7.4625 1.49519 0.99677 0.00227766 0 93.2813 1.49036 0.00340553
7.4875 1.49536 0.996884 0.00220115 0 93.5938 1.4907 0.00329149
7.5125 1.49552 0.996994 0.00212711 0 93.9062 1.49102 0.00318113
7.5375 1.49567 0.9971 0.00205545 0 94.2188 1.49134 0.00307429
7.5625 1.49582 0.997203 0.00198609 0 94.5312 1.49164 0.00297084
7.5875 1.49597 0.997302 0.00191893 0 94.8438 1.49193 0.00287066
7.6125 1.49611 0.997398 0.00185388 0 95.1562 1.49222 0.00277361
7.6375 1.49625 0.997491 0.00179087 0 95.4687 1.49249 0.00267959
7.6625 1.49638 0.99758 0.00172982 0 95.7813 1.49276 0.00258847
7.6875 1.49651 0.997667 0.00167067 0 96.0938 1.49301 0.00250016
7.7125 1.49663 0.997751 0.00161334 0 96.4063 1.49326 0.00241456
7.7375 1.49675 0.997831 0.00155776 0 96.7188 1.4935 0.00233158
7.7625 1.49686 0.997909 0.0015039 0 97.0312 1.49373 0.00225113
7.7875 1.49697 0.997985 0.00145168 0 97.3438 1.49396 0.00217312
7.8125 1.49708 0.998057 0.00140105 0 97.6562 1.49417 0.00209748
7.8375 1.49718 0.998127 0.00135197 0 97.9688 1.49438 0.00202414
7.8625 1.49728 0.998195 0.00130439 0 98.2812 1.49458 0.00195304
7.8875 1.49738 0.99826 0.00125828 0 98.5937 1.49477 0.00188412
7.9125 1.49747 0.998322 0.00121358 0 98.9063 1.49496 0.0018173
7.9375 1.49756 0.998383 0.00117028 0 99.2188 1.49514 0.00175256
7.9625 1.49764 0.998441 0.00112832 0 99.5313 1.49531 0.00168982
7.9875 1.49773 0.998497 0.00108769 0 99.8438 1.49548 0.00162906
8.0125 1.49781 0.99855 0.00104834 0 100.156 1.49564 0.00157022
8.0375 1.49788 0.998602 0.00101027 0 100.469 1.49579 0.00151326
8.0625 1.49796 0.998652 0.00097343 0 100.781 1.49594 0.00145816
8.0875 1.49803 0.998699 0.000937808 0 101.094 1.49608 0.00140486
8.1125 1.4981 0.998745 0.000903378 0 101.406 1.49622 0.00135335
8.1375 1.49817 0.998789 0.000870119 0 101.719 1.49635 0.00130358
8.1625 1.49823 0.998832 0.000838009 0 102.031 1.49648 0.00125553
8.1875 1.49829 0.998872 0.000807027 0 102.344 1.4966 0.00120916
8.2125 1.49835 0.998911 0.000777153 0 102.656 1.49672 0.00116445
8.2375 1.49841 0.998949 0.000748366 0 102.969 1.49683 0.00112136
8.2625 1.49846 0.998984 0.000720648 0 103.281 1.49694 0.00107986
8.2875 1.49852 0.999019 0.000693976 0 103.594 1.49704 0.00103993
8.3125 1.49857 0.999052 0.000668331 0 103.906 1.49715 0.00100154
8.3375 1.49862 0.999084 0.000643691 0 104.219 1.49724 0.000964645
8.3625 1.49866 0.999114 0.000620033 0 104.531 1.49733 0.00092922
8.3875 1.49871 0.999143 0.000597335 0 104.844 1.49742 0.00089523
8.4125 1.49875 0.999172 0.000575573 0 105.156 1.49751 0.000862641
8.4375 1.49879 0.999199 0.000554723 0 105.469 1.49759 0.000831416
8.4625 1.49884 0.999225 0.00053476 0 105.781 1.49767 0.000801517
8.4875 1.49887 0.99925 0.000515658 0 106.094 1.49775 0.000772906
8.5125 1.49891 0.999274 0.000497388 0 106.406 1.49782 0.000745541
8.5375 1.49895 0.999297 0.000479924 0 106.719 1.4979 0.000719381
8.5625 1.49898 0.99932 0.000463235 0 107.031 1.49796 0.000694382
8.5875 1.49902 0.999342 0.000447292 0 107.344 1.49803 0.000670499
8.6125 1.49905 0.999363 0.000432065 0 107.656 1.4981 0.000647688
8.6375 1.49908 0.999383 0.000417523 0 107.969 1.49816 0.000625901
8.6625 1.49911 0.999403 0.000403633 0 108.281 1.49822 0.000605091
8.6875 1.49914 0.999422 0.000390363 0 108.594 1.49828 0.00058521
8.7125 1.49917 0.99944 0.000377681 0 108.906 1.49833 0.000566209
8.7375 1.4992 0.999459 0.000365555 0 109.219 1.49839 0.000548039
8.7625 1.49923 0.999476 0.000353951 0 109.531 1.49844 0.000530652
8.7875 1.49925 0.999493 0.000342837 0 109.844 1.49849 0.000514
8.8125 1.49928 0.99951 0.000332182 0 110.156 1.49854 0.000498034
8.8375 1.4993 0.999526 0.000321954 0 110.469 1.49859 0.000482707
8.8625 1.49933 0.999542 0.000312122 0 110.781 1.49864 0.000467973
8.8875 1.49935 0.999558 0.000302656 0 111.094 1.49869 0.000453787
8.9125 1.49937 0.999573 0.000293527 0 111.406 1.49873 0.000440106
8.9375 1.49939 0.999587 0.000284707 0 111.719 1.49878 0.000426888
8.9625 1.49941 0.999602 0.00027617 0 112.031 1.49882 0.000414093
8.9875 1.49944 0.999616 0.000267891 0 112.344 1.49886 0.000401685
9.0125 1.49945 0.99963 0.000259845 0 112.656 1.4989 0.000389626
9.0375 1.49947 0.999643 0.000252012 0 112.969 1.49894 0.000377886
9.0625 1.49949 0.999656 0.000244371 0 113.281 1.49898 0.000366433
9.0875 1.49951 0.999669 0.000236904 0 113.594 1.49901 0.00035524
9.1125 1.49953 0.999681 0.000229594 0 113.906 1.49905 0.000344283
9.1375 1.49955 0.999694 0.000222428 0 114.219 1.49909 0.00033354
9.1625 1.49956 0.999705 0.000215392 0 114.531 1.49912 0.000322993
9.1875 1.49958 0.999717 0.000208476 0 114.844 1.49915 0.000312625
9.2125 1.49959 0.999728 0.000201671 0 115.156 1.49918 0.000302425
9.2375 1.49961 0.999739 0.000194972 0 115.469 1.49922 0.000292382
9.2625 1.49962 0.999749 0.000188373 0 115.781 1.49925 0.000282489
9.2875 1.49964 0.999759 0.000181872 0 116.094 1.49927 0.000272742
9.3125 1.49965 0.999769 0.000175467 0 116.406 1.4993 0.000263139
9.3375 1.49966 0.999778 0.000169159 0 116.719 1.49933 0.000253682
9.3625 1.49967 0.999787 0.000162951 0 117.031 1.49935 0.000244373
9.3875 1.49969 0.999795 0.000156844 0 117.344 1.49938 0.000235218
9.4125 1.4997 0.999803 0.000150845 0 117.656 1.4994 0.000226223
9.4375 1.49971 0.999811 0.000144959 0 117.969 1.49943 0.000217397
9.4625 1.49972 0.999819 0.000139193 0 118.281 1.49945 0.00020875
9.4875 1.49973 0.999826 0.000133554 0 118.594 1.49947 0.000200294
9.5125 1.49974 0.999833 0.000128049 0 118.906 1.49949 0.00019204
9.5375 1.49975 0.999839 0.000122688 0 119.219 1.49951 0.000184002
9.5625 1.49976 0.999845 0.000117479 0 119.531 1.49953 0.00017619
9.5875 1.49977 0.999851 0.00011243 0 119.844 1.49954 0.000168619
9.6125 1.49978 0.999856 0.00010755 0 120.156 1.49956 0.000161302
9.6375 1.49978 0.999861 0.000102847 0 120.469 1.49957 0.000154248
9.6625 1.49979 0.999866 9.83275e-05 0 120.781 1.49959 0.000147471
9.6875 1.4998 0.99987 9.39985e-05 0 121.094 1.4996 0.000140979
9.7125 1.4998 0.999874 8.98657e-05 0 121.406 1.49962 0.000134781
9.7375 1.49981 0.999878 8.59339e-05 0 121.719 1.49963 0.000128885
9.7625 1.49982 0.999882 8.22067e-05 0 122.031 1.49964 0.000123295
9.7875 1.49982 0.999885 7.86863e-05 0 122.344 1.49965 0.000118016
9.8125 1.49983 0.999888 7.53737e-05 0 122.656 1.49966 0.000113048
9.8375 1.49983 0.999892 7.22685e-05 0 122.969 1.49967 0.000108391
9.8625 1.49984 0.999894 6.93689e-05 0 123.281 1.49968 0.000104042
9.8875 1.49985 0.999897 6.66715e-05 0 123.594 1.49969 9.99969e-05
9.9125 1.49985 0.9999 6.41716e-05 0 123.906 1.4997 9.62477e-05
9.9375 1.49985 0.999902 6.1863e-05 0 124.219 1.49971 9.27856e-05
9.9625 1.49986 0.999905 5.97383e-05 0 124.531 1.49972 8.9599e-05
9.9875 1.49986 0.999907 5.77884e-05 0 124.844 1.49972 8.66748e-05
10.0125 1.49987 0.99991 5.60034e-05 0 125.156 1.49973 8.39978e-05
10.0375 1.49987 0.999912 5.43721e-05 0 125.469 1.49974 8.15512e-05
10.0625 1.49988 0.999914 5.28824e-05 0 125.781 1.49975 7.9317e-05
10.0875 1.49988 0.999917 5.15213e-05 0 126.094 1.49975 7.72757e-05
10.1125 1.49988 0.999919 5.02752e-05 0 126.406 1.49976 7.5407e-05
10.1375 1.49989 0.999921 4.91298e-05 0 126.719 1.49977 7.36892e-05
10.1625 1.49989 0.999923 4.80707e-05 0 127.031 1.49978 7.21009e-05
10.1875 1.49989 0.999926 4.70836e-05 0 127.344 1.49978 7.06205e-05
10.2125 1.4999 0.999928 4.61542e-05 0 127.656 1.49979 6.92265e-05
10.2375 1.4999 0.99993 4.52683e-05 0 127.969 1.4998 6.78981e-05
10.2625 1.49991 0.999933 4.44126e-05 0 128.281 1.4998 6.66146e-05
10.2875 1.49991 0.999935 4.35739e-05 0 128.594 1.49981 6.53569e-05
10.3125 1.49991 0.999938 4.27402e-05 0 128.906 1.49982 6.41065e-05
10.3375 1.49991 0.99994 4.19002e-05 0 129.219 1.49983 6.28467e-05
10.3625 1.49992 0.999943 4.10438e-05 0 129.531 1.49983 6.15623e-05
10.3875 1.49992 0.999945 4.01618e-05 0 129.844 1.49984 6.02396e-05
10.4125 1.49992 0.999947 3.92466e-05 0 130.156 1.49985 5.88669e-05
10.4375 1.49993 0.99995 3.8292e-05 0 130.469 1.49985 5.74352e-05
10.4625 1.49993 0.999952 3.72933e-05 0 130.781 1.49986 5.59374e-05
10.4875 1.49993 0.999954 3.62475e-05 0 131.094 1.49986 5.43688e-05
10.5125 1.49994 0.999957 3.5153e-05 0 131.406 1.49987 5.27273e-05
10.5375 1.49994 0.999959 3.401e-05 0 131.719 1.49988 5.10129e-05
10.5625 1.49994 0.999961 3.28199e-05 0 132.031 1.49988 4.92279e-05
10.5875 1.49994 0.999963 3.1586e-05 0 132.344 1.49989 4.73772e-05
10.6125 1.49994 0.999965 3.03127e-05 0 132.656 1.49989 4.54673e-05
10.6375 1.49995 0.999967 2.90058e-05 0 132.969 1.4999 4.35072e-05
10.6625 1.49995 0.999969 2.76726e-05 0 133.281 1.4999 4.15075e-05
10.6875 1.49995 0.99997 2.63211e-05 0 133.594 1.49991 3.94804e-05
10.7125 1.49995 0.999972 2.49604e-05 0 133.906 1.49991 3.74394e-05
10.7375 1.49996 0.999973 2.36001e-05 0 134.219 1.49991 3.53991e-05
10.7625 1.49996 0.999974 2.22507e-05 0 134.531 1.49992 3.33751e-05
10.7875 1.49996 0.999975 2.09227e-05 0 134.844 1.49992 3.13832e-05
10.8125 1.49996 0.999976 1.9627e-05 0 135.156 1.49992 2.94397e-05
10.8375 1.49996 0.999977 1.83742e-05 0 135.469 1.49993 2.75606e-05
10.8625 1.49996 0.999978 1.71747e-05 0 135.781 1.49993 2.57614e-05
10.8875 1.49996 0.999978 1.60381e-05 0 136.094 1.49993 2.40566e-05
10.9125 1.49997 0.999979 1.49734e-05 0 136.406 1.49993 2.24596e-05
10.9375 1.49997 0.999979 1.39886e-05 0 136.719 1.49994 2.09824e-05
10.9625 1.49997 0.99998 1.30905e-05 0 137.031 1.49994 1.96353e-05
10.9875 1.49997 0.99998 1.22845e-05 0 137.344 1.49994 1.84263e-05
11.0125 1.49997 0.99998 1.15746e-05 0 137.656 1.49994 1.73615e-05
11.0375 1.49997 0.99998 1.09631e-05 0 137.969 1.49994 1.64443e-05
11.0625 1.49997 0.99998 1.04507e-05 0 138.281 1.49994 1.56757e-05
11.0875 1.49997 0.999981 1.00362e-05 0 138.594 1.49994 1.5054e-05
11.1125 1.49997 0.999981 9.71677e-06 0 138.906 1.49994 1.45749e-05
11.1375 1.49997 0.999981 9.48718e-06 0 139.219 1.49994 1.42305e-05
11.1625 1.49997 0.999981 9.3412e-06 0 139.531 1.49994 1.40116e-05
11.1875 1.49997 0.999981 9.27119e-06 0 139.844 1.49995 1.39065e-05
11.2125 1.49997 0.999981 9.26789e-06 0 140.156 1.49995 1.39016e-05
11.2375 1.49998 0.999982 9.32057e-06 0 140.469 1.49995 1.39806e-05
11.2625 1.49998 0.999982 9.41808e-06 0 140.781 1.49995 1.41269e-05
11.2875 1.49998 0.999982 9.54836e-06 0 141.094 1.49995 1.43223e-05
11.3125 1.49998 0.999983 9.69897e-06 0 141.406 1.49995 1.45482e-05
11.3375 1.49998 0.999983 9.85724e-06 0 141.719 1.49995 1.47856e-05
11.3625 1.49998 0.999984 1.00105e-05 0 142.031 1.49996 1.50156e-05
11.3875 1.49998 0.999985 1.01464e-05 0 142.344 1.49996 1.52194e-05
11.4125 1.49998 0.999985 1.02532e-05 0 142.656 1.49996 1.53796e-05
11.4375 1.49998 0.999986 1.03205e-05 0 142.969 1.49996 1.54805e-05
11.4625 1.49998 0.999987 1.03388e-05 0 143.281 1.49996 1.5508e-05
11.4875 1.49998 0.999988 1.03003e-05 0 143.594 1.49996 1.54503e-05
11.5125 1.49998 0.999989 1.01991e-05 0 143.906 1.49997 1.52985e-05
11.5375 1.49998 0.999989 1.00307e-05 0 144.219 1.49997 1.50459e-05
11.5625 1.49999 0.99999 9.79223e-06 0 144.531 1.49997 1.46882e-05
11.5875 1.49999 0.999991 9.48309e-06 0 144.844 1.49997 1.42245e-05
11.6125 1.49999 0.999992 9.1051e-06 0 145.156 1.49997 1.36575e-05
11.6375 1.49999 0.999993 8.66202e-06 0 145.469 1.49998 1.29929e-05
11.6625 1.49999 0.999993 8.15955e-06 0 145.781 1.49998 1.22392e-05
11.6875 1.49999 0.999994 7.60529e-06 0 146.094 1.49998 1.14079e-05
11.7125 1.49999 0.999995 7.00859e-06 0 146.406 1.49998 1.05128e-05
11.7375 1.49999 0.999995 6.38025e-06 0 146.719 1.49998 9.57031e-06
11.7625 1.49999 0.999996 5.73219e-06 0 147.031 1.49998 8.59823e-06
11.7875 1.49999 0.999996 5.07707e-06 0 147.344 1.49998 7.61556e-06
11.8125 1.49999 0.999996 4.42799e-06 0 147.656 1.49998 6.64195e-06
11.8375 1.49999 0.999996 3.79827e-06 0 147.969 1.49999 5.69738e-06
11.8625 1.49999 0.999996 3.20219e-06 0 148.281 1.49999 4.80326e-06
11.8875 1.49999 0.999996 2.65459e-06 0 148.594 1.49999 3.98186e-06
11.9125 1.49999 0.999996 2.16398e-06 0 148.906 1.49999 3.24596e-06
11.9375 1.49999 0.999996 1.73944e-06 0 149.219 1.49999 2.60915e-06
11.9625 1.49999 0.999996 1.38938e-06 0 149.531 1.49999 2.08407e-06
11.9875 1.49999 0.999995 1.12027e-06 0 149.844 1.49999 1.68039e-06
12.0125 1.49999 0.999995 9.36369e-07 0 150.156 1.49998 1.40455e-06
12.0375 1.49999 0.999995 8.39704e-07 0 150.469 1.49998 1.25955e-06
12.0625 1.49999 0.999994 8.30112e-07 0 150.781 1.49998 1.24516e-06
12.0875 1.49999 0.999994 9.04601e-07 0 151.094 1.49998 1.3569e-06
12.1125 1.49999 0.999994 1.05766e-06 0 151.406 1.49998 1.58648e-06
12.1375 1.49999 0.999993 1.28174e-06 0 151.719 1.49998 1.9226e-06
12.1625 1.49999 0.999993 1.56704e-06 0 152.031 1.49998 2.35055e-06
12.1875 1.49999 0.999993 1.90203e-06 0 152.344 1.49998 2.85303e-06
12.2125 1.49999 0.999993 2.27262e-06 0 152.656 1.49998 3.40891e-06
12.2375 1.49999 0.999993 2.66242e-06 0 152.969 1.49998 3.99361e-06
12.2625 1.49999 0.999993 3.05944e-06 0 153.281 1.49998 4.58913e-06
12.2875 1.49999 0.999994 3.44871e-06 0 153.594 1.49998 5.17304e-06
12.3125 1.49999 0.999994 3.81495e-06 0 153.906 1.49999 5.7224e-06
12.3375 1.49999 0.999995 4.14361e-06 0 154.219 1.49999 6.21539e-06
12.3625 1.49999 0.999995 4.42129e-06 0 154.531 1.49999 6.63192e-06
12.3875 1.49999 0.999996 4.63596e-06 0 154.844 1.49999 6.95391e-06
12.4125 1.5 0.999996 4.77721e-06 0 155.156 1.49999 7.16579e-06
12.4375 1.5 0.999997 4.83689e-06 0 155.469 1.49999 7.25532e-06
12.4625 1.5 0.999997 4.80976e-06 0 155.781 1.49999 7.21462e-06
12.4875 1.5 0.999998 4.69324e-06 0 156.094 1.49999 7.03984e-06
12.5125 1.5 0.999999 4.48683e-06 0 156.406 1.49999 6.73023e-06
12.5375 1.5 0.999999 4.19363e-06 0 156.719 1.5 6.29044e-06
12.5625 1.5 1 3.8195e-06 0 157.031 1.5 5.72924e-06
12.5875 1.5 1 3.37312e-06 0 157.344 1.5 5.05967e-06
12.6125 1.5 1 2.86593e-06 0 157.656 1.5 4.29889e-06
12.6375 1.5 1 2.31164e-06 0 157.969 1.5 3.46745e-06
12.6625 1.5 1 1.72572e-06 0 158.281 1.5 2.58857e-06
12.6875 1.5 1 1.12501e-06 0 158.594 1.5 1.68751e-06
12.7125 1.5 1 5.2956e-07 0 158.906 1.5 7.9434e-07
12.7375 1.5 1 -4.13704e-08 0 159.219 1.5 -6.20555e-08
12.7625 1.5 1 -5.73229e-07 0 159.531 1.5 -8.59842e-07
12.7875 1.5 1 -1.04925e-06 0 159.844 1.5 -1.57387e-06
12.8125 1.5 1 -1.45482e-06 0 160.156 1.5 -2.18223e-06
12.8375 1.5 1 -1.77666e-06 0 160.469 1.5 -2.66499e-06
12.8625 1.5 0.999999 -2.00378e-06 0 160.781 1.5 -3.00567e-06
12.8875 1.5 0.999999 -2.12839e-06 0 161.094 1.5 -3.19257e-06
12.9125 1.5 0.999998 -2.14625e-06 0 161.406 1.49999 -3.21936e-06
12.9375 1.5 0.999997 -2.05597e-06 0 161.719 1.49999 -3.08395e-06
12.9625 1.5 0.999997 -1.85993e-06 0 162.031 1.49999 -2.78989e-06
12.9875 1.5 0.999996 -1.56386e-06 0 162.344 1.49999 -2.34579e-06
13.0125 1.5 0.999996 -1.17752e-06 0 162.656 1.49999 -1.76628e-06
13.0375 1.5 0.999996 -7.13929e-07 0 162.969 1.49999 -1.07089e-06
13.0625 1.5 0.999995 -1.8886e-07 0 163.281 1.49999 -2.8329e-07
13.0875 1.5 0.999995 3.79793e-07 0 163.594 1.49999 5.69688e-07
13.1125 1.5 0.999995 9.69765e-07 0 163.906 1.49999 1.45465e-06
13.1375 1.5 0.999995 1.55771e-06 0 164.219 1.49999 2.33656e-06
13.1625 1.5 0.999996 2.12657e-06 0 164.531 1.49999 3.18985e-06
13.1875 1.5 0.999996 2.65565e-06 0 164.844 1.49999 3.98347e-06
13.2125 1.5 0.999997 3.12494e-06 0 165.156 1.49999 4.68741e-06
13.2375 1.5 0.999997 3.51634e-06 0 165.469 1.49999 5.27451e-06
13.2625 1.5 0.999998 3.81427e-06 0 165.781 1.49999 5.7214e-06
13.2875 1.5 0.999998 4.00598e-06 0 166.094 1.5 6.00896e-06
13.3125 1.5 0.999999 4.08222e-06 0 166.406 1.5 6.12332e-06
13.3375 1.5 1 4.03789e-06 0 166.719 1.5 6.05683e-06
13.3625 1.5 1 3.87186e-06 0 167.031 1.5 5.80778e-06
13.3875 1.5 1 3.58725e-06 0 167.344 1.5 5.38088e-06
13.4125 1.5 1 3.19188e-06 0 167.656 1.5 4.78782e-06
13.4375 1.5 1 2.69745e-06 0 167.969 1.5 4.04618e-06
13.4625 1.5 1 2.11952e-06 0 168.281 1.5 3.17928e-06
13.4875 1.5 1 1.47705e-06 0 168.594 1.5 2.21557e-06
13.5125 1.5 1 7.91543e-07 0 168.906 1.50001 1.18731e-06
13.5375 1.5 1 8.81748e-08 0 169.219 1.50001 1.32262e-07
13.5625 1.5 1 -6.04611e-07 0 169.531 1.50001 -9.06917e-07
13.5875 1.5 1 -1.26491e-06 0 169.844 1.5 -1.89736e-06
13.6125 1.5 1 -1.87121e-06 0 170.156 1.5 -2.80682e-06
13.6375 1.5 1 -2.40103e-06 0 170.469 1.5 -3.60155e-06
13.6625 1.5 1 -2.83431e-06 0 170.781 1.5 -4.25146e-06
13.6875 1.5 1 -3.15467e-06 0 171.094 1.5 -4.73201e-06
13.7125 1.5 1 -3.34959e-06 0 171.406 1.5 -5.02438e-06
13.7375 1.5 0.999999 -3.41045e-06 0 171.719 1.5 -5.11568e-06
13.7625 1.5 0.999999 -3.33355e-06 0 172.031 1.5 -5.00032e-06
13.7875 1.5 0.999998 -3.12082e-06 0 172.344 1.5 -4.68122e-06
13.8125 1.5 0.999997 -2.77909e-06 0 172.656 1.49999 -4.16863e-06
13.8375 1.5 0.999997 -2.31988e-06 0 172.969 1.49999 -3.47982e-06
13.8625 1.5 0.999996 -1.7594e-06 0 173.281 1.49999 -2.6391e-06
13.8875 1.5 0.999996 -1.11814e-06 0 173.594 1.49999 -1.67721e-06
13.9125 1.5 0.999996 -4.2012e-07 0 173.906 1.49999 -6.3018e-07
13.9375 1.5 0.999996 3.07173e-07 0 174.219 1.49999 4.60759e-07
13.9625 1.5 0.999996 1.0314e-06 0 174.531 1.49999 1.5471e-06
13.9875 1.5 0.999996 1.72738e-06 0 174.844 1.49999 2.59107e-06
14.0125 1.5 0.999996 2.37082e-06 0 175.156 1.49999 3.55623e-06
14.0375 1.5 0.999997 2.93593e-06 0 175.469 1.49999 4.40389e-06
14.0625 1.5 0.999998 3.39954e-06 0 175.781 1.5 5.09931e-06
14.0875 1.5 0.999998 3.74281e-06 0 176.094 1.5 5.61421e-06
14.1125 1.5 0.999999 3.95144e-06 0 176.406 1.5 5.92716e-06
14.1375 1.5 1 4.01568e-06 0 176.719 1.5 6.02352e-06
14.1625 1.5 1 3.93119e-06 0 177.031 1.5 5.89678e-06
14.1875 1.5 1 3.70008e-06 0 177.344 1.5 5.55012e-06
14.2125 1.5 1 3.33023e-06 0 177.656 1.5 4.99535e-06
14.2375 1.5 1 2.83492e-06 0 177.969 1.5 4.25238e-06
14.2625 1.5 1 2.23251e-06 0 178.281 1.50001 3.34877e-06
14.2875 1.5 1 1.54591e-06 0 178.594 1.50001 2.31886e-06
14.3125 1.5 1 8.01835e-07 0 178.906 1.50001 1.20275e-06
14.3375 1.5 1 3.08989e-08 0 179.219 1.50001 4.63484e-08
14.3625 1.5 1 -7.32005e-07 0 179.531 1.50001 -1.09801e-06
14.3875 1.5 1 -1.4581e-06 0 179.844 1.50001 -2.18715e-06
14.4125 1.5 1 -2.122e-06 0 180.156 1.50001 -3.183e-06
14.4375 1.5 1 -2.69687e-06 0 180.469 1.5 -4.0453e-06
14.4625 1.5 1 -3.15866e-06 0 180.781 1.5 -4.73799e-06
14.4875 1.5 1 -3.48798e-06 0 181.094 1.5 -5.23197e-06
14.5125 1.5 1 -3.67104e-06 0 181.406 1.5 -5.50656e-06
14.5375 1.5 1 -3.70028e-06 0 181.719 1.5 -5.55042e-06
14.5625 1.5 0.999999 -3.57362e-06 0 182.031 1.5 -5.36042e-06
14.5875 1.5 0.999998 -3.29578e-06 0 182.344 1.5 -4.94367e-06
14.6125 1.5 0.999997 -2.8773e-06 0 182.656 1.5 -4.31595e-06
14.6375 1.5 0.999997 -2.33536e-06 0 182.969 1.49999 -3.50303e-06
14.6625 1.5 0.999996 -1.69258e-06 0 183.281 1.49999 -2.53886e-06
14.6875 1.5 0.999996 -9.75845e-07 0 183.594 1.49999 -1.46377e-06
14.7125 1.5 0.999996 -2.15223e-07 0 183.906 1.49999 -3.22835e-07
14.7375 1.5 0.999996 5.53917e-07 0 184.219 1.49999 8.30875e-07
14.7625 1.5 0.999996 1.29593e-06 0 184.531 1.49999 1.94389e-06
14.7875 1.5 0.999997 1.98485e-06 0 184.844 1.49999 2.97727e-06
14.8125 1.5 0.999997 2.5916e-06 0 185.156 1.49999 3.8874e-06
14.8375 1.5 0.999998 3.08979e-06 0 185.469 1.5 4.63469e-06
14.8625 1.5 0.999998 3.4577e-06 0 185.781 1.5 5.18655e-06
14.8875 1.5 0.999999 3.67944e-06 0 186.094 1.5 5.51915e-06
14.9125 1.5 1 3.74519e-06 0 186.406 1.5 5.61778e-06
14.9375 1.5 1 3.65159e-06 0 186.719 1.5 5.47739e-06
14.9625 1.5 1 3.40285e-06 0 187.031 1.5 5.10427e-06
14.9875 1.5 1 3.00936e-06 0 187.344 1.5 4.51405e-06
15.0125 1.5 1 2.48815e-06 0 187.656 1.5 3.73223e-06
15.0375 1.5 1 1.86234e-06 0 187.969 1.50001 2.79351e-06
15.0625 1.5 1 1.15977e-06 0 188.281 1.50001 1.73966e-06
15.0875 1.5 1 4.11326e-07 0 188.594 1.50001 6.16989e-07
15.1125 1.5 1 -3.47287e-07 0 188.906 1.50001 -5.20931e-07
15.1375 1.5 1 -1.07812e-06 0 189.219 1.50001 -1.61719e-06
15.1625 1.5 1 -1.75475e-06 0 189.531 1.50001 -2.63212e-06
15.1875 1.5 1 -2.34778e-06 0 189.844 1.5 -3.52167e-06
15.2125 1.5 1 -2.83075e-06 0 190.156 1.5 -4.24612e-06
15.2375 1.5 1 -3.18205e-06 0 190.469 1.5 -4.77308e-06
15.2625 1.5 1 -3.38625e-06 0 190.781 1.5 -5.07937e-06
15.2875 1.5 1 -3.43449e-06 0 191.094 1.5 -5.15173e-06
15.3125 1.5 0.999999 -3.32436e-06 0 191.406 1.5 -4.98653e-06
15.3375 1.5 0.999998 -3.06201e-06 0 191.719 1.5 -4.59302e-06
15.3625 1.5 0.999998 -2.65943e-06 0 192.031 1.5 -3.98914e-06
15.3875 1.5 0.999997 -2.13538e-06 0 192.344 1.49999 -3.20307e-06
15.4125 1.5 0.999997 -1.51475e-06 0 192.656 1.49999 -2.27213e-06
15.4375 1.5 0.999997 -8.27028e-07 0 192.969 1.49999 -1.24054e-06
15.4625 1.5 0.999996 -1.05159e-07 0 193.281 1.49999 -1.57738e-07
15.4875 1.5 0.999997 6.13066e-07 0 193.594 1.49999 9.19598e-07
15.5125 1.5 0.999997 1.2935e-06 0 193.906 1.49999 1.94025e-06
15.5375 1.5 0.999997 1.90865e-06 0 194.219 1.49999 2.86297e-06
15.5625 1.5 0.999998 2.43023e-06 0 194.531 1.5 3.64535e-06
15.5875 1.5 0.999998 2.83373e-06 0 194.844 1.5 4.2506e-06
15.6125 1.5 0.999999 3.10026e-06 0 195.156 1.5 4.65039e-06
15.6375 1.5 1 3.2179e-06 0 195.469 1.5 4.82685e-06
15.6625 1.5 1 3.18222e-06 0 195.781 1.5 4.77334e-06
15.6875 1.5 1 2.99558e-06 0 196.094 1.5 4.49337e-06
15.7125 1.5 1 2.66775e-06 0 196.406 1.5 4.00163e-06
15.7375 1.5 1 2.21585e-06 0 196.719 1.5 3.32378e-06
15.7625 1.5 1 1.66277e-06 0 197.031 1.5 2.49416e-06
15.7875 1.5 1 1.03612e-06 0 197.344 1.50001 1.55418e-06
15.8125 1.5 1 3.6691e-07 0 197.656 1.50001 5.50366e-07
15.8375 1.5 1 -3.09241e-07 0 197.969 1.50001 -4.63861e-07
15.8625 1.5 1 -9.55365e-07 0 198.281 1.50001 -1.43305e-06
15.8875 1.5 1 -1.54587e-06 0 198.594 1.5 -2.3188e-06
15.9125 1.5 1 -2.05302e-06 0 198.906 1.5 -3.07953e-06
15.9375 1.5 1 -2.45252e-06 0 199.219 1.5 -3.67878e-06
15.9625 1.5 1 -2.72548e-06 0 199.531 1.5 -4.08822e-06
15.9875 1.5 1 -2.85952e-06 0 199.844 1.5 -4.28928e-06
16.0125 1.5 1 -2.84948e-06 0 200.156 1.5 -4.27422e-06
16.0375 1.5 0.999999 -2.69689e-06 0 200.469 1.5 -4.04533e-06
16.0625 1.5 0.999998 -2.41012e-06 0 200.781 1.5 -3.61518e-06
16.0875 1.5 0.999998 -2.00505e-06 0 201.094 1.5 -3.00757e-06
16.1125 1.5 0.999998 -1.50332e-06 0 201.406 1.5 -2.25498e-06
16.1375 1.5 0.999997 -9.31056e-07 0 201.719 1.5 -1.39658e-06
16.1625 1.5 0.999997 -3.17767e-07 0 202.031 1.49999 -4.76651e-07
16.1875 1.5 0.999997 3.0226e-07 0 202.344 1.49999 4.5339e-07
16.2125 1.5 0.999997 8.93914e-07 0 202.656 1.5 1.34087e-06
16.2375 1.5 0.999998 1.43196e-06 0 202.969 1.5 2.14794e-06
16.2625 1.5 0.999998 1.88988e-06 0 203.281 1.5 2.83481e-06
16.2875 1.5 0.999999 2.24467e-06 0 203.594 1.5 3.36701e-06
16.3125 1.5 0.999999 2.47837e-06 0 203.906 1.5 3.71756e-06
16.3375 1.5 1 2.57947e-06 0 204.219 1.5 3.86921e-06
16.3625 1.5 1 2.54416e-06 0 204.531 1.5 3.81624e-06
16.3875 1.5 1 2.37582e-06 0 204.844 1.5 3.56373e-06
16.4125 1.5 1 2.08474e-06 0 205.156 1.5 3.12712e-06
16.4375 1.5 1 1.68759e-06 0 205.469 1.5 2.53139e-06
16.4625 1.5 1 1.20668e-06 0 205.781 1.5 1.81003e-06
16.4875 1.5 1 6.69241e-07 0 206.094 1.5 1.00386e-06
16.5125 1.5 1 1.05965e-07 0 206.406 1.5 1.58948e-07
16.5375 1.5 1 -4.49369e-07 0 206.719 1.5 -6.74053e-07
16.5625 1.5 1 -9.67025e-07 0 207.031 1.5 -1.45054e-06
16.5875 1.5 1 -1.42299e-06 0 207.344 1.5 -2.13449e-06
16.6125 1.5 1 -1.79342e-06 0 207.656 1.5 -2.69013e-06
16.6375 1.5 1 -2.0591e-06 0 207.969 1.5 -3.08865e-06
16.6625 1.5 1 -2.20744e-06 0 208.281 1.5 -3.31116e-06
16.6875 1.5 1 -2.23285e-06 0 208.594 1.5 -3.34928e-06
16.7125 1.5 0.999999 -2.13569e-06 0 208.906 1.5 -3.20353e-06
16.7375 1.5 0.999999 -1.92329e-06 0 209.219 1.5 -2.88493e-06
16.7625 1.5 0.999999 -1.60911e-06 0 209.531 1.5 -2.41367e-06
16.7875 1.5 0.999998 -1.21271e-06 0 209.844 1.5 -1.81906e-06
16.8125 1.5 0.999998 -7.5767e-07 0 210.156 1.5 -1.1365e-06
16.8375 1.5 0.999998 -2.69886e-07 0 210.469 1.5 -4.04829e-07
16.8625 1.5 0.999998 2.21404e-07 0 210.781 1.5 3.32106e-07
16.8875 1.5 0.999998 6.86103e-07 0 211.094 1.5 1.02915e-06
16.9125 1.5 0.999998 1.10338e-06 0 211.406 1.5 1.65507e-06
16.9375 1.5 0.999999 1.45142e-06 0 211.719 1.5 2.17713e-06
16.9625 1.5 0.999999 1.71228e-06 0 212.031 1.5 2.56842e-06
16.9875 1.5 0.999999 1.87317e-06 0 212.344 1.5 2.80976e-06
17.0125 1.5 1 1.92655e-06 0 212.656 1.5 2.88983e-06
17.0375 1.5 1 1.87059e-06 0 212.969 1.5 2.80589e-06
17.0625 1.5 1 1.71039e-06 0 213.281 1.5 2.56558e-06
17.0875 1.5 1 1.45624e-06 0 213.594 1.5 2.18437e-06
17.1125 1.5 1 1.12374e-06 0 213.906 1.5 1.68562e-06
17.1375 1.5 1 7.32955e-07 0 214.219 1.5 1.09943e-06
17.1625 1.5 1 3.06909e-07 0 214.531 1.5 4.60364e-07
17.1875 1.5 1 -1.27698e-07 0 214.844 1.5 -1.91547e-07
17.2125 1.5 1 -5.43468e-07 0 215.156 1.5 -8.15202e-07
17.2375 1.5 1 -9.19809e-07 0 215.469 1.5 -1.37971e-06
17.2625 1.5 1 -1.23545e-06 0 215.781 1.5 -1.85318e-06
17.2875 1.5 1 -1.47255e-06 0 216.094 1.5 -2.20882e-06
17.3125 1.5 1 -1.61807e-06 0 216.406 1.5 -2.42711e-06
17.3375 1.5 1 -1.66428e-06 0 216.719 1.5 -2.49642e-06
17.3625 1.5 1 -1.60937e-06 0 217.031 1.5 -2.41405e-06
17.3875 1.5 0.999999 -1.45857e-06 0 217.344 1.5 -2.18785e-06
17.4125 1.5 0.999999 -1.22224e-06 0 217.656 1.5 -1.83336e-06
17.4375 1.5 0.999999 -9.16056e-07 0 217.969 1.5 -1.37408e-06
17.4625 1.5 0.999999 -5.60228e-07 0 218.281 1.5 -8.40342e-07
17.4875 1.5 0.999998 -1.77929e-07 0 218.594 1.5 -2.66893e-07
17.5125 1.5 0.999998 2.04958e-07 0 218.906 1.5 3.07437e-07
17.5375 1.5 0.999999 5.62911e-07 0 219.219 1.5 8.44367e-07
17.5625 1.5 0.999999 8.77095e-07 0 219.531 1.5 1.31564e-06
17.5875 1.5 0.999999 1.12895e-06 0 219.844 1.5 1.69342e-06
17.6125 1.5 0.999999 1.30384e-06 0 220.156 1.5 1.95576e-06
17.6375 1.5 1 1.3924e-06 0 220.469 1.5 2.08861e-06
17.6625 1.5 1 1.3915e-06 0 220.781 1.5 2.08725e-06
17.6875 1.5 1 1.30379e-06 0 221.094 1.5 1.95568e-06
17.7125 1.5 1 1.13685e-06 0 221.406 1.5 1.70528e-06
17.7375 1.5 1 9.03739e-07 0 221.719 1.5 1.35561e-06
17.7625 1.5 1 6.21405e-07 0 222.031 1.5 9.32108e-07
17.7875 1.5 1 3.09576e-07 0 222.344 1.5 4.64364e-07
17.8125 1.5 1 -1.0498e-08 0 222.656 1.5 -1.5747e-08
17.8375 1.5 1 -3.16408e-07 0 222.969 1.5 -4.74612e-07
17.8625 1.5 1 -5.89953e-07 0 223.281 1.5 -8.84929e-07
17.8875 1.5 1 -8.17242e-07 0 223.594 1.5 -1.22586e-06
17.9125 1.5 1 -9.85958e-07 0 223.906 1.5 -1.47894e-06
17.9375 1.5 1 -1.08787e-06 0 224.219 1.5 -1.63181e-06
17.9625 1.5 1 -1.11918e-06 0 224.531 1.5 -1.67878e-06
17.9875 1.5 1 -1.08031e-06 0 224.844 1.5 -1.62046e-06
18.0125 1.5 1 -9.76091e-07 0 225.156 1.5 -1.46414e-06
18.0375 1.5 0.999999 -8.14813e-07 0 225.469 1.5 -1.22222e-06
18.0625 1.5 0.999999 -6.08197e-07 0 225.781 1.5 -9.12295e-07
18.0875 1.5 0.999999 -3.70461e-07 0 226.094 1.5 -5.55692e-07
18.1125 1.5 0.999999 -1.17134e-07 0 226.406 1.5 -1.757e-07
18.1375 1.5 0.999999 1.34461e-07 0 226.719 1.5 2.01691e-07
18.1625 1.5 0.999999 3.68438e-07 0 227.031 1.5 5.52657e-07
18.1875 1.5 0.999999 5.73386e-07 0 227.344 1.5 8.6008e-07
18.2125 1.5 0.999999 7.37836e-07 0 227.656 1.5 1.10675e-06
18.2375 1.5 1 8.52557e-07 0 227.969 1.5 1.27884e-06
18.2625 1.5 1 9.11338e-07 0 228.281 1.5 1.36701e-06
18.2875 1.5 1 9.11623e-07 0 228.594 1.5 1.36743e-06
18.3125 1.5 1 8.54609e-07 0 228.906 1.5 1.28191e-06
18.3375 1.5 1 7.44424e-07 0 229.219 1.5 1.11664e-06
18.3625 1.5 1 5.88279e-07 0 229.531 1.5 8.82419e-07
18.3875 1.5 1 3.96173e-07 0 229.844 1.5 5.9426e-07
18.4125 1.5 1 1.81e-07 0 230.156 1.5 2.71499e-07
18.4375 1.5 1 -4.16664e-08 0 230.469 1.5 -6.24996e-08
18.4625 1.5 1 -2.57646e-07 0 230.781 1.5 -3.86468e-07
18.4875 1.5 1 -4.53591e-07 0 231.094 1.5 -6.80387e-07
18.5125 1.5 1 -6.16255e-07 0 231.406 1.5 -9.24383e-07
18.5375 1.5 1 -7.34275e-07 0 231.719 1.5 -1.10141e-06
18.5625 1.5 1 -7.99447e-07 0 232.031 1.5 -1.19917e-06
18.5875 1.5 1 -8.07493e-07 0 232.344 1.5 -1.21124e-06
18.6125 1.5 1 -7.58395e-07 0 232.656 1.5 -1.13759e-06
18.6375 1.5 1 -6.56173e-07 0 232.969 1.5 -9.84259e-07
18.6625 1.5 0.999999 -5.084e-07 0 233.281 1.5 -7.626e-07
18.6875 1.5 0.999999 -3.26229e-07 0 233.594 1.5 -4.89344e-07
18.7125 1.5 0.999999 -1.23844e-07 0 233.906 1.5 -1.85766e-07
18.7375 1.5 0.999999 8.26035e-08 0 234.219 1.5 1.23905e-07
18.7625 1.5 0.999999 2.78135e-07 0 234.531 1.5 4.17203e-07
18.7875 1.5 1 4.48929e-07 0 234.844 1.5 6.73393e-07
18.8125 1.5 1 5.82406e-07 0 235.156 1.5 8.73609e-07
18.8375 1.5 1 6.68767e-07 0 235.469 1.5 1.00315e-06
18.8625 1.5 1 7.01962e-07 0 235.781 1.5 1.05294e-06
18.8875 1.5 1 6.80071e-07 0 236.094 1.5 1.02011e-06
18.9125 1.5 1 6.05951e-07 0 236.406 1.5 9.08926e-07
18.9375 1.5 1 4.86894e-07 0 236.719 1.5 7.3034e-07
18.9625 1.5 1 3.34004e-07 0 237.031 1.5 5.01006e-07
18.9875 1.5 1 1.6094e-07 0 237.344 1.5 2.41411e-07
19.0125 1.5 1 -1.7581e-08 0 237.656 1.5 -2.63716e-08
19.0375 1.5 1 -1.86342e-07 0 237.969 1.5 -2.79512e-07
19.0625 1.5 1 -3.31417e-07 0 238.281 1.5 -4.97125e-07
19.0875 1.5 1 -4.43733e-07 0 238.594 1.5 -6.656e-07
19.1125 1.5 1 -5.16057e-07 0 238.906 1.5 -7.74086e-07
19.1375 1.5 1 -5.44486e-07 0 239.219 1.5 -8.16729e-07
19.1625 1.5 1 -5.28547e-07 0 239.531 1.5 -7.92821e-07
19.1875 1.5 1 -4.71853e-07 0 239.844 1.5 -7.0778e-07
19.2125 1.5 1 -3.80895e-07 0 240.156 1.5 -5.71343e-07
19.2375 1.5 1 -2.64781e-07 0 240.469 1.5 -3.97172e-07
19.2625 1.5 1 -1.3463e-07 0 240.781 1.5 -2.01944e-07
19.2875 1.5 1 -2.22853e-09 0 241.094 1.5 -3.3428e-09
19.3125 1.5 1 1.21112e-07 0 241.406 1.5 1.81668e-07
19.3375 1.5 1 2.25086e-07 0 241.719 1.5 3.37629e-07
19.3625 1.5 1 3.01937e-07 0 242.031 1.5 4.52906e-07
19.3875 1.5 1 3.48963e-07 0 242.344 1.5 5.23444e-07
19.4125 1.5 1 3.64881e-07 0 242.656 1.5 5.47322e-07
19.4375 1.5 1 3.51476e-07 0 242.969 1.5 5.27215e-07
19.4625 1.5 1 3.1322e-07 0 243.281 1.5 4.6983e-07
19.4875 1.5 1 2.5565e-07 0 243.594 1.5 3.83475e-07
19.5125 1.5 1 1.84778e-07 0 243.906 1.5 2.77167e-07
19.5375 1.5 1 1.07116e-07 0 244.219 1.5 1.60674e-07
19.5625 1.5 1 2.91105e-08 0 244.531 1.5 4.36658e-08
19.5875 1.5 1 -4.34823e-08 0 244.844 1.5 -6.52234e-08
19.6125 1.5 1 -1.05231e-07 0 245.156 1.5 -1.57847e-07
19.6375 1.5 1 -1.5187e-07 0 245.469 1.5 -2.27804e-07
19.6625 1.5 1 -1.82965e-07 0 245.781 1.5 -2.74447e-07
19.6875 1.5 1 -1.98398e-07 0 246.094 1.5 -2.97598e-07
19.7125 1.5 1 -1.99614e-07 0 246.406 1.5 -2.99421e-07
19.7375 1.5 1 -1.89336e-07 0 246.719 1.5 -2.84003e-07
19.7625 1.5 1 -1.70028e-07 0 247.031 1.5 -2.55042e-07
19.7875 1.5 1 -1.44036e-07 0 247.344 1.5 -2.16054e-07
19.8125 1.5 1 -1.13739e-07 0 247.656 1.5 -1.70609e-07
19.8375 1.5 1 -8.10037e-08 0 247.969 1.5 -1.21506e-07
19.8625 1.5 1 -4.7006e-08 0 248.281 1.5 -7.05089e-08
19.8875 1.5 1 -1.33891e-08 0 248.594 1.5 -2.00837e-08
19.9125 1.5 1 1.90928e-08 0 248.906 1.5 2.86392e-08
19.9375 1.5 1 5.06329e-08 0 249.219 1.5 7.59493e-08
19.9625 1.5 1 8.05316e-08 0 249.531 1.5 1.20797e-07
19.9875 1.5 1 1.07776e-07 0 249.844 1.5 1.61664e-07
