-19.95 1.49959 0.999508 -0.000241447 0 -73.8889 1.49886 -0.000362073
-19.85 1.49954 0.999446 -0.00013882 0 -73.5185 1.49871 -0.000208167
-19.75 1.49952 0.999421 -2.88229e-05 0 -73.1481 1.49865 -4.32206e-05
-19.65 1.49952 0.999438 7.63618e-05 0 -72.7778 1.49868 0.000114506
-19.55 1.49955 0.999489 0.00016895 0 -72.4074 1.49879 0.00025335
-19.45 1.49962 0.999572 0.000248805 0 -72.037 1.49898 0.000373113
-19.35 1.49972 0.999681 0.000312347 0 -71.6667 1.49924 0.000468432
-19.25 1.49982 0.999808 0.000355012 0 -71.2963 1.49954 0.000532456
-19.15 1.49994 0.999945 0.000373348 0 -70.9259 1.49986 0.00056
-19.05 1.50005 1.00008 0.000364746 0 -70.5556 1.50017 0.000547138
-18.95 1.50015 1.0002 0.000329416 0 -70.1852 1.50045 0.000494175
-18.85 1.50024 1.0003 0.000269398 0 -69.8148 1.50069 0.00040416
-18.75 1.5003 1.00038 0.000189362 0 -69.4444 1.50087 0.0002841
-18.65 1.50034 1.00043 9.48281e-05 0 -69.0741 1.50098 0.000142274
-18.55 1.50035 1.00044 -5.04192e-06 0 -68.7037 1.501 -7.56464e-06
-18.45 1.50034 1.00041 -9.58566e-05 0 -68.3333 1.50096 -0.000143818
-18.35 1.5003 1.00036 -0.00017386 0 -67.963 1.50084 -0.000260843
-18.25 1.50023 1.00028 -0.000236293 0 -67.5926 1.50065 -0.000354494
-18.15 1.50015 1.00017 -0.000279158 0 -67.2222 1.50041 -0.000418778
-18.05 1.50005 1.00006 -0.000298714 0 -66.8519 1.50015 -0.000448086
-17.95 1.49996 0.999952 -0.000292384 0 -66.4815 1.49989 -0.000438565
-17.85 1.49988 0.99985 -0.000260315 0 -66.1111 1.49966 -0.000390441
-17.75 1.49982 0.999764 -0.000205011 0 -65.7407 1.49946 -0.000307479
-17.65 1.49977 0.999701 -0.000132202 0 -65.3704 1.49932 -0.000198273
-17.55 1.49975 0.999668 -4.88423e-05 0 -65 1.49925 -7.32512e-05
-17.45 1.49975 0.999667 3.51177e-05 0 -64.6296 1.49925 5.26676e-05
-17.35 1.49976 0.999696 0.000106417 0 -64.2593 1.49931 0.000159599
-17.25 1.49981 0.999752 0.000164192 0 -63.8889 1.49943 0.000246256
-17.15 1.49987 0.999829 0.000205773 0 -63.5185 1.49961 0.000308632
-17.05 1.49994 0.999919 0.000227564 0 -63.1481 1.49982 0.000341333
-16.95 1.50001 1.00001 0.000226981 0 -62.7778 1.50003 0.000340474
-16.85 1.50007 1.0001 0.000203827 0 -62.4074 1.50023 0.000305756
-16.75 1.50013 1.00018 0.000160147 0 -62.037 1.50039 0.00024024
-16.65 1.50016 1.00023 0.000101281 0 -61.6667 1.50051 0.000151938
-16.55 1.50018 1.00026 3.38807e-05 0 -61.2963 1.50056 5.08271e-05
-16.45 1.50018 1.00025 -3.26023e-05 0 -60.9259 1.50056 -4.89092e-05
-16.35 1.50016 1.00023 -8.76163e-05 0 -60.5556 1.5005 -0.000131439
-16.25 1.50013 1.00018 -0.000130557 0 -60.1852 1.50039 -0.000195852
-16.15 1.50008 1.00011 -0.000158964 0 -59.8148 1.50024 -0.000238459
-16.05 1.50002 1.00003 -0.00017042 0 -59.4444 1.50007 -0.000255634
-15.95 1.49997 0.999958 -0.000162809 0 -59.0741 1.49991 -0.000244209
-15.85 1.49993 0.999892 -0.000137339 0 -58.7037 1.49977 -0.000205999
-15.75 1.4999 0.999842 -9.72465e-05 0 -58.3333 1.49966 -0.00014586
-15.65 1.49988 0.999812 -4.70676e-05 0 -57.963 1.4996 -7.05958e-05
-15.55 1.49988 0.999807 6.12803e-06 0 -57.5926 1.49959 9.19128e-06
-15.45 1.49988 0.999825 5.15863e-05 0 -57.2222 1.49962 7.73734e-05
-15.35 1.4999 0.999863 8.75613e-05 0 -56.8519 1.4997 0.000131334
-15.25 1.49994 0.999914 0.000112059 0 -56.4815 1.49981 0.000168082
-15.15 1.49998 0.999973 0.000123033 0 -56.1111 1.49994 0.000184547
-15.05 1.50001 1.00003 0.000118837 0 -55.7407 1.50006 0.000178257
-14.95 1.50005 1.00008 0.000100457 0 -55.3704 1.50017 0.000150689
-14.85 1.50007 1.00012 7.04986e-05 0 -55 1.50025 0.000105753
-14.75 1.50008 1.00014 3.27143e-05 0 -54.6296 1.50029 4.90742e-05
-14.65 1.50008 1.00014 -6.81165e-06 0 -54.2593 1.50029 -1.02181e-05
-14.55 1.50008 1.00012 -4.01663e-05 0 -53.8889 1.50026 -6.02526e-05
-14.45 1.50006 1.00009 -6.60371e-05 0 -53.5185 1.5002 -9.90597e-05
-14.35 1.50004 1.00005 -8.23046e-05 0 -53.1481 1.50011 -0.00012346
-14.25 1.50001 1 -8.74712e-05 0 -52.7778 1.50001 -0.000131208
-14.15 1.49998 0.99996 -8.07871e-05 0 -52.4074 1.49992 -0.000121179
-14.05 1.49996 0.999927 -6.3795e-05 0 -52.037 1.49985 -9.56901e-05
-13.95 1.49995 0.999905 -3.8772e-05 0 -51.6667 1.49981 -5.8156e-05
-13.85 1.49994 0.999898 -9.81529e-06 0 -51.2963 1.49979 -1.47224e-05
-13.75 1.49994 0.999906 1.68944e-05 0 -50.9259 1.4998 2.53406e-05
-13.65 1.49995 0.999926 3.8277e-05 0 -50.5556 1.49984 5.74138e-05
-13.55 1.49997 0.999956 5.3094e-05 0 -50.1852 1.4999 7.96393e-05
-13.45 1.49999 0.99999 5.98367e-05 0 -49.8148 1.49997 8.97542e-05
-13.35 1.50001 1.00002 5.75618e-05 0 -49.4444 1.50004 8.6343e-05
-13.25 1.50002 1.00005 4.71497e-05 0 -49.0741 1.50009 7.07255e-05
-13.15 1.50003 1.00007 3.02543e-05 0 -48.7037 1.50013 4.53824e-05
-13.05 1.50004 1.00007 9.90962e-06 0 -48.3333 1.50015 1.48648e-05
-12.95 1.50004 1.00007 -9.24338e-06 0 -47.963 1.50014 -1.38654e-05
-12.85 1.50003 1.00005 -2.43535e-05 0 -47.5926 1.50011 -3.6531e-05
-12.75 1.50002 1.00003 -3.45983e-05 0 -47.2222 1.50007 -5.18981e-05
-12.65 1.50001 1.00001 -3.88977e-05 0 -46.8519 1.50002 -5.83469e-05
-12.55 1.5 0.999982 -3.67587e-05 0 -46.4815 1.49997 -5.5138e-05
-12.45 1.49999 0.999962 -2.90023e-05 0 -46.1111 1.49993 -4.3503e-05
-12.35 1.49998 0.999949 -1.69653e-05 0 -45.7407 1.4999 -2.54475e-05
-12.25 1.49998 0.999945 -3.00074e-06 0 -45.3704 1.4999 -4.50105e-06
-12.15 1.49998 0.99995 8.98085e-06 0 -45 1.4999 1.34711e-05
-12.05 1.49998 0.999962 1.76653e-05 0 -44.6296 1.49993 2.64977e-05
-11.95 1.49999 0.999979 2.24916e-05 0 -44.2593 1.49996 3.37373e-05
-11.85 1.5 0.999998 2.28361e-05 0 -43.8889 1.5 3.42541e-05
-11.75 1.5 1.00002 1.90191e-05 0 -43.5185 1.50003 2.85287e-05
-11.65 1.50001 1.00003 1.18764e-05 0 -43.1481 1.50006 1.78148e-05
-11.55 1.50001 1.00004 2.70795e-06 0 -42.7778 1.50007 4.06195e-06
-11.45 1.50001 1.00004 -6.14148e-06 0 -42.4074 1.50007 -9.21228e-06
-11.35 1.50001 1.00004 -1.21579e-05 0 -42.037 1.50006 -1.8237e-05
-11.25 1.5 1.00003 -1.51986e-05 0 -41.6667 1.50004 -2.27979e-05
-11.15 1.5 1.00001 -1.46635e-05 0 -41.2963 1.50002 -2.19951e-05
-11.05 1.49999 1 -1.08174e-05 0 -40.9259 1.5 -1.6226e-05
-10.95 1.49999 0.999988 -4.2989e-06 0 -40.5556 1.49997 -6.44831e-06
-10.85 1.49999 0.999978 3.56715e-06 0 -40.1852 1.49996 5.35069e-06
-10.75 1.49999 0.999972 1.09304e-05 0 -39.8148 1.49995 1.63956e-05
-10.65 1.5 0.999971 1.61618e-05 0 -39.4444 1.49995 2.42427e-05
-10.55 1.50001 0.999973 1.82172e-05 0 -39.0741 1.49997 2.73259e-05
-10.45 1.50001 0.999979 1.69744e-05 0 -38.7037 1.49998 2.54617e-05
-10.35 1.50001 0.999985 1.24165e-05 0 -38.3333 1.49999 1.86249e-05
-10.25 1.50002 0.999993 5.11872e-06 0 -37.963 1.5 7.67816e-06
-10.15 1.50002 1 -3.80308e-06 0 -37.5926 1.50002 -5.70467e-06
-10.05 1.50001 1 -1.26093e-05 0 -37.2222 1.50002 -1.89141e-05
-9.95 1.50001 1.00001 -1.96761e-05 0 -36.8519 1.50002 -2.95144e-05
-9.85 1.5 1.00001 -2.38938e-05 0 -36.4815 1.50002 -3.58407e-05
-9.75 1.49999 1.00001 -2.4804e-05 0 -36.1111 1.50001 -3.72059e-05
-9.65 1.49999 1.00001 -2.26266e-05 0 -35.7407 1.5 -3.39395e-05
-9.55 1.49998 1.00001 -1.74468e-05 0 -35.3704 1.5 -2.61699e-05
-9.45 1.49998 1.00001 -9.83066e-06 0 -35 1.5 -1.47458e-05
-9.35 1.49998 1.00001 -7.69963e-07 0 -34.6296 1.5 -1.15493e-06
-9.25 1.49998 1.00002 8.12543e-06 0 -34.2593 1.5 1.2188e-05
-9.15 1.49998 1.00002 1.54484e-05 0 -33.8889 1.50001 2.31724e-05
-9.05 1.49999 1.00002 2.05621e-05 0 -33.5185 1.50001 3.08429e-05
-8.95 1.49999 1.00001 2.3245e-05 0 -33.1481 1.50001 3.48673e-05
-8.85 1.5 1.00001 2.35924e-05 0 -32.7778 1.50001 3.53886e-05
-8.75 1.50001 1 2.21291e-05 0 -32.4074 1.50001 3.31938e-05
-8.65 1.50001 0.999996 1.90514e-05 0 -32.037 1.50001 2.85774e-05
-8.55 1.50002 0.999987 1.47529e-05 0 -31.6667 1.5 2.21296e-05
-8.45 1.50002 0.999979 9.86231e-06 0 -31.2963 1.49999 1.47937e-05
-8.35 1.50002 0.999972 5.08329e-06 0 -30.9259 1.49998 7.62506e-06
-8.25 1.50002 0.999967 6.07297e-07 0 -30.5556 1.49998 9.10961e-07
-8.15 1.50002 0.999965 -3.70034e-06 0 -30.1852 1.49997 -5.55061e-06
-8.05 1.50002 0.999966 -7.97347e-06 0 -29.8148 1.49997 -1.19604e-05
-7.95 1.50002 0.99997 -1.2262e-05 0 -29.4444 1.49998 -1.83932e-05
-7.85 1.50001 0.999977 -1.62266e-05 0 -29.0741 1.49998 -2.43401e-05
-7.75 1.50001 0.999986 -1.96023e-05 0 -28.7037 1.49999 -2.94036e-05
-7.65 1.5 0.999996 -2.2055e-05 0 -28.3333 1.5 -3.30826e-05
-7.55 1.5 1.00001 -2.33067e-05 0 -27.963 1.50001 -3.496e-05
-7.45 1.49999 1.00001 -2.31945e-05 0 -27.5926 1.50001 -3.47916e-05
-7.35 1.49998 1.00002 -2.16444e-05 0 -27.2222 1.50002 -3.24663e-05
-7.25 1.49998 1.00003 -1.85109e-05 0 -26.8519 1.50002 -2.7766e-05
-7.15 1.49997 1.00003 -1.38569e-05 0 -26.4815 1.50002 -2.0785e-05
-7.05 1.49997 1.00004 -7.93401e-06 0 -26.1111 1.50002 -1.19008e-05
-6.95 1.49997 1.00004 -8.62565e-07 0 -25.7407 1.50002 -1.29382e-06
-6.85 1.49997 1.00004 6.82912e-06 0 -25.3704 1.50002 1.02435e-05
-6.75 1.49997 1.00003 1.42244e-05 0 -25 1.50002 2.13362e-05
-6.65 1.49998 1.00003 2.0595e-05 0 -24.6296 1.50002 3.0892e-05
-6.55 1.49998 1.00002 2.54878e-05 0 -24.2593 1.50001 3.82312e-05
-6.45 1.49999 1.00001 2.86142e-05 0 -23.8889 1.50001 4.29211e-05
-6.35 1.5 1 2.98659e-05 0 -23.5185 1.5 4.47989e-05
-6.25 1.50001 0.999992 2.92965e-05 0 -23.1481 1.5 4.3945e-05
-6.15 1.50002 0.999982 2.70369e-05 0 -22.7778 1.49999 4.05559e-05
-6.05 1.50003 0.999973 2.33339e-05 0 -22.4074 1.49999 3.50014e-05
-5.95 1.50003 0.999965 1.84959e-05 0 -22.037 1.49998 2.77445e-05
-5.85 1.50004 0.999959 1.28524e-05 0 -21.6667 1.49998 1.92791e-05
-5.75 1.50004 0.999955 6.62489e-06 0 -21.2963 1.49997 9.9376e-06
-5.65 1.50004 0.999953 -3.07816e-07 0 -20.9259 1.49997 -4.61736e-07
-5.55 1.50004 0.999954 -7.69083e-06 0 -20.5556 1.49997 -1.15365e-05
-5.45 1.50004 0.999958 -1.51064e-05 0 -20.1852 1.49997 -2.26602e-05
-5.35 1.50003 0.999964 -2.1939e-05 0 -19.8148 1.49998 -3.29091e-05
-5.25 1.50002 0.999972 -2.78344e-05 0 -19.4444 1.49998 -4.17523e-05
-5.15 1.50001 0.999982 -3.24654e-05 0 -19.0741 1.49999 -4.86986e-05
-5.05 1.5 0.999993 -3.55806e-05 0 -18.7037 1.49999 -5.3371e-05
-4.95 1.49999 1.00001 -3.70273e-05 0 -18.3333 1.5 -5.55407e-05
-4.85 1.49998 1.00002 -3.67655e-05 0 -17.963 1.50001 -5.51475e-05
-4.75 1.49997 1.00003 -3.49072e-05 0 -17.5926 1.50001 -5.23597e-05
-4.65 1.49996 1.00004 -3.1533e-05 0 -17.2222 1.50002 -4.72982e-05
-4.55 1.49995 1.00005 -2.67956e-05 0 -16.8519 1.50002 -4.01921e-05
-4.45 1.49994 1.00006 -2.09117e-05 0 -16.4815 1.50003 -3.13664e-05
-4.35 1.49994 1.00006 -1.42098e-05 0 -16.1111 1.50003 -2.13138e-05
-4.25 1.49994 1.00007 -6.85523e-06 0 -15.7407 1.50004 -1.02824e-05
-4.15 1.49994 1.00007 1.26241e-06 0 -15.3704 1.50004 1.89354e-06
-4.05 1.49994 1.00007 9.87986e-06 0 -15 1.50004 1.48192e-05
-3.95 1.49994 1.00006 1.85691e-05 0 -14.6296 1.50004 2.78526e-05
-3.85 1.49995 1.00006 2.68267e-05 0 -14.2593 1.50003 4.02387e-05
-3.75 1.49996 1.00005 3.44325e-05 0 -13.8889 1.50003 5.16473e-05
-3.65 1.49997 1.00004 4.11644e-05 0 -13.5185 1.50002 6.17453e-05
-3.55 1.49998 1.00002 4.6817e-05 0 -13.1481 1.50002 7.02247e-05
-3.45 1.5 1.00001 5.12365e-05 0 -12.7778 1.50001 7.68546e-05
-3.35 1.50001 0.999995 5.4326e-05 0 -12.4074 1.5 8.14897e-05
-3.25 1.50003 0.999979 5.6036e-05 0 -12.037 1.5 8.40556e-05
-3.15 1.50004 0.999963 5.63723e-05 0 -11.6667 1.49999 8.45609e-05
-3.05 1.50006 0.999947 5.54292e-05 0 -11.2963 1.49998 8.31472e-05
-2.95 1.50008 0.999931 5.33137e-05 0 -10.9259 1.49998 7.99747e-05
-2.85 1.50009 0.999916 5.0111e-05 0 -10.5556 1.49997 7.51712e-05
-2.75 1.50011 0.999902 4.59272e-05 0 -10.1852 1.49996 6.88959e-05
-2.65 1.50012 0.99989 4.08905e-05 0 -9.81481 1.49996 6.13407e-05
-2.55 1.50013 0.999879 3.51372e-05 0 -9.44444 1.49995 5.27105e-05
-2.45 1.50014 0.99987 2.87906e-05 0 -9.07407 1.49995 4.31901e-05
-2.35 1.50015 0.999863 2.19994e-05 0 -8.7037 1.49995 3.30025e-05
-2.25 1.50016 0.999858 1.49973e-05 0 -8.33333 1.49994 2.24983e-05
-2.15 1.50016 0.999855 7.87956e-06 0 -7.96296 1.49994 1.18206e-05
-2.05 1.50016 0.999854 4.84089e-07 0 -7.59259 1.49994 7.26211e-07
-1.95 1.50016 0.999855 -7.02217e-06 0 -7.22222 1.49994 -1.05344e-05
-1.85 1.50016 0.999859 -1.42574e-05 0 -6.85185 1.49994 -2.13883e-05
-1.75 1.50015 0.999864 -2.08975e-05 0 -6.48148 1.49995 -3.13494e-05
-1.65 1.50014 0.999871 -2.68076e-05 0 -6.11111 1.49995 -4.02153e-05
-1.55 1.50014 0.999879 -3.18957e-05 0 -5.74074 1.49996 -4.78478e-05
-1.45 1.50013 0.999889 -3.61054e-05 0 -5.37037 1.49996 -5.41626e-05
-1.35 1.50012 0.999899 -3.94154e-05 0 -5 1.49996 -5.91277e-05
-1.25 1.5001 0.999911 -4.18368e-05 0 -4.62963 1.49997 -6.27595e-05
-1.15 1.50009 0.999922 -4.34058e-05 0 -4.25926 1.49997 -6.51127e-05
-1.05 1.50008 0.999934 -4.41799e-05 0 -3.88889 1.49998 -6.62733e-05
-0.95 1.50007 0.999946 -4.42482e-05 0 -3.51852 1.49998 -6.63752e-05
-0.85 1.50005 0.999957 -4.37345e-05 0 -3.14815 1.49999 -6.56041e-05
-0.75 1.50004 0.999968 -4.27048e-05 0 -2.77778 1.49999 -6.40589e-05
-0.65 1.50003 0.999979 -4.12379e-05 0 -2.40741 1.5 -6.1858e-05
-0.55 1.50002 0.999989 -3.94113e-05 0 -2.03704 1.5 -5.91177e-05
-0.45 1.50001 0.999998 -3.73005e-05 0 -1.66667 1.5 -5.5951e-05
-0.35 1.5 1.00001 -3.49804e-05 0 -1.2963 1.5 -5.24705e-05
-0.25 1.49999 1.00001 -3.25272e-05 0 -0.925926 1.50001 -4.87904e-05
-0.15 1.49998 1.00002 -3.00132e-05 0 -0.555556 1.50001 -4.50191e-05
-0.05 1.49997 1.00002 -2.74887e-05 0 -0.185185 1.50001 -4.12323e-05
0.05 1.49997 1.00003 -2.49695e-05 0 0.185185 1.50001 -3.74534e-05
0.15 1.49996 1.00003 -2.24644e-05 0 0.555556 1.50001 -3.36957e-05
0.25 1.49996 1.00004 -2.00227e-05 0 0.925926 1.50001 -3.00333e-05
0.35 1.49996 1.00004 -1.77226e-05 0 1.2963 1.50001 -2.65831e-05
0.45 1.49995 1.00004 -1.56355e-05 0 1.66667 1.50001 -2.34525e-05
0.55 1.49995 1.00004 -1.39289e-05 0 2.03704 1.50001 -2.08926e-05
0.65 1.49995 1.00004 -1.26998e-05 0 2.40741 1.50001 -1.90491e-05
0.75 1.49995 1.00004 -1.2115e-05 0 2.77778 1.5 -1.81718e-05
0.85 1.49995 1.00003 -1.22159e-05 0 3.14815 1.5 -1.83232e-05
0.95 1.49995 1.00003 -1.3031e-05 0 3.51852 1.5 -1.95458e-05
1.05 1.49995 1.00003 -1.46275e-05 0 3.88889 1.49999 -2.19404e-05
1.15 1.49995 1.00003 -1.70251e-05 0 4.25926 1.49999 -2.55368e-05
1.25 1.49995 1.00002 -2.02659e-05 0 4.62963 1.49998 -3.03979e-05
1.35 1.49995 1.00002 -2.44007e-05 0 5 1.49998 -3.65997e-05
1.45 1.49995 1.00002 -2.94757e-05 0 5.37037 1.49997 -4.4212e-05
1.55 1.49995 1.00001 -3.55332e-05 0 5.74074 1.49996 -5.3298e-05
1.65 1.49995 1.00001 -4.26167e-05 0 6.11111 1.49996 -6.39228e-05
1.75 1.49995 1 -5.07799e-05 0 6.48148 1.49995 -7.6167e-05
1.85 1.49994 0.999998 -6.00907e-05 0 6.85185 1.49994 -9.01327e-05
1.95 1.49994 0.999994 -7.06288e-05 0 7.22222 1.49993 -0.000105939
2.05 1.49994 0.99999 -8.24798e-05 0 7.59259 1.49992 -0.000123715
2.15 1.49993 0.999985 -9.57368e-05 0 7.96296 1.49991 -0.000143599
2.25 1.49993 0.999981 -0.000110505 0 8.33333 1.4999 -0.00016575
2.35 1.49993 0.999976 -0.000126896 0 8.7037 1.49989 -0.000190335
2.45 1.49992 0.999972 -0.000145001 0 9.07407 1.49988 -0.00021749
2.55 1.49991 0.999967 -0.000164886 0 9.44444 1.49986 -0.000247315
2.65 1.4999 0.999963 -0.000186644 0 9.81481 1.49985 -0.000279948
2.75 1.4999 0.999958 -0.000210573 0 10.1852 1.49983 -0.000315837
2.85 1.49989 0.999953 -0.000236151 0 10.5556 1.49982 -0.0003542
2.95 1.49989 0.999948 -0.000262436 0 10.9259 1.49981 -0.000393625
3.05 1.49989 0.999943 -0.000288795 0 11.2963 1.49981 -0.000433161
3.15 1.49989 0.999938 -0.000314697 0 11.6667 1.4998 -0.000472013
3.25 1.4999 0.999932 -0.000339203 0 12.037 1.4998 -0.000508771
3.35 1.49992 0.999926 -0.000360998 0 12.4074 1.49981 -0.000541466
3.45 1.49994 0.999919 -0.000378478 0 12.7778 1.49982 -0.000567694
3.55 1.49997 0.999911 -0.000389805 0 13.1481 1.49984 -0.000584696
3.65 1.50001 0.999902 -0.000393024 0 13.5185 1.49986 -0.00058954
3.75 1.50006 0.999894 -0.000386224 0 13.8889 1.4999 -0.000579358
3.85 1.50011 0.999885 -0.000367169 0 14.2593 1.49994 -0.000550795
3.95 1.50019 0.999875 -0.000333127 0 14.6296 1.5 -0.000499753
4.05 1.50027 0.999863 -0.000281105 0 15 1.50006 -0.000421733
4.15 1.50036 0.999849 -0.000207701 0 15.3704 1.50013 -0.000311626
4.25 1.50042 0.999833 -0.000115793 0 15.7407 1.50017 -0.000173738
4.35 1.50046 0.999814 -9.79551e-06 0 16.1111 1.50018 -1.46978e-05
4.45 1.50048 0.999791 0.000106001 0 16.4815 1.50017 0.000159052
4.55 1.50048 0.999764 0.00022778 0 16.8519 1.50013 0.000341779
4.65 1.50047 0.999733 0.000354425 0 17.2222 1.50006 0.000531802
4.75 1.50041 0.999697 0.000481094 0 17.5926 1.49996 0.000721839
4.85 1.5003 0.999659 0.000598574 0 17.963 1.49979 0.00089804
4.95 1.50012 0.999616 0.000695413 0 18.3333 1.49955 0.0010432
5.05 1.49989 0.99957 0.00075976 0 18.7037 1.49924 0.00113955
5.15 1.4996 0.999516 0.000781561 0 19.0741 1.49887 0.00117203
5.25 1.49927 0.999448 0.000753955 0 19.4444 1.49844 0.00113038
5.35 1.49891 0.999367 0.000671592 0 19.8148 1.49796 0.00100665
5.45 1.4985 0.999274 0.000528717 0 20.1852 1.49742 0.000792285
5.55 1.49809 0.999167 0.000319476 0 20.5556 1.49684 0.000478603
5.65 1.49772 0.999046 5.32073e-05 0 20.9259 1.49629 7.96896e-05
5.75 1.49741 0.998908 -0.000255165 0 21.2963 1.49577 -0.000382085
5.85 1.49714 0.998751 -0.000591391 0 21.6667 1.49527 -0.000885393
5.95 1.4969 0.998571 -0.000942768 0 22.037 1.49477 -0.00141123
6.05 1.49669 0.998364 -0.00129857 0 22.4074 1.49424 -0.00194356
6.15 1.49649 0.998124 -0.00165032 0 22.7778 1.49368 -0.00246969
6.25 1.49628 0.997846 -0.00199101 0 23.1481 1.49306 -0.00297911
6.35 1.49604 0.997524 -0.00231528 0 23.5185 1.49234 -0.00346375
6.45 1.49574 0.997154 -0.00262269 0 23.8889 1.49148 -0.00392286
6.55 1.49534 0.996728 -0.00291979 0 24.2593 1.49044 -0.00436607
6.65 1.49479 0.99624 -0.00321962 0 24.6296 1.48917 -0.00481266
6.75 1.49407 0.995676 -0.00353998 0 25 1.48761 -0.00528898
6.85 1.49315 0.995027 -0.00390254 0 25.3704 1.48573 -0.0058271
6.95 1.49203 0.994279 -0.00433012 0 25.7407 1.48349 -0.00646066
7.05 1.49068 0.993418 -0.00484459 0 26.1111 1.48087 -0.00722175
7.15 1.48912 0.992426 -0.00546517 0 26.4815 1.47784 -0.00813829
7.25 1.48733 0.991285 -0.00620754 0 26.8519 1.47437 -0.00923269
7.35 1.48532 0.989971 -0.00708405 0 27.2222 1.47042 -0.0105221
7.45 1.48305 0.988459 -0.00810501 0 27.5926 1.46594 -0.0120201
7.55 1.4805 0.98672 -0.00928079 0 27.963 1.46084 -0.0137402
7.65 1.4776 0.98472 -0.0106244 0 28.3333 1.45503 -0.0156986
7.75 1.4743 0.982421 -0.0121534 0 28.7037 1.44839 -0.0179178
7.85 1.47052 0.97978 -0.0138913 0 29.0741 1.44079 -0.0204275
7.95 1.46618 0.976745 -0.0158672 0 29.4444 1.43209 -0.0232642
8.05 1.46121 0.973262 -0.0181141 0 29.8148 1.42214 -0.0264685
8.15 1.45553 0.969264 -0.0206681 0 30.1852 1.41079 -0.0300829
8.25 1.44906 0.96468 -0.0235654 0 30.5556 1.39788 -0.0341476
8.35 1.44172 0.959428 -0.0268411 0 30.9259 1.38323 -0.0386974
8.45 1.43342 0.953415 -0.0305289 0 31.2963 1.36664 -0.0437606
8.55 1.42405 0.946539 -0.0346608 0 31.6667 1.34791 -0.0493586
8.65 1.41349 0.938687 -0.0392662 0 32.037 1.32683 -0.0555025
8.75 1.40165 0.929735 -0.0443678 0 32.4074 1.30316 -0.062188
8.85 1.38839 0.919547 -0.0499796 0 32.7778 1.27669 -0.0693914
8.95 1.37363 0.907977 -0.0561047 0 33.1481 1.24723 -0.0770673
9.05 1.35728 0.894875 -0.062725 0 33.5185 1.2146 -0.0851354
9.15 1.33927 0.880089 -0.0697883 0 33.8889 1.17868 -0.0934655
9.25 1.31957 0.863461 -0.0772059 0 34.2593 1.1394 -0.101879
9.35 1.29819 0.844845 -0.0848529 0 34.6296 1.09677 -0.110155
9.45 1.27517 0.824121 -0.0925425 0 35 1.05089 -0.118007
9.55 1.25061 0.801182 -0.0999956 0 35.3704 1.00196 -0.125055
9.65 1.22467 0.775985 -0.106866 0 35.7407 0.950326 -0.130876
9.75 1.19765 0.748587 -0.112752 0 36.1111 0.896546 -0.135038
9.85 1.17 0.719205 -0.117162 0 36.4815 0.841468 -0.13708
9.95 1.14238 0.688244 -0.119486 0 36.8519 0.786236 -0.136498
10.05 1.11542 0.656458 -0.11906 0 37.2222 0.732226 -0.132801
10.15 1.08978 0.624755 -0.115309 0 37.5926 0.680845 -0.125662
10.25 1.06611 0.593972 -0.107634 0 37.963 0.63324 -0.11475
10.35 1.04507 0.56538 -0.0957276 0 38.3333 0.59086 -0.100042
10.45 1.02737 0.540354 -0.0795606 0 38.7037 0.555142 -0.0817381
10.55 1.01368 0.520249 -0.0595172 0 39.0741 0.527364 -0.0603312
10.65 1.00447 0.50631 -0.0364289 0 39.4444 0.508573 -0.0365918
10.75 1.00037 0.499521 -0.0113537 0 39.8148 0.499707 -0.0113579
10.85 0.999992 0.500359 0.0139834 0 40.1852 0.500355 0.0139833
10.95 1.00396 0.50851 0.0374534 0 40.5556 0.510525 0.0376018
11.05 1.01425 0.523292 0.0587081 0 40.9259 0.530746 0.0595445
11.15 1.02922 0.543776 0.0771582 0 41.2963 0.559667 0.079413
11.25 1.04768 0.568797 0.0921772 0 41.6667 0.595918 0.0965724
11.35 1.06913 0.597043 0.103419 0 42.037 0.638317 0.110569
11.45 1.09304 0.627244 0.110907 0 42.4074 0.685605 0.121227
11.55 1.11883 0.658288 0.114943 0 42.7778 0.736511 0.128601
11.65 1.14559 0.689127 0.11596 0 43.1481 0.789457 0.132842
11.75 1.17232 0.71886 0.114401 0 43.5185 0.842734 0.134115
11.85 1.19874 0.747196 0.110798 0 43.8889 0.895695 0.132818
11.95 1.22466 0.773857 0.105634 0 44.2593 0.947709 0.129366
12.05 1.24972 0.798609 0.0993912 0 44.6296 0.998041 0.124212
12.15 1.27367 0.82134 0.0924842 0 45 1.04611 0.117794
12.25 1.29627 0.842035 0.085249 0 45.3704 1.09151 0.110506
12.35 1.31739 0.86073 0.0779505 0 45.7407 1.13392 0.102691
12.45 1.33692 0.877491 0.0707914 0 46.1111 1.17314 0.0946428
12.55 1.35485 0.892443 0.0639187 0 46.4815 1.20913 0.0866005
12.65 1.3712 0.90573 0.0574284 0 46.8519 1.24193 0.0787456
12.75 1.38601 0.917499 0.0513796 0 47.2222 1.27166 0.0712126
12.85 1.39937 0.927897 0.0458028 0 47.5926 1.29847 0.064095
12.95 1.41136 0.937063 0.0407063 0 47.963 1.32254 0.0574514
13.05 1.42209 0.945131 0.036083 0 48.3333 1.34406 0.0513134
13.15 1.43166 0.952222 0.0319147 0 48.7037 1.36326 0.0456911
13.25 1.44017 0.958447 0.0281763 0 49.0741 1.38033 0.0405786
13.35 1.44772 0.963908 0.024838 0 49.4444 1.39546 0.0359583
13.45 1.45439 0.968696 0.0218679 0 49.8148 1.40887 0.0318046
13.55 1.4603 0.972893 0.0192337 0 50.1852 1.42071 0.0280869
13.65 1.4655 0.976569 0.0169031 0 50.5556 1.43117 0.0247716
13.75 1.47009 0.979791 0.0148454 0 50.9259 1.44038 0.0218242
13.85 1.47413 0.982614 0.0130316 0 51.2963 1.4485 0.0192103
13.95 1.47769 0.985088 0.0114345 0 51.6667 1.45565 0.0168966
14.05 1.48081 0.987257 0.0100293 0 52.037 1.46194 0.0148515
14.15 1.48356 0.989159 0.00879331 0 52.4074 1.46748 0.0130454
14.25 1.48597 0.990826 0.00770605 0 52.7778 1.47234 0.011451
14.35 1.48809 0.992288 0.00674901 0 53.1481 1.47661 0.0100431
14.45 1.48995 0.993569 0.00590561 0 53.5185 1.48037 0.00879904
14.55 1.49157 0.994691 0.00516106 0 53.8889 1.48365 0.00769809
14.65 1.49299 0.995673 0.00450218 0 54.2593 1.48653 0.00672172
14.75 1.49423 0.996529 0.00391727 0 54.6296 1.48905 0.00585332
14.85 1.49531 0.997273 0.00339609 0 55 1.49123 0.0050782
14.95 1.49624 0.997917 0.0029298 0 55.3704 1.49312 0.00438368
15.05 1.49704 0.998469 0.00251078 0 55.7407 1.49475 0.00375874
15.15 1.49773 0.998939 0.00213242 0 56.1111 1.49614 0.00319378
15.25 1.4983 0.999333 0.00178924 0 56.4815 1.4973 0.00268082
15.35 1.49878 0.999657 0.00147694 0 56.8519 1.49827 0.00221361
15.45 1.49917 0.999915 0.00119205 0 57.2222 1.49905 0.00178709
15.55 1.49948 1.00011 0.000931654 0 57.5926 1.49965 0.001397
15.65 1.49972 1.00026 0.000693681 0 57.963 1.5001 0.00104033
15.75 1.49989 1.00035 0.000477319 0 58.3333 1.50041 0.000715925
15.85 1.49999 1.00039 0.000281314 0 58.7037 1.50057 0.000421969
15.95 1.50005 1.00038 0.000109039 0 59.0741 1.50063 0.000163564
16.05 1.50007 1.00034 -3.70232e-05 0 59.4444 1.50058 -5.55372e-05
16.15 1.50005 1.00027 -0.000159103 0 59.8148 1.50045 -0.000238662
16.25 1.49999 1.00017 -0.000257382 0 60.1852 1.50024 -0.000386069
16.35 1.49988 1.00005 -0.000335699 0 60.5556 1.49996 -0.000503509
16.45 1.49976 0.999912 -0.000395069 0 60.9259 1.49963 -0.000592508
16.55 1.49963 0.999762 -0.000434366 0 61.2963 1.49927 -0.000651387
16.65 1.49949 0.999608 -0.000452344 0 61.6667 1.4989 -0.000678285
16.75 1.49935 0.999456 -0.000448186 0 62.037 1.49854 -0.00067199
16.85 1.49923 0.999312 -0.00042236 0 62.4074 1.49819 -0.000633213
16.95 1.49911 0.999181 -0.00037581 0 62.7778 1.49788 -0.000563381
17.05 1.49901 0.999068 -0.000310351 0 63.1481 1.49762 -0.000465219
17.15 1.49894 0.998979 -0.000228332 0 63.5185 1.49741 -0.000342255
17.25 1.49889 0.998917 -0.000133205 0 63.8889 1.49726 -0.000199659
17.35 1.49887 0.998886 -2.85223e-05 0 64.2593 1.4972 -4.27511e-05
17.45 1.49887 0.998889 7.82217e-05 0 64.6296 1.4972 0.000117244
17.55 1.4989 0.998925 0.000177994 0 65 1.49728 0.000266795
17.65 1.49897 0.998992 0.000272895 0 65.3704 1.49746 0.000409061
17.75 1.49907 0.999089 0.000361672 0 65.7407 1.49771 0.000542172
17.85 1.4992 0.999215 0.000440633 0 66.1111 1.49802 0.000660595
17.95 1.49935 0.999365 0.000505709 0 66.4815 1.49839 0.000758233
18.05 1.49951 0.999534 0.000553522 0 66.8519 1.49881 0.000830012
18.15 1.49969 0.999715 0.000581463 0 67.2222 1.49926 0.000872012
18.25 1.49987 0.999902 0.00058826 0 67.5926 1.49972 0.000882312
18.35 1.50004 1.00008 0.000571369 0 67.963 1.50017 0.000857076
18.45 1.5002 1.00026 0.000530067 0 68.3333 1.50059 0.000795206
18.55 1.50035 1.00041 0.000465342 0 68.7037 1.50096 0.000698173
18.65 1.50047 1.00054 0.000379769 0 69.0741 1.50128 0.00056983
18.75 1.50056 1.00064 0.000276608 0 69.4444 1.50153 0.000415067
18.85 1.50062 1.00071 0.000160483 0 69.8148 1.50168 0.000240825
18.95 1.50064 1.00074 3.79283e-05 0 70.1852 1.50175 5.6917e-05
19.05 1.50065 1.00072 -8.01168e-05 0 70.5556 1.50173 -0.000120227
19.15 1.50061 1.00067 -0.000184778 0 70.9259 1.50162 -0.000277281
19.25 1.50054 1.00059 -0.000276985 0 71.2963 1.50142 -0.000415627
19.35 1.50043 1.00048 -0.000354422 0 71.6667 1.50115 -0.000531786
19.45 1.50031 1.00034 -0.00041245 0 72.037 1.50082 -0.000618804
19.55 1.50017 1.00019 -0.000447167 0 72.4074 1.50046 -0.000670828
19.65 1.50003 1.00003 -0.000457201 0 72.7778 1.50008 -0.000685817
19.75 1.4999 0.999873 -0.000440254 0 73.1481 1.49971 -0.000660338
19.85 1.49978 0.999729 -0.000396769 0 73.5185 1.49937 -0.000595065
19.95 1.49967 0.999604 -0.000329167 0 73.8889 1.49908 -0.000493643
