-19.95 1.50011 0.99982 4.53076e-07 0 -22.1667 1.49984 6.79664e-07
-19.85 1.50018 0.999897 4.12028e-05 0 -22.0556 1.50002 6.18115e-05
-19.75 1.50024 0.999977 6.80406e-05 0 -21.9444 1.50021 0.000102077
-19.65 1.5003 1.00005 7.97358e-05 0 -21.8333 1.50038 0.000119627
-19.55 1.50034 1.00013 7.59527e-05 0 -21.7222 1.50053 0.000113955
-19.45 1.50038 1.00019 5.83254e-05 0 -21.6111 1.50066 8.75103e-05
-19.35 1.50041 1.00024 2.86242e-05 0 -21.5 1.50076 4.2948e-05
-19.25 1.50042 1.00027 -1.04473e-05 0 -21.3889 1.50084 -1.56754e-05
-19.15 1.50043 1.0003 -5.63674e-05 0 -21.2778 1.50087 -8.45753e-05
-19.05 1.50042 1.0003 -0.000103963 0 -21.1667 1.50088 -0.000155989
-18.95 1.50041 1.00029 -0.000148043 0 -21.0556 1.50084 -0.000222124
-18.85 1.50037 1.00027 -0.000188031 0 -20.9444 1.50077 -0.000282117
-18.75 1.50033 1.00023 -0.00022239 0 -20.8333 1.50067 -0.000333658
-18.65 1.50027 1.00018 -0.000249105 0 -20.7222 1.50054 -0.000373725
-18.55 1.50021 1.00012 -0.000266662 0 -20.6111 1.50038 -0.000400048
-18.45 1.50014 1.00005 -0.000274101 0 -20.5 1.50021 -0.000411189
-18.35 1.50006 0.999982 -0.0002711 0 -20.3889 1.50004 -0.000406667
-18.25 1.49999 0.999913 -0.000257477 0 -20.2778 1.49986 -0.000386213
-18.15 1.49992 0.999848 -0.000232968 0 -20.1667 1.4997 -0.000349435
-18.05 1.49986 0.999789 -0.000198493 0 -20.0556 1.49955 -0.000297712
-17.95 1.49981 0.999739 -0.000155681 0 -19.9444 1.49942 -0.000233492
-17.85 1.49978 0.999702 -0.000106572 0 -19.8333 1.49933 -0.000159833
-17.75 1.49975 0.99968 -5.31498e-05 0 -19.7222 1.49927 -7.97115e-05
-17.65 1.49975 0.999673 1.4453e-06 0 -19.6111 1.49926 2.16758e-06
-17.55 1.49975 0.999682 5.14914e-05 0 -19.5 1.49927 7.72241e-05
-17.45 1.49977 0.999705 9.54274e-05 0 -19.3889 1.49933 0.000143119
-17.35 1.49981 0.999741 0.000133638 0 -19.2778 1.49942 0.000200432
-17.25 1.49987 0.999787 0.000165354 0 -19.1667 1.49955 0.000248009
-17.15 1.49993 0.999841 0.000188895 0 -19.0556 1.49969 0.000283329
-17.05 1.5 0.999902 0.000202831 0 -18.9444 1.49985 0.000304246
-16.95 1.50007 0.999964 0.00020666 0 -18.8333 1.50001 0.000310003
-16.85 1.50013 1.00002 0.000199291 0 -18.7222 1.50017 0.000298962
-16.75 1.50019 1.00008 0.000180953 0 -18.6111 1.50031 0.000271464
-16.65 1.50024 1.00013 0.000152392 0 -18.5 1.50043 0.000228625
-16.55 1.50028 1.00017 0.000114997 0 -18.3889 1.50053 0.000172527
-16.45 1.50031 1.00019 7.0813e-05 0 -18.2778 1.50059 0.000106241
-16.35 1.50032 1.0002 2.25045e-05 0 -18.1667 1.50062 3.3764e-05
-16.25 1.50032 1.0002 -2.57296e-05 0 -18.0556 1.50062 -3.86027e-05
-16.15 1.50031 1.00018 -6.97022e-05 0 -17.9444 1.50059 -0.000104575
-16.05 1.50029 1.00015 -0.000109091 0 -17.8333 1.50051 -0.000163667
-15.95 1.50025 1.00011 -0.000142954 0 -17.7222 1.50041 -0.000214467
-15.85 1.5002 1.00006 -0.000169466 0 -17.6111 1.50029 -0.000254232
-15.75 1.50014 1.00001 -0.000187025 0 -17.5 1.50015 -0.000280564
-15.65 1.50008 0.999951 -0.000194566 0 -17.3889 1.50001 -0.000291866
-15.55 1.50003 0.999896 -0.000191114 0 -17.2778 1.49987 -0.000286676
-15.45 1.49997 0.999846 -0.000176942 0 -17.1667 1.49974 -0.000265408
-15.35 1.49992 0.999803 -0.000152871 0 -17.0556 1.49963 -0.000229295
-15.25 1.49988 0.999769 -0.000120388 0 -16.9444 1.49954 -0.000180569
-15.15 1.49985 0.999748 -8.13978e-05 0 -16.8333 1.49948 -0.000122085
-15.05 1.49984 0.999741 -3.85415e-05 0 -16.7222 1.49945 -5.7806e-05
-14.95 1.49983 0.999747 3.73269e-06 0 -16.6111 1.49945 5.59839e-06
-14.85 1.49983 0.999767 4.36383e-05 0 -16.5 1.49948 6.54499e-05
-14.75 1.49984 0.999798 7.92466e-05 0 -16.3889 1.49954 0.000118857
-14.65 1.49987 0.99984 0.000109584 0 -16.2778 1.49963 0.000164362
-14.55 1.49991 0.999889 0.000133566 0 -16.1667 1.49974 0.000200336
-14.45 1.49995 0.999943 0.000149997 0 -16.0556 1.49987 0.000224989
-14.35 1.5 0.999999 0.000157843 0 -15.9444 1.5 0.000236764
-14.25 1.50004 1.00005 0.000156003 0 -15.8333 1.50012 0.000234012
-14.15 1.50009 1.0001 0.000144724 0 -15.7222 1.50024 0.000217098
-14.05 1.50012 1.00014 0.000124672 0 -15.6111 1.50034 0.000187023
-13.95 1.50015 1.00017 9.72561e-05 0 -15.5 1.50041 0.000145899
-13.85 1.50017 1.00019 6.41294e-05 0 -15.3889 1.50046 9.62052e-05
-13.75 1.50018 1.00019 2.82407e-05 0 -15.2778 1.50047 4.23662e-05
-13.65 1.50019 1.00018 -6.21759e-06 0 -15.1667 1.50046 -9.32755e-06
-13.55 1.50018 1.00016 -3.79714e-05 0 -15.0556 1.50042 -5.6964e-05
-13.45 1.50017 1.00012 -6.55305e-05 0 -14.9444 1.50035 -9.83067e-05
-13.35 1.50014 1.00008 -8.80229e-05 0 -14.8333 1.50026 -0.000132047
-13.25 1.50011 1.00003 -0.000104154 0 -14.7222 1.50015 -0.000156242
-13.15 1.50007 0.999971 -0.0001127 0 -14.6111 1.50003 -0.000169059
-13.05 1.50004 0.999915 -0.000113185 0 -14.5 1.49991 -0.000169782
-12.95 1.50001 0.999862 -0.000105443 0 -14.3889 1.4998 -0.000158165
-12.85 1.49998 0.999815 -8.98517e-05 0 -14.2778 1.4997 -0.000134776
-12.75 1.49996 0.999777 -6.7635e-05 0 -14.1667 1.49962 -0.00010145
-12.65 1.49995 0.999749 -4.05597e-05 0 -14.0556 1.49957 -6.08373e-05
-12.55 1.49994 0.999733 -1.01971e-05 0 -13.9444 1.49954 -1.52951e-05
-12.45 1.49994 0.99973 2.00409e-05 0 -13.8333 1.49954 3.00602e-05
-12.35 1.49995 0.99974 4.6116e-05 0 -13.7222 1.49956 6.91719e-05
-12.25 1.49997 0.99976 6.81414e-05 0 -13.6111 1.49961 0.00010221
-12.15 1.5 0.99979 8.48888e-05 0 -13.5 1.49968 0.000127333
-12.05 1.50003 0.999828 9.48617e-05 0 -13.3889 1.49977 0.000142295
-11.95 1.50005 0.99987 9.72242e-05 0 -13.2778 1.49986 0.000145842
-11.85 1.50008 0.999912 9.14204e-05 0 -13.1667 1.49995 0.000137138
-11.75 1.5001 0.999953 7.70351e-05 0 -13.0556 1.50003 0.000115561
-11.65 1.50012 0.99999 5.4676e-05 0 -12.9444 1.50011 8.20207e-05
-11.55 1.50013 1.00002 2.558e-05 0 -12.8333 1.50016 3.83734e-05
-11.45 1.50014 1.00004 -8.58214e-06 0 -12.7222 1.5002 -1.28744e-05
-11.35 1.50013 1.00005 -4.45742e-05 0 -12.6111 1.50021 -6.68672e-05
-11.25 1.50011 1.00005 -7.96001e-05 0 -12.5 1.50019 -0.000119409
-11.15 1.50008 1.00004 -0.000111668 0 -12.3889 1.50014 -0.000167511
-11.05 1.50005 1.00002 -0.000140448 0 -12.2778 1.50007 -0.000210679
-10.95 1.5 0.999986 -0.000164593 0 -12.1667 1.49998 -0.000246889
-10.85 1.49994 0.999949 -0.000183019 0 -12.0556 1.49987 -0.000274519
-10.75 1.49989 0.999907 -0.000195249 0 -11.9444 1.49975 -0.000292851
-10.65 1.49983 0.999862 -0.000201215 0 -11.8333 1.49962 -0.000301787
-10.55 1.49976 0.999817 -0.000201149 0 -11.7222 1.49949 -0.000301676
-10.45 1.49971 0.999775 -0.000195901 0 -11.6111 1.49937 -0.000293795
-10.35 1.49965 0.999736 -0.000186961 0 -11.5 1.49925 -0.000280375
-10.25 1.4996 0.999702 -0.000176354 0 -11.3889 1.49915 -0.00026446
-10.15 1.49955 0.999673 -0.000166457 0 -11.2778 1.49906 -0.00024961
-10.05 1.4995 0.99965 -0.000160184 0 -11.1667 1.49897 -0.000240195
-9.95 1.49945 0.999629 -0.000160448 0 -11.0556 1.49889 -0.000240584
-9.85 1.4994 0.999608 -0.00016913 0 -10.9444 1.49881 -0.000253593
-9.75 1.49935 0.999586 -0.000188057 0 -10.8333 1.49873 -0.000281962
-9.65 1.49929 0.999558 -0.000218711 0 -10.7222 1.49863 -0.000327911
-9.55 1.49922 0.999522 -0.000262356 0 -10.6111 1.4985 -0.000393328
-9.45 1.49913 0.999474 -0.000319895 0 -10.5 1.49834 -0.000479563
-9.35 1.49902 0.999409 -0.000391854 0 -10.3889 1.49814 -0.000587398
-9.25 1.49889 0.999324 -0.000478489 0 -10.2778 1.49788 -0.000717202
-9.15 1.49873 0.999216 -0.000579929 0 -10.1667 1.49755 -0.000869157
-9.05 1.49854 0.99908 -0.000696328 0 -10.0556 1.49716 -0.00104347
-8.95 1.49831 0.998914 -0.000827999 0 -9.94444 1.49668 -0.0012406
-8.85 1.49803 0.998716 -0.000975555 0 -9.83333 1.49611 -0.00146141
-8.75 1.49771 0.998481 -0.00114005 0 -9.72222 1.49544 -0.00170747
-8.65 1.49734 0.998209 -0.00132312 0 -9.61111 1.49466 -0.00198116
-8.55 1.49691 0.997895 -0.00152714 0 -9.5 1.49376 -0.002286
-8.45 1.49642 0.997537 -0.00175536 0 -9.38889 1.49273 -0.00262676
-8.35 1.49585 0.99713 -0.00201201 0 -9.27778 1.49156 -0.00300967
-8.25 1.4952 0.996668 -0.00230242 0 -9.16667 1.49022 -0.00344258
-8.15 1.49446 0.996146 -0.00263309 0 -9.05556 1.4887 -0.00393505
-8.05 1.49361 0.995555 -0.00301174 0 -8.94444 1.48697 -0.00449837
-7.95 1.49264 0.994885 -0.00344736 0 -8.83333 1.48501 -0.00514567
-7.85 1.49153 0.994124 -0.00395022 0 -8.72222 1.48277 -0.00589187
-7.75 1.49026 0.993257 -0.00453189 0 -8.61111 1.48021 -0.0067537
-7.65 1.4888 0.992266 -0.00520528 0 -8.5 1.47728 -0.00774961
-7.55 1.48712 0.99113 -0.00598459 0 -8.38889 1.47393 -0.00889983
-7.45 1.4852 0.989825 -0.00688549 0 -8.27778 1.47009 -0.0102263
-7.35 1.48299 0.988322 -0.00792509 0 -8.16667 1.46567 -0.0117528
-7.25 1.48044 0.98659 -0.00912211 0 -8.05556 1.46059 -0.0135048
-7.15 1.47752 0.984592 -0.0104969 0 -7.94444 1.45476 -0.0155095
-7.05 1.47417 0.982288 -0.0120719 0 -7.83333 1.44806 -0.017796
-6.95 1.47032 0.97963 -0.0138713 0 -7.72222 1.44037 -0.0203953
-6.85 1.46592 0.976568 -0.0159216 0 -7.61111 1.43157 -0.0233398
-6.75 1.46088 0.973042 -0.0182514 0 -7.5 1.4215 -0.0266632
-6.65 1.45514 0.968987 -0.0208916 0 -7.38889 1.41001 -0.0304001
-6.55 1.44859 0.964329 -0.0238753 0 -7.27778 1.39691 -0.0345854
-6.45 1.44115 0.958986 -0.0272365 0 -7.16667 1.38204 -0.0392518
-6.35 1.43271 0.952865 -0.0310097 0 -7.05556 1.36518 -0.044428
-6.25 1.42318 0.945865 -0.0352289 0 -6.94444 1.34614 -0.0501371
-6.15 1.41244 0.93787 -0.0399257 0 -6.83333 1.32469 -0.0563928
-6.05 1.40039 0.928758 -0.0451245 0 -6.72222 1.30062 -0.0631916
-5.95 1.3869 0.91839 -0.0508389 0 -6.61111 1.27372 -0.0705087
-5.85 1.3719 0.906619 -0.057071 0 -6.5 1.24379 -0.0782957
-5.75 1.35528 0.893292 -0.063803 0 -6.38889 1.21066 -0.0864712
-5.65 1.33699 0.878256 -0.0709826 0 -6.27778 1.17422 -0.0949033
-5.55 1.31699 0.86135 -0.0785174 0 -6.16667 1.13439 -0.103407
-5.45 1.29529 0.842422 -0.0862767 0 -6.05556 1.09118 -0.111754
-5.35 1.27194 0.821346 -0.0940709 0 -5.94444 1.04471 -0.119653
-5.25 1.24704 0.798017 -0.101614 0 -5.83333 0.99516 -0.126717
-5.15 1.22076 0.772397 -0.108544 0 -5.72222 0.942914 -0.132506
-5.05 1.19341 0.744541 -0.114435 0 -5.61111 0.888544 -0.136568
-4.95 1.16547 0.714668 -0.118788 0 -5.5 0.832921 -0.138443
-4.85 1.13761 0.683228 -0.120972 0 -5.38889 0.777249 -0.137619
-4.75 1.11047 0.651019 -0.120299 0 -5.27778 0.722938 -0.133589
-4.65 1.08473 0.618948 -0.116166 0 -5.16667 0.671392 -0.126009
-4.55 1.06105 0.587896 -0.107981 0 -5.05556 0.623788 -0.114574
-4.45 1.04011 0.559185 -0.0954621 0 -4.94444 0.581612 -0.0992908
-4.35 1.02262 0.534258 -0.0786091 0 -4.83333 0.546344 -0.0803874
-4.25 1.00927 0.514493 -0.0578364 0 -4.72222 0.519262 -0.0583724
-4.15 1.00051 0.501115 -0.0340426 0 -4.61111 0.50137 -0.0340599
-4.05 0.996975 0.495102 -0.00839859 0 -4.5 0.493604 -0.00837318
-3.95 0.996926 0.496905 0.0172223 0 -4.38889 0.495377 0.0171694
-3.85 1.00175 0.506083 0.0408459 0 -4.27778 0.506968 0.0409174
-3.75 1.01285 0.521903 0.0621338 0 -4.16667 0.528611 0.0629324
-3.65 1.0285 0.543385 0.0804539 0 -4.05556 0.558874 0.0827472
-3.55 1.0476 0.56931 0.0951825 0 -3.94444 0.596407 0.0997129
-3.45 1.06965 0.598321 0.106035 0 -3.83333 0.639996 0.113421
-3.35 1.09411 0.629119 0.113093 0 -3.72222 0.688328 0.123736
-3.25 1.12038 0.660591 0.116666 0 -3.61111 0.740114 0.130711
-3.15 1.14744 0.691702 0.117224 0 -3.5 0.793688 0.134508
-3.05 1.17438 0.721558 0.115266 0 -3.38889 0.847383 0.135366
-2.95 1.20099 0.749967 0.111293 0 -3.27778 0.900704 0.133662
-2.85 1.22703 0.776612 0.105819 0 -3.16667 0.952925 0.129843
-2.75 1.25216 0.801285 0.0993318 0 -3.05556 1.00334 0.124379
-2.65 1.27611 0.823898 0.0922376 0 -2.94444 1.05138 0.117705
-2.55 1.29868 0.844446 0.084864 0 -2.83333 1.09666 0.110211
-2.45 1.31971 0.862973 0.0774683 0 -2.72222 1.13888 0.102236
-2.35 1.33914 0.879559 0.0702483 0 -2.61111 1.17786 0.0940725
-2.25 1.35695 0.894339 0.0633393 0 -2.5 1.21357 0.085948
-2.15 1.37315 0.907457 0.0568309 0 -2.38889 1.24608 0.0780376
-2.05 1.38782 0.919064 0.0507768 0 -2.27778 1.2755 0.0704692
-1.95 1.40103 0.929307 0.0452022 0 -2.16667 1.30199 0.0633296
-1.85 1.41287 0.938325 0.0401118 0 -2.05556 1.32573 0.0566729
-1.75 1.42345 0.946248 0.0354962 0 -1.94444 1.34694 0.0505271
-1.65 1.43286 0.953197 0.0313359 0 -1.83333 1.3658 0.0449
-1.55 1.44121 0.959284 0.0276049 0 -1.72222 1.38253 0.0397845
-1.45 1.4486 0.964607 0.0242735 0 -1.61111 1.39733 0.0351626
-1.35 1.45512 0.969258 0.0213105 0 -1.5 1.41039 0.0310095
-1.25 1.46087 0.973317 0.0186843 0 -1.38889 1.42189 0.0272953
-1.15 1.46592 0.976858 0.0163637 0 -1.27778 1.432 0.023988
-1.05 1.47036 0.979945 0.0143189 0 -1.16667 1.44087 0.021054
-0.95 1.47426 0.982636 0.0125215 0 -1.05556 1.44866 0.0184599
-0.85 1.47767 0.984983 0.0109448 0 -0.944444 1.45548 0.0161727
-0.75 1.48066 0.987029 0.00956398 0 -0.833333 1.46145 0.014161
-0.65 1.48327 0.988814 0.00835625 0 -0.722222 1.46668 0.0123946
-0.55 1.48556 0.990373 0.0073007 0 -0.611111 1.47126 0.0108456
-0.45 1.48757 0.991734 0.00637842 0 -0.5 1.47527 0.00948832
-0.35 1.48932 0.992924 0.0055724 0 -0.388889 1.47878 0.00829908
-0.25 1.49085 0.993965 0.00486752 0 -0.277778 1.48185 0.00725674
-0.15 1.49219 0.994873 0.00425047 0 -0.166667 1.48454 0.00634251
-0.05 1.49336 0.995667 0.00370973 0 -0.0555556 1.48689 0.00553997
0.05 1.49438 0.996359 0.00323546 0 0.0555556 1.48894 0.00483501
0.15 1.49527 0.996962 0.00281934 0 0.166667 1.49073 0.00421568
0.25 1.49605 0.997485 0.00245439 0 0.277778 1.49229 0.00367189
0.35 1.49673 0.997938 0.00213476 0 0.388889 1.49364 0.00319514
0.45 1.49731 0.998331 0.00185548 0 0.5 1.49481 0.00277823
0.55 1.49782 0.99867 0.0016123 0 0.611111 1.49583 0.00241494
0.65 1.49827 0.998963 0.00140148 0 0.722222 1.49672 0.00209979
0.75 1.49866 0.999216 0.00121966 0 0.833333 1.49748 0.00182785
0.85 1.49899 0.999436 0.00106372 0 0.944444 1.49815 0.00159451
0.95 1.49929 0.999629 0.000930676 0 1.05556 1.49873 0.00139535
1.05 1.49955 0.999798 0.000817633 0 1.16667 1.49924 0.00122608
1.15 1.49977 0.999948 0.000721772 0 1.27778 1.4997 0.0010825
1.25 1.49998 1.00008 0.000640373 0 1.38889 1.5001 0.000960543
1.35 1.50016 1.00021 0.000570867 0 1.5 1.50046 0.00085639
1.45 1.50032 1.00032 0.000510907 0 1.61111 1.50079 0.000766522
1.55 1.50046 1.00042 0.000458427 0 1.72222 1.50109 0.000687851
1.65 1.50059 1.00051 0.000411705 0 1.83333 1.50136 0.000617801
1.75 1.50071 1.0006 0.00036941 0 1.94444 1.5016 0.000554375
1.85 1.50081 1.00067 0.00033061 0 2.05556 1.50182 0.000496183
1.95 1.5009 1.00074 0.000294762 0 2.16667 1.50201 0.000442409
2.05 1.50098 1.0008 0.000261651 0 2.27778 1.50218 0.000392735
2.15 1.50106 1.00085 0.000231307 0 2.38889 1.50234 0.000347205
2.25 1.50112 1.0009 0.000203902 0 2.5 1.50247 0.000306082
2.35 1.50118 1.00093 0.000179656 0 2.61111 1.50258 0.000269696
2.45 1.50123 1.00097 0.000158745 0 2.72222 1.50268 0.000238313
2.55 1.50127 1.00099 0.000141226 0 2.83333 1.50277 0.000212019
2.65 1.50131 1.00102 0.000126977 0 2.94444 1.50284 0.000190632
2.75 1.50135 1.00104 0.00011566 0 3.05556 1.50291 0.000173646
2.85 1.50138 1.00106 0.00010672 0 3.16667 1.50298 0.000160228
2.95 1.50141 1.00109 9.93878e-05 0 3.27778 1.50304 0.000149222
3.05 1.50144 1.00111 9.27395e-05 0 3.38889 1.50311 0.000139243
3.15 1.50147 1.00113 8.59049e-05 0 3.5 1.50317 0.000128984
3.25 1.50149 1.00115 7.8067e-05 0 3.61111 1.50322 0.000117217
3.35 1.50152 1.00117 6.85613e-05 0 3.72222 1.50328 0.000102946
3.45 1.50153 1.00119 5.69712e-05 0 3.83333 1.50332 8.55442e-05
3.55 1.50155 1.00121 4.3174e-05 0 3.94444 1.50336 6.48278e-05
3.65 1.50156 1.00122 2.72706e-05 0 4.05556 1.50339 4.09485e-05
3.75 1.50156 1.00123 9.53963e-06 0 4.16667 1.50341 1.43244e-05
3.85 1.50156 1.00123 -9.33831e-06 0 4.27778 1.50341 -1.40221e-05
3.95 1.50156 1.00123 -2.75617e-05 0 4.38889 1.5034 -4.13856e-05
4.05 1.50155 1.00122 -4.5225e-05 0 4.5 1.50338 -6.79077e-05
4.15 1.50153 1.0012 -6.26303e-05 0 4.61111 1.50334 -9.40414e-05
4.25 1.50151 1.00118 -7.95916e-05 0 4.72222 1.50329 -0.000119508
4.35 1.50148 1.00116 -9.58238e-05 0 4.83333 1.50322 -0.000143878
4.45 1.50145 1.00113 -0.000111244 0 4.94444 1.50315 -0.000167028
4.55 1.50142 1.0011 -0.000126011 0 5.05556 1.50307 -0.000189195
4.65 1.50138 1.00106 -0.000140419 0 5.16667 1.50297 -0.000210822
4.75 1.50133 1.00103 -0.000154805 0 5.27778 1.50287 -0.000232413
4.85 1.50128 1.00098 -0.000169487 0 5.38889 1.50276 -0.000254448
4.95 1.50123 1.00094 -0.00018477 0 5.5 1.50264 -0.000277382
5.05 1.50117 1.00089 -0.000200864 0 5.61111 1.50251 -0.000301531
5.15 1.50111 1.00084 -0.000217834 0 5.72222 1.50237 -0.000326993
5.25 1.50104 1.00079 -0.000235584 0 5.83333 1.50222 -0.000353621
5.35 1.50096 1.00073 -0.00025385 0 5.94444 1.50206 -0.00038102
5.45 1.50088 1.00066 -0.000272195 0 6.05556 1.50188 -0.000408533
5.55 1.5008 1.0006 -0.00029003 0 6.16667 1.50169 -0.000435276
5.65 1.50071 1.00052 -0.000306723 0 6.27778 1.50149 -0.000460301
5.75 1.50061 1.00044 -0.000321614 0 6.38889 1.50128 -0.000482618
5.85 1.50051 1.00036 -0.000334062 0 6.5 1.50105 -0.000501264
5.95 1.50041 1.00027 -0.000343551 0 6.61111 1.50082 -0.000515468
6.05 1.50031 1.00018 -0.000349765 0 6.72222 1.50058 -0.000524755
6.15 1.5002 1.00009 -0.000352555 0 6.83333 1.50033 -0.000528902
6.25 1.50009 0.999996 -0.000351859 0 6.94444 1.50009 -0.000527821
6.35 1.49999 0.999904 -0.000347678 0 7.05556 1.49984 -0.000521513
6.45 1.49989 0.999813 -0.000340138 0 7.16667 1.49961 -0.000510168
6.55 1.49979 0.999724 -0.000329563 0 7.27778 1.49937 -0.000494274
6.65 1.49969 0.999638 -0.000316284 0 7.38889 1.49915 -0.000474328
6.75 1.4996 0.999556 -0.000300583 0 7.5 1.49893 -0.000450754
6.85 1.49951 0.999478 -0.000282664 0 7.61111 1.49873 -0.000423858
6.95 1.49943 0.999405 -0.000262645 0 7.72222 1.49854 -0.000393818
7.05 1.49936 0.999338 -0.000240538 0 7.83333 1.49836 -0.000360653
7.15 1.49929 0.999276 -0.000216254 0 7.94444 1.49821 -0.000324227
7.25 1.49923 0.999222 -0.000189673 0 8.05556 1.49806 -0.000284364
7.35 1.49918 0.999175 -0.00016068 0 8.16667 1.49794 -0.000240888
7.45 1.49914 0.999136 -0.000129106 0 8.27778 1.49784 -0.000193548
7.55 1.4991 0.999107 -9.47699e-05 0 8.38889 1.49777 -0.00014207
7.65 1.49908 0.999088 -5.77494e-05 0 8.5 1.49772 -8.65712e-05
7.75 1.49907 0.999079 -1.82734e-05 0 8.61111 1.49769 -2.73931e-05
7.85 1.49907 0.999082 2.21497e-05 0 8.72222 1.4977 3.3204e-05
7.95 1.49908 0.999095 6.14316e-05 0 8.83333 1.49772 9.20909e-05
8.05 1.4991 0.99912 0.000100478 0 8.94444 1.49778 0.000150627
8.15 1.49914 0.999155 0.000139658 0 9.05556 1.49787 0.000209367
8.25 1.49919 0.9992 0.000178286 0 9.16667 1.49799 0.000267286
8.35 1.49925 0.999255 0.000215222 0 9.27778 1.49814 0.000322673
8.45 1.49932 0.99932 0.000249532 0 9.38889 1.4983 0.000374129
8.55 1.49941 0.999392 0.000280507 0 9.5 1.4985 0.000420594
8.65 1.4995 0.999472 0.000307541 0 9.61111 1.4987 0.000461157
8.75 1.49959 0.999558 0.000330093 0 9.72222 1.49893 0.000495006
8.85 1.4997 0.999649 0.000347702 0 9.83333 1.49917 0.000521447
8.95 1.4998 0.999744 0.00036006 0 9.94444 1.49942 0.000540019
9.05 1.49991 0.99984 0.000367125 0 10.0556 1.49967 0.000550655
9.15 1.50003 0.999938 0.000369086 0 10.1667 1.49993 0.000553639
9.25 1.50014 1.00004 0.000365664 0 10.2778 1.50019 0.000548546
9.35 1.50025 1.00013 0.00035666 0 10.3889 1.50044 0.000535078
9.45 1.50035 1.00022 0.000341964 0 10.5 1.50069 0.000513066
9.55 1.50045 1.00031 0.000321616 0 10.6111 1.50092 0.000482569
9.65 1.50054 1.0004 0.000295721 0 10.7222 1.50114 0.00044374
9.75 1.50062 1.00048 0.000264409 0 10.8333 1.50133 0.000396777
9.85 1.50069 1.00055 0.000227898 0 10.9444 1.50151 0.000342004
9.95 1.50075 1.00061 0.000186624 0 11.0556 1.50166 0.000280076
10.05 1.5008 1.00065 0.000141248 0 11.1667 1.50178 0.000211985
10.15 1.50083 1.00069 9.24681e-05 0 11.2778 1.50187 0.000138779
10.25 1.50085 1.00071 4.11416e-05 0 11.3889 1.50192 6.17474e-05
10.35 1.50085 1.00072 -1.13987e-05 0 11.5 1.50194 -1.71078e-05
10.45 1.50085 1.00071 -6.11677e-05 0 11.6111 1.50192 -9.18035e-05
10.55 1.50083 1.00069 -0.000107298 0 11.7222 1.50187 -0.000161036
10.65 1.50079 1.00066 -0.000151339 0 11.8333 1.50178 -0.000227128
10.75 1.50073 1.00061 -0.000193101 0 11.9444 1.50165 -0.000289794
10.85 1.50067 1.00055 -0.000231506 0 12.0556 1.50149 -0.000347413
10.95 1.50059 1.00048 -0.000265617 0 12.1667 1.50131 -0.000398582
11.05 1.5005 1.0004 -0.000294905 0 12.2778 1.5011 -0.000442505
11.15 1.50041 1.00031 -0.000318978 0 12.3889 1.50086 -0.000478597
11.25 1.5003 1.00021 -0.000337404 0 12.5 1.50062 -0.000506209
11.35 1.5002 1.00011 -0.000349701 0 12.6111 1.50036 -0.000524621
11.45 1.50009 1 -0.000355375 0 12.7222 1.50009 -0.000533096
11.55 1.49999 0.999896 -0.00035387 0 12.8333 1.49983 -0.000530802
11.65 1.49989 0.999794 -0.000345097 0 12.9444 1.49958 -0.000517606
11.75 1.49979 0.999696 -0.000329039 0 13.0556 1.49933 -0.000493489
11.85 1.4997 0.999604 -0.000305931 0 13.1667 1.4991 -0.000458803
11.95 1.49961 0.99952 -0.000276203 0 13.2778 1.49889 -0.000414196
12.05 1.49953 0.999447 -0.000240371 0 13.3889 1.49871 -0.000360444
12.15 1.49947 0.999386 -0.000198914 0 13.5 1.49855 -0.000298266
12.25 1.49942 0.999339 -0.000152441 0 13.6111 1.49843 -0.000228572
12.35 1.49939 0.999307 -0.00010194 0 13.7222 1.49835 -0.000152847
12.45 1.49937 0.999292 -4.81376e-05 0 13.8333 1.49831 -7.2176e-05
12.55 1.49936 0.999293 6.47774e-06 0 13.9444 1.4983 9.71248e-06
12.65 1.49937 0.99931 5.80682e-05 0 14.0556 1.49834 8.70657e-05
12.75 1.4994 0.999342 0.000107276 0 14.1667 1.49841 0.00016085
12.85 1.49944 0.999389 0.000154554 0 14.2778 1.49853 0.000231744
12.95 1.4995 0.99945 0.00019889 0 14.3889 1.49868 0.000298237
13.05 1.49957 0.999522 0.000238362 0 14.5 1.49886 0.00035744
13.15 1.49965 0.999605 0.000271382 0 14.6111 1.49906 0.000406979
13.25 1.49974 0.999697 0.000297005 0 14.7222 1.49929 0.000445431
13.35 1.49984 0.999794 0.00031457 0 14.8333 1.49953 0.000471805
13.45 1.49994 0.999895 0.000323497 0 14.9444 1.49979 0.000485227
13.55 1.50005 0.999997 0.000323661 0 15.0556 1.50004 0.000485508
13.65 1.50015 1.0001 0.000314287 0 15.1667 1.50029 0.000471477
13.75 1.50025 1.00019 0.000294938 0 15.2778 1.50053 0.000442479
13.85 1.50033 1.00028 0.000265759 0 15.3889 1.50075 0.000398727
13.95 1.50041 1.00035 0.000227063 0 15.5 1.50095 0.000340688
14.05 1.50048 1.00042 0.000179416 0 15.6111 1.50111 0.00026921
14.15 1.50053 1.00047 0.000123783 0 15.7222 1.50124 0.000185741
14.25 1.50057 1.00051 6.1448e-05 0 15.8333 1.50134 9.22071e-05
14.35 1.50059 1.00053 -6.40575e-06 0 15.9444 1.50139 -9.61241e-06
14.45 1.50059 1.00054 -7.74188e-05 0 16.0556 1.5014 -0.000116174
14.55 1.50059 1.00053 -0.000146247 0 16.1667 1.50138 -0.000219457
14.65 1.50056 1.0005 -0.000212894 0 16.2778 1.50131 -0.000319461
14.75 1.50051 1.00046 -0.000277873 0 16.3889 1.5012 -0.000416951
14.85 1.50045 1.0004 -0.000340176 0 16.5 1.50105 -0.000510416
14.95 1.50037 1.00034 -0.000397878 0 16.6111 1.50088 -0.000596964
15.05 1.50028 1.00026 -0.000449179 0 16.7222 1.50067 -0.000673896
15.15 1.50019 1.00017 -0.000492767 0 16.8333 1.50045 -0.000739242
15.25 1.50009 1.00008 -0.000527614 0 16.9444 1.50021 -0.000791466
15.35 1.49998 0.999985 -0.000552703 0 17.0556 1.49996 -0.000829046
15.45 1.49989 0.999888 -0.000566343 0 17.1667 1.49972 -0.000849451
15.55 1.4998 0.999795 -0.00056705 0 17.2778 1.49949 -0.000850462
15.65 1.49972 0.999709 -0.000554857 0 17.3889 1.49929 -0.000832132
15.75 1.49966 0.999632 -0.00052936 0 17.5 1.49911 -0.000793861
15.85 1.49962 0.999567 -0.000490805 0 17.6111 1.49897 -0.000736021
15.95 1.49959 0.999515 -0.000439741 0 17.7222 1.49887 -0.000659432
16.05 1.49959 0.999478 -0.000377079 0 17.8333 1.4988 -0.000565462
16.15 1.4996 0.999458 -0.000305646 0 17.9444 1.49878 -0.000458346
16.25 1.49963 0.999455 -0.000227469 0 18.0556 1.49882 -0.000341121
16.35 1.4997 0.999468 -0.000143239 0 18.1667 1.4989 -0.000214816
16.45 1.49979 0.999496 -5.11591e-05 0 18.2778 1.49903 -7.67279e-05
16.55 1.49989 0.999539 4.80386e-05 0 18.3889 1.4992 7.20529e-05
16.65 1.50001 0.999595 0.000152609 0 18.5 1.49941 0.000228916
16.75 1.50014 0.999663 0.000260627 0 18.6111 1.49963 0.000390977
16.85 1.50026 0.999741 0.000369612 0 18.7222 1.49988 0.000554515
16.95 1.50038 0.999825 0.000475259 0 18.8333 1.50012 0.000713069
17.05 1.50048 0.999915 0.000573691 0 18.9444 1.50035 0.000860813
17.15 1.50057 1.00001 0.000660927 0 19.0556 1.50058 0.000991765
17.25 1.50063 1.0001 0.000732694 0 19.1667 1.50077 0.0010995
17.35 1.50067 1.00018 0.000785718 0 19.2778 1.50094 0.0011791
17.45 1.50068 1.00026 0.000818159 0 19.3889 1.50107 0.0012278
17.55 1.50068 1.00032 0.000829471 0 19.5 1.50116 0.00124477
17.65 1.50065 1.00037 0.000821455 0 19.6111 1.5012 0.00123272
17.75 1.50058 1.0004 0.000791795 0 19.7222 1.50117 0.00118815
17.85 1.50045 1.00041 0.000736424 0 19.8333 1.50107 0.00110497
17.95 1.50031 1.00041 0.000654379 0 19.9444 1.50092 0.000981769
18.05 1.50016 1.00039 0.000548303 0 20.0556 1.50074 0.000822539
18.15 1.50002 1.00036 0.000423812 0 20.1667 1.50055 0.000635724
18.25 1.49989 1.00031 0.000287818 0 20.2778 1.50035 0.000431694
18.35 1.49977 1.00025 0.00014684 0 20.3889 1.50014 0.000220226
18.45 1.49967 1.00018 7.25768e-06 0 20.5 1.49993 1.08841e-05
18.55 1.49958 1.0001 -0.000124877 0 20.6111 1.49973 -0.000187264
18.65 1.49952 1.00001 -0.000244123 0 20.7222 1.49954 -0.000366066
18.75 1.49948 0.999928 -0.000345461 0 20.8333 1.49937 -0.000518011
18.85 1.49945 0.999844 -0.000424506 0 20.9444 1.49922 -0.000636526
18.95 1.49945 0.999766 -0.000478855 0 21.0556 1.4991 -0.000718018
19.05 1.49945 0.999696 -0.000509397 0 21.1667 1.499 -0.000763818
19.15 1.49948 0.999639 -0.00051706 0 21.2778 1.49894 -0.000775323
19.25 1.49954 0.999598 -0.00050088 0 21.3889 1.49894 -0.000751091
19.35 1.49962 0.999573 -0.000461178 0 21.5 1.49898 -0.00069159
19.45 1.49969 0.999565 -0.000402166 0 21.6111 1.49904 -0.000603126
19.55 1.49976 0.999573 -0.0003337 0 21.7222 1.49912 -0.000500471
19.65 1.49983 0.999596 -0.00026054 0 21.8333 1.49922 -0.000390765
19.75 1.4999 0.999634 -0.000186612 0 21.9444 1.49935 -0.0002799
19.85 1.49997 0.999686 -0.000116188 0 22.0556 1.4995 -0.000174279
19.95 1.50004 0.999749 -5.27789e-05 0 22.1667 1.49966 -7.91705e-05
